OFF
1393 2782 0
413.932 -17.815 423.839
398.739 -117.863 417.124
446.973 -46.6693 388.35
-175.673 -344.907 272.307
-277.977 -306.833 301.515
-251.759 -245.177 225.323
-232.967 190.047 187.293
-333.568 167.064 291.352
-293.067 344.686 375.338
-220.222 -384.962 401.459
-83.562 -443.108 435.896
-306.235 -327.81 418.704
363.163 171.703 434.549
147.874 331.504 435.896
209.813 272.431 435.896
23.1056 -102.121 46.5685
2.16535 -9.72016 0.114309
2.4688 -9.64993 0.130328
309.122 48.3526 206.746
331.172 158.627 264.45
405.312 115.181 324.117
-274.456 201.619 435.896
337.061 -160.573 435.896
83.5035 -63.4591 47.8233
75.1989 -81.6708 52.2512
5.84797 -8.12078 0.308703
36.6473 -446.255 434.573
120.11 -359.346 258.692
60.3144 -435.438 427.931
-105.673 -59.0668 55.8838
-173.682 -42.8905 93.506
-101.556 -19.1796 48.8776
-222.009 21.0373 118.294
-108.053 35.4435 48.9068
314.194 -262.594 305.145
360.341 -228.201 410.554
274.743 -312.568 374.294
246.205 -260.117 242.791
230.819 -239.679 206.955
199.868 272.508 220.345
273.313 227.261 255.807
353.8 -82.7351 247.188
246.872 23.1481 141.205
162.081 175.02 140.362
226.731 87.3131 144.673
134.213 55.0795 70.9377
271.731 -269.21 434.539
220.769 -274.02 435.896
-63.7008 -290.698 181.968
-81.4148 -208.686 120.987
32.556 -219.318 123.335
-432.821 -48.8397 397.374
-369.937 -181.304 241.873
-402.521 -167.658 351.064
41.5915 -401.358 304.877
-193.233 -396.763 388.174
-343.142 -172.256 434.54
56.3194 396.686 261.428
260.307 364.025 404.181
-276.178 114.457 185.869
-120.02 -426.597 369.769
195.28 322.238 434.538
103.092 400.175 434.554
1.85985 9.78116 0.0981816
2.16535 9.72016 0.114309
-3.28484 6.53654 -0.174491
-324.186 -150.238 435.896
-345.114 -86.854 435.896
109.977 -29.461 48.9226
132.924 23.4011 67.3849
9.64663 3.016 0.509173
9.43928 3.59392 0.498232
9.54748 3.30653 0.503942
-135.517 -230.148 161.073
-194.412 189.51 153.699
431.005 10.9633 362.798
382.641 222.551 427.945
175.847 -66.3825 100.683
113.629 164.671 110.909
77.1316 82.9491 52.5078
-10.1041 0.612455 -0.533315
-10.0801 0.917963 -0.532048
-5.37627 5.16427 -0.284836
416.389 -87.1892 342.861
-9.73662 2.72262 -0.513922
-9.64663 3.016 -0.509173
24.5932 -128.915 59.5289
124.322 -168.878 115.74
-434.088 49.9236 365.602
-424.929 59.9601 403.941
-228.289 342.38 434.554
-161.155 304.907 435.896
-100.46 348.81 435.896
-118.642 349.422 259.31
-17.6663 464.092 384.809
-383.893 7.64183 433.186
-372.189 139.831 434.548
75.4324 72.9531 47.8226
85.5699 55.5868 47.4734
-83.1886 448.327 392.428
256.701 316.772 430.52
168.496 -95.371 105.142
104.036 -107.146 76.4519
100.089 25.0329 47.6031
-3.19324 -5.1252 -0.169876
-3.03202 -5.21894 -0.161346
-3.0822 -5.30421 -0.163991
-23.991 112.26 52.6826
34.3804 109.117 48.9908
-1.85985 9.78116 -0.0981817
-151.13 298.46 222.721
325.482 251.856 327.778
94.7053 40.297 47.5838
321.565 216.699 293.474
57.1444 107.735 55.9823
115.009 -289.465 193.439
-363.522 -20.6601 262.99
-323.181 -212.779 434.542
323.027 133.292 435.896
374.668 -9.97985 435.896
395.863 87.3529 429.178
396.093 -46.1569 430.505
180.562 191.341 161.963
-55.0818 200.375 112.938
-6.05721 5.4599 -0.320572
-5.98261 5.39415 -0.316662
248.392 202.213 221.662
15.1357 -110.856 49.8908
1.24384 -9.87525 0.0656627
5.5908 -8.294 0.295127
44.0034 284.482 168.086
19.4639 138.293 67.8552
5.3283 -8.45939 0.281273
-33.5051 -108.263 53.7242
-53.9821 -91.2071 49.1532
307.833 -257.391 433.204
387.458 -88.9581 431.848
216.921 -350.169 363.567
-72.7509 -83.7657 52.2199
-44.685 132.319 66.6298
250.349 -118.443 176.256
87.4881 -348.456 435.896
-231.222 363.082 358.792
-401.377 119.265 430.543
-395.859 29.7023 430.499
17.2915 364.472 435.896
-375.421 196.061 430.548
4.66833 397.772 433.199
-38.1036 -94.7009 47.4849
-5.06077 -8.61674 -0.267151
-6.74435 -110.848 51.0049
-2.87676 -4.62263 -0.153167
9.81737 -2.42664 0.518183
-2.83153 -4.87771 -0.150766
-9.88881 -2.12838 -0.521952
-52.1496 100.603 52.4979
56.8277 87.681 46.5429
292.959 -286.825 425.152
-275.529 -238.718 435.896
165.051 -296.194 435.896
290.253 178.89 435.896
370.512 111.241 434.543
383.289 63.7739 433.19
-327.474 108.51 435.896
-110.493 344.196 435.896
-4.00902 -7.9426 -0.21222
-3.80158 -8.14908 -0.201207
-4.05454 -8.03034 -0.214578
-6.60901 -5.59066 -0.349505
-9.32212 -3.8779 -0.49205
-6.53226 -5.52736 -0.345488
-5.73823 5.50474 -0.303824
-97.3239 58.7814 48.9043
-6.47943 -6.5856 -0.342479
-6.27005 -6.7786 -0.33144
-6.55014 -6.65536 -0.346161
-9.43928 3.59392 -0.498232
-3.24853 6.0014 -0.172685
-3.2962 6.08804 -0.175188
-3.10492 6.18444 -0.165058
368.159 -209.895 394.497
-387.965 -50.1268 430.484
375.257 -70.1332 435.896
92.5262 353.116 435.896
-76.0793 404.614 425.16
-4.34508 7.43094 -0.230118
-4.29421 7.34608 -0.227473
-4.52179 7.21289 -0.239498
-5.5788 6.84119 -0.295164
-5.8564 6.74321 -0.309761
-5.64249 6.9172 -0.29848
-5.30081 6.92873 -0.28054
-5.36204 7.00667 -0.283728
-66.4715 78.7454 47.5915
-9.95086 -1.82808 -0.525226
-10.0801 -0.917964 -0.532048
-5.68449 -5.13085 -0.301026
-4.10008 -8.11807 -0.216937
-4.14567 -8.20578 -0.219295
-4.3037 -7.904 -0.227747
-7.68666 -6.47304 -0.405746
-60.6155 -83.3106 47.5891
-4.9068 -8.36301 -0.259215
-5.22029 -8.2935 -0.275702
-5.16635 -8.21051 -0.272917
-3.55555 -7.06426 -0.188639
-3.77436 -6.95369 -0.200215
-3.72642 -6.8672 -0.197712
8.43795 5.49543 0.445393
6.09963 -7.93983 0.321985
7.04611 -7.14265 0.371939
7.26659 -6.92593 0.383575
45.0609 -90.175 47.3342
-4.78843 -8.76593 -0.252775
-4.51156 -8.90681 -0.23816
-4.41022 -5.10793 -0.234044
-4.63571 -5.04476 -0.245909
-4.56797 -4.97218 -0.242345
-4.37907 -6.12652 -0.23229
-4.62936 -6.06961 -0.245473
-4.5685 -5.99137 -0.242285
-385.705 60.8795 433.19
-5.85317 -7.62926 -0.309232
-6.02539 -7.37268 -0.318379
-5.79166 -7.55153 -0.306044
-2.16535 9.72016 -0.114309
-2.4688 9.64993 -0.130328
-6.13184 5.52562 -0.324481
-9.54748 3.30653 -0.503942
-6.20648 5.59131 -0.32839
-9.81737 -2.42665 -0.518183
-5.66579 -5.43671 -0.300026
-5.73824 -5.50474 -0.303824
-5.90804 -5.32837 -0.312753
-5.95574 5.70866 -0.315217
-6.28116 5.65696 -0.332299
4.78843 -8.76593 0.252775
5.06077 -8.61674 0.267151
-3.50521 8.16973 -0.185582
-6.81896 7.35258 -0.359951
10.0035 -1.52607 0.528002
9.88881 -2.12837 0.521952
-3.23286 -5.55995 -0.171926
-3.35179 -5.3763 -0.17823
-3.18261 -5.47472 -0.169281
-3.0581 5.65467 -0.162675
6.58535 7.55556 0.347621
-3.01055 5.56795 -0.160172
-5.14179 -5.25421 -0.272512
-4.90696 -5.33483 -0.260164
-4.97483 -5.40729 -0.263728
-3.06837 -9.48209 -0.16198
-2.7699 -9.57055 -0.146223
-3.67851 -6.78069 -0.19521
-3.83782 -6.58152 -0.203667
-3.63061 -6.69416 -0.192707
-3.32989 -6.62453 -0.176849
5.06076 8.61674 0.267151
-9.81737 2.42664 -0.518183
-10.0466 -1.2226 -0.530277
4.51156 -8.90681 0.23816
-3.05998 -6.09639 -0.162701
-5.11244 -8.12751 -0.270132
-6.60901 5.59066 -0.349506
-6.53226 5.52736 -0.345488
-9.32212 3.8779 -0.49205
-6.58535 7.55555 -0.347621
-8.91807 4.70673 -0.470728
-9.06139 4.43458 -0.478291
10.1186 0.306373 0.534075
-2.87676 4.62262 -0.153167
10.0466 1.22259 0.530277
9.43928 -3.59393 0.498232
9.32212 -3.8779 0.49205
-2.88162 -4.96304 -0.153411
-2.98217 -4.7902 -0.158736
-3.01055 -5.56795 -0.160172
-3.05809 -5.65467 -0.162675
0.933927 -9.90825 0.049301
-3.24872 -6.98962 -0.172461
-5.75898 -5.19672 -0.304935
-3.45762 -5.54361 -0.1838
-3.28314 -5.64516 -0.174571
-9.95086 1.82808 -0.525226
-9.88881 2.12838 -0.521952
-3.33306 -4.68203 -0.177275
-3.24079 -4.8624 -0.1724
-3.29617 -4.9445 -0.175323
-5.45151 6.68907 -0.288531
-5.65832 6.521 -0.299436
-5.72431 6.5951 -0.302877
9.32212 3.87791 0.49205
-2.88162 4.96304 -0.153411
-0.933908 9.90825 -0.0493017
-0.623096 9.93185 -0.0328939
-3.30641 7.71765 -0.175271
-3.1324 5.38947 -0.166636
-3.0822 5.30421 -0.163991
-3.24607 5.20891 -0.172661
0.311703 9.94602 0.0164545
-4.34961e-07 9.95074 -2.33523e-08
-5.30396 5.09609 -0.281038
-5.15941 -4.95965 -0.273443
-5.23167 -5.02789 -0.277241
-5.00158 5.11346 -0.265148
-3.62894 -5.43678 -0.192854
-3.57342 -5.35477 -0.189932
-2.98186 5.13365 -0.158701
8.6062 5.23741 0.454271
-2.93173 5.04835 -0.156056
-4.80325 -5.55516 -0.254694
-5.04274 -5.47971 -0.267292
-9.06139 -4.43458 -0.478291
-8.91807 -4.70673 -0.470728
-6.83944 -5.78035 -0.361557
-5.23167 5.02789 -0.277241
-10.1041 -0.612456 -0.533315
-3.93344 -4.85573 -0.208938
-4.05935 -5.00901 -0.215571
-3.99638 4.93238 -0.212254
-7.04611 7.14265 -0.371939
-7.68666 6.47303 -0.405746
-7.88588 6.23726 -0.416258
-5.45075 5.91372 -0.288674
-5.51885 5.98597 -0.292238
-5.26304 6.0758 -0.278786
-3.73658 7.41578 -0.198071
-3.5458 7.61424 -0.187939
-3.69128 7.32792 -0.195713
-3.73887 -5.2445 -0.19867
1.55257 -9.83287 0.0819616
1.18661e-07 -9.95074 6.37072e-09
0.311698 -9.94602 0.0164547
-3.56354 -5.71086 -0.18937
-3.38375 -5.81555 -0.179861
-3.4341 -5.90073 -0.182506
-4.32073 -6.04644 -0.229234
-4.12981 -6.17401 -0.219153
-6.34549 -7.75137 -0.334962
-7.04611 -7.14265 -0.371939
-6.81896 -7.35258 -0.359951
10.0035 1.52606 0.528002
-2.92945 4.70642 -0.155952
-6.12635 6.23633 -0.324067
-5.92811 6.41878 -0.313621
-5.85983 6.34671 -0.310057
2.4688 9.64993 0.130328
-3.39096 -4.76243 -0.180331
-3.59847 -4.73651 -0.191279
-3.44889 4.84282 -0.183388
0.933908 9.90825 0.0493016
0.623095 9.93185 0.0328938
-3.54506 8.2601 -0.187644
-5.98535 6.09638 -0.316702
-6.24615 5.98013 -0.330408
-6.05583 6.16637 -0.320384
9.73662 2.72261 0.513922
9.81737 2.42665 0.518183
-4.81698 -5.92686 -0.255367
-4.75369 -5.85051 -0.252051
-5.75898 5.19672 -0.304935
-5.83349 5.26256 -0.308844
-5.81071 5.57275 -0.307621
-5.56305 5.67583 -0.294607
-4.04036 6.92151 -0.214247
-3.87033 7.12663 -0.205221
-3.82233 7.04016 -0.202718
-3.71937 -4.89364 -0.197655
-3.50685 -4.92318 -0.186444
-3.56481 -5.00354 -0.1895
-2.93173 -5.04835 -0.156056
-3.14044 -5.04148 -0.167091
-3.08767 -4.95773 -0.164306
-5.52644 6.37271 -0.292553
-5.59236 6.44687 -0.295994
-5.32436 6.53684 -0.281898
-5.99644 6.4908 -0.317185
-5.79034 6.66917 -0.306319
-5.90804 5.32837 -0.312753
-10.0035 1.52606 -0.528002
-8.76629 -4.97443 -0.462719
-8.6062 -5.23741 -0.454271
-7.25393 -5.75276 -0.383289
-7.33283 -5.81345 -0.38741
-6.99321 -5.90663 -0.369591
-6.655 -5.98473 -0.351845
-6.72986 -6.05018 -0.355754
-4.46569 -8.81925 -0.235803
-4.64264 -8.50757 -0.245267
-4.41987 -8.73167 -0.233444
-3.15326 -5.82806 -0.16768
-4.23039 -9.03924 -0.22332
-5.52098 -5.30055 -0.292431
-5.37627 -5.16427 -0.284836
-8.2617 5.74823 -0.436092
-8.43795 5.49543 -0.445393
-5.79166 7.55153 -0.306044
-5.49346 7.64363 -0.290363
-5.73018 7.47378 -0.302856
-7.56967 5.99533 -0.399774
-7.64867 6.05588 -0.403895
-7.45523 6.28458 -0.393694
-7.53235 6.34744 -0.397711
-7.17966 6.44212 -0.37921
-4.14436 8.86134 -0.218897
-4.32833 8.55644 -0.228728
-4.37409 8.64406 -0.231086
-5.19516 7.72484 -0.274672
-5.00473 7.96142 -0.264562
-4.95094 7.87834 -0.261777
-6.39154 6.11567 -0.338003
-6.19691 6.30624 -0.327749
-4.51155 8.90681 -0.238161
-4.78842 8.76594 -0.252776
-5.38792 6.61297 -0.285214
-5.44861 5.23243 -0.288634
0.623105 -9.93184 0.0328936
-3.33347 -7.16815 -0.176883
-6.05583 -6.16638 -0.320384
-5.98534 -6.09638 -0.316702
-5.79157 -6.27463 -0.306493
-1.24383 -9.87525 -0.0656624
-1.55256 -9.83287 -0.0819614
-3.68621 -6.32635 -0.195732
-3.88192 -6.21221 -0.206079
-3.82879 -6.1287 -0.203294
-3.4047 -5.45995 -0.181015
3.65633 -9.27826 0.193015
-3.14985 -6.27249 -0.167417
1.85985 -9.78116 0.0981814
6.34549 -7.75137 0.334962
6.58536 -7.55554 0.347621
-3.51792 -5.27276 -0.18701
-3.68083 -5.1642 -0.195613
8.07762 -5.9956 0.426377
-2.91551 -5.39449 -0.155167
-2.98186 -5.13366 -0.158701
-3.29619 -6.08805 -0.175188
-3.48447 -5.98589 -0.185152
-3.24852 -6.0014 -0.172685
-3.39161 -6.2613 -0.180194
-3.34389 -6.17468 -0.177691
-3.18544 4.78028 -0.169478
-3.24079 4.8624 -0.1724
-3.0349 4.87398 -0.161521
4.78842 8.76594 0.252775
4.51155 8.90681 0.23816
-3.01509 6.00832 -0.160342
-3.05999 6.09639 -0.1627
-3.67355 7.88172 -0.194573
-3.4654 8.07934 -0.18352
-5.17844 6.77275 -0.274164
-4.20718 7.73138 -0.222741
-4.00903 7.9426 -0.21222
-3.96354 7.85483 -0.209862
1.24383 9.87525 0.0656624
1.55258 9.83287 0.0819609
-3.07479 -4.616 -0.163634
-3.0195 -4.53383 -0.160712
-3.42561 7.98893 -0.181457
-3.58835 7.70341 -0.19015
9.95086 -1.82808 0.525226
7.68668 -6.47301 0.405745
7.88587 -6.23728 0.416259
-3.1324 -5.38947 -0.166636
-3.407 -5.10866 -0.181167
-3.29892 -5.29261 -0.175446
-10.0466 1.22259 -0.530277
-9.54748 -3.30653 -0.503942
-9.43928 -3.59393 -0.498232
-9.64663 -3.016 -0.509173
-9.73662 -2.72262 -0.513922
-5.98261 -5.39415 -0.316662
-5.11067 -5.55212 -0.270855
-5.17863 -5.62449 -0.274419
-5.3523 -5.46515 -0.28356
-5.59337 -5.36864 -0.296229
-8.43795 -5.49543 -0.445393
-8.2617 -5.74823 -0.436092
-7.56967 -5.99533 -0.399774
-7.64867 -6.05588 -0.403895
-7.3011 -6.15874 -0.385659
-7.22408 -6.09577 -0.381642
-7.02959 -6.31162 -0.371392
-5.88321 5.64072 -0.311419
-5.49277 -5.60563 -0.290925
-10.0035 -1.52606 -0.528002
-5.07168 5.18385 -0.26883
-10.1234 -8.85012e-07 -0.534329
-8.6062 5.23741 -0.454271
-8.76629 4.97443 -0.462719
-4.36141 6.96299 -0.231143
-4.14181 7.09139 -0.219537
-4.30802 6.87964 -0.228358
-6.60986 6.31872 -0.349396
-6.3381 6.446 -0.335114
-6.53706 6.25107 -0.345598
-7.25393 5.75276 -0.383289
-7.60949 6.41025 -0.401728
-7.32985 6.57247 -0.387029
-7.48017 6.70265 -0.394848
-7.26658 6.92594 -0.383575
-7.19348 6.85861 -0.379777
-3.36395 9.38463 -0.177582
-3.65632 9.27826 -0.193016
-3.06838 9.48209 -0.161979
-3.78478 8.80207 -0.200017
-4.78975 7.62896 -0.253422
-5.08245 7.56199 -0.268828
-4.84344 7.71212 -0.256207
-2.76991 9.57055 -0.146223
-3.66478 8.53115 -0.193831
-3.70475 8.62147 -0.195893
-6.43061 5.78817 -0.340118
-6.68579 5.65392 -0.353522
-6.09963 7.93983 -0.321985
-5.84799 8.12077 -0.308702
-5.02279 7.00593 -0.265911
-5.14026 7.1655 -0.272024
-0.311697 -9.94602 -0.0164547
-4.04034 -6.92151 -0.214247
-3.87032 -7.12663 -0.205221
-3.91834 -7.21308 -0.207724
-3.41832 -7.34663 -0.181306
-1.85985 -9.78116 -0.0981814
-3.4654 -8.07934 -0.18352
-3.66479 -8.53115 -0.19383
-3.70475 -8.62147 -0.195892
-3.88709 -8.32723 -0.205629
-3.82484 -8.89235 -0.202079
-4.05847 -8.68337 -0.214474
-4.01558 -8.59436 -0.212262
-3.96355 -7.85483 -0.209862
-4.11078 -7.55868 -0.217735
-3.91809 -7.76706 -0.207504
8.6062 -5.23741 0.454271
6.81895 -7.35259 0.359951
7.48016 -6.70266 0.394848
3.36395 -9.38463 0.177582
2.7699 -9.57055 0.146223
3.06837 -9.48209 0.16198
-3.23983 -6.44854 -0.172132
-2.82408 -4.53882 -0.150382
-3.01949 4.53383 -0.160713
-3.88707 8.32724 -0.205629
-3.84431 8.23816 -0.203418
8.2617 5.74823 0.436092
2.76991 9.57055 0.146223
-1.24383 9.87525 -0.0656624
-3.53493 6.52106 -0.187702
-3.3299 6.62453 -0.176849
-3.48713 6.43449 -0.185199
-3.82485 8.89235 -0.20208
-3.58494 8.35047 -0.189706
-3.7162 7.97086 -0.196784
-4.05455 8.03034 -0.214578
-3.33346 7.16815 -0.176884
-3.46521 6.88841 -0.183923
-3.67851 6.78069 -0.19521
-3.51037 6.97634 -0.186281
6.34549 7.75137 0.334962
-4.24143 6.33762 -0.224997
-3.98827 6.37918 -0.211648
-4.12982 6.174 -0.219153
8.91807 4.70673 0.470728
8.76629 4.97443 0.462719
-3.84036 -5.0507 -0.20403
-3.9009 -5.12921 -0.207218
6.09963 7.93983 0.321985
8.43796 -5.49541 0.445392
9.73661 -2.72262 0.513922
9.64663 -3.016 0.509173
9.54748 -3.30653 0.503942
9.19612 -4.15821 0.485401
9.06139 -4.43458 0.478292
8.91807 -4.70673 0.470728
8.76628 -4.97444 0.46272
8.26169 -5.74824 0.436092
-3.79694 -5.32478 -0.201726
-5.66579 5.43671 -0.300026
-5.07168 -5.18385 -0.26883
-5.95574 -5.70866 -0.315217
-6.28116 -5.65696 -0.332299
-6.20648 -5.59131 -0.32839
-6.50538 -5.85372 -0.344027
-6.43061 -5.78817 -0.340118
-6.05477 -6.96515 -0.320086
-5.98862 -6.89119 -0.316644
-5.06581 -5.85283 -0.268461
-4.94363 -6.07952 -0.262
-5.13152 -5.92718 -0.271902
-6.39154 -6.11567 -0.338003
-8.07762 -5.99559 -0.426377
-7.72771 -6.11638 -0.408016
-7.80678 -6.17685 -0.412137
-7.49069 -5.93475 -0.395653
-7.14709 -6.03276 -0.377625
-5.91489 -6.02637 -0.313019
-6.10089 -5.84446 -0.322812
-5.84447 -5.95632 -0.309336
-6.1969 -6.30625 -0.327749
-6.53706 -6.25107 -0.345598
-6.46429 -6.18338 -0.3418
-6.5189 -7.48187 -0.344179
-6.75022 -7.28096 -0.356387
-6.45248 -7.40816 -0.340737
-6.33854 -6.85047 -0.335004
-3.91315 -5.48528 -0.207839
-4.14329 -5.44301 -0.21997
-4.08266 -5.36459 -0.216782
-4.86148 4.9726 -0.257783
-4.70348 -5.11731 -0.249473
-4.77129 -5.18984 -0.253037
-4.93152 -5.04305 -0.261465
-3.33307 4.68202 -0.177275
-3.29617 4.9445 -0.175323
-3.9713 -5.56551 -0.210895
-3.77568 -6.04516 -0.200509
-3.2064 -6.90034 -0.17025
-2.16535 -9.72016 -0.114309
-3.79566 -5.68269 -0.201621
-3.74006 -5.60073 -0.198698
-3.63093 -7.79258 -0.192362
-3.38585 -7.89852 -0.179395
-10.1186 0.306378 -0.534075
-10.1186 -0.306377 -0.534075
-5.72335 6.2025 -0.302929
-5.91489 6.02637 -0.313019
-9.19611 4.15821 -0.485401
-5.46053 6.29853 -0.289111
-5.65515 6.13035 -0.299365
-6.50538 5.85372 -0.344027
-6.58018 5.91924 -0.347936
-6.7626 5.71715 -0.357539
-6.83944 5.78035 -0.361557
-3.97271 8.50534 -0.210052
-3.74476 8.71177 -0.197955
-6.08934 7.44847 -0.321696
-5.85318 7.62925 -0.309232
-5.59079 8.29401 -0.295128
-8.07762 5.99559 -0.426377
-7.99667 5.93757 -0.422156
-6.9014 6.58896 -0.364587
-6.97437 6.65643 -0.368384
-5.48461 7.16249 -0.290104
-5.42331 7.0846 -0.286916
-5.70623 6.99319 -0.301797
-4.39597 7.51578 -0.232763
-4.62887 7.37938 -0.245067
-4.4469 7.60059 -0.235408
-5.37558 7.48436 -0.28425
-5.13879 7.64343 -0.27175
-5.16635 8.21052 -0.272917
-5.22029 8.2935 -0.275702
-4.95809 8.44761 -0.26186
-5.51514 6.76514 -0.291847
-6.87966 6.18097 -0.363573
-6.95461 6.24631 -0.367482
-6.6827 6.38633 -0.353194
-6.40706 6.9223 -0.338568
-6.25347 7.1868 -0.330412
-6.1872 7.11295 -0.32697
-7.40499 6.63758 -0.390938
-7.12041 6.79126 -0.37598
-7.04737 6.72386 -0.372182
-5.61149 7.80279 -0.296476
-5.55246 7.72322 -0.293419
-6.06479 6.5628 -0.320748
-6.13318 6.63476 -0.324312
-5.3167 7.40469 -0.281193
-5.54595 7.24036 -0.293292
-3.29108 -7.0789 -0.174672
-3.36394 -9.38463 -0.177582
-3.86493 -8.98262 -0.204142
-3.65633 -9.27826 -0.193015
-4.73979 -8.67983 -0.250273
-4.73609 -7.54579 -0.250637
-4.54886 -7.77017 -0.240699
-4.78976 -7.62896 -0.253422
-4.24337 -7.2612 -0.224827
-4.0145 -7.38592 -0.212729
-4.2942 -7.34608 -0.227473
-3.78191 -7.50363 -0.200429
-3.82727 -7.59145 -0.202787
-3.96641 -7.2995 -0.210227
-2.96302 -5.48123 -0.157669
-3.66955 -5.87805 -0.194939
-3.85128 -5.76462 -0.204542
10.1234 0 0.534329
10.1186 -0.306348 0.534075
10.1041 -0.612454 0.533315
7.68667 6.47303 0.405745
7.48017 6.70266 0.394847
-3.29108 7.07889 -0.174672
-3.39097 4.76243 -0.180331
3.94523 9.1631 0.208266
4.23039 9.03924 0.223319
-0.311704 9.94602 -0.0164545
-3.60076 7.15216 -0.190997
-3.46078 7.43584 -0.183517
-3.41832 7.34663 -0.181306
-1.55258 9.83286 -0.081961
-4.25543 7.8177 -0.225244
-4.49786 7.68539 -0.238053
-4.30372 7.90399 -0.227746
-3.62485 8.44081 -0.191768
-4.85746 7.23599 -0.257139
-4.91366 7.31753 -0.260061
-4.68247 7.4626 -0.247852
-3.94524 9.1631 -0.208266
-3.90507 9.07286 -0.206204
-4.06263 7.4723 -0.215232
-4.11078 7.55868 -0.217735
-3.91809 7.76706 -0.207504
-3.87266 7.67926 -0.205146
9.88881 2.12837 0.521952
9.06139 4.43458 0.478291
9.19611 4.15821 0.485401
-3.44889 -4.84282 -0.183387
-3.65891 -4.81508 -0.194467
-3.03491 -4.87398 -0.161521
-3.62281 -5.08388 -0.192557
-3.46245 -5.19072 -0.184088
5.3283 8.45939 0.281272
9.95086 1.82808 0.525226
-3.1301 -4.69815 -0.166556
-3.18544 -4.78028 -0.169478
-3.1301 4.69814 -0.166556
-4.63571 5.04476 -0.245909
-5.63336 5.74599 -0.298289
-5.38268 5.84146 -0.28511
-4.90547 6.84624 -0.259798
-4.96412 6.9261 -0.262854
-4.74517 7.07285 -0.251295
-4.52097 6.7463 -0.239607
-4.57697 6.82797 -0.242529
-4.0145 7.38591 -0.21273
-4.77129 5.18984 -0.253037
-4.60662 5.33165 -0.244369
-4.54113 5.2571 -0.240927
-9.19611 -4.15821 -0.485401
-5.83349 -5.26256 -0.308844
-4.18536 -5.1622 -0.222203
-3.96145 -5.20769 -0.210406
-4.2484 -5.23877 -0.22552
-6.35587 -5.72258 -0.336208
-6.60986 -6.31872 -0.349396
-6.87966 -6.18097 -0.363573
-6.80475 -6.11559 -0.359664
-7.88588 -6.23726 -0.416258
-7.41174 -5.87412 -0.391531
-7.10461 -6.37689 -0.375301
-6.82847 -6.52145 -0.360789
-7.17965 -6.44212 -0.37921
-7.53235 -6.34744 -0.397711
-6.24615 -5.98013 -0.330408
-6.17351 -5.91231 -0.32661
-5.58698 -6.05817 -0.295802
-5.77407 -5.88624 -0.305654
-5.51885 -5.98597 -0.292238
-6.90422 -7.0036 -0.364574
-6.97515 -7.07315 -0.368257
-7.26658 -6.92594 -0.383575
-4.27942 -4.95867 -0.22716
-4.12234 -5.08561 -0.218887
-4.34481 -5.03331 -0.230602
-4.83911 -5.26235 -0.256601
-4.86148 -4.9726 -0.257782
-5.30396 -5.09609 -0.281038
-4.50025 -4.89958 -0.238782
-4.50025 4.89958 -0.238782
-3.68083 5.16419 -0.195613
-3.9009 5.1292 -0.207218
-3.73888 5.24449 -0.198669
-3.7226 -5.96162 -0.197724
-3.96261 -5.92844 -0.210386
-3.43936 -6.3479 -0.182696
-3.28485 -6.53654 -0.17449
-0.6231 -9.93185 -0.0328933
-3.50328 -7.52505 -0.185728
-3.46079 -7.43584 -0.183517
-4.65097 -7.93965 -0.245988
-4.89718 -7.79524 -0.258992
-4.84345 -7.71211 -0.256207
-4.24143 -6.33762 -0.224996
-4.43744 -6.20658 -0.235346
-5.00473 -7.96143 -0.264562
-5.05857 -8.04447 -0.267347
-5.25157 -7.80623 -0.277594
-5.67054 -7.88233 -0.299532
-5.91473 -7.70694 -0.31242
-5.61148 -7.80279 -0.296476
-3.98826 -6.37919 -0.211649
-4.1856 -6.25582 -0.222074
-4.08767 -5.7259 -0.217008
-4.20414 -5.88621 -0.223121
-3.51056 -5.62724 -0.186585
-6.45553 5.46402 -0.341471
-7.41174 5.87412 -0.391531
-7.80678 6.17684 -0.412138
-7.37815 6.22169 -0.389677
-7.14709 6.03276 -0.377625
-7.07014 5.96971 -0.373608
-6.655 5.98473 -0.351845
-6.72986 6.05018 -0.355754
-5.25157 7.80623 -0.277594
-5.30802 7.88759 -0.280516
-5.05857 8.04448 -0.267347
-5.27428 8.37646 -0.278487
-5.47757 8.13152 -0.289283
-5.53416 8.21279 -0.292205
-6.05477 6.96515 -0.320087
-6.33855 6.85047 -0.335004
-7.72771 6.11638 -0.408016
-4.73609 7.54579 -0.250637
-5.19903 7.24526 -0.27508
-4.96989 7.39904 -0.262983
-6.82847 6.52145 -0.360789
-6.62089 6.72508 -0.349844
-6.83334 6.93402 -0.360892
-6.76249 6.86441 -0.357209
-6.69168 6.79476 -0.353526
-6.03795 7.86223 -0.318797
-6.34549 7.75137 -0.334962
-6.5189 7.48187 -0.344179
-4.73979 8.67983 -0.250272
-4.09107 7.00646 -0.216892
-6.10089 5.84446 -0.322812
-5.58699 6.05817 -0.295802
-5.00941 -8.53219 -0.264505
-4.35203 -7.99028 -0.230249
-5.02279 -7.00593 -0.265911
-5.17843 -6.77276 -0.274164
-4.96412 -6.9261 -0.262854
-3.54505 -8.26011 -0.187644
-6.62089 -6.72508 -0.349844
-5.84797 -8.12078 -0.308703
-6.09962 -7.93984 -0.321985
-6.03794 -7.86224 -0.318797
-5.08151 -7.08574 -0.268967
-5.3008 -6.92873 -0.28054
-5.3167 -7.40469 -0.281193
-5.37558 -7.48436 -0.28425
-5.60731 -7.3182 -0.296481
3.94522 -9.16311 0.208267
10.0801 0.917957 0.532049
10.1041 0.612456 0.533315
10.0801 -0.917966 0.532048
10.0466 -1.22258 0.530277
-2.86804 5.30773 -0.152664
8.07762 5.99559 0.426377
7.88588 6.23727 0.416259
7.04611 7.14265 0.371939
6.81896 7.35258 0.359951
-2.96302 5.48123 -0.157669
-4.27942 4.95867 -0.22716
-4.05935 5.009 -0.21557
-3.37497 6.7125 -0.179207
-5.7037 5.81613 -0.301972
-3.75887 8.05997 -0.198995
-3.80158 8.14908 -0.201206
-4.01557 8.59436 -0.212263
-4.23694 8.38114 -0.224011
-4.28262 8.4688 -0.226369
-4.49718 8.24901 -0.237758
-4.44877 8.16278 -0.235255
-4.14567 8.20578 -0.219295
-3.15326 5.82806 -0.16768
-3.34389 6.17468 -0.177691
-3.19483 6.36052 -0.169775
-4.50083 5.54482 -0.238785
-4.32536 5.67815 -0.229534
-4.43768 5.46834 -0.235469
-3.24608 -5.20891 -0.172661
-3.14986 6.27249 -0.167416
-4.41022 5.10793 -0.234044
-4.18536 5.1622 -0.222203
-4.12234 5.08561 -0.218887
-3.93344 4.85572 -0.208938
-3.71938 4.89364 -0.197655
-3.08766 4.95773 -0.164306
7.26658 6.92593 0.383575
-3.88841 6.66655 -0.206312
-4.09473 6.54608 -0.217218
-3.93903 6.75155 -0.208957
-3.27518 4.60161 -0.174218
-3.83782 6.58152 -0.203667
-3.63062 6.69416 -0.192707
-3.65891 4.81508 -0.194467
-5.1173 6.69473 -0.270976
-5.84447 5.95632 -0.309336
-5.43451 7.56401 -0.287306
-5.66873 7.396 -0.299668
-4.41484 7.04631 -0.233928
-4.15897 7.64503 -0.220238
-3.24873 6.98962 -0.172461
-3.14045 5.04147 -0.167091
-3.29892 5.29261 -0.175446
-3.407 5.10866 -0.181166
-3.46245 5.19071 -0.184088
-6.68579 -5.65392 -0.353522
-5.44861 -5.23243 -0.288633
-4.60661 -5.33165 -0.244369
-4.43769 -5.46834 -0.235469
-4.73767 -5.48068 -0.251252
-4.44687 -5.83481 -0.235909
-5.00158 -5.11346 -0.265147
-6.13183 -5.52562 -0.324481
-5.88321 -5.64072 -0.311419
-5.72334 -6.2025 -0.302929
-5.52643 -6.37271 -0.292552
-7.45523 -6.28458 -0.393694
-7.37815 -6.22169 -0.389677
-7.25473 -6.50731 -0.38312
-6.97437 -6.65643 -0.368384
-7.04737 -6.72386 -0.372182
-6.75557 -6.45391 -0.356991
-5.99643 -6.4908 -0.317185
-5.65832 -6.521 -0.299436
-5.72431 -6.5951 -0.302877
-7.32985 -6.57247 -0.387029
-7.40499 -6.63758 -0.390938
-6.40706 -6.9223 -0.338567
-6.58017 -5.91924 -0.347936
-6.68151 -7.2093 -0.352823
-6.3861 -7.3344 -0.337296
-4.47566 -5.18253 -0.237485
-4.31147 -5.31532 -0.228836
-4.70349 5.11731 -0.249473
-3.33344 -5.73037 -0.177216
-4.01832 -6.01031 -0.213309
-3.93507 -6.29571 -0.208864
-3.78726 -6.49648 -0.201021
-2.4688 -9.64993 -0.130328
-3.62484 -8.44082 -0.191768
-3.58494 -8.35047 -0.189706
-0.933922 -9.90825 -0.0493007
-3.34611 -7.8081 -0.177333
-4.06263 -7.4723 -0.215232
-3.74474 -8.71178 -0.197955
-4.04148 -6.46265 -0.214433
-3.88841 -6.66655 -0.206312
-4.09473 -6.54608 -0.217218
-3.98967 -6.83654 -0.211602
-4.14801 -6.6295 -0.220003
-3.93903 -6.75155 -0.208957
-3.53493 -6.52106 -0.187702
-3.46521 -6.88841 -0.183923
-3.82232 -7.04018 -0.202718
-4.50084 -5.54481 -0.238785
-4.32536 -5.67815 -0.229534
-4.56401 -5.62127 -0.242101
-4.49583 -6.28662 -0.238403
-4.40905 -6.5829 -0.233763
-4.61272 -6.44663 -0.244516
-4.6272 -5.69771 -0.245418
-4.3861 -5.75649 -0.232721
-3.63574 -6.24126 -0.193086
-7.49069 5.93475 -0.395652
-6.46429 6.18338 -0.3418
-7.17507 5.69202 -0.379168
-6.91631 5.8435 -0.365574
-7.3011 6.15874 -0.385659
-7.02959 6.31162 -0.371392
-6.17351 5.91231 -0.32661
-5.32884 6.15007 -0.282227
-3.92988 8.4163 -0.20784
-5.06076 8.61675 -0.267151
-5.72966 7.96184 -0.302589
-5.97633 7.7846 -0.315609
-5.3283 8.45939 -0.281273
-7.10461 6.37689 -0.375301
-7.22408 6.09577 -0.381642
-5.2396 6.85076 -0.277352
-5.92249 6.81722 -0.313203
-6.75557 6.45391 -0.356991
-6.47943 6.5856 -0.342479
-6.26749 6.37614 -0.331431
-7.25474 6.50731 -0.383119
-5.91473 7.70694 -0.312421
-6.45248 7.40815 -0.340737
-6.38611 7.3344 -0.337296
-6.68151 7.2093 -0.352823
-6.27005 6.7786 -0.33144
-6.21735 7.59998 -0.328329
-6.2814 7.67569 -0.331645
-5.25785 7.32499 -0.278137
-5.89762 7.22097 -0.311746
-5.60732 7.31819 -0.29648
-5.83379 7.14506 -0.30843
-5.79157 6.27463 -0.306493
-5.3523 5.46514 -0.28356
-5.2821 5.39487 -0.279877
-4.85556 -8.27839 -0.25657
-3.94521 -9.16311 -0.208267
-4.14437 -8.86134 -0.218897
-3.90506 -9.07287 -0.206204
-5.19904 -7.24526 -0.27508
-5.02615 -7.48053 -0.265906
-5.25786 -7.32498 -0.278136
-4.91365 -7.31754 -0.260061
-4.96989 -7.39904 -0.262983
-3.7162 -7.97085 -0.196784
-3.75887 -8.05998 -0.198995
-4.6912 -8.59371 -0.24777
-4.5999 -7.85491 -0.243343
-5.421 -8.05024 -0.28636
-5.47757 -8.13152 -0.289283
-4.20132 -6.7129 -0.222788
-4.1418 -7.0914 -0.219537
-4.19258 -7.17631 -0.222182
-4.84685 -6.76637 -0.256742
-4.63301 -6.90962 -0.245451
-4.74517 -7.07285 -0.251295
-5.13879 -7.64343 -0.27175
-5.92811 -6.41878 -0.313621
-5.30802 -7.88759 -0.280516
-5.55244 -7.72323 -0.29342
-4.23694 -8.38114 -0.224011
-4.28262 -8.4688 -0.226369
-5.92249 -6.81722 -0.313203
-5.85983 -6.34671 -0.310057
-5.59237 -6.44687 -0.295994
4.23039 -9.03924 0.22332
3.36395 9.38463 0.177582
-3.19325 5.1252 -0.169876
-3.03202 5.21894 -0.161346
-2.91552 5.39449 -0.155166
-4.23039 9.03924 -0.223319
-4.18736 8.9503 -0.221108
-4.65096 7.93965 -0.245989
-4.40038 8.07654 -0.232752
-4.59989 7.85492 -0.243344
-4.46569 8.81925 -0.235802
-5.02616 7.48053 -0.265905
-4.10009 8.11806 -0.216936
-4.89717 7.79524 -0.258992
-4.70206 8.02437 -0.248634
-3.50684 4.92319 -0.186444
-3.59847 4.7365 -0.191279
-5.59337 5.36864 -0.296229
-5.49277 5.60563 -0.290925
-4.68906 6.99126 -0.248373
-3.78191 7.50363 -0.200429
-3.96642 7.2995 -0.210227
-4.25465 6.79628 -0.225573
-4.8013 7.15443 -0.254217
-4.20132 6.7129 -0.222788
-3.72641 6.8672 -0.197713
3.06838 9.48209 0.161979
5.59079 8.29401 0.295127
5.84798 8.12077 0.308703
-5.24661 -5.69684 -0.277983
-5.31463 -5.76917 -0.281547
-6.05721 -5.4599 -0.320571
-5.81071 -5.57275 -0.307621
-5.42252 -5.5354 -0.287242
-5.42331 -7.08459 -0.286916
-5.48461 -7.16249 -0.290104
-5.11729 -6.69473 -0.270976
-5.32435 -6.53684 -0.281898
-4.93447 -5.70404 -0.261577
-5.7037 -5.81613 -0.301972
-5.63336 -5.746 -0.298289
-5.26304 -6.0758 -0.278786
-5.45075 -5.91372 -0.288674
-5.56305 -5.67583 -0.294607
-6.7626 -5.71716 -0.357539
-7.99667 -5.93757 -0.422156
-7.60949 -6.41025 -0.401728
-6.3381 -6.446 -0.335114
-6.40875 -6.51581 -0.338796
-6.13318 -6.63476 -0.324312
-6.06479 -6.5628 -0.320748
-6.83334 -6.93402 -0.360892
-6.47562 -6.9941 -0.342131
-6.54422 -7.06587 -0.345695
-5.89763 -7.22097 -0.311746
-5.83379 -7.14507 -0.308429
-6.1872 -7.11295 -0.32697
-6.76249 -6.86441 -0.357209
-7.07014 -5.96971 -0.373608
-6.25347 -7.1868 -0.330412
-6.31977 -7.26061 -0.333854
-4.02205 -5.28615 -0.213594
-4.14872 4.80932 -0.220277
-5.26083 6.46068 -0.278582
-4.564 5.62127 -0.242102
-4.80325 5.55516 -0.254694
-4.6272 5.69771 -0.245418
-4.93152 5.04305 -0.261465
-3.48714 -6.43449 -0.185199
-3.67356 -7.88172 -0.194573
-4.07405 -6.09217 -0.216231
-3.58276 -6.60762 -0.190204
-5.14025 -7.16551 -0.272023
-3.51036 -6.97635 -0.186281
-3.73658 -7.41578 -0.198071
-3.64601 -7.24005 -0.193355
-3.54582 -7.61423 -0.187939
-5.38267 -5.84146 -0.28511
-3.68449 -5.51877 -0.195776
-3.90694 -5.84653 -0.207464
-3.53486 -6.07103 -0.187796
-6.80475 6.11559 -0.359664
-5.77407 5.88624 -0.305654
-6.35587 5.72258 -0.336208
-5.39467 6.22431 -0.285669
-5.19732 6.3845 -0.275265
-3.50753 8.91243 -0.185371
-3.54469 9.00391 -0.187282
-5.11244 8.12751 -0.270132
-5.7888 8.04132 -0.305646
-5.67055 7.88233 -0.299533
-6.99321 5.90663 -0.369591
-6.40875 6.51581 -0.338796
-6.75022 7.28096 -0.356387
-6.97515 7.07315 -0.368257
-6.2016 6.7067 -0.327876
-6.31977 7.26061 -0.333853
-5.76999 7.06914 -0.305113
-6.15333 7.52424 -0.325012
-5.42101 8.05024 -0.286361
-4.465 6.66461 -0.236685
-4.40906 6.58289 -0.233763
-4.83911 5.26235 -0.256601
-4.50767 5.9131 -0.239097
-4.69044 5.77412 -0.248734
-4.75369 5.8505 -0.25205
-5.04274 5.47971 -0.267292
-4.37908 6.12652 -0.23229
-4.43745 6.20657 -0.235346
-3.85129 5.76462 -0.204543
-4.02947 5.64571 -0.213952
-3.90693 5.84654 -0.207464
-4.18736 -8.9503 -0.221108
-4.80436 -8.19373 -0.253924
-4.54563 -8.33522 -0.240261
-4.32834 -8.55644 -0.228727
-4.19129 -8.29347 -0.221653
-3.97272 -8.50533 -0.210051
-4.37408 -8.64406 -0.231086
-4.1014 -8.77236 -0.216685
-5.32829 -8.45939 -0.281273
-5.59079 -8.29401 -0.295127
-5.53416 -8.21278 -0.292205
-5.9615 -7.29683 -0.315063
-5.39468 -6.22431 -0.285669
-5.07042 -6.23205 -0.268633
-5.13386 -6.30829 -0.271949
-4.29727 -6.4194 -0.227918
-4.35315 -6.50116 -0.23084
-3.92989 -8.41629 -0.20784
-4.75319 -8.10906 -0.251279
-4.95094 -7.87834 -0.261777
-4.70207 -8.02436 -0.248634
-5.76999 -7.06914 -0.305113
-5.70623 -6.99319 -0.301797
-4.69023 -6.14785 -0.248661
-4.75116 -6.22604 -0.251849
-4.85746 -7.236 -0.257139
-4.62887 -7.37939 -0.245067
-5.65515 -6.13035 -0.299365
-6.15333 -7.52424 -0.325012
-6.08935 -7.44847 -0.321696
-6.26748 -6.37614 -0.331431
-5.46054 -6.29853 -0.289111
-5.64249 -6.9172 -0.29848
-3.86494 8.98261 -0.204142
-4.90681 8.36301 -0.259215
-4.85557 8.27838 -0.25657
-4.54886 7.77016 -0.240698
-4.41988 8.73166 -0.233444
-4.64264 8.50757 -0.245267
-4.05847 8.68337 -0.214474
-4.1014 8.77236 -0.216685
-4.19129 8.29346 -0.221653
-2.96422 4.45165 -0.157791
-2.82409 4.53881 -0.150382
-3.91836 7.21307 -0.207724
-4.57532 7.29615 -0.242282
-4.19258 7.17631 -0.222182
-4.24338 7.2612 -0.224827
-3.64601 7.24006 -0.193355
-3.20639 6.90034 -0.17025
-3.42007 6.80047 -0.181565
-2.83154 4.87771 -0.150766
3.65632 9.27826 0.193016
-5.00013 -5.77844 -0.265019
-5.21193 -5.32455 -0.276195
-4.69043 -5.77412 -0.248734
-6.45553 -5.46402 -0.341471
-6.95461 -6.24632 -0.367482
-6.9014 -6.58896 -0.364586
-6.6827 -6.38633 -0.353193
-7.12041 -6.79126 -0.37598
-6.58535 -7.55555 -0.347621
-4.54113 -5.2571 -0.240927
-4.20396 -5.52141 -0.223158
-4.56797 4.97218 -0.242345
-5.07042 6.23206 -0.268632
-5.13386 6.30829 -0.271949
-4.87308 6.38237 -0.258225
-5.31463 5.76916 -0.281547
-5.24661 5.69684 -0.277983
-3.69128 -7.32793 -0.195713
-3.87267 -7.67926 -0.205145
-4.50767 -5.9131 -0.239097
-5.00701 -6.1558 -0.265316
-4.72972 -6.60655 -0.250628
-4.67121 -6.52659 -0.247572
-4.52097 -6.7463 -0.239607
-3.58529 -6.15615 -0.190441
-7.33283 5.81346 -0.38741
-5.36449 7.96892 -0.283438
-5.00941 8.53219 -0.264506
-5.9615 7.29683 -0.315062
-6.0254 7.37267 -0.318379
-6.90423 7.0036 -0.364574
-6.12097 7.03906 -0.323528
-4.80437 8.19373 -0.253924
-4.54563 8.33521 -0.240261
-4.7532 8.10905 -0.251279
-4.31147 5.31531 -0.228836
-4.97483 5.40728 -0.263728
-5.42252 5.5354 -0.287242
-4.93447 5.70404 -0.261577
-4.86885 5.62961 -0.258135
-5.11067 5.55212 -0.270855
-5.19727 6.0015 -0.275344
-5.13153 5.92718 -0.271902
-3.58186 -9.09538 -0.189193
-4.49719 -8.24901 -0.237758
-5.36449 -7.96893 -0.283438
-5.7888 -8.04132 -0.305646
-5.72965 -7.96184 -0.302589
-6.61285 -7.1376 -0.349259
-5.66873 -7.396 -0.299668
-5.73017 -7.47379 -0.302856
-6.12097 -7.03906 -0.323528
-4.8013 -7.15443 -0.254217
-4.36141 -6.96299 -0.231143
-4.41483 -7.04631 -0.233928
-4.49786 -7.68539 -0.238053
-4.99512 -6.53861 -0.2646
-4.57532 -7.29615 -0.242282
-4.5218 -7.21288 -0.239497
-5.19517 -7.72484 -0.274672
-5.27427 -8.37646 -0.278487
-5.38792 -6.61296 -0.285214
-5.45152 -6.68906 -0.288531
-6.2016 -6.7067 -0.327876
-3.98968 6.83654 -0.211602
-3.38585 7.89852 -0.179395
-3.61908 9.18682 -0.191105
-4.59412 8.4214 -0.242764
-4.35203 7.99028 -0.230249
-3.56482 5.00354 -0.1895
-3.87052 -4.77906 -0.205622
-3.55555 7.06426 -0.188639
-4.86885 -5.62961 -0.258135
-7.48017 -6.70265 -0.394847
-6.21735 -7.59998 -0.328328
-4.37456 -5.39184 -0.232152
-3.45762 5.5436 -0.1838
-3.68449 5.51877 -0.195777
-3.51057 5.62724 -0.186585
-4.14801 6.6295 -0.220003
-4.35315 6.50116 -0.230841
-4.99513 6.5386 -0.264601
-4.93409 6.4605 -0.261413
-4.78828 6.68647 -0.253685
-4.72973 6.60654 -0.250628
-5.14179 5.25421 -0.272512
-5.21193 5.32455 -0.276195
-4.09106 -7.00646 -0.216892
-5.2821 -5.39487 -0.279877
-5.19727 -6.0015 -0.275344
-5.32885 -6.15006 -0.282227
-6.31883 6.04792 -0.334205
-6.61285 7.1376 -0.349259
-6.54422 7.06587 -0.345695
-6.47563 6.9941 -0.342131
-5.52098 5.30055 -0.292431
-4.40038 -8.07654 -0.232752
-6.2814 -7.67569 -0.331645
-4.25465 -6.79629 -0.225573
-4.8121 -6.30422 -0.255037
-4.308 -6.87965 -0.228358
-5.05619 -6.61669 -0.267788
-5.26083 -6.46068 -0.278582
-5.36204 -7.00668 -0.283728
-4.34508 -7.43094 -0.230118
-5.4345 -7.56401 -0.287306
-6.12635 -6.23633 -0.324066
-5.5788 -6.84118 -0.295164
-5.51515 -6.76513 -0.291847
-5.85639 -6.74321 -0.309761
-5.79034 -6.66917 -0.306319
-3.78726 6.49648 -0.201022
-3.50329 7.52505 -0.185728
-4.6912 8.59371 -0.247769
-4.20415 5.8862 -0.223121
-4.07406 6.09217 -0.21623
-4.2484 5.23877 -0.22552
-4.02205 5.28615 -0.213594
-3.77436 6.95369 -0.200215
-6.69167 -6.79476 -0.353526
-4.67121 6.52659 -0.247572
-3.68622 6.32635 -0.195732
-3.88192 6.21221 -0.206079
-4.84686 6.76637 -0.256741
-3.48447 5.98588 -0.185151
-3.53487 6.07102 -0.187796
-3.61653 5.79446 -0.192154
-3.66956 5.87804 -0.194939
-3.60077 -7.15216 -0.190997
-4.87308 -6.38237 -0.258225
-4.93409 -6.4605 -0.261412
-6.55015 6.65536 -0.346161
-4.73768 5.48068 -0.251252
-5.00013 5.77844 -0.265019
-5.17863 5.62449 -0.274419
-4.4469 -7.60059 -0.235408
-4.39597 -7.51578 -0.232763
-4.25542 -7.8177 -0.225244
-4.20719 -7.73137 -0.222741
-5.49346 -7.64363 -0.290363
-4.4683 -7.12961 -0.236713
-4.90547 -6.84624 -0.259798
-3.72261 5.96161 -0.197724
-3.58529 6.15615 -0.190441
-3.58276 6.60762 -0.190204
-4.67214 5.40618 -0.24781
-4.21406 4.884 -0.223718
-3.96146 5.20768 -0.210406
-4.3861 5.75649 -0.232721
-4.44688 5.8348 -0.235909
-7.19348 -6.85861 -0.379777
-4.26244 5.96633 -0.226177
-5.00702 6.1558 -0.265316
-4.81211 6.30422 -0.255037
-5.0562 6.61668 -0.267788
-4.63301 6.90962 -0.245451
-3.62282 5.08387 -0.192557
-4.90696 5.33483 -0.260164
-5.06581 5.85283 -0.268461
-4.69025 6.14784 -0.248661
-4.62937 6.06961 -0.245473
-4.81698 5.92686 -0.255367
-4.5685 5.99137 -0.242285
-4.55427 6.36663 -0.241459
-4.75116 6.22604 -0.251849
-4.49584 6.28661 -0.238403
-5.23961 -6.85075 -0.277352
-4.04149 6.46264 -0.214433
-3.43936 6.3479 -0.182696
-3.63574 6.24125 -0.193087
-3.77568 6.04516 -0.200509
-4.34481 5.03331 -0.230602
-4.1433 5.44301 -0.21997
-3.91316 5.48528 -0.207839
-4.94364 6.07951 -0.262
-4.01832 6.01031 -0.213308
-3.96262 5.92843 -0.210386
-4.32074 6.04643 -0.229233
-3.10567 5.74137 -0.165177
-3.51793 5.27275 -0.18701
-3.40469 5.45996 -0.181015
-3.57342 5.35477 -0.189932
-3.77986 4.97218 -0.200842
-3.84037 5.0507 -0.20403
-4.08266 5.36459 -0.216782
-3.28313 5.64517 -0.174572
-3.4341 5.90072 -0.182506
-3.73673 6.41142 -0.198377
-4.20396 5.52141 -0.223158
-4.08768 5.72589 -0.217008
-3.82879 6.1287 -0.203294
-4.8803 6.0032 -0.258683
-3.20088 5.91474 -0.170182
-3.33343 5.73037 -0.177217
-3.74006 5.60073 -0.198698
-3.79566 5.68268 -0.20162
-3.79695 5.32477 -0.201726
-3.85504 5.40504 -0.204782
-3.38375 5.81556 -0.179861
-3.56354 5.71086 -0.18937
-4.61273 6.44662 -0.244515
-4.26464 5.59979 -0.226346
-4.1459 5.80606 -0.220064
-3.18262 5.47472 -0.169281
-3.62894 5.43678 -0.192854
3  0 1 2
3  3 4 5
3  6 7 8
3  9 10 11
3  12 13 14
3  15 16 17
3  18 19 20
3  21 22 13
3  23 24 25
3  26 27 28
3  29 30 31
3  30 32 33
3  22 21 10
3  34 35 36
3  34 37 38
3  39 40 19
3  41 42 18
3  43 44 45
3  44 42 45
3  18 42 19
3  26 46 47
3  48 49 50
3  51 52 53
3  27 26 54
3  9 4 55
3  41 18 20
3  51 11 56
3  57 58 39
3  32 52 59
3  10 60 26
3  41 34 38
3  13 61 62
3  63 64 65
3  66 21 67
3  42 68 69
3  70 71 72
3  49 3 73
3  59 6 74
3  2 41 75
3  76 0 2
3  68 42 77
3  42 41 77
3  78 43 79
3  80 81 82
3  27 37 34
3  34 41 83
3  84 33 85
3  60 3 54
3  26 60 54
3  86 24 87
3  3 60 4
3  88 51 89
3  52 4 11
3  51 53 11
3  4 9 11
3  4 60 55
3  29 52 30
3  52 51 88
3  90 21 91
3  90 92 62
3  57 93 94
3  95 67 96
3  39 43 78
3  97 45 98
3  93 99 94
3  12 76 100
3  42 69 45
3  43 45 79
3  101 87 102
3  69 68 103
3  104 105 106
3  107 108 109
3  8 93 110
3  74 6 8
3  39 58 111
3  58 76 111
3  49 86 50
3  37 27 38
3  45 103 112
3  69 103 45
3  39 111 113
3  111 76 20
3  4 52 5
3  52 49 5
3  108 78 114
3  115 86 87
3  3 48 54
3  3 49 48
3  53 52 11
3  21 13 92
3  48 27 54
3  38 115 87
3  59 52 116
3  59 88 7
3  7 88 8
3  56 11 117
3  118 22 119
3  0 120 121
3  90 99 8
3  74 8 110
3  19 44 122
3  93 57 123
3  76 58 100
3  58 57 94
3  100 58 62
3  12 100 61
3  84 124 125
3  122 39 126
3  86 127 128
3  24 129 25
3  130 108 131
3  32 59 74
3  57 130 123
3  57 39 130
3  129 24 132
3  133 49 134
3  42 44 19
3  39 19 126
3  111 20 113
3  20 19 113
3  68 77 101
3  27 115 38
3  22 135 136
3  27 34 137
3  23 68 101
3  27 48 115
3  35 1 136
3  20 76 2
3  3 5 73
3  5 49 73
3  49 52 138
3  52 29 138
3  52 32 30
3  74 123 139
3  86 115 50
3  115 48 50
3  60 10 55
3  10 9 55
3  56 117 66
3  77 41 140
3  135 35 136
3  26 135 46
3  22 10 141
3  10 26 141
3  52 88 116
3  88 59 116
3  8 99 142
3  6 59 7
3  88 89 143
3  51 144 143
3  13 22 118
3  12 118 119
3  1 0 136
3  136 0 121
3  101 77 140
3  89 51 143
3  92 13 145
3  61 100 62
3  90 8 146
3  8 88 146
3  90 62 147
3  58 94 62
3  62 94 147
3  13 12 61
3  101 38 87
3  148 134 149
3  86 49 150
3  49 138 134
3  151 152 153
3  19 122 126
3  49 133 150
3  133 148 150
3  29 31 154
3  131 107 139
3  107 155 139
3  108 114 156
3  79 45 97
3  30 33 31
3  44 43 122
3  43 39 122
3  26 28 157
3  27 137 28
3  1 35 2
3  41 2 83
3  19 40 113
3  40 39 113
3  11 10 117
3  117 10 158
3  10 21 66
3  88 143 146
3  135 22 46
3  46 22 47
3  22 141 159
3  22 159 47
3  143 144 95
3  56 66 67
3  13 118 14
3  12 14 160
3  12 119 161
3  119 121 162
3  67 21 163
3  21 90 96
3  21 92 91
3  90 91 164
3  99 93 142
3  93 8 142
3  93 123 110
3  123 74 110
3  87 24 102
3  165 166 167
3  123 131 139
3  108 107 131
3  168 169 170
3  124 171 125
3  33 32 172
3  32 74 172
3  148 133 134
3  173 174 175
3  33 172 176
3  177 178 179
3  28 36 157
3  36 35 157
3  28 137 36
3  137 34 36
3  34 83 180
3  83 2 180
3  41 20 75
3  20 2 75
3  10 66 158
3  66 117 158
3  159 141 47
3  141 26 47
3  144 51 181
3  51 56 181
3  14 118 160
3  118 12 160
3  119 22 182
3  22 136 182
3  0 76 120
3  121 120 162
3  91 92 164
3  92 90 164
3  62 145 183
3  62 92 145
3  94 99 184
3  99 90 184
3  144 181 95
3  181 56 95
3  41 38 140
3  38 101 140
3  108 130 78
3  130 39 78
3  114 79 156
3  185 186 187
3  188 189 190
3  191 188 192
3  155 74 139
3  123 130 131
3  172 155 193
3  172 74 155
3  194 195 196
3  197 198 199
3  138 200 201
3  202 203 204
3  205 206 207
3  98 112 208
3  23 25 209
3  23 210 211
3  24 86 212
3  148 213 214
3  215 216 217
3  218 219 220
3  24 23 102
3  23 101 102
3  35 135 157
3  135 26 157
3  2 35 180
3  35 34 180
3  119 182 121
3  182 136 121
3  120 76 162
3  76 12 162
3  145 13 183
3  13 62 183
3  94 184 147
3  184 90 147
3  90 146 96
3  95 56 67
3  146 143 96
3  143 95 221
3  222 223 224
3  225 107 109
3  107 225 226
3  227 228 229
3  29 154 230
3  231 232 233
3  234 229 235
3  31 33 195
3  24 236 237
3  134 138 201
3  225 109 238
3  172 193 239
3  151 240 241
3  242 243 244
3  245 246 247
3  25 129 209
3  86 15 212
3  24 212 236
3  248 249 250
3  150 251 252
3  253 254 255
3  15 86 128
3  16 256 17
3  86 150 127
3  119 162 161
3  162 12 161
3  78 79 114
3  45 112 98
3  108 156 257
3  79 97 156
3  33 84 258
3  31 195 259
3  236 260 261
3  262 202 204
3  33 176 228
3  263 264 265
3  239 193 266
3  172 267 268
3  132 24 237
3  269 270 271
3  272 68 273
3  274 275 153
3  276 277 244
3  128 278 279
3  154 194 280
3  129 132 237
3  281 242 282
3  213 148 149
3  95 96 221
3  96 143 221
3  21 96 163
3  96 67 163
3  283 33 284
3  285 286 287
3  288 289 290
3  291 71 292
3  108 64 63
3  293 294 295
3  296 297 298
3  108 299 300
3  80 82 301
3  302 303 304
3  281 305 306
3  307 308 309
3  33 81 80
3  310 311 250
3  29 312 313
3  312 314 313
3  315 316 80
3  317 318 319
3  33 228 85
3  84 85 124
3  172 239 320
3  172 321 322
3  193 155 266
3  323 324 325
3  326 327 328
3  228 176 229
3  306 305 329
3  128 256 330
3  15 128 330
3  127 331 332
3  333 334 335
3  218 336 337
3  236 212 260
3  212 15 260
3  134 201 338
3  201 339 340
3  341 270 342
3  112 103 71
3  343 344 345
3  64 108 346
3  347 348 349
3  108 350 351
3  225 238 352
3  353 354 355
3  356 357 342
3  219 358 359
3  360 284 361
3  171 362 363
3  272 274 153
3  364 365 366
3  367 368 369
3  370 371 372
3  373 374 375
3  376 377 290
3  84 378 258
3  33 283 379
3  29 380 381
3  381 382 383
3  384 385 386
3  387 388 389
3  242 390 282
3  391 214 387
3  280 196 392
3  154 31 194
3  393 195 316
3  195 33 316
3  172 394 395
3  396 397 398
3  399 394 400
3  401 402 403
3  404 405 406
3  407 408 409
3  156 97 246
3  343 410 411
3  107 412 413
3  288 414 289
3  81 283 415
3  284 258 361
3  416 332 417
3  418 419 420
3  421 127 422
3  423 424 425
3  281 306 426
3  261 427 428
3  256 16 429
3  16 15 429
3  23 430 431
3  430 209 431
3  432 329 433
3  434 435 436
3  129 237 390
3  237 236 390
3  437 438 439
3  440 438 441
3  442 443 444
3  103 68 341
3  108 257 445
3  446 447 448
3  449 238 450
3  238 109 450
3  451 414 288
3  452 453 454
3  108 455 350
3  108 63 456
3  208 112 308
3  151 457 458
3  243 306 432
3  450 459 460
3  241 240 461
3  275 151 153
3  23 462 463
3  106 435 464
3  462 211 435
3  104 465 287
3  243 466 244
3  306 243 426
3  283 81 379
3  81 33 467
3  29 468 469
3  470 471 472
3  473 474 475
3  280 392 476
3  29 477 478
3  478 479 480
3  481 482 483
3  382 314 384
3  29 471 470
3  227 234 484
3  231 476 485
3  334 390 439
3  31 259 486
3  259 195 486
3  304 315 487
3  80 316 488
3  172 489 490
3  491 492 493
3  494 495 496
3  490 489 497
3  498 321 499
3  500 501 502
3  107 503 504
3  503 505 506
3  507 508 509
3  510 511 512
3  172 501 500
3  513 263 514
3  515 155 516
3  517 191 518
3  124 362 171
3  229 263 235
3  331 127 519
3  520 521 522
3  127 416 278
3  332 331 523
3  422 524 525
3  526 527 528
3  529 530 531
3  532 533 534
3  256 429 330
3  429 15 330
3  276 431 277
3  430 23 209
3  535 436 370
3  23 431 536
3  277 242 244
3  23 211 537
3  129 390 277
3  390 242 277
3  15 538 427
3  15 539 540
3  539 17 541
3  539 541 428
3  542 151 543
3  544 511 545
3  97 98 546
3  103 356 70
3  287 286 372
3  346 108 547
3  108 293 548
3  549 550 551
3  552 503 506
3  225 553 226
3  238 554 352
3  238 449 554
3  545 453 555
3  449 450 460
3  351 350 556
3  557 558 559
3  156 246 560
3  561 562 563
3  270 341 271
3  112 564 565
3  566 567 318
3  568 156 560
3  68 152 241
3  152 151 241
3  435 105 436
3  535 68 569
3  152 68 570
3  272 571 572
3  573 68 574
3  535 575 576
3  569 68 577
3  462 434 463
3  243 242 426
3  242 281 426
3  211 210 435
3  434 462 435
3  329 305 578
3  317 367 566
3  361 378 579
3  284 33 258
3  81 467 379
3  467 33 379
3  248 393 580
3  471 29 230
3  233 232 472
3  581 582 583
3  584 314 585
3  586 174 587
3  588 589 590
3  280 194 196
3  380 382 381
3  385 591 386
3  592 593 594
3  595 596 482
3  597 598 599
3  600 601 602
3  603 604 605
3  174 586 606
3  607 608 609
3  610 216 611
3  612 613 611
3  614 615 443
3  616 608 607
3  617 423 425
3  279 256 618
3  127 619 524
3  620 607 621
3  421 622 623
3  195 194 486
3  194 31 486
3  33 624 488
3  624 33 80
3  624 80 488
3  316 33 625
3  227 229 234
3  626 627 353
3  172 628 265
3  628 263 265
3  629 630 626
3  489 172 395
3  263 628 514
3  354 631 632
3  513 633 634
3  501 172 320
3  107 510 505
3  512 635 636
3  637 638 396
3  155 639 516
3  322 321 498
3  394 640 641
3  642 499 643
3  644 645 646
3  647 648 649
3  650 407 651
3  652 653 654
3  188 191 655
3  656 657 658
3  659 660 661
3  662 663 664
3  396 665 666
3  189 667 668
3  650 669 670
3  85 228 124
3  228 227 124
3  417 332 523
3  416 127 332
3  279 278 671
3  128 127 278
3  529 672 673
3  672 674 673
3  422 127 524
3  127 150 619
3  214 675 387
3  676 677 678
3  679 680 681
3  682 683 684
3  431 210 536
3  210 23 536
3  435 210 685
3  244 435 685
3  211 462 537
3  462 23 537
3  261 437 439
3  390 236 261
3  431 209 277
3  209 129 277
3  438 437 441
3  539 15 17
3  539 538 540
3  538 15 540
3  437 261 428
3  620 686 687
3  269 688 689
3  689 68 690
3  97 691 692
3  556 350 693
3  349 615 694
3  695 108 696
3  108 697 294
3  698 699 700
3  108 548 701
3  548 450 701
3  702 703 704
3  511 226 705
3  706 707 708
3  709 504 710
3  711 186 712
3  713 554 714
3  715 341 342
3  112 565 308
3  564 716 309
3  716 717 291
3  368 465 369
3  287 368 718
3  368 719 718
3  368 367 719
3  240 68 461
3  68 241 461
3  274 720 275
3  151 275 457
3  152 571 153
3  571 272 153
3  68 571 570
3  571 152 570
3  571 68 572
3  68 272 572
3  575 274 573
3  68 573 273
3  575 68 576
3  68 535 576
3  434 68 463
3  68 23 463
3  306 329 432
3  436 105 104
3  371 287 372
3  720 274 370
3  432 721 722
3  433 329 566
3  64 346 65
3  257 156 723
3  347 349 694
3  715 103 724
3  457 275 725
3  151 458 543
3  725 720 726
3  285 727 725
3  367 721 566
3  216 610 728
3  363 729 730
3  303 315 304
3  731 732 733
3  491 734 735
3  714 736 711
3  450 548 459
3  65 346 547
3  737 738 739
3  29 169 740
3  169 29 469
3  740 169 168
3  169 469 583
3  471 233 472
3  230 154 741
3  742 743 744
3  384 314 385
3  582 598 745
3  469 468 583
3  314 380 313
3  380 29 313
3  380 314 382
3  746 747 748
3  29 592 749
3  749 592 594
3  477 479 478
3  381 383 750
3  751 752 753
3  749 594 754
3  419 755 756
3  757 758 759
3  340 339 604
3  760 761 762
3  317 566 318
3  763 764 765
3  248 580 766
3  767 610 611
3  316 303 768
3  316 315 303
3  769 217 770
3  771 772 773
3  390 261 439
3  774 617 775
3  538 539 428
3  427 538 428
3  440 256 776
3  541 17 777
3  416 417 671
3  778 779 780
3  781 782 783
3  218 784 785
3  786 787 788
3  789 790 791
3  337 792 793
3  417 523 205
3  334 439 335
3  794 775 795
3  333 686 620
3  334 333 796
3  316 625 488
3  625 33 488
3  263 229 264
3  264 229 797
3  550 65 551
3  315 80 301
3  628 268 514
3  628 172 268
3  229 176 265
3  176 172 265
3  489 395 798
3  799 401 800
3  798 801 802
3  267 172 490
3  410 803 804
3  374 414 375
3  511 510 226
3  510 107 226
3  505 510 512
3  503 107 505
3  805 806 807
3  808 809 810
3  640 799 641
3  394 172 640
3  659 811 812
3  662 500 663
3  813 799 800
3  799 813 641
3  662 321 500
3  321 172 500
3  508 650 651
3  707 814 708
3  815 816 518
3  518 192 645
3  518 191 192
3  667 189 377
3  651 407 409
3  817 642 818
3  664 663 819
3  820 659 821
3  515 822 823
3  239 266 824
3  413 412 825
3  397 806 805
3  451 517 732
3  492 826 493
3  667 376 495
3  234 235 827
3  630 629 828
3  258 378 361
3  148 214 391
3  675 149 829
3  199 198 830
3  831 832 833
3  524 619 834
3  166 528 197
3  213 149 675
3  214 213 675
3  752 173 175
3  597 419 756
3  175 606 835
3  836 837 838
3  831 839 840
3  841 842 843
3  105 435 106
3  276 244 685
3  261 260 427
3  15 427 844
3  308 565 309
3  565 564 309
3  341 68 271
3  269 845 846
3  689 847 848
3  688 68 689
3  692 691 849
3  97 850 851
3  97 852 853
3  853 852 854
3  319 855 856
3  446 108 445
3  548 293 327
3  697 108 300
3  456 63 857
3  484 858 729
3  450 109 701
3  109 108 701
3  713 454 859
3  553 225 352
3  454 453 859
3  553 860 545
3  552 506 861
3  862 863 861
3  864 862 865
3  866 702 704
3  453 860 859
3  860 553 859
3  543 727 342
3  725 727 543
3  447 445 867
3  98 208 546
3  868 65 869
3  870 871 872
3  573 274 273
3  274 272 273
3  68 575 574
3  575 573 574
3  106 466 873
3  347 287 718
3  721 465 722
3  466 243 432
3  434 436 569
3  436 535 569
3  274 575 370
3  575 535 370
3  465 721 369
3  721 367 369
3  695 179 874
3  875 876 877
3  367 878 879
3  307 309 880
3  370 436 371
3  881 692 854
3  882 883 884
3  371 104 287
3  275 720 725
3  720 286 726
3  614 727 885
3  615 614 694
3  886 558 887
3  348 719 888
3  415 283 360
3  283 284 360
3  451 731 889
3  890 627 828
3  891 650 892
3  186 893 187
3  452 454 894
3  647 185 187
3  553 352 859
3  554 449 714
3  63 65 550
3  299 108 351
3  350 455 895
3  455 108 456
3  307 880 896
3  897 898 899
3  900 312 740
3  312 29 740
3  393 316 768
3  741 154 280
3  471 230 233
3  392 196 901
3  902 903 904
3  336 905 795
3  612 902 766
3  580 906 766
3  907 468 470
3  468 29 470
3  230 741 233
3  741 231 233
3  581 907 908
3  582 581 598
3  420 909 910
3  582 168 170
3  594 593 911
3  477 29 381
3  481 912 480
3  592 29 478
3  200 138 749
3  138 29 749
3  479 477 595
3  596 595 750
3  913 914 915
3  913 911 753
3  912 593 480
3  173 752 916
3  917 918 919
3  593 912 911
3  920 915 921
3  835 606 922
3  598 597 756
3  591 385 923
3  755 591 923
3  382 384 383
3  924 604 761
3  605 604 925
3  329 743 567
3  743 329 578
3  926 744 927
3  567 743 318
3  769 215 217
3  318 763 855
3  613 767 611
3  906 612 766
3  613 303 302
3  234 858 484
3  613 610 767
3  216 215 611
3  875 728 928
3  613 302 304
3  282 390 929
3  390 334 929
3  775 930 795
3  931 423 932
3  428 541 440
3  440 541 777
3  526 252 527
3  622 421 422
3  682 622 683
3  933 934 935
3  778 127 936
3  127 421 936
3  936 421 937
3  523 331 519
3  680 683 938
3  527 939 528
3  218 337 793
3  940 941 942
3  424 423 931
3  943 944 945
3  278 416 671
3  946 256 947
3  520 943 948
3  519 778 780
3  949 950 951
3  952 953 954
3  333 620 621
3  955 950 956
3  438 686 333
3  616 607 620
3  440 423 957
3  423 617 957
3  363 484 729
3  363 362 484
3  229 265 797
3  265 264 797
3  395 399 958
3  496 411 959
3  813 800 400
3  395 394 399
3  960 961 634
3  803 410 632
3  499 662 664
3  962 800 963
3  354 627 964
3  828 965 324
3  268 267 634
3  513 354 964
3  511 544 512
3  544 866 966
3  967 155 413
3  155 107 413
3  822 968 969
3  639 970 810
3  799 640 322
3  640 172 322
3  402 799 498
3  799 322 498
3  401 971 800
3  799 402 401
3  399 962 972
3  394 641 400
3  800 971 963
3  798 395 958
3  518 816 707
3  706 517 518
3  451 288 973
3  189 188 377
3  189 668 974
3  192 188 190
3  658 975 976
3  495 977 496
3  642 403 978
3  321 662 499
3  638 637 979
3  980 981 982
3  811 974 983
3  664 819 820
3  980 824 984
3  822 984 985
3  816 815 986
3  638 665 396
3  987 988 989
3  397 396 666
3  629 626 990
3  374 373 990
3  414 374 289
3  343 411 344
3  171 378 125
3  378 84 125
3  568 560 245
3  415 991 992
3  202 993 388
3  994 148 391
3  148 994 674
3  995 673 996
3  997 998 999
3  1000 676 1001
3  1002 834 1003
3  150 252 933
3  675 202 1004
3  783 677 1005
3  993 262 787
3  789 1006 1007
3  944 943 1008
3  1009 684 1010
3  1011 1012 1013
3  783 782 1014
3  918 917 1015
3  591 755 418
3  1016 1017 788
3  1018 530 1019
3  174 1020 587
3  918 1021 1022
3  435 244 464
3  104 106 873
3  210 431 685
3  431 276 685
3  844 427 1023
3  427 260 1023
3  869 1024 874
3  307 1025 1026
3  68 688 269
3  847 68 848
3  68 240 848
3  689 848 542
3  240 151 848
3  848 151 542
3  269 689 542
3  850 97 546
3  850 691 851
3  691 97 851
3  854 692 1027
3  852 97 881
3  436 104 371
3  246 97 853
3  300 299 556
3  299 351 556
3  512 544 966
3  545 511 705
3  107 709 1028
3  709 404 1029
3  1030 1031 1032
3  412 1028 1033
3  507 816 1034
3  866 544 1035
3  1028 1029 1033
3  1030 1036 1037
3  860 453 545
3  544 545 1035
3  352 554 859
3  554 713 859
3  347 285 287
3  465 368 287
3  721 433 566
3  721 432 433
3  465 466 722
3  466 432 722
3  68 434 577
3  434 569 577
3  70 356 342
3  880 309 444
3  71 103 72
3  103 70 72
3  356 103 357
3  103 715 357
3  103 341 724
3  341 715 724
3  286 285 726
3  285 725 726
3  727 285 885
3  285 614 885
3  349 888 1038
3  348 888 1039
3  361 579 1040
3  1040 579 1041
3  1042 731 733
3  731 451 732
3  414 889 375
3  414 451 889
3  732 517 733
3  647 452 894
3  736 1043 1044
3  1045 826 364
3  714 711 712
3  733 1046 187
3  1045 364 1047
3  736 186 711
3  350 895 693
3  882 1048 886
3  447 867 448
3  727 614 442
3  547 1049 869
3  1049 108 1024
3  108 446 696
3  723 1050 867
3  156 1050 723
3  246 853 247
3  1050 156 1051
3  156 568 1051
3  195 393 196
3  358 588 359
3  476 392 475
3  1052 588 1053
3  907 1054 1055
3  1056 1052 485
3  1057 997 1058
3  1059 832 1060
3  580 303 906
3  473 1061 474
3  1056 476 475
3  474 1056 475
3  470 472 1054
3  1062 908 1063
3  1064 759 1065
3  1055 232 1066
3  1054 472 1055
3  1062 581 908
3  314 1067 585
3  900 740 168
3  468 907 583
3  907 581 583
3  593 592 1068
3  592 478 1068
3  479 481 480
3  912 751 911
3  913 200 1069
3  200 749 1069
3  481 479 482
3  479 595 482
3  747 596 748
3  482 596 747
3  746 1070 1071
3  1072 1070 1073
3  752 751 483
3  911 751 753
3  760 924 761
3  1074 1075 1076
3  843 1077 1078
3  604 924 925
3  1079 1075 922
3  914 1080 915
3  312 900 1067
3  755 584 585
3  383 384 1081
3  1081 596 750
3  385 314 923
3  1081 384 748
3  340 604 603
3  1082 223 1083
3  329 567 566
3  742 215 764
3  250 249 904
3  743 607 1084
3  319 318 1085
3  763 318 764
3  611 215 926
3  902 612 611
3  627 630 828
3  375 889 1086
3  81 415 82
3  1087 1088 1089
3  610 613 1090
3  613 304 1090
3  282 929 796
3  929 334 796
3  439 438 335
3  438 333 335
3  941 945 942
3  931 254 792
3  256 946 1091
3  256 279 947
3  437 428 441
3  428 440 441
3  17 256 777
3  256 440 777
3  526 528 934
3  1002 534 1092
3  680 938 681
3  684 683 680
3  534 622 1092
3  1002 1092 525
3  337 336 1093
3  931 337 1093
3  946 947 1094
3  254 932 255
3  941 940 792
3  997 1057 1095
3  947 671 1096
3  255 947 1096
3  256 128 618
3  128 279 618
3  253 255 1096
3  947 279 671
3  127 778 519
3  682 684 1097
3  521 948 1098
3  622 1097 1099
3  943 206 948
3  1010 684 679
3  220 219 359
3  590 1100 1053
3  950 949 903
3  310 250 904
3  616 620 794
3  578 305 1101
3  1102 774 775
3  617 930 775
3  424 930 425
3  930 617 425
3  686 438 774
3  438 440 1103
3  267 490 960
3  490 497 960
3  633 268 634
3  494 496 1104
3  376 667 377
3  411 376 344
3  858 1105 324
3  827 235 1106
3  1107 629 1108
3  858 234 1105
3  513 827 1106
3  627 890 827
3  268 633 514
3  633 513 514
3  505 1109 1110
3  512 636 1109
3  155 967 970
3  806 1111 807
3  515 516 1112
3  969 968 1113
3  494 656 658
3  641 813 400
3  814 703 708
3  706 518 707
3  191 517 973
3  517 451 973
3  644 815 645
3  815 518 645
3  803 961 1114
3  1115 658 976
3  376 977 495
3  802 801 1104
3  403 402 978
3  402 498 499
3  320 239 1116
3  501 320 1117
3  668 1115 1118
3  657 963 658
3  642 971 403
3  971 401 403
3  266 155 823
3  155 515 823
3  981 637 1119
3  822 969 984
3  239 824 1116
3  824 980 1116
3  811 646 974
3  975 963 817
3  644 646 1120
3  642 821 818
3  516 639 1112
3  809 968 1112
3  1121 984 979
3  266 823 985
3  988 650 670
3  986 644 670
3  815 644 986
3  669 986 670
3  1122 665 1113
3  637 1121 979
3  630 627 626
3  373 629 990
3  373 375 1086
3  1123 1045 1124
3  191 973 655
3  973 288 655
3  343 345 355
3  990 626 353
3  304 487 1125
3  1126 1127 1128
3  378 171 579
3  991 1129 992
3  362 124 484
3  124 227 484
3  561 1130 1131
3  1132 1133 1134
3  994 1135 995
3  993 1136 1137
3  527 251 939
3  251 150 672
3  834 1002 525
3  524 834 525
3  252 251 527
3  1138 1137 1019
3  532 1003 165
3  528 166 934
3  1139 198 1140
3  1141 1138 1142
3  993 202 262
3  202 675 829
3  391 387 389
3  202 388 1004
3  1143 1144 1145
3  836 134 837
3  223 1082 1146
3  837 338 838
3  953 944 1008
3  523 519 780
3  1147 1148 1149
3  952 1150 1151
3  1152 198 197
3  1153 1154 1155
3  1058 841 843
3  1156 1157 1058
3  1158 952 1159
3  1000 1160 1161
3  597 757 1162
3  418 755 419
3  998 783 1014
3  786 1154 1153
3  1163 925 1164
3  149 134 1143
3  1165 600 917
3  757 1147 1166
3  1057 1157 1167
3  1071 1070 1072
3  244 466 464
3  466 106 464
3  466 465 873
3  465 104 873
3  260 15 1023
3  15 844 1023
3  845 68 846
3  68 269 846
3  68 847 690
3  847 689 690
3  1044 1043 326
3  294 699 295
3  453 452 702
3  703 702 649
3  866 635 966
3  635 512 966
3  504 1168 710
3  709 107 504
3  1111 1169 1170
3  412 107 1028
3  507 1032 1171
3  648 706 708
3  816 986 1034
3  986 669 508
3  1122 653 652
3  1172 1173 1033
3  552 1174 1168
3  1168 1174 1175
3  506 635 861
3  1176 1031 865
3  226 553 705
3  553 545 705
3  68 845 271
3  845 269 271
3  270 542 1177
3  269 542 1178
3  458 457 543
3  457 725 543
3  564 112 716
3  112 717 716
3  717 112 291
3  112 71 291
3  286 720 372
3  720 370 372
3  719 367 888
3  317 319 878
3  1042 733 187
3  733 517 1046
3  365 826 1179
3  826 1045 493
3  187 1046 1180
3  1181 893 1182
3  893 1042 187
3  647 187 1180
3  454 713 894
3  713 714 712
3  699 1183 328
3  895 1184 1185
3  560 246 245
3  292 71 1186
3  108 1049 547
3  1049 1024 869
3  696 446 448
3  1024 108 1187
3  196 393 901
3  903 949 904
3  231 741 476
3  741 280 476
3  303 580 768
3  580 393 768
3  303 613 906
3  613 612 906
3  474 1061 1188
3  392 901 1189
3  955 310 904
3  1190 1061 955
3  472 232 1055
3  907 470 1054
3  581 1062 758
3  1064 757 759
3  908 1055 1066
3  908 907 1055
3  169 583 1191
3  583 582 170
3  593 1068 480
3  1068 478 480
3  483 482 1192
3  746 483 1192
3  911 913 754
3  594 911 754
3  1070 1165 917
3  1070 746 1165
3  914 1193 835
3  746 1071 1194
3  752 175 835
3  914 913 1193
3  761 339 762
3  1080 1074 915
3  604 339 761
3  915 1074 1195
3  756 755 585
3  598 756 585
3  1067 900 585
3  314 312 1067
3  596 1081 748
3  383 1081 750
3  314 584 923
3  584 755 923
3  338 201 1196
3  201 340 1196
3  318 743 764
3  743 742 764
3  902 611 1197
3  215 742 744
3  1197 926 927
3  608 616 1198
3  216 728 217
3  217 728 1199
3  764 215 765
3  215 769 765
3  493 1045 1123
3  1200 1201 1202
3  443 615 880
3  247 853 854
3  360 361 1040
3  1041 1203 1204
3  305 281 796
3  281 282 796
3  206 205 948
3  779 1097 1205
3  946 423 1091
3  423 440 776
3  683 622 1206
3  622 534 1206
3  930 1093 795
3  336 218 220
3  1093 336 795
3  359 1190 1207
3  254 941 792
3  254 253 941
3  218 793 784
3  337 931 792
3  423 946 1094
3  254 931 932
3  930 424 1093
3  424 931 1093
3  947 255 1094
3  671 417 1096
3  521 520 948
3  253 1096 207
3  417 205 1096
3  1096 205 207
3  779 778 937
3  778 936 937
3  1097 779 1099
3  622 682 1097
3  473 311 1061
3  588 590 1053
3  1148 1064 1208
3  1052 474 1188
3  1209 1210 1211
3  1063 1100 1065
3  607 578 1101
3  607 743 578
3  950 794 795
3  686 774 687
3  438 1103 774
3  617 774 1212
3  1102 775 794
3  620 687 794
3  774 1103 1212
3  1103 440 1212
3  497 489 1213
3  489 798 1213
3  267 960 634
3  960 497 961
3  657 656 972
3  963 975 658
3  1104 496 959
3  977 411 496
3  634 961 632
3  354 513 631
3  977 376 411
3  344 376 290
3  188 655 377
3  289 344 290
3  890 1105 827
3  1105 234 827
3  235 263 1106
3  263 513 1106
3  636 635 506
3  862 861 1176
3  1109 636 1110
3  505 512 1109
3  665 1214 666
3  665 1122 1214
3  653 808 1215
3  808 970 1215
3  823 822 985
3  981 984 1121
3  808 653 809
3  653 1122 809
3  656 801 972
3  801 399 972
3  399 801 958
3  801 798 958
3  800 962 400
3  962 399 400
3  657 972 963
3  972 962 963
3  320 1116 1117
3  499 664 643
3  643 664 820
3  663 500 502
3  402 499 978
3  499 642 978
3  987 661 1216
3  1217 396 398
3  1117 982 1218
3  1116 980 982
3  637 660 1119
3  660 637 1217
3  667 495 668
3  495 1115 668
3  646 645 190
3  645 192 190
3  987 811 1219
3  811 659 1219
3  968 822 1112
3  822 515 1112
3  969 1113 979
3  981 980 984
3  1220 1221 1222
3  508 669 650
3  811 989 1120
3  988 670 989
3  1214 806 666
3  806 397 666
3  344 289 345
3  289 374 345
3  627 354 353
3  345 990 355
3  875 739 1223
3  1224 1129 1088
3  1040 1041 1225
3  991 1040 1225
3  1129 1226 1227
3  323 858 324
3  1129 991 1228
3  363 1203 1041
3  1105 828 324
3  1105 890 828
3  1203 1229 1230
3  629 373 1086
3  1138 1141 1137
3  993 786 1136
3  530 1018 531
3  834 933 935
3  672 150 674
3  150 148 674
3  1092 622 525
3  622 422 525
3  834 619 933
3  619 150 933
3  251 672 939
3  529 939 1231
3  528 1152 197
3  834 166 1003
3  1232 1137 1153
3  994 391 1135
3  388 387 1004
3  387 675 1004
3  1141 1142 995
3  388 1141 389
3  1017 1233 791
3  1234 1235 1145
3  134 338 837
3  924 760 1236
3  1235 790 789
3  1237 1238 1146
3  925 1083 1164
3  1239 1077 1079
3  1020 1157 1156
3  586 1156 1078
3  534 533 938
3  1161 1160 1240
3  1097 684 522
3  684 1009 522
3  1241 1009 1242
3  940 1150 784
3  953 952 1151
3  945 944 942
3  1162 757 1166
3  1064 589 1208
3  677 783 678
3  781 783 1005
3  166 197 167
3  677 676 1243
3  1244 1209 1011
3  676 998 1001
3  1245 1013 1246
3  943 520 1008
3  782 1154 1014
3  1014 1154 1247
3  786 993 787
3  202 829 203
3  149 1143 1248
3  1143 134 1144
3  418 420 1021
3  1015 418 1021
3  1249 918 1060
3  918 1249 1250
3  917 600 1015
3  1157 1020 1167
3  1020 174 1251
3  1072 1020 1251
3  456 857 1184
3  693 895 1185
3  1252 364 366
3  365 1183 366
3  736 714 1043
3  1253 548 327
3  294 697 699
3  1043 460 326
3  1030 1037 864
3  866 1031 1176
3  453 702 555
3  702 866 1035
3  504 503 1254
3  503 552 1254
3  406 405 1255
3  1028 709 1029
3  702 452 649
3  452 647 649
3  707 816 814
3  816 507 814
3  1032 1256 1171
3  1256 703 1171
3  413 825 654
3  863 862 864
3  986 508 1034
3  508 507 1034
3  654 653 1215
3  652 654 1169
3  404 1168 1175
3  1174 863 405
3  863 1174 861
3  1174 552 861
3  504 1254 1168
3  1254 552 1168
3  542 270 1178
3  270 269 1178
3  542 543 1177
3  543 270 1177
3  719 348 718
3  348 347 718
3  888 349 1039
3  349 348 1039
3  1257 1038 879
3  367 317 1258
3  517 706 1046
3  706 648 1046
3  736 492 1181
3  492 491 1181
3  736 1181 1182
3  1181 491 893
3  186 185 712
3  185 647 894
3  559 1048 1259
3  698 1183 699
3  270 543 342
3  357 715 342
3  614 285 694
3  285 347 694
3  108 695 1187
3  177 179 448
3  901 393 1189
3  393 248 1189
3  904 949 951
3  249 248 766
3  311 310 1260
3  310 955 1260
3  311 1189 250
3  1189 248 250
3  905 336 1207
3  905 955 956
3  598 758 599
3  598 581 758
3  476 1056 485
3  485 1052 1053
3  583 170 1191
3  170 169 1191
3  751 912 483
3  912 481 483
3  600 1165 601
3  1165 746 601
3  913 1069 754
3  1069 749 754
3  752 1193 753
3  1193 913 753
3  1070 917 1073
3  173 916 1194
3  174 606 175
3  1193 752 835
3  752 483 916
3  1071 173 1194
3  1074 760 1195
3  913 915 920
3  339 201 762
3  762 201 1261
3  900 168 585
3  598 585 745
3  595 477 750
3  477 381 750
3  591 600 602
3  601 746 748
3  605 1163 1262
3  1196 340 603
3  608 744 609
3  607 609 1084
3  215 744 926
3  611 926 1197
3  1198 903 1263
3  1198 950 903
3  178 868 869
3  1264 1265 1266
3  1267 1252 884
3  883 1268 1267
3  1108 1269 1270
3  1270 1271 1272
3  1050 1051 245
3  1051 568 245
3  82 487 301
3  487 315 301
3  487 82 1273
3  82 415 1274
3  520 522 1275
3  522 1009 1275
3  423 776 1091
3  776 256 1091
3  206 945 207
3  206 943 945
3  255 932 1094
3  932 423 1094
3  523 780 1098
3  780 779 1098
3  945 941 207
3  941 253 207
3  622 937 623
3  937 421 623
3  779 937 1099
3  937 622 1099
3  1098 779 1205
3  1097 522 1205
3  1052 1056 474
3  475 392 1276
3  588 1052 1188
3  1061 1190 359
3  588 358 589
3  954 953 1210
3  1100 590 1277
3  590 589 1277
3  1148 1147 1278
3  1147 757 1278
3  758 1062 759
3  1100 1277 1065
3  305 796 1101
3  607 1101 621
3  774 1102 687
3  687 1102 794
3  950 1198 794
3  1198 616 794
3  617 1212 957
3  1212 440 957
3  497 1213 1114
3  1213 798 802
3  961 803 632
3  410 343 1279
3  1104 410 804
3  961 497 1114
3  631 634 632
3  631 513 634
3  377 655 290
3  655 288 290
3  627 827 964
3  827 513 964
3  636 506 1110
3  506 505 1110
3  970 808 810
3  639 155 970
3  968 809 1113
3  809 1122 1113
3  963 971 817
3  971 642 817
3  1115 495 658
3  495 494 658
3  819 1280 1281
3  819 1281 820
3  637 396 1217
3  397 891 892
3  650 988 892
3  988 987 892
3  819 663 1218
3  1117 1116 982
3  1280 660 1281
3  1281 660 1282
3  660 1280 1119
3  1280 981 1119
3  975 817 976
3  983 974 1118
3  646 190 974
3  190 189 974
3  660 1217 661
3  398 987 1216
3  809 1112 810
3  1112 639 810
3  984 824 985
3  824 266 985
3  984 969 979
3  637 981 1121
3  650 891 407
3  891 397 407
3  646 811 1120
3  811 987 989
3  374 990 345
3  990 353 355
3  354 1279 355
3  1279 343 355
3  304 1125 737
3  1125 738 737
3  561 563 1130
3  1127 1126 1089
3  360 1040 1283
3  1040 991 1283
3  1229 1203 730
3  1203 363 730
3  579 171 1041
3  171 363 1041
3  1229 730 323
3  1200 325 1201
3  1137 1232 1019
3  782 781 1155
3  1136 786 1153
3  1137 1136 1153
3  1232 1018 1019
3  1135 1141 995
3  1232 1284 1018
3  1152 939 1140
3  1142 530 673
3  530 529 673
3  933 252 934
3  252 526 934
3  528 939 1152
3  939 529 531
3  939 672 1231
3  672 529 1231
3  532 534 1003
3  534 1002 1003
3  531 1018 1139
3  198 1152 1140
3  684 680 679
3  1003 166 165
3  1141 1135 389
3  1135 391 389
3  1141 388 1137
3  388 993 1137
3  134 836 1144
3  1248 1143 1145
3  338 1196 1285
3  790 1235 838
3  787 1016 788
3  1233 262 204
3  925 924 1236
3  1074 1080 1075
3  1079 1077 1146
3  606 586 1239
3  1156 1058 843
3  1156 843 1078
3  1011 1209 1211
3  953 1008 1286
3  683 1206 938
3  1206 534 938
3  793 792 784
3  792 940 784
3  1208 589 1287
3  589 358 1158
3  944 1150 942
3  1150 940 942
3  1008 520 1286
3  1288 1241 1211
3  1150 944 1151
3  944 953 1151
3  1059 1289 1011
3  1290 1244 1289
3  783 998 678
3  998 676 678
3  677 1284 1005
3  1284 781 1005
3  1240 831 1013
3  677 1243 199
3  998 1014 841
3  1014 842 841
3  1157 1057 1058
3  839 1095 1291
3  198 1284 830
3  681 533 1292
3  1275 1009 1288
3  1009 1241 1288
3  262 1016 787
3  1247 788 1293
3  1006 203 1007
3  1248 1145 1007
3  203 829 1248
3  829 149 1248
3  420 419 909
3  419 597 909
3  600 591 1294
3  591 418 1294
3  1250 1249 832
3  1295 919 1296
3  918 1250 919
3  1295 1296 840
3  1295 1297 1298
3  1297 917 1298
3  857 550 549
3  857 63 550
3  1299 886 887
3  558 1048 559
3  556 693 1185
3  700 556 1259
3  895 455 1184
3  455 456 1184
3  826 365 364
3  1183 698 366
3  826 492 1179
3  699 328 1300
3  1043 714 460
3  714 449 460
3  699 697 700
3  293 108 294
3  1032 1031 1256
3  1031 866 1256
3  861 635 1176
3  635 866 1176
3  702 1035 555
3  1035 545 555
3  703 649 708
3  649 648 708
3  1036 1030 509
3  508 1036 509
3  806 1214 1111
3  1214 1122 1111
3  825 1301 1169
3  862 1176 865
3  413 654 1215
3  825 412 1301
3  1173 1172 406
3  1029 1172 1033
3  1174 405 1175
3  405 404 1175
3  1168 404 710
3  404 709 710
3  763 765 855
3  770 217 1199
3  1302 563 1303
3  876 1304 1305
3  367 1258 878
3  1258 317 878
3  893 186 1182
3  186 736 1182
3  1046 648 1180
3  648 647 1180
3  185 894 712
3  894 713 712
3  1252 366 1306
3  366 698 1306
3  208 308 307
3  546 208 307
3  727 442 444
3  442 614 443
3  392 1189 1276
3  311 473 475
3  955 1061 1260
3  1061 311 1260
3  249 766 904
3  766 902 904
3  220 359 1207
3  336 220 1207
3  758 757 599
3  757 597 599
3  908 1066 1063
3  1066 1100 1063
3  1066 232 485
3  232 231 485
3  1100 1066 1053
3  1066 485 1053
3  482 747 1192
3  747 746 1192
3  1075 1080 1307
3  606 1239 922
3  916 483 1194
3  483 746 1194
3  921 915 1195
3  200 913 920
3  921 1195 1261
3  200 920 921
3  585 168 745
3  168 582 745
3  591 748 386
3  748 384 386
3  601 748 602
3  748 591 602
3  838 338 1285
3  605 925 1163
3  609 744 1084
3  744 743 1084
3  608 1263 927
3  608 1198 1263
3  903 902 1263
3  744 608 927
3  1123 1124 1308
3  734 491 493
3  549 551 1309
3  1267 1268 1047
3  1268 883 561
3  562 1310 563
3  1047 1268 1124
3  883 1267 884
3  1226 1127 1089
3  734 493 1123
3  731 1042 1311
3  893 491 735
3  342 727 444
3  850 546 307
3  1312 1313 868
3  880 615 896
3  446 445 447
3  1312 1314 1315
3  1129 1274 992
3  1274 415 992
3  1098 948 1316
3  948 205 1316
3  1061 359 1188
3  359 588 1188
3  358 219 1158
3  219 218 1158
3  589 1159 1287
3  954 1317 1287
3  589 1064 1277
3  1277 1064 1065
3  1149 1317 1318
3  1148 1317 1149
3  757 1064 1278
3  1064 1148 1278
3  759 1062 1065
3  1062 1063 1065
3  1101 796 621
3  796 333 621
3  801 656 1104
3  656 494 1104
3  1213 802 1114
3  802 1104 1114
3  411 410 959
3  410 1104 959
3  410 1279 632
3  1279 354 632
3  1113 665 979
3  665 638 979
3  397 892 398
3  892 987 398
3  982 1280 1218
3  502 501 1117
3  820 1281 1282
3  1319 817 818
3  976 817 1319
3  821 659 818
3  974 668 1118
3  976 1319 983
3  659 661 1219
3  661 987 1219
3  661 1217 1216
3  1217 398 1216
3  408 407 805
3  407 397 805
3  989 670 1120
3  670 644 1120
3  1125 487 1273
3  1274 1129 1224
3  728 610 928
3  610 1090 928
3  1225 1041 1204
3  1087 870 1320
3  1045 1047 1124
3  735 734 1271
3  991 415 1283
3  415 360 1283
3  730 729 323
3  729 858 323
3  1321 1322 1204
3  991 1225 1322
3  965 828 1107
3  828 629 1107
3  781 1284 1155
3  1154 782 1155
3  1142 673 995
3  673 674 996
3  530 1142 1019
3  1142 1138 1019
3  674 994 996
3  994 995 996
3  934 166 935
3  166 834 935
3  1018 1284 1139
3  1284 198 1139
3  1323 1324 1325
3  1324 533 1326
3  197 199 1325
3  199 1243 1325
3  836 838 1234
3  838 1235 1234
3  222 1017 791
3  203 1248 1007
3  1082 1079 1146
3  790 222 791
3  1237 843 1293
3  1238 223 1146
3  788 1017 1327
3  842 1014 1247
3  1075 1082 1076
3  1076 1082 1083
3  1082 1075 1079
3  1239 1079 922
3  1020 1156 587
3  1156 586 587
3  681 1245 1246
3  938 533 681
3  1150 952 784
3  1158 218 785
3  1012 1011 1211
3  1012 1328 1013
3  1242 1012 1211
3  952 954 1159
3  1295 840 1291
3  832 1329 833
3  1000 997 1095
3  1243 676 1323
3  1167 1295 1291
3  1242 1328 1012
3  1058 997 999
3  842 1247 1293
3  1020 1297 1167
3  1297 1295 1167
3  676 1161 1323
3  676 1000 1161
3  1009 1010 1242
3  1010 679 1242
3  1289 1244 1011
3  953 1288 1211
3  520 1275 1288
3  1286 520 1288
3  1017 1016 1233
3  1016 262 1233
3  203 1006 204
3  1006 1233 204
3  1144 836 1145
3  836 1234 1145
3  909 1162 1166
3  909 597 1162
3  600 1294 1015
3  1294 418 1015
3  832 1249 1060
3  953 1286 1288
3  919 1250 1296
3  1296 1250 840
3  1297 1020 1072
3  174 173 1251
3  917 919 1298
3  919 1295 1298
3  1313 1330 1331
3  549 1299 1332
3  557 556 1185
3  558 557 887
3  1179 492 1044
3  492 736 1044
3  460 459 1253
3  459 548 1253
3  703 1256 704
3  1256 866 704
3  703 814 1171
3  814 507 1171
3  1030 1032 509
3  1032 507 509
3  408 1037 409
3  1036 508 651
3  1037 1036 409
3  1036 651 409
3  654 825 1169
3  1111 1122 652
3  864 1037 1221
3  408 805 807
3  1169 1173 1170
3  405 863 864
3  1221 1037 1222
3  1255 1220 1170
3  1173 1301 1033
3  1301 412 1033
3  1172 1029 406
3  1029 404 406
3  738 1333 872
3  765 769 770
3  739 875 928
3  1333 1320 872
3  1085 318 1334
3  318 855 1334
3  1335 772 877
3  855 877 856
3  738 1125 1333
3  1336 1089 1337
3  698 1048 1306
3  1048 1252 1306
3  697 300 700
3  300 556 700
3  1183 365 328
3  1179 1044 326
3  295 699 1300
3  293 295 327
3  342 292 1186
3  716 291 292
3  1189 311 1276
3  311 475 1276
3  950 955 951
3  955 904 951
3  1190 955 1207
3  955 905 1207
3  950 795 956
3  795 905 956
3  1080 914 1307
3  914 835 1307
3  1195 760 1338
3  760 762 1338
3  201 200 1261
3  200 921 1261
3  1196 603 1285
3  603 605 1285
3  222 1163 1164
3  222 790 1163
3  1263 902 927
3  902 1197 927
3  1252 1048 884
3  1048 882 884
3  1048 558 886
3  1299 562 886
3  1302 1126 1339
3  1340 1202 1341
3  364 1252 1047
3  1252 1267 1047
3  1308 1270 1272
3  731 1311 1342
3  1042 893 1343
3  893 735 1343
3  247 854 296
3  1025 615 298
3  97 692 881
3  691 850 849
3  1344 1257 879
3  563 1310 1303
3  868 1313 1331
3  1314 1132 1315
3  65 547 869
3  1312 868 178
3  445 257 867
3  257 723 867
3  522 521 1205
3  521 1098 1205
3  205 523 1316
3  523 1098 1316
3  1290 1060 910
3  1060 918 1022
3  1244 1149 1318
3  1244 1290 1149
3  803 1114 804
3  1114 1104 804
3  981 1280 982
3  1280 819 1218
3  663 502 1218
3  502 1117 1218
3  642 643 821
3  643 820 821
3  660 659 1282
3  659 820 1282
3  811 983 812
3  659 812 818
3  1115 976 1118
3  976 983 1118
3  1224 1345 1273
3  1345 1125 1273
3  1322 1225 1204
3  1346 1203 1230
3  1347 1348 1349
3  1350 1126 1128
3  965 1107 1201
3  629 1086 1108
3  1124 1268 1351
3  1352 1351 1353
3  325 965 1201
3  1202 1308 1341
3  1284 1232 1155
3  1232 1153 1155
3  939 531 1140
3  531 1139 1140
3  165 167 1325
3  167 197 1325
3  1284 677 830
3  677 199 830
3  1161 1324 1323
3  1243 1323 1325
3  533 532 1326
3  532 165 1326
3  1233 1006 791
3  1006 789 791
3  843 842 1293
3  223 1238 224
3  1154 786 1247
3  786 788 1247
3  760 1074 1236
3  1074 1076 1236
3  1328 1242 681
3  1242 679 681
3  784 952 785
3  952 1158 785
3  1159 954 1287
3  589 1158 1159
3  1209 1317 1210
3  1317 954 1210
3  1059 1060 1289
3  1060 1290 1289
3  998 997 1001
3  997 1000 1001
3  1160 831 1240
3  1161 1240 1245
3  831 1160 839
3  1160 1000 839
3  998 841 999
3  841 1058 999
3  1011 1013 1329
3  1240 1013 1245
3  1241 1242 1211
3  1210 953 1211
3  1145 1235 1007
3  1235 789 1007
3  1021 420 1022
3  918 1015 1021
3  1250 832 1354
3  832 831 1354
3  173 1071 1251
3  1071 1072 1251
3  917 1297 1073
3  1297 1072 1073
3  1310 562 1299
3  562 561 1355
3  1356 1331 1357
3  1330 1134 1358
3  1184 857 1185
3  857 549 1185
3  556 559 1259
3  556 557 559
3  326 460 327
3  460 1253 327
3  1301 1173 1169
3  807 1111 1170
3  1031 1030 865
3  1030 864 865
3  1173 406 1255
3  405 864 1221
3  770 1199 875
3  1199 728 875
3  770 875 1359
3  737 739 928
3  855 319 1334
3  319 1085 1334
3  1320 870 872
3  1088 1129 1227
3  1125 1345 1320
3  1345 1224 1320
3  365 1179 328
3  1179 326 328
3  1075 1307 922
3  1307 835 922
3  762 1261 1338
3  1261 1195 1338
3  925 1236 1083
3  1236 1076 1083
3  1163 790 1262
3  790 838 1262
3  561 883 1355
3  883 882 1355
3  1360 1133 1361
3  1230 1229 1362
3  1302 1363 1364
3  551 1356 1357
3  1321 1346 1349
3  1126 1130 1365
3  850 307 849
3  852 881 854
3  309 716 292
3  443 880 444
3  309 292 444
3  292 342 444
3  1050 245 1366
3  897 296 298
3  897 1367 1368
3  1367 771 1369
3  1344 879 1370
3  615 1038 898
3  878 319 1371
3  1304 1360 1372
3  1187 695 874
3  1024 1187 874
3  245 1373 1366
3  178 177 1374
3  1290 910 1166
3  910 909 1166
3  1317 1209 1318
3  1209 1244 1318
3  812 983 818
3  983 1319 818
3  82 1274 1273
3  1274 1224 1273
3  991 1322 1228
3  1129 1228 1226
3  1203 1346 1204
3  1346 1321 1204
3  1346 1230 1362
3  1130 1348 1131
3  324 965 325
3  1362 325 1340
3  1362 1229 325
3  1229 323 325
3  1340 1200 1202
3  1352 1362 1341
3  1324 1326 1325
3  1326 165 1325
3  1238 1017 224
3  1017 222 224
3  1077 843 1146
3  843 1237 1146
3  1017 1238 1327
3  1238 1237 1293
3  1077 1239 1078
3  1239 586 1078
3  533 1324 1292
3  681 1292 1245
3  1317 1148 1287
3  1148 1208 1287
3  840 839 1291
3  839 1000 1095
3  1250 1354 840
3  1354 831 840
3  562 1355 886
3  1355 882 886
3  557 1185 887
3  1299 887 1332
3  551 65 1356
3  65 868 1356
3  549 1309 1375
3  1309 1310 1375
3  1048 698 1259
3  698 700 1259
3  328 327 1300
3  327 295 1300
3  970 967 1215
3  967 413 1215
3  1173 1255 1170
3  1111 652 1169
3  1037 408 1222
3  408 1220 1222
3  405 1221 1255
3  1221 1220 1255
3  1090 304 928
3  304 737 928
3  739 738 872
3  870 1087 871
3  875 1223 1304
3  1223 1360 1304
3  1087 1320 1088
3  1320 1224 1088
3  1125 1320 1333
3  1223 872 1376
3  1083 223 1164
3  223 222 1164
3  838 1285 1262
3  1285 605 1262
3  1134 1133 1377
3  1309 1357 1378
3  1357 1331 1358
3  1330 1132 1134
3  1132 1330 1315
3  1312 178 1374
3  1346 1362 1379
3  1352 1353 1347
3  771 1367 899
3  1264 1373 1368
3  1373 897 1368
3  1025 298 1026
3  177 1380 1381
3  1380 867 1381
3  1265 1361 1382
3  1383 1132 1314
3  1371 1344 1370
3  1371 771 1344
3  1038 1257 898
3  615 349 1038
3  1265 1384 1385
3  771 1371 772
3  179 695 448
3  695 696 448
3  1374 1386 1387
3  1386 177 1381
3  1373 867 1366
3  867 1050 1366
3  420 910 1022
3  910 1060 1022
3  1147 1149 1166
3  1149 1290 1166
3  1362 1347 1379
3  1353 1348 1347
3  325 1200 1340
3  1362 1340 1341
3  1108 1086 1269
3  1124 1351 1388
3  1201 1108 1270
3  1201 1107 1108
3  1238 1293 1327
3  1293 788 1327
3  1292 1324 1245
3  1324 1161 1245
3  832 1059 1329
3  1059 1011 1329
3  1095 1057 1291
3  1057 1167 1291
3  887 1185 1332
3  1185 549 1332
3  1331 1330 1358
3  1356 868 1331
3  1310 1299 1375
3  1299 549 1375
3  1220 408 1170
3  408 807 1170
3  855 765 1359
3  765 770 1359
3  1302 871 1336
3  871 1087 1336
3  1389 1133 1376
3  1223 739 872
3  1372 1361 1305
3  876 875 1304
3  1228 1322 1226
3  1322 1321 1226
3  1302 1336 1337
3  1336 1087 1089
3  1390 1134 1377
3  871 1302 1390
3  872 1389 1376
3  872 871 1389
3  1310 1363 1303
3  1363 1302 1303
3  871 1390 1377
3  1357 1358 1378
3  1130 563 1365
3  1126 1365 1339
3  692 849 1027
3  247 296 1391
3  71 70 1186
3  70 342 1186
3  296 897 1391
3  897 1373 1391
3  854 1027 297
3  296 854 297
3  1257 1344 898
3  1367 897 899
3  1264 1368 1392
3  1368 1367 1369
3  177 1386 1374
3  1312 1374 1314
3  1133 1383 1361
3  1133 1132 1383
3  1038 888 879
3  888 367 879
3  1361 1383 1382
3  772 1335 1384
3  1371 319 772
3  1384 1335 1305
3  179 178 874
3  178 869 874
3  867 1380 448
3  1380 177 448
3  867 1373 1381
3  1373 1264 1381
3  1351 1268 1353
3  1268 561 1353
3  1348 1130 1350
3  1130 1126 1350
3  1269 1311 1271
3  734 1123 1308
3  1351 1341 1388
3  1351 1352 1341
3  1042 1343 1311
3  1269 1271 1270
3  1269 1086 1342
3  1311 1269 1342
3  1013 1328 1246
3  1328 681 1246
3  1329 1013 833
3  1013 831 833
3  1358 1363 1378
3  1309 551 1357
3  1360 1361 1372
3  1304 1372 1305
3  1226 1089 1227
3  1089 1088 1227
3  1089 1126 1337
3  1126 1302 1337
3  1133 1360 1376
3  1360 1223 1376
3  1134 1390 1364
3  1390 1302 1364
3  1133 1389 1377
3  1389 871 1377
3  1365 563 1339
3  563 1302 1339
3  1027 849 297
3  298 297 1026
3  1373 245 1391
3  245 247 1391
3  615 1025 896
3  1025 307 896
3  898 1344 899
3  1344 771 899
3  615 898 298
3  898 897 298
3  1384 1305 1385
3  1368 1369 1392
3  1314 1374 1387
3  1383 1314 1387
3  879 878 1370
3  878 1371 1370
3  1369 1384 1392
3  772 1384 773
3  855 1359 877
3  1359 875 877
3  1348 1353 1131
3  1353 561 1131
3  1348 1350 1349
3  1362 1352 1347
3  1127 1226 1128
3  1226 1321 1128
3  1341 1308 1388
3  1308 1124 1388
3  1311 1343 1271
3  1343 735 1271
3  1086 889 1342
3  889 731 1342
3  1308 1202 1270
3  1202 1201 1270
3  1335 877 1305
3  877 876 1305
3  1134 1364 1358
3  1364 1363 1358
3  297 849 1026
3  849 307 1026
3  1384 1265 1392
3  1265 1264 1392
3  1386 1381 1387
3  1265 1387 1266
3  1330 1313 1315
3  1313 1312 1315
3  1384 1369 773
3  1369 771 773
3  877 772 856
3  772 319 856
3  1350 1128 1349
3  1128 1321 1349
3  1271 734 1272
3  734 1308 1272
3  1305 1361 1385
3  1361 1265 1385
3  1363 1310 1378
3  1310 1309 1378
3  1387 1381 1266
3  1381 1264 1266
3  1383 1387 1382
3  1387 1265 1382
3  1347 1349 1379
3  1349 1346 1379
