OFF
1452 2900 0
137.788 -22.3378 69.1425
99.4827 -4.27213 47.2204
99.3929 5.49793 47.2171
173.036 16.9055 90.4293
85.983 51.6382 47.2969
134.396 127.393 105.634
8.90339 -4.97287 0.5821
84.5737 -53.981 47.3009
8.74085 -5.2359 0.571472
-370.124 -134.254 349.664
-324.649 -136.043 258.257
-293.586 -220.496 264.507
218.727 -119.858 143.973
311.684 -2.26621 208.011
-284.472 -310.87 423.879
-371.539 -158.154 391.542
81.4433 -58.8692 47.3206
207.092 -172.937 166.569
242.196 -171.731 187.057
111.016 -285.218 193.014
-235.884 342.025 435.896
229.085 -258.573 435.896
274.215 253.88 435.896
1.26298 -9.87528 0.0825985
35.8808 -95.7086 47.5197
0.948292 -9.90827 0.0620171
-392.848 166.229 361.407
-355.185 80.1586 258.968
-374.144 100.272 300.119
-46.9434 -94.9798 49.1705
-135.674 -363.109 239.831
-52.3891 -89.5824 47.695
-358.941 -136.103 434.541
-397.342 55.1056 421.085
-412.218 38.7649 387.65
28.6209 -128.109 64.4739
31.9086 -171.564 96.8597
324.334 227.454 332.45
276.626 263.061 311.711
328.338 271.945 410.567
-75.191 361.205 258.022
21.2891 448.185 384.445
70.5078 393.744 312.564
-10.0426 2.12718 -0.656611
-9.97013 2.42532 -0.65187
-5.66413 5.3858 -0.372236
94.285 33.8554 47.2869
10.0426 2.12718 0.656611
325.724 86.7604 232.117
304.688 162.993 251.119
358.019 114.882 308.816
374.462 24.4899 287.454
332.484 -60.5572 245.389
-220.119 -339.535 427.823
-240.499 -350.361 403.882
44.4208 -92.77 47.591
-93.7469 -41.1631 47.5399
-161.997 -130.786 115.564
-124.361 -41.1917 66.9663
-112.896 221.636 141.297
-189.683 254.959 218.861
5.05263 424.279 431.889
-172.943 397.599 392.004
-159.521 395.558 374.668
8.57003 -5.49398 0.560303
8.39104 -5.7469 0.548602
329.634 -236.679 400.992
318.675 -234.594 352.433
399.233 -150.498 389.221
-380.017 113.86 434.548
374.867 -17.9688 435.896
351.266 -134.747 435.896
245.979 326.943 374.202
34.9465 -426.211 405.223
57.5627 -432.071 365.571
100.546 -413.962 401.217
-2.95506 -5.06147 -0.19576
93.4799 -36.12 47.291
98.0121 -30.1735 48.8039
315.633 174.003 435.896
398.411 -37.9135 339.242
400.931 108.048 421.162
209.63 -354.308 323.71
-3.04378 4.54913 -0.201607
-3.15603 4.71351 -0.208957
-2.95247 4.72065 -0.195622
-3.18124 -5.83963 -0.210412
-3.26134 -5.57282 -0.215735
-3.13274 -5.75303 -0.207259
-51.9013 -339.798 435.896
-257.297 -219.087 435.896
-175.275 -302.785 435.896
-36.1745 99.539 49.1661
25.5656 124.101 58.9996
-2.19874 9.72024 -0.143793
-8.39105 -5.74689 -0.548602
-79.3288 -60.9613 48.5195
199.407 -351.628 430.515
107.308 -380.049 434.545
-264.614 -56.0386 166.558
-212.955 13.1769 119.965
94.4354 315.801 233.024
-76.1408 87.2719 55.2776
-145.876 160.385 128.002
-152.503 325.366 270.651
-318.07 261.491 387.621
-276.151 299.645 370.181
-285.519 214.352 262.516
-3.92291 -8.98359 -0.256751
-3.96462 -9.07342 -0.259369
-4.16205 -8.77389 -0.272505
331.482 -197.582 310.552
397.055 122.113 415.796
379.717 160.201 386.276
365.274 -160.065 434.549
332.989 -211.762 430.498
23.7657 233.537 140.06
91.7023 220.412 153.414
87.8121 113.646 74.5566
223.304 124.668 168.129
81.3798 58.9594 47.3208
41.8229 93.9931 47.5934
4.00639 -9.16323 0.261988
3.71297 -9.27839 0.242803
-3.13331 -6.19459 -0.207143
2.81268 -9.57066 0.183939
2.5069 -9.65003 0.163944
-3.27116 -6.45827 -0.216063
-103.007 7.3768 47.6393
-10.2367 0.917398 -0.669311
-10.261 0.612074 -0.670904
8.20411 -5.99435 0.536381
7.80707 -6.47198 0.510425
-3.00599 -5.14676 -0.199088
-340.268 -95.9735 435.896
-310.235 -243.531 434.546
-290.186 -129.447 220.369
-163.224 118.901 117.524
-92.7137 43.4319 47.5395
-121.195 46.3167 65.5604
-3.2392 -6.90841 -0.213745
160.233 375.117 431.866
191.236 302.424 435.896
-218.889 300.715 300.607
-56.0269 306.436 205.29
-328.368 -48.9773 245.148
-384.086 176.269 434.559
-259.683 323.059 418.466
-347.459 -202.385 414.361
68.2559 75.9406 47.5071
10.1055 1.82702 0.660729
238.509 330.845 417.08
143.778 183.643 147.723
150.3 206.085 168.005
97.0821 33.1645 48.8083
-102.598 -11.7591 47.6391
-9.97013 -2.42532 -0.65187
-196.73 28.6393 112.092
20.4463 -104.872 50.5092
2.17292 -115.621 55.2581
-0.316492 -9.94602 -0.0206987
-30.3039 -102.823 51.7911
-8.00939 6.23612 -0.523651
-8.20411 5.99435 -0.536381
-3.1158 -9.48221 -0.20376
-3.41511 -5.82812 -0.22573
-3.2784 -6.01275 -0.216719
-3.46646 -5.91317 -0.229063
68.8899 -75.3548 47.5062
-131.651 -402.204 369.215
-66.1234 -368.271 434.537
-231.691 -246.159 435.896
-3.41599 -9.38476 -0.223387
5.41133 -8.45934 0.353832
5.13955 -8.61675 0.336066
-266.316 44.0042 166.527
-7.80705 6.472 -0.510425
-299.191 117.912 223.142
415.833 -65.1496 389.104
-35.6047 342.743 435.896
-48.9484 201.47 116.759
-180.232 -379.299 399.83
-170.038 -336.829 434.538
-276.244 71.5585 435.896
279.255 233.244 285.527
4.8629 8.76598 0.317981
4.29606 9.03935 0.280925
4.0064 9.16322 0.261988
10.2805 0 0.672179
9.8882 2.72119 0.64651
-2.89901 4.63681 -0.19212
9.7969 3.01449 0.640537
7.59731 -6.70175 0.496715
1.18661e-07 -9.95074 7.96828e-09
-3.55023 -8.1739 -0.23322
-1.8885 -9.78122 -0.123505
-2.19874 -9.72024 -0.143793
10.601 -345.147 435.896
240.904 -296.378 435.896
0.316492 -9.94602 0.0206987
6.92564 -7.35202 0.452813
6.68835 -7.55508 0.437301
-2.98749 -5.49308 -0.197805
-197.082 228.851 204.644
5.93926 8.12058 0.38834
6.19491 7.93956 0.405049
-3.13274 5.75303 -0.207259
-342.863 -19.3621 435.896
140.275 147.062 121.546
-7.59731 6.70174 -0.496715
-53.8035 88.7465 47.6956
-7.38036 6.92514 -0.482534
2.50689 9.65003 0.163944
-3.13332 6.19459 -0.207143
-3.08747 6.10665 -0.204171
-3.2784 6.01275 -0.216719
10.2756 -0.306155 0.67186
-9.8882 -2.72119 -0.64651
-9.7969 -3.01449 -0.640537
-2.50689 9.65003 -0.163944
10.2367 -0.917399 0.669311
-2.84558 -4.55296 -0.188618
190.5 -359.47 423.805
262.769 -302.309 402.196
9.97013 -2.42533 0.65187
9.8882 -2.7212 0.64651
-2.89901 -4.63681 -0.19212
400.927 -138.792 379.859
-294.905 173.11 435.896
-125.924 -327.791 435.896
172.486 263.055 237.287
10.1055 -1.82702 0.660729
9.97013 2.42532 0.65187
3.71296 9.27839 0.242803
3.416 9.38475 0.223387
8.39105 5.74689 0.548602
10.2367 0.917393 0.669311
10.2026 1.22185 0.667082
-3.49379 -5.20594 -0.231016
-3.55024 -5.28791 -0.234695
-3.65662 -5.10016 -0.241668
4.86291 -8.76598 0.317981
4.58166 -8.90689 0.299595
1.57647 -9.83291 0.103101
-3.19586 -6.81928 -0.210954
1.8885 -9.78122 0.123505
3.416 -9.38475 0.223388
-3.08746 -6.10665 -0.204172
-5.29492 -5.047 -0.348305
-5.06033 -5.13235 -0.333069
-5.13183 -5.20244 -0.337709
122.902 -407.169 386.561
67.9842 -386.203 433.194
402.073 60.5293 419.771
10.261 0.612075 0.670904
-5.93925 -8.12059 -0.38834
-5.67799 -8.29389 -0.371261
-3.36954 -7.17562 -0.222121
-3.72396 -6.33795 -0.245736
-3.57104 -6.53147 -0.235653
-3.77563 -6.42281 -0.249072
10.1589 1.52515 0.664221
-5.38049 -5.78488 -0.353753
-5.63373 -5.6916 -0.370206
-5.56187 -5.62188 -0.365561
-7.38036 -6.92514 -0.482534
-7.1564 -7.14196 -0.467895
-2.89088 -5.31966 -0.191505
-2.93916 -5.40639 -0.194655
-4.39112 -5.05193 -0.289558
-4.32452 -4.97744 -0.285224
-4.16467 -5.10353 -0.274809
-3.36211 4.69848 -0.222438
-3.30333 4.61805 -0.218594
-3.3621 -4.69848 -0.222438
-3.28259 -6.99751 -0.216536
-3.45566 -6.80948 -0.227964
-3.17921 -6.28251 -0.210116
-10.2367 -0.9174 -0.669311
-10.261 -0.612076 -0.670904
2.19874 -9.72024 0.143793
-7.1564 7.14196 -0.467895
-7.08326 7.07354 -0.463236
9.58649 -3.5923 0.626773
9.4676 -3.87625 0.618997
-3.48946 5.55749 -0.230668
-3.54341 5.64102 -0.234176
-3.36381 5.74305 -0.222398
-5.05734 -6.55064 -0.332469
-4.99476 -6.47299 -0.328444
-4.78711 -6.61834 -0.314876
-3.67419 -9.18733 -0.240375
-3.71296 -9.27839 -0.242802
-6.37844 7.67628 -0.417175
-6.06742 7.7861 -0.396972
-6.31228 7.60149 -0.412975
-6.06741 -7.7861 -0.396971
-6.13111 -7.86286 -0.40101
-6.37845 -7.67628 -0.417175
4.58165 8.9069 0.299595
-6.00378 7.70929 -0.392934
-6.24619 7.52665 -0.408776
-4.24922 5.90095 -0.28017
-4.06051 6.0241 -0.267828
-4.18973 5.82104 -0.276318
-3.71566 5.1804 -0.245516
-3.77475 5.2606 -0.249364
-3.60675 5.36984 -0.238374
-5.08627 8.53287 -0.33271
-5.29939 8.29489 -0.346768
-5.35533 8.37714 -0.350299
-4.29605 9.03934 -0.280925
-4.00641 9.16322 -0.261988
-4.25132 8.9509 -0.278117
-10.2026 1.22185 -0.667082
-5.36867 5.11486 -0.35309
-3.77653 5.61545 -0.249415
-3.9523 5.50101 -0.260912
-4.01158 5.58107 -0.264763
394.687 11.5084 423.748
8.20411 5.99434 0.536381
-5.06033 5.13235 -0.333069
-10.2756 0.306188 -0.67186
-5.29492 5.047 -0.348305
10.2756 0.306182 0.67186
-3.3172 -6.54611 -0.219037
-4.86291 -8.76598 -0.317981
-5.13955 -8.61675 -0.336066
-5.08627 -8.53286 -0.33271
7.1564 -7.14196 0.467895
-6.68835 -7.55508 -0.437301
-6.92566 -7.35201 -0.452813
-6.61973 -7.4824 -0.432944
10.261 -0.612073 0.670904
-6.78389 -7.21079 -0.443792
-6.48271 -7.33685 -0.42423
-6.55118 -7.40966 -0.428586
-6.6458 -6.6616 -0.435296
-6.36022 -6.78553 -0.416749
-6.43067 -6.85657 -0.421254
-6.98016 -6.18832 -0.457192
-6.63032 -6.26002 -0.434533
-6.70504 -6.32683 -0.439329
6.19491 -7.93956 0.405049
5.93926 -8.12059 0.38834
5.67799 -8.29389 0.371261
4.29605 -9.03935 0.280925
-3.03587 -5.57975 -0.200956
-3.08427 -5.66641 -0.204107
-3.21018 -5.48766 -0.212405
3.11581 -9.48221 0.20376
0.632686 -9.93185 0.0413776
-4.00639 -9.16323 -0.261988
-3.59684 -9.00513 -0.235522
-3.63548 -9.09624 -0.237948
10.2026 -1.22184 0.667082
10.1589 -1.52516 0.664221
-6.71311 -7.14007 -0.439283
-7.08325 -7.07355 -0.463236
-7.01018 -7.00505 -0.458577
-3.32603 -7.08658 -0.219328
-3.32789 5.30674 -0.220149
-3.108 5.31726 -0.205745
-3.27413 5.22309 -0.216643
7.59731 6.70174 0.496715
8.57002 5.494 0.560303
-3.56931 6.08317 -0.23573
-3.75971 5.9748 -0.248212
-3.62081 6.16813 -0.239064
7.38036 6.92513 0.482534
-3.17922 6.28251 -0.210116
0.948274 9.90827 0.0620175
-3.28259 6.99751 -0.216536
0.632677 9.93185 0.0413777
-3.59141 8.26396 -0.235832
-3.63264 8.35401 -0.238444
-3.32604 7.08658 -0.219328
-4.86289 8.76599 -0.317981
-5.13954 8.61675 -0.336066
-6.51979 -5.80039 -0.427579
-6.44326 -5.7355 -0.422646
-6.25758 -5.92498 -0.41056
-8.57002 5.494 -0.560303
7.38036 -6.92513 0.482534
-10.1055 -1.82702 -0.660729
-10.1589 -1.52515 -0.664221
-5.51629 -5.25044 -0.362662
-3.42449 -6.27223 -0.226183
-3.47329 -6.35867 -0.229339
-3.62081 -6.16813 -0.239065
-4.85863 -5.57212 -0.319912
-5.10264 -5.49702 -0.335779
-5.03331 -5.42493 -0.331287
-4.58166 -8.90689 -0.299595
-6.31229 -7.60149 -0.412975
-6.00378 -7.70929 -0.392934
-4.81241 -8.68049 -0.314805
-4.29605 -9.03935 -0.280925
-5.98521 -5.34492 -0.393061
-5.41132 -8.45934 -0.353831
-4.32452 4.97744 -0.285224
-4.39112 5.05193 -0.289558
-2.93917 5.40639 -0.194655
7.80705 6.472 0.510425
-2.89088 5.31966 -0.191505
-3.97683 6.30807 -0.262258
-3.92247 6.2248 -0.258745
-4.11747 6.10573 -0.271512
-3.11311 -4.97199 -0.20613
-3.16673 -5.05572 -0.209634
2.81269 9.57066 0.183939
-3.27116 6.45827 -0.216063
-0.632678 9.93185 -0.0413777
-0.948275 9.90827 -0.0620175
-4.66718 6.4592 -0.307159
-4.72712 6.53879 -0.311017
-4.51769 6.67604 -0.297321
1.8885 9.78122 0.123505
1.57648 9.83291 0.103101
-5.50221 8.05242 -0.36015
-5.24354 8.21259 -0.343238
-5.44376 7.97183 -0.356447
-3.416 9.38475 -0.223387
-3.11582 9.48221 -0.20376
-3.59685 9.00513 -0.235522
-4.54748 6.29991 -0.299445
-4.80736 6.23977 -0.316373
-4.6073 6.37958 -0.303301
-6.11421 7.37678 -0.400381
-6.18017 7.45174 -0.404578
-5.87671 7.55549 -0.384862
-7.92813 6.17689 -0.518444
-3.22516 6.3704 -0.213089
-3.47978 4.85925 -0.230129
-3.32471 4.95986 -0.219984
-3.42092 4.77888 -0.226283
-2.84558 4.55295 -0.188618
-10.2805 -8.98751e-07 -0.672179
-10.2756 -0.306187 -0.67186
-4.82563 -5.20837 -0.317814
-4.65796 -5.34945 -0.306899
-4.8948 -5.28061 -0.322305
-6.44468 -7.75101 -0.421375
-5.87671 -7.55549 -0.384862
-6.11421 -7.37679 -0.400381
-5.81328 -7.47852 -0.380827
-8.00939 -6.23612 -0.523651
-7.80704 -6.47201 -0.510425
-3.36381 -5.74305 -0.222398
-3.48946 -5.5575 -0.230668
-3.31256 -5.65794 -0.219066
-3.59741 -5.72451 -0.237684
-3.54341 -5.64102 -0.234176
-3.36329 -6.63394 -0.222012
-10.0426 -2.12718 -0.656611
-4.65796 5.34945 -0.306899
-4.7248 5.42372 -0.311236
-4.48607 5.48533 -0.295696
-3.26844 -4.87777 -0.216308
-3.21222 -4.79565 -0.212632
9.33971 -4.15655 0.610633
-6.85474 -7.28143 -0.448302
9.05748 4.70512 0.592175
8.90339 4.97286 0.5821
6.44468 7.751 0.421375
-4.20665 8.86241 -0.275311
3.11582 9.48221 0.20376
-1.57648 9.83291 -0.103101
-1.8885 9.78122 -0.123505
-1.26298 9.87528 -0.0825982
-3.42705 7.90354 -0.225389
-2.81269 9.57066 -0.183939
-6.85474 7.28143 -0.448302
-6.92566 7.352 -0.452813
-6.61973 7.4824 -0.432944
-5.67799 8.2939 -0.371262
-5.61932 8.21346 -0.367557
-5.87801 8.04197 -0.384466
-5.81682 7.96331 -0.380593
-9.33971 -4.15655 -0.610633
-9.20296 -4.43293 -0.601689
-3.09989 -4.63134 -0.205282
-3.15603 -4.71351 -0.208956
-4.48608 -5.48533 -0.295696
-4.42169 -5.40906 -0.291517
-9.33971 4.15655 -0.610633
-9.4676 3.87625 -0.618997
-3.04379 -4.54913 -0.201607
-2.98772 -4.4669 -0.197933
6.44468 -7.751 0.421375
8.00937 -6.23613 0.523652
-4.92686 -8.28095 -0.322648
-4.97992 -8.36497 -0.326001
-5.18774 -8.13026 -0.339709
-7.51995 -6.63782 -0.491772
-7.22984 -6.79266 -0.472928
-7.59731 -6.70174 -0.496715
-7.44265 -6.57381 -0.48683
-7.72771 -6.41039 -0.505347
-9.5865 -3.5923 -0.626773
-9.4676 -3.87625 -0.618997
-3.22981 -5.9262 -0.213565
9.7969 -3.01448 0.640537
9.6963 -3.30496 0.633956
8.00938 6.23612 0.523651
6.92565 7.35201 0.452813
6.68834 7.55509 0.437301
9.5865 3.5923 0.626773
9.4676 3.87625 0.618997
-2.85331 4.89082 -0.189105
-2.80249 4.80546 -0.185779
8.74085 5.2359 0.571472
-2.95505 5.06147 -0.19576
-3.59741 5.72451 -0.237684
-3.65146 5.80798 -0.241192
-3.93939 5.14631 -0.260121
-3.83389 5.34077 -0.253213
5.13955 8.61675 0.336066
-3.04166 6.01868 -0.2012
-3.76343 7.9759 -0.247285
-3.96743 7.77304 -0.260744
-4.0143 7.86045 -0.263728
-8.74085 5.2359 -0.571472
-8.90339 4.97286 -0.5821
-3.3861 7.81337 -0.22278
-7.30507 6.85893 -0.47773
-7.01018 7.00505 -0.458577
-6.44468 7.75101 -0.421375
-6.68834 7.55509 -0.437301
-6.13112 7.86286 -0.40101
-5.07638 7.96543 -0.332652
-5.13203 8.04786 -0.33618
-4.87387 8.19689 -0.319296
-6.42793 6.45475 -0.421336
-6.63031 6.26002 -0.434533
-6.70504 6.32683 -0.439329
-5.03656 7.40633 -0.330556
-4.79914 7.5526 -0.315026
-4.97865 7.32537 -0.32686
-4.42801 6.14045 -0.291733
-4.36836 6.06065 -0.287878
-4.55831 5.92818 -0.300289
7.1564 7.14196 0.467895
-5.27497 5.34245 -0.346991
-5.44246 5.18268 -0.357876
-5.51629 5.25044 -0.362662
9.20296 -4.43293 0.601689
9.05748 -4.70511 0.592175
-3.32471 -4.95986 -0.219984
-3.5019 -6.89722 -0.23094
-3.41309 -7.26465 -0.224914
-5.39614 -6.1638 -0.354639
-5.46358 -6.23754 -0.358983
-5.65923 -6.07191 -0.371738
-5.73813 -5.4534 -0.377025
-7.09505 -5.91494 -0.464752
-6.74972 -5.99465 -0.442383
-6.82648 -6.05927 -0.447318
-7.25286 -6.03923 -0.474897
-8.74085 -5.2359 -0.571472
-7.17393 -5.97712 -0.469824
-5.63368 -7.72702 -0.368979
-5.38539 -7.89118 -0.352746
-5.44376 -7.97183 -0.356447
-5.56073 -8.13296 -0.363852
-5.5022 -8.05243 -0.360149
-5.29939 -8.29489 -0.346768
-7.15468 -6.72632 -0.468126
-6.79135 -6.79918 -0.444606
-6.86423 -6.86787 -0.449262
-4.61115 -8.33813 -0.302109
-4.43893 -8.64574 -0.290618
-4.71164 -8.50939 -0.308456
-5.61933 -8.21346 -0.367556
-7.30507 -6.85893 -0.47773
-8.20411 -5.99434 -0.536381
-5.39316 -6.54845 -0.354264
-5.66627 -6.45841 -0.372019
-5.59864 -6.38485 -0.367673
-3.04166 -6.01868 -0.2012
-3.15907 -5.40247 -0.209074
-4.745 -6.16195 -0.312351
-4.80736 -6.23977 -0.316373
-5.00304 -6.09397 -0.329147
-10.2026 -1.22185 -0.667082
-5.71993 6.92579 -0.375214
-6.00531 6.82545 -0.39376
-5.78548 7.0011 -0.379407
-3.75468 -4.91101 -0.248081
-3.75469 4.91101 -0.248081
-3.6932 -4.8325 -0.244069
-4.54747 -6.29992 -0.299444
-4.48771 -6.2202 -0.295588
-3.55025 5.28791 -0.234695
-3.4938 5.20594 -0.231017
-3.82733 6.50765 -0.252409
-3.8791 6.59244 -0.255747
-3.66901 6.70414 -0.241969
9.6963 3.30495 0.633956
9.33971 4.15655 0.610633
9.20296 4.43293 0.601689
-2.90416 4.97616 -0.192432
-3.00599 5.14676 -0.199088
-3.05952 4.88824 -0.202627
-3.1131 4.97199 -0.20613
-3.47329 6.35867 -0.229339
-3.4245 6.27223 -0.226183
-4.43411 5.77213 -0.29225
-3.08428 5.66641 -0.204107
-3.41511 5.82812 -0.22573
-4.56101 8.25245 -0.298937
-4.34412 8.47147 -0.284637
-4.29681 8.38428 -0.281648
-3.71296 9.27839 -0.242803
-3.96463 9.07342 -0.259369
-3.19586 6.81929 -0.210954
-3.2392 6.90841 -0.213745
-3.3172 6.54612 -0.219037
2.19873 9.72024 0.143793
-4.61115 8.33813 -0.302109
-3.55023 8.1739 -0.23322
-3.50912 8.0838 -0.230609
-3.66329 5.45174 -0.242054
0.316496 9.94602 0.0206985
-4.34961e-07 9.95074 -2.92082e-08
-3.75668 8.62399 -0.246286
-3.79816 8.71392 -0.248901
-3.80748 8.06468 -0.250084
-7.22984 6.79266 -0.472928
-6.93717 6.9365 -0.453919
-6.78389 7.21078 -0.443792
-4.51092 8.16672 -0.295766
-4.76808 8.02865 -0.312593
-4.39149 8.55862 -0.287627
-3.41308 7.26465 -0.224914
-3.36953 7.17563 -0.222121
-3.59455 7.07261 -0.236896
-5.93927 8.12058 -0.388339
-6.19491 7.93956 -0.405049
-5.41133 8.45934 -0.353831
-3.26845 4.87777 -0.216308
-3.21222 4.79566 -0.212632
-6.48271 7.33684 -0.42423
-6.71311 7.14007 -0.439283
-8.39105 5.74688 -0.548602
-8.12103 5.93753 -0.531049
-5.81217 5.52094 -0.381814
-6.06142 5.41016 -0.39799
-5.88627 5.58842 -0.386603
-6.36679 5.67055 -0.417714
-6.44326 5.7355 -0.422646
-9.05748 4.70512 -0.592175
-7.01623 5.85269 -0.45968
-7.09505 5.91494 -0.464752
-5.13183 5.20244 -0.337709
-4.8948 5.2806 -0.322305
-5.59019 5.31815 -0.367449
-5.34662 5.41239 -0.351633
-9.6963 3.30495 -0.633956
-9.7969 3.01449 -0.640537
-6.214 5.54048 -0.407851
-3.9084 -4.79738 -0.258109
-3.81621 -4.98948 -0.252094
-2.80249 -4.80546 -0.185779
-3.10801 -5.31726 -0.205745
-3.45668 -7.35365 -0.227709
-6.28985 -6.71444 -0.412244
-6.00531 -6.82545 -0.39376
-6.07332 -6.89868 -0.398111
-6.36679 -5.67055 -0.417714
-9.6963 -3.30495 -0.633956
-6.214 -5.54048 -0.407851
-5.81217 -5.52094 -0.381814
-3.58782 -7.62048 -0.236094
-3.54404 -7.53157 -0.233298
-3.38609 -7.81338 -0.222779
-4.54942 -4.91897 -0.299859
-4.54942 4.91897 -0.299859
-4.98888 -5.06222 -0.32843
-5.73395 -6.53194 -0.376366
-5.93889 -6.35805 -0.389734
-7.92813 -6.17689 -0.518444
-4.66717 -6.45921 -0.307159
-4.60731 -6.37958 -0.303301
-5.27497 -5.34245 -0.346991
-5.34662 -5.41239 -0.351632
-6.19491 -7.93956 -0.405049
-6.2462 -7.52664 -0.408776
-6.18017 -7.45174 -0.404578
-5.69465 -7.80584 -0.372849
-5.7557 -7.88461 -0.37672
-6.41431 -7.26397 -0.419875
-3.50911 -8.0838 -0.230609
-3.76343 -7.97589 -0.247285
-3.71945 -7.88708 -0.244486
-5.81682 -7.96332 -0.380592
-5.87801 -8.04198 -0.384465
-3.22517 -6.3704 -0.213089
-3.32705 -6.09927 -0.219873
-3.62 -6.61782 -0.23881
-3.67236 -6.25305 -0.2424
-3.51785 -5.99819 -0.232396
-3.81391 -6.05817 -0.251722
-3.43739 -5.12395 -0.227339
-3.59762 -5.01989 -0.237821
-3.03587 5.57976 -0.200956
5.67799 8.2939 0.371261
-4.92563 -5.64625 -0.32425
-4.74412 -5.79001 -0.312416
-3.43556 -5.47393 -0.227161
-4.85445 7.63525 -0.31855
-4.90983 7.71786 -0.322074
-4.66255 7.86025 -0.305895
-3.40944 6.72172 -0.224988
-3.3633 6.63393 -0.222012
-4.22885 5.17998 -0.278985
-4.00106 5.22467 -0.264135
-4.16467 5.10353 -0.274808
-3.81621 4.98948 -0.252094
-3.65663 5.10016 -0.241668
-3.59763 5.01989 -0.237821
-3.46646 5.91317 -0.229063
-3.51786 5.99819 -0.232396
5.41133 8.45934 0.353831
-3.2298 5.9262 -0.213565
-4.66136 8.42378 -0.305282
-4.58165 8.90689 -0.299595
-4.53401 8.81988 -0.296602
-4.81241 8.68049 -0.314805
-3.92292 8.98359 -0.256751
-4.24957 8.29705 -0.278659
-4.46091 8.08097 -0.292596
-4.07303 8.59677 -0.266895
-4.02862 8.50816 -0.264092
-4.16205 8.77389 -0.272505
-3.64096 7.16027 -0.239875
-3.15256 6.73014 -0.208163
-3.3452 7.72318 -0.220171
-3.45668 7.35365 -0.227708
-3.50189 6.89722 -0.230941
-3.46806 7.99368 -0.227998
-3.68743 7.2479 -0.242854
-3.86559 7.04912 -0.254609
-3.91487 7.13529 -0.257771
-4.26149 7.73757 -0.279922
-4.06123 7.94784 -0.266713
-4.46859 7.05583 -0.293899
-4.24303 7.1851 -0.279129
-4.41372 6.97289 -0.290381
-3.88127 8.89373 -0.254134
-3.83968 8.80384 -0.251517
-4.15528 8.12251 -0.272684
-3.93998 8.33086 -0.258486
-3.89575 8.24216 -0.255685
-7.56919 6.28696 -0.495195
-7.64842 6.34872 -0.50027
-7.51995 6.63781 -0.491772
-7.15468 6.72632 -0.468126
-7.72771 6.41039 -0.505347
-5.94021 7.63242 -0.388897
10.0426 -2.12717 0.656611
-3.42091 -4.77888 -0.226283
-3.05698 -5.23202 -0.202416
-3.22041 -5.13942 -0.213138
-3.30333 -4.61805 -0.218594
-3.32789 -5.30674 -0.220149
-6.41431 7.26397 -0.419875
-6.6424 7.06929 -0.434775
-5.0208 7.88295 -0.329125
-5.26884 7.72976 -0.345346
-4.96528 7.80043 -0.325599
-4.36107 7.90933 -0.286257
-4.5573 7.69169 -0.299199
-4.60989 7.77599 -0.302546
-5.85109 7.07634 -0.3836
-6.07332 6.89868 -0.39811
-5.02771 6.93605 -0.330318
-4.80532 7.08219 -0.315777
-4.96746 6.85669 -0.326457
-6.51979 5.80039 -0.427579
-6.78008 5.66555 -0.44447
-6.4065 6.05919 -0.420147
-6.33201 5.99212 -0.415353
-6.67302 5.92995 -0.437448
-5.96042 5.65586 -0.391393
-6.03463 5.72322 -0.396184
-6.29037 5.60555 -0.412782
-9.5865 3.5923 -0.626773
-7.28825 6.4456 -0.476948
-7.36542 6.50974 -0.481888
-4.98889 5.06222 -0.32843
-5.20338 5.27247 -0.34235
-6.85874 5.728 -0.449539
-6.59639 5.8652 -0.432513
-10.1055 1.82702 -0.660729
-10.1589 1.52515 -0.664221
-5.73813 5.4534 -0.377025
-5.98521 5.34492 -0.393061
-9.8882 2.72119 -0.64651
-3.27413 -5.22309 -0.216643
-3.3817 -5.39036 -0.223654
-4.5583 -5.92819 -0.300288
-4.49618 -5.85018 -0.296269
-4.03123 -6.39131 -0.265771
-3.82734 -6.50764 -0.252409
-3.8791 -6.59244 -0.255747
-6.18321 -5.85779 -0.405767
-6.1089 -5.79054 -0.400975
-5.51975 -5.9285 -0.362744
-5.77762 -5.83087 -0.379496
-5.70565 -5.76126 -0.37485
-6.06142 -5.41016 -0.39799
-3.89306 -5.42091 -0.257062
-3.77653 -5.61545 -0.249415
-3.95229 -5.50101 -0.260912
-5.66413 -5.3858 -0.372237
-5.44246 -5.18268 -0.357876
-5.36867 -5.11486 -0.35309
-5.20338 -5.27247 -0.34235
-4.7565 5.13609 -0.313325
-4.82563 5.20837 -0.317814
-8.90339 -4.97286 -0.5821
-5.72906 -6.14353 -0.376236
-5.92173 -5.96992 -0.388789
-5.41832 -5.48227 -0.356275
-5.49007 -5.55209 -0.360918
-6.85874 -5.728 -0.449539
-6.78008 -5.66555 -0.44447
-6.27771 -7.11804 -0.411167
-6.50118 -6.92754 -0.42576
-6.2095 -7.04498 -0.406814
-6.14137 -6.97187 -0.402462
-6.04833 -7.30176 -0.396184
-5.98252 -7.22668 -0.391989
-7.33186 -6.10127 -0.47997
-7.05709 -6.25274 -0.46213
-7.41091 -6.16324 -0.485044
-3.73396 -7.33549 -0.245834
-3.78053 -7.42306 -0.248814
-3.66901 -6.70414 -0.241969
-3.87778 5.06791 -0.256107
-3.83322 -5.69725 -0.253096
-4.01158 -5.58107 -0.264762
-3.43555 5.47394 -0.227161
-3.26135 5.57281 -0.215735
-3.3817 5.39035 -0.223654
-3.43739 5.12394 -0.227339
-3.53868 4.93959 -0.233975
-3.71989 -5.53361 -0.245734
-4.00105 -5.22468 -0.264135
-3.83388 -5.34078 -0.253213
-3.54819 -6.98493 -0.233918
-3.37575 6.18577 -0.223028
-3.32706 6.09927 -0.219873
-3.70556 5.89141 -0.244702
-3.50033 7.44262 -0.230503
-3.76718 6.87669 -0.248288
-4.37209 5.69404 -0.288232
-2.98749 5.49308 -0.197805
-3.15907 5.40247 -0.209074
-3.05698 5.23202 -0.202416
-5.32707 7.8105 -0.349046
-5.56073 8.13296 -0.363853
-4.43893 8.64574 -0.290618
-3.98427 8.41953 -0.261289
-4.20239 8.2098 -0.275671
-5.69467 7.80583 -0.372849
-4.82094 8.11278 -0.315944
-3.67419 9.18733 -0.240375
-3.71528 8.53402 -0.243671
-4.41096 7.99517 -0.289426
-3.67236 6.25305 -0.2424
-3.72397 6.33795 -0.245736
-3.52215 6.44508 -0.232495
1.26298 9.87528 0.0825981
-3.71943 7.88709 -0.244486
-3.57105 6.53146 -0.235653
-0.316496 9.94602 -0.0206986
-3.67393 8.44403 -0.241057
-3.92062 7.68559 -0.25776
-4.11258 7.47965 -0.270424
-4.16215 7.56566 -0.273589
-4.31125 7.82347 -0.283089
-6.86423 6.86787 -0.449262
-6.93746 5.79038 -0.45461
-6.55118 7.40966 -0.428586
-5.21066 7.64898 -0.341647
-5.3905 7.41122 -0.353505
-5.45119 7.49024 -0.357372
-5.18775 8.13025 -0.339709
-5.7557 7.8846 -0.37672
-5.62341 7.24724 -0.368727
-5.56026 7.17004 -0.364695
-5.6337 7.72701 -0.368979
-7.21114 6.38138 -0.472008
-7.49002 6.22514 -0.490119
-5.31095 5.71299 -0.349259
-5.49007 5.55209 -0.360918
-5.56187 5.62187 -0.365561
-7.25286 6.03923 -0.474897
-7.17393 5.97712 -0.469824
-5.58903 6.77501 -0.366832
-5.80169 6.6054 -0.380713
-5.8695 6.67881 -0.385061
-5.09453 7.48726 -0.334252
-5.15256 7.56815 -0.337949
-5.32987 7.33215 -0.349639
-5.2693 7.25302 -0.345773
-6.14137 6.97187 -0.402462
-6.20951 7.04498 -0.406814
-5.91677 7.15154 -0.387794
-4.35891 6.88992 -0.286863
-4.13876 7.01594 -0.272445
-4.30415 6.80691 -0.283346
-4.87348 5.94208 -0.320781
-5.12694 5.86836 -0.33727
-4.93823 6.01805 -0.324963
-4.03124 6.3913 -0.265771
-4.08571 6.47449 -0.269284
-3.94676 5.86075 -0.260461
-3.8139 6.05817 -0.251722
-9.20296 4.43293 -0.601689
-6.74972 5.99465 -0.442383
-6.82648 6.05927 -0.447318
-7.13408 6.3171 -0.467068
-5.41832 5.48227 -0.356275
-5.99386 6.03936 -0.393436
-6.18321 5.85779 -0.405767
-6.25758 5.92498 -0.410559
-7.41091 6.16324 -0.485044
-7.68471 5.99874 -0.502826
-7.76578 6.0582 -0.508031
-5.10264 5.49702 -0.335779
-5.03331 5.42493 -0.331287
-4.68742 5.06376 -0.308836
-4.9175 4.99203 -0.323791
-5.52368 6.69955 -0.362642
-5.45838 6.62403 -0.358452
-5.73395 6.53194 -0.376366
-5.72906 6.14353 -0.376236
-5.46357 6.23754 -0.358983
-5.65923 6.07191 -0.371738
-2.8533 -4.89082 -0.189105
-3.87777 -5.06792 -0.256107
-3.05952 -4.88824 -0.202627
-4.25132 -8.9509 -0.278117
-4.48644 -8.73283 -0.293609
-3.89576 -8.24216 -0.255685
-3.85159 -8.15344 -0.252884
-3.67393 -8.44403 -0.241057
-5.91677 -7.15154 -0.387794
-3.88127 -8.89373 -0.254133
-3.83969 -8.80383 -0.251517
-6.13831 -6.17807 -0.402734
-6.33201 -5.99212 -0.415353
-6.06606 -6.10874 -0.398085
-4.28865 -6.35038 -0.282569
-4.428 -6.14045 -0.291733
-1.57647 -9.83291 -0.103101
-3.3452 -7.72318 -0.220171
-0.948288 -9.90827 -0.0620168
-6.59638 -5.8652 -0.432513
-6.55565 -6.19313 -0.429736
-6.29037 -5.60555 -0.412782
-6.03463 -5.72322 -0.396184
-5.96042 -5.65586 -0.391393
-5.88627 -5.58842 -0.386603
-4.22885 -5.17997 -0.278985
-4.06278 -5.303 -0.268149
-4.52445 5.20077 -0.298228
-3.63177 4.75396 -0.240058
-3.63177 -4.75396 -0.240058
-4.84614 -4.9218 -0.319153
-4.68742 -5.06376 -0.308836
-4.7248 -5.42372 -0.311236
-9.05748 -4.70512 -0.592175
-6.93746 -5.79038 -0.45461
-7.01623 -5.85269 -0.45968
-8.57002 -5.494 -0.560303
-7.60368 -5.93922 -0.497621
-5.45839 -6.62403 -0.358453
-5.18269 -6.70578 -0.340521
-5.24546 -6.78329 -0.344548
-6.283 -6.31653 -0.412033
-6.48104 -6.12619 -0.424941
-6.21063 -6.24733 -0.407383
-5.58945 -6.00024 -0.367241
-5.32875 -6.09002 -0.350296
-4.6184 4.99138 -0.304347
-4.45775 5.12638 -0.293893
-4.25798 4.90292 -0.280891
-5.12693 -5.86836 -0.33727
-5.19415 -5.9423 -0.341611
-5.86889 -6.28661 -0.385234
-6.93717 -6.9365 -0.453919
-6.34598 -7.19104 -0.415521
-6.6424 -7.06929 -0.434775
-6.57176 -6.99844 -0.430267
-6.71854 -6.73043 -0.43995
-6.42793 -6.45475 -0.421336
-5.9402 -7.63243 -0.388897
-7.36542 -6.50974 -0.481888
-6.57311 -6.59271 -0.430642
-3.40945 -6.72172 -0.224987
-3.38103 -5.04192 -0.223661
-3.47977 -4.85925 -0.230129
-3.69321 4.8325 -0.244069
-3.56931 -6.08317 -0.23573
-5.05978 -5.79437 -0.332929
-4.99267 -5.72034 -0.32859
-4.87348 -5.94208 -0.320781
-4.6184 -4.99139 -0.304347
-3.77474 -5.26061 -0.249365
-3.93939 -5.14632 -0.26012
-3.6633 -5.45174 -0.242054
-3.65146 -5.80797 -0.241192
-3.86816 6.14151 -0.255234
-3.83323 5.69724 -0.253096
-4.17447 6.18732 -0.275197
-4.30877 5.98082 -0.284024
-4.00361 5.94244 -0.264144
-4.42169 5.40905 -0.291517
-4.24821 5.53774 -0.280197
-4.35736 5.33274 -0.287339
-3.88997 5.77901 -0.256778
-3.89306 5.42091 -0.257062
-3.71989 5.53361 -0.245734
-4.762 8.59496 -0.31163
-4.71164 8.50939 -0.308456
-4.97993 8.36496 -0.326001
-5.03307 8.44893 -0.329355
-4.71529 7.94447 -0.309244
-4.48645 8.73283 -0.293609
-6.04834 7.30175 -0.396184
-5.81329 7.47851 -0.380827
-3.63549 9.09624 -0.237948
-4.11751 8.68535 -0.2697
-3.63162 7.70938 -0.238891
-4.57852 7.22159 -0.300939
-4.29525 7.26962 -0.282472
-4.52353 7.13873 -0.297418
-4.19087 7.10053 -0.275787
-3.5482 6.98493 -0.233918
-3.58781 7.62049 -0.236094
-3.54405 7.53157 -0.233298
-3.82717 7.5106 -0.251796
-3.87387 7.5981 -0.254778
-3.78054 7.42306 -0.248814
-4.10823 8.03519 -0.269698
-7.60368 5.93921 -0.497621
-7.33186 6.10127 -0.47997
-6.77982 6.39358 -0.444127
-6.57311 6.59271 -0.430642
-6.50049 6.52376 -0.425989
-6.34598 7.19104 -0.415521
-4.74767 7.00105 -0.312085
-4.69009 6.91985 -0.308393
-5.26288 6.39716 -0.345889
-4.99476 6.47299 -0.328444
-5.19783 6.32143 -0.341702
-5.20882 7.17385 -0.341908
-5.43415 7.01549 -0.356634
-5.11999 6.62823 -0.336495
-5.32799 6.47283 -0.350076
-4.34754 7.35411 -0.285816
-4.74502 6.16193 -0.312351
-4.45229 7.52297 -0.292506
-4.63359 7.3044 -0.304459
-3.96421 7.22143 -0.260933
-3.73396 7.33549 -0.245834
-4.0136 7.30754 -0.264096
-5.13285 6.24566 -0.337517
-5.32875 6.09002 -0.350296
-5.39613 6.1638 -0.354639
-5.24547 6.78328 -0.344548
-6.70147 5.60304 -0.439402
-4.31012 5.61591 -0.284214
-4.79169 5.49794 -0.315574
-4.85863 5.57212 -0.319912
-4.96403 5.35279 -0.326795
-4.55051 5.56157 -0.299875
-4.61499 5.63776 -0.304055
-4.49618 5.85018 -0.296269
-4.80877 5.86606 -0.316598
-5.05978 5.79437 -0.332929
-5.24146 5.64106 -0.344765
-5.17202 5.56906 -0.340271
-5.70565 5.76126 -0.37485
-5.51975 5.9285 -0.362744
-5.45009 5.85672 -0.358248
-5.53107 6.31122 -0.363328
-5.63373 5.6916 -0.370206
-5.58945 6.00024 -0.367241
-3.00597 -4.80445 -0.199124
-2.95247 -4.72064 -0.195621
-2.90416 -4.97616 -0.192432
-3.79814 -8.71393 -0.248901
-4.20665 -8.86241 -0.275311
-4.534 -8.81988 -0.296602
-3.80747 -8.06468 -0.250084
-4.06122 -7.94784 -0.266713
-4.01431 -7.86045 -0.263728
-3.75668 -8.62399 -0.246285
-3.71528 -8.53402 -0.243671
-2.81268 -9.57066 -0.183939
-5.03308 -8.44893 -0.329355
-5.35532 -8.37714 -0.350299
-6.07908 -6.50079 -0.398736
-6.00896 -6.42945 -0.394234
-3.92062 -7.68559 -0.25776
-4.11257 -7.47965 -0.270424
-4.06305 -7.39361 -0.26726
-4.80877 -5.86607 -0.316598
-4.24921 -5.90095 -0.28017
-4.43411 -5.77213 -0.29225
-4.37209 -5.69404 -0.288232
-3.93092 -6.67721 -0.259085
-3.71807 -6.79043 -0.245128
-3.76719 -6.87669 -0.248287
-4.19482 -6.64078 -0.276314
-3.98279 -6.76195 -0.262424
-4.03472 -6.84665 -0.265763
-4.59118 -5.27513 -0.302563
-4.35736 -5.33274 -0.287339
-4.45775 -5.12638 -0.293893
-4.24821 -5.53774 -0.280197
-4.18635 -5.45954 -0.27618
-4.25798 -4.90291 -0.280891
-3.9724 4.87397 -0.262283
-3.9084 4.79738 -0.258109
-3.71566 -5.1804 -0.245516
-4.84614 4.9218 -0.319153
-7.68471 -5.99874 -0.502826
-6.67302 -5.92996 -0.437448
-7.64842 -6.34872 -0.50027
-5.86951 -6.67881 -0.385061
-6.14928 -6.57206 -0.403238
-6.50049 -6.52376 -0.425988
-6.77982 -6.39358 -0.444127
-6.92958 -6.52688 -0.453724
-5.68663 -7.32439 -0.37276
-5.8511 -7.07634 -0.3836
-5.56026 -7.17004 -0.364695
-4.9175 -4.99203 -0.323791
-5.17202 -5.56907 -0.340271
-5.24146 -5.64106 -0.344765
-5.328 -6.47283 -0.350076
-5.26289 -6.39715 -0.345889
-4.93824 -6.01804 -0.324964
-6.4065 -6.05919 -0.420146
-7.21114 -6.38138 -0.472008
-7.28825 -6.4456 -0.476948
-7.56919 -6.28697 -0.495195
-7.84693 -6.11758 -0.513237
-8.12103 -5.93753 -0.531049
-7.00455 -6.59343 -0.458524
-7.07958 -6.65991 -0.463324
-3.86557 -7.04913 -0.254609
-3.81636 -6.96292 -0.251448
-3.64097 -7.16027 -0.239874
-3.50034 -7.44262 -0.230503
-0.632681 -9.93185 -0.0413773
-3.22041 5.13942 -0.213138
-3.16674 5.05572 -0.209634
-3.37575 -6.18577 -0.223028
-4.93223 -6.3953 -0.324419
-4.72712 -6.53879 -0.311017
-3.97682 -6.30807 -0.262258
-4.11746 -6.10573 -0.271512
-3.92246 -6.2248 -0.258745
-4.34582 -6.43185 -0.286256
-3.70555 -5.89141 -0.244702
-4.36835 -6.06066 -0.287878
-4.30876 -5.98082 -0.284024
-4.12454 5.38129 -0.272165
-4.07091 5.6611 -0.268614
-4.92686 8.28095 -0.322648
-5.38539 7.89118 -0.352746
-4.50476 7.60735 -0.295852
-4.74389 7.46991 -0.311503
-3.45564 6.80949 -0.227964
-4.06306 7.39361 -0.26726
-3.71807 6.79043 -0.245128
-3.67551 7.79824 -0.241688
-3.85159 8.15344 -0.252884
-7.44266 6.57381 -0.48683
-6.98016 6.18832 -0.457192
-6.9033 6.12382 -0.452255
-6.27771 7.11804 -0.411167
-5.74992 7.40148 -0.376793
-5.08801 7.01537 -0.334181
-5.30829 6.86074 -0.348576
-5.49717 7.09279 -0.360664
-5.65444 6.85043 -0.371023
-4.90729 6.77728 -0.322596
-3.98279 6.76195 -0.262424
-4.03473 6.84664 -0.265763
-3.81636 6.96293 -0.251448
-4.40305 6.51329 -0.289944
-4.63256 6.83862 -0.304702
-4.21179 7.65163 -0.276755
-4.08671 6.93131 -0.269104
-4.62049 6.00614 -0.304309
-4.48772 6.2202 -0.295588
-7.84693 6.11758 -0.513237
-3.9724 -4.87397 -0.262283
-4.92563 5.64625 -0.32425
-4.99268 5.72034 -0.32859
-4.67953 5.71391 -0.308235
-5.39316 6.54845 -0.354264
-5.93737 6.75216 -0.38941
-4.5751 6.75735 -0.301011
-4.78711 6.61833 -0.314876
-5.05735 6.55063 -0.332469
-5.86889 6.28661 -0.385234
-5.79894 6.2151 -0.380734
-6.06606 6.10874 -0.398085
-5.77762 5.83087 -0.379496
-6.13831 6.17807 -0.402734
-6.13769 5.47535 -0.40292
-4.55729 -7.69169 -0.299198
-4.50476 -7.60735 -0.295852
-4.31124 -7.82347 -0.283089
-3.93999 -8.33085 -0.258486
-6.21953 -6.64328 -0.407741
-4.07304 -8.59677 -0.266895
-4.29681 -8.38428 -0.281648
-4.11751 -8.68534 -0.269699
-2.5069 -9.65003 -0.163944
-3.48125 -8.73166 -0.228247
-3.67549 -7.79825 -0.241688
-3.87387 -7.59811 -0.254777
-4.21179 -7.65163 -0.276755
-4.34753 -7.35411 -0.285816
-4.16215 -7.56566 -0.273589
-3.63264 -8.35401 -0.238444
-5.24354 -8.21259 -0.343238
-5.93737 -6.75216 -0.38941
-5.78548 -7.0011 -0.379407
-4.97864 -7.32537 -0.326859
-4.6887 -7.38718 -0.307981
-4.79914 -7.5526 -0.315026
-6.13769 -5.47535 -0.40292
-5.59019 -5.31815 -0.367449
-4.31013 -5.61591 -0.284214
-4.10052 -5.02705 -0.270633
-3.60675 -5.36984 -0.238374
-4.7565 -5.13609 -0.313325
-6.90329 -6.12383 -0.452255
-5.53108 -6.31122 -0.363327
-5.79894 -6.2151 -0.380734
-6.35544 -6.38567 -0.416684
-5.31095 -5.713 -0.349258
-4.68272 -6.08406 -0.308329
-5.84964 -5.90042 -0.384142
-5.02081 -7.88294 -0.329125
-4.82094 -8.11278 -0.315944
-5.07637 -7.96543 -0.332652
-4.96529 -7.80042 -0.325599
-4.71529 -7.94446 -0.309243
-4.76809 -8.02864 -0.312594
-3.59455 -7.07262 -0.236896
-3.96744 -7.77303 -0.260744
-3.38104 5.04191 -0.223661
-3.18125 5.83963 -0.210412
-3.21019 5.48766 -0.212404
-4.0036 -5.94245 -0.264144
-4.06051 -6.02411 -0.267828
-5.3905 -7.41122 -0.353505
-5.32988 -7.33214 -0.349638
-4.86977 -6.31756 -0.320396
-5.13285 -6.24565 -0.337517
-3.82717 -7.5106 -0.251795
-4.0136 -7.30754 -0.264096
-5.06792 -6.16984 -0.333332
-5.26142 -6.01618 -0.345953
-4.67953 -5.71391 -0.308235
-4.52444 -5.20078 -0.298227
-3.86816 -6.14151 -0.255233
-3.7597 -5.97481 -0.248212
-4.07091 -5.6611 -0.268614
-3.88997 -5.77902 -0.256778
-4.13029 -5.74109 -0.272465
-4.96403 -5.35279 -0.326795
-3.62 6.61781 -0.23881
-4.1303 5.74108 -0.272465
-4.18635 5.45953 -0.27618
-4.10053 5.02705 -0.270632
-4.03644 4.95053 -0.266457
-3.31255 5.65795 -0.219066
-4.39988 7.43856 -0.28916
-4.6887 7.38717 -0.307981
-3.93092 6.67721 -0.259085
-6.92958 6.52688 -0.453724
-6.85467 6.46026 -0.448925
-6.48104 6.12619 -0.424941
-7.05709 6.25274 -0.46213
-7.07958 6.65991 -0.463324
-7.00455 6.59343 -0.458524
-6.71854 6.73043 -0.43995
-6.43067 6.85657 -0.421254
-6.6458 6.6616 -0.435296
-5.98252 7.22668 -0.391989
-5.57279 7.64814 -0.365109
-6.36023 6.78553 -0.416749
-6.57176 6.99844 -0.430267
-5.68664 7.32438 -0.372759
-4.86304 7.16329 -0.319471
-5.14839 7.09463 -0.338044
-5.37119 6.93814 -0.352605
-4.59118 5.27513 -0.302563
-4.06277 5.303 -0.268149
-5.93889 6.35805 -0.389734
-6.28985 6.71444 -0.412245
-6.00896 6.42945 -0.394234
-6.283 6.31653 -0.412033
-6.07909 6.50079 -0.398736
-5.66627 6.45842 -0.372019
-4.93224 6.39529 -0.32442
-4.86977 6.31755 -0.320396
-5.26142 6.01618 -0.345953
-5.19415 5.9423 -0.341611
-5.38049 5.78488 -0.353753
-6.1089 5.79054 -0.400975
-5.84964 5.90042 -0.384142
-6.55565 6.19313 -0.429736
-5.57278 -7.64814 -0.365109
-5.51195 -7.56922 -0.36124
-5.26884 -7.72976 -0.345346
-4.10823 -8.03519 -0.269698
-3.5914 -8.26397 -0.235832
-5.45009 -5.85672 -0.358248
-5.80169 -6.6054 -0.380713
-4.03644 -4.95053 -0.266457
-4.29308 -5.25638 -0.283162
-7.13408 -6.3171 -0.467068
-4.79169 -5.49794 -0.315573
-4.45229 -7.52298 -0.292506
-4.39989 -7.43856 -0.28916
-4.87387 -8.19689 -0.319296
-4.57509 -6.75735 -0.301011
-4.14023 -6.55766 -0.272799
-4.41371 -6.9729 -0.290381
-4.19086 -7.10054 -0.275787
-4.24303 -7.1851 -0.279129
-4.17446 -6.18732 -0.275197
-1.26297 -9.87528 -0.0825982
-3.42704 -7.90354 -0.225389
-5.71993 -6.9258 -0.375214
-3.68744 -7.24789 -0.242854
-4.0867 -6.93131 -0.269104
-4.24946 -6.72386 -0.279829
-4.23153 -6.26887 -0.278883
-4.0857 -6.4745 -0.269284
-4.68273 6.08406 -0.308329
-4.28865 6.35038 -0.282569
-4.34583 6.43185 -0.286256
-4.24946 6.72386 -0.27983
-4.46034 6.59468 -0.293632
-6.21063 6.24733 -0.407383
-5.51196 7.56921 -0.36124
-6.79136 6.79918 -0.444606
-6.50118 6.92754 -0.42576
-4.92081 7.24435 -0.323165
-4.19481 6.64078 -0.276314
-4.29308 5.25637 -0.283161
-5.00305 6.09396 -0.329147
-5.06792 6.16984 -0.333331
-4.74413 5.79001 -0.312416
-5.59864 6.38484 -0.367673
-6.21953 6.64328 -0.407741
-6.14928 6.57206 -0.403238
-6.35544 6.38567 -0.416684
-5.1827 6.70578 -0.340521
-5.92173 5.96992 -0.388789
-4.20239 -8.2098 -0.275671
-4.15527 -8.12252 -0.272684
-3.98428 -8.41952 -0.261288
-5.13203 -8.04786 -0.33618
-4.46091 -8.08097 -0.292596
-4.24957 -8.29705 -0.278659
-3.63164 -7.70937 -0.238891
-5.58904 -6.77501 -0.366832
-5.3083 -6.86073 -0.348576
-5.37119 -6.93814 -0.352604
-4.69009 -6.91986 -0.308393
-4.63257 -6.83861 -0.304701
-5.19784 -6.32143 -0.341702
-4.615 -5.63775 -0.304055
-4.55052 -5.56156 -0.299875
-4.12454 -5.38129 -0.272164
-5.99386 -6.03936 -0.393436
-7.49002 -6.22515 -0.490119
-7.76578 -6.0582 -0.508031
-4.26149 -7.73756 -0.279922
-5.09453 -7.48727 -0.334252
-4.90984 -7.71786 -0.322073
-5.15257 -7.56814 -0.337949
-4.51093 -8.16672 -0.295766
-4.56101 -8.25244 -0.298937
-4.90728 -6.77729 -0.322596
-3.00597 4.80445 -0.199124
-4.60989 -7.77599 -0.302546
-4.41096 -7.99517 -0.289426
-4.63358 -7.3044 -0.304459
-4.40305 -6.51329 -0.289944
-4.13876 -7.01594 -0.272445
-3.91486 -7.1353 -0.257771
-4.29525 -7.26962 -0.282472
-4.52352 -7.13873 -0.297419
-4.18973 -5.82104 -0.276317
-4.62048 -6.00615 -0.304308
-3.77563 6.42281 -0.249072
-4.14024 6.55765 -0.272799
-4.23154 6.26886 -0.278883
-4.84717 6.69783 -0.318735
-4.34412 -8.47147 -0.284637
-4.39149 -8.55862 -0.287627
-4.76199 -8.59496 -0.31163
-3.46805 -7.99368 -0.227998
-5.32708 -7.8105 -0.349045
-5.74993 -7.40147 -0.376792
-5.49718 -7.09279 -0.360664
-5.43415 -7.01549 -0.356634
-5.11999 -6.62824 -0.336494
-6.85467 -6.46026 -0.448925
-4.02863 -8.50816 -0.264091
-5.45119 -7.49025 -0.357372
-5.21067 -7.64897 -0.341647
-5.26931 -7.25302 -0.345773
-5.03655 -7.40634 -0.330555
-5.52368 -6.69955 -0.362642
-5.65445 -6.85043 -0.371023
-3.96419 -7.22144 -0.260933
-4.51769 -6.67603 -0.297321
-4.3589 -6.88993 -0.286863
-4.46033 -6.59469 -0.293632
-4.30415 -6.80691 -0.283346
-4.36106 -7.90934 -0.286257
-4.85446 -7.63525 -0.318549
-4.9208 -7.24436 -0.323165
-4.96747 -6.85668 -0.326457
-4.80533 -7.08219 -0.315777
-5.0277 -6.93605 -0.330318
-4.66256 -7.86024 -0.305894
-5.14838 -7.09464 -0.338044
-4.86303 -7.16329 -0.319471
-5.08801 -7.01537 -0.334181
-4.74769 -7.00104 -0.312084
-4.46859 -7.05583 -0.293899
-4.57853 -7.22158 -0.300938
-5.20881 -7.17385 -0.341908
3  0 1 2
3  3 4 5
3  6 7 8
3  9 10 11
3  12 3 13
3  11 14 15
3  7 12 16
3  17 18 19
3  20 21 22
3  23 24 25
3  26 27 28
3  29 30 31
3  32 33 34
3  30 35 36
3  37 38 39
3  40 41 42
3  43 44 45
3  46 2 47
3  48 49 50
3  13 51 52
3  53 14 54
3  55 35 24
3  56 57 58
3  40 59 60
3  20 61 62
3  41 63 62
3  64 7 65
3  9 27 10
3  66 67 68
3  33 32 69
3  63 41 40
3  70 21 71
3  42 72 38
3  73 74 75
3  3 12 0
3  8 64 76
3  57 30 11
3  4 3 46
3  0 12 77
3  1 0 78
3  22 70 79
3  80 51 81
3  18 82 19
3  83 84 85
3  86 87 88
3  89 90 91
3  92 93 94
3  95 31 96
3  75 97 98
3  99 100 58
3  101 42 38
3  61 41 62
3  59 102 103
3  63 40 104
3  26 105 106
3  107 27 26
3  108 109 110
3  111 67 82
3  112 113 39
3  114 115 68
3  116 117 93
3  117 118 93
3  22 21 70
3  37 113 50
3  111 18 52
3  49 48 119
3  5 4 120
3  52 51 80
3  93 118 121
3  122 123 124
3  30 36 19
3  125 126 127
3  30 57 31
3  128 129 130
3  12 7 77
3  131 132 133
3  18 111 82
3  90 134 135
3  74 30 19
3  12 18 17
3  14 11 54
3  10 99 136
3  137 138 139
3  23 25 140
3  81 112 39
3  22 141 142
3  60 107 143
3  107 26 106
3  41 72 42
3  40 116 144
3  10 27 145
3  146 33 69
3  105 146 147
3  105 26 146
3  14 53 135
3  27 9 34
3  21 20 90
3  15 14 148
3  117 116 101
3  116 40 101
3  118 5 149
3  47 2 150
3  151 72 141
3  72 41 141
3  13 3 48
3  118 117 152
3  117 101 153
3  117 153 152
3  46 3 154
3  3 0 2
3  56 155 156
3  139 100 157
3  158 35 159
3  158 159 160
3  159 30 161
3  35 30 159
3  102 162 163
3  159 29 164
3  0 77 78
3  165 166 167
3  168 17 19
3  112 51 113
3  30 74 169
3  73 75 98
3  170 53 73
3  91 90 171
3  164 29 172
3  173 168 174
3  55 168 19
3  168 12 17
3  100 99 175
3  162 102 176
3  99 27 175
3  27 107 177
3  178 80 81
3  113 37 39
3  61 20 179
3  20 22 179
3  62 106 147
3  106 105 147
3  62 63 143
3  143 63 104
3  59 144 180
3  59 40 144
3  146 69 134
3  69 32 134
3  33 146 34
3  146 26 34
3  99 57 136
3  73 53 181
3  14 135 148
3  9 11 15
3  91 135 182
3  134 32 135
3  90 20 183
3  90 183 134
3  184 49 153
3  101 40 42
3  144 116 180
3  116 93 180
3  41 61 141
3  141 61 142
3  49 37 50
3  51 13 48
3  38 37 184
3  37 49 184
3  38 72 39
3  72 151 39
3  121 149 185
3  121 186 187
3  2 1 188
3  118 149 121
3  189 190 191
3  65 131 133
3  12 168 16
3  16 192 132
3  36 35 19
3  82 74 19
3  158 160 193
3  122 55 123
3  57 99 58
3  194 195 196
3  18 12 52
3  12 13 52
3  11 30 54
3  82 67 66
3  115 66 68
3  178 114 68
3  169 74 73
3  170 98 197
3  114 71 198
3  21 90 89
3  199 158 193
3  35 158 24
3  35 55 19
3  200 201 202
3  59 180 92
3  180 93 92
3  175 27 177
3  107 60 203
3  107 203 137
3  204 205 206
3  115 114 198
3  114 70 71
3  61 179 142
3  179 22 142
3  146 20 147
3  20 62 147
3  60 59 203
3  203 59 103
3  107 106 143
3  106 62 143
3  183 20 134
3  134 20 207
3  27 34 28
3  34 26 28
3  32 34 15
3  34 9 15
3  27 99 145
3  99 10 145
3  30 169 54
3  53 54 181
3  48 3 119
3  3 5 119
3  5 118 208
3  119 5 208
3  151 141 39
3  51 112 81
3  3 2 154
3  2 46 154
3  209 210 211
3  93 121 212
3  213 214 215
3  149 5 120
3  188 1 216
3  56 217 218
3  92 94 219
3  188 220 221
3  30 29 161
3  29 159 161
3  31 57 96
3  57 56 96
3  100 155 58
3  155 56 58
3  97 75 222
3  66 97 223
3  224 225 226
3  128 100 139
3  102 138 137
3  138 128 139
3  107 137 177
3  137 175 177
3  52 80 227
3  80 178 227
3  40 60 104
3  60 143 104
3  207 20 228
3  146 134 207
3  57 11 136
3  11 10 136
3  54 169 181
3  169 73 181
3  135 53 182
3  89 91 229
3  135 32 148
3  32 15 148
3  184 153 230
3  153 101 230
3  1 78 231
3  16 168 192
3  189 46 232
3  46 47 232
3  121 233 234
3  120 4 235
3  100 175 157
3  155 100 128
3  2 236 237
3  56 95 96
3  238 239 240
3  241 55 242
3  243 244 245
3  55 246 123
3  46 189 191
3  24 158 25
3  241 242 247
3  248 249 250
3  97 115 198
3  97 66 115
3  71 21 198
3  21 89 198
3  97 198 98
3  89 170 197
3  75 74 251
3  73 98 252
3  97 82 223
3  82 66 223
3  102 137 103
3  137 203 103
3  67 111 68
3  111 52 227
3  178 81 253
3  81 70 253
3  22 81 39
3  141 22 39
3  20 146 228
3  146 207 228
3  90 135 171
3  135 91 171
3  53 170 182
3  91 182 229
3  182 170 229
3  170 89 229
3  153 49 152
3  118 152 208
3  101 38 230
3  38 184 230
3  188 236 254
3  31 255 256
3  199 193 257
3  258 259 260
3  47 261 190
3  262 263 264
3  31 265 266
3  267 268 133
3  173 174 86
3  269 270 271
3  272 273 274
3  140 275 276
3  124 123 277
3  278 155 279
3  55 24 280
3  24 23 243
3  78 77 225
3  211 281 282
3  283 77 284
3  285 286 287
3  288 289 290
3  291 292 108
3  293 294 295
3  296 297 298
3  74 82 251
3  75 251 222
3  121 185 299
3  295 300 301
3  302 303 304
3  305 306 307
3  308 309 310
3  311 312 313
3  130 314 315
3  316 317 318
3  175 137 157
3  137 139 157
3  111 227 68
3  227 178 68
3  70 81 79
3  81 22 79
3  70 114 319
3  114 178 319
3  113 51 50
3  51 48 50
3  152 49 208
3  49 119 208
3  120 235 320
3  321 322 323
3  236 2 254
3  188 254 324
3  127 126 325
3  326 327 328
3  77 7 6
3  168 200 329
3  330 331 332
3  217 56 156
3  188 333 220
3  334 335 336
3  337 338 339
3  340 341 342
3  343 168 344
3  345 173 86
3  168 55 174
3  55 241 174
3  242 55 346
3  55 122 346
3  242 346 247
3  347 348 349
3  246 55 350
3  55 125 350
3  25 158 351
3  158 199 351
3  292 352 109
3  353 172 354
3  355 356 220
3  220 356 221
3  357 358 359
3  25 360 275
3  29 327 326
3  29 31 327
3  98 198 197
3  198 89 197
3  98 170 252
3  170 73 252
3  251 82 222
3  82 97 222
3  361 362 363
3  149 120 364
3  235 4 365
3  366 367 368
3  149 364 369
3  187 213 370
3  371 372 373
3  94 374 375
3  373 372 376
3  92 377 378
3  379 380 381
3  138 102 382
3  102 59 210
3  59 92 210
3  92 312 311
3  93 371 373
3  70 319 253
3  319 178 253
3  2 261 150
3  261 47 150
3  236 261 237
3  261 2 237
3  254 2 324
3  2 188 324
3  1 333 216
3  333 188 216
3  333 1 220
3  1 355 220
3  345 86 88
3  192 168 383
3  7 64 8
3  192 268 132
3  384 385 386
3  387 388 389
3  202 201 347
3  330 31 331
3  125 55 126
3  164 172 353
3  390 391 392
3  393 29 326
3  344 168 345
3  168 173 345
3  296 394 395
3  393 326 396
3  352 29 397
3  29 393 397
3  217 156 398
3  327 31 399
3  400 269 401
3  402 403 404
3  405 406 407
3  377 308 378
3  408 133 409
3  186 213 187
3  212 410 411
3  93 412 413
3  414 415 416
3  93 417 418
3  419 420 421
3  422 423 424
3  425 426 427
3  428 429 430
3  163 162 431
3  410 432 411
3  355 1 356
3  1 231 356
3  433 434 435
3  190 261 436
3  344 345 88
3  346 124 247
3  64 65 133
3  7 16 131
3  128 437 438
3  439 440 441
3  31 330 442
3  331 31 266
3  243 140 244
3  243 23 140
3  443 444 445
3  31 446 447
3  448 449 450
3  165 451 452
3  140 453 244
3  55 280 126
3  156 155 454
3  455 456 457
3  78 225 224
3  458 274 459
3  284 77 460
3  64 133 76
3  189 232 190
3  232 47 190
3  172 29 292
3  29 352 292
3  331 266 461
3  399 31 256
3  4 462 463
3  4 46 462
3  149 464 205
3  312 465 313
3  128 130 322
3  186 121 299
3  121 466 410
3  466 432 410
3  92 423 422
3  93 467 468
3  467 469 470
3  423 92 471
3  472 473 474
3  210 281 211
3  475 476 477
3  476 478 477
3  102 210 176
3  210 209 176
3  56 479 480
3  84 481 482
3  483 440 484
3  138 485 486
3  487 488 226
3  201 348 347
3  200 168 201
3  348 201 489
3  132 268 267
3  16 132 490
3  128 44 43
3  322 130 323
3  25 351 360
3  351 199 360
3  453 280 245
3  244 453 245
3  491 492 493
3  494 495 496
3  497 447 498
3  56 499 500
3  247 124 166
3  346 122 124
3  325 453 388
3  388 453 259
3  501 165 448
3  123 246 277
3  280 24 245
3  24 243 245
3  225 77 502
3  77 283 503
3  261 236 436
3  236 188 436
3  120 504 403
3  149 505 506
3  46 507 508
3  509 508 510
3  365 511 512
3  4 511 365
3  432 466 234
3  466 121 234
3  513 316 514
3  212 121 410
3  213 186 214
3  306 515 516
3  213 215 370
3  233 121 187
3  186 299 214
3  185 517 518
3  519 520 521
3  138 522 523
3  92 219 471
3  470 469 524
3  209 211 525
3  526 211 282
3  210 527 528
3  473 528 474
3  527 529 293
3  530 531 532
3  533 534 535
3  536 537 538
3  539 540 541
3  149 542 505
3  543 544 545
3  128 138 44
3  546 77 547
3  77 6 547
3  409 548 458
3  76 133 408
3  383 329 202
3  168 329 383
3  343 348 489
3  343 344 348
3  132 131 490
3  131 16 490
3  275 360 549
3  360 199 257
3  276 275 549
3  140 25 275
3  257 193 550
3  479 380 379
3  551 552 553
3  156 554 398
3  555 556 557
3  558 559 560
3  561 562 563
3  564 565 566
3  330 332 298
3  567 568 569
3  570 571 572
3  396 326 328
3  399 256 573
3  256 255 573
3  265 574 358
3  334 461 358
3  446 31 575
3  31 95 575
3  246 350 277
3  576 577 578
3  241 247 579
3  247 86 579
3  580 202 349
3  202 347 349
3  581 582 583
3  385 155 584
3  585 586 587
3  588 589 590
3  591 581 592
3  593 594 305
3  369 364 402
3  504 120 320
3  595 596 597
3  364 120 403
3  46 191 598
3  598 191 85
3  46 599 600
3  601 600 509
3  504 320 602
3  512 603 604
3  235 365 512
3  511 4 463
3  605 411 606
3  607 302 304
3  205 608 206
3  513 609 286
3  610 611 612
3  312 613 614
3  418 615 616
3  212 617 618
3  611 610 619
3  620 468 621
3  285 622 286
3  93 623 624
3  423 625 626
3  627 374 519
3  628 526 629
3  211 526 525
3  210 528 473
3  282 472 630
3  610 631 632
3  633 611 619
3  529 478 294
3  634 635 636
3  210 637 638
3  639 476 475
3  190 436 221
3  436 188 221
3  481 84 83
3  435 640 641
3  642 643 630
3  644 163 645
3  646 647 648
3  649 486 650
3  651 523 652
3  523 522 653
3  321 654 655
3  545 656 657
3  130 129 314
3  129 128 314
3  138 658 659
3  659 658 660
3  661 588 662
3  502 663 226
3  6 8 76
3  503 283 663
3  7 131 65
3  132 267 133
3  329 200 202
3  268 192 383
3  268 202 664
3  268 383 202
3  87 348 88
3  348 344 88
3  201 168 489
3  168 343 489
3  193 160 665
3  354 172 291
3  666 667 668
3  499 669 500
3  670 218 671
3  398 554 672
3  673 674 675
3  155 384 454
3  676 677 269
3  438 437 678
3  679 680 577
3  446 575 681
3  682 582 683
3  386 684 685
3  31 442 686
3  442 297 686
3  687 335 688
3  395 689 690
3  332 461 336
3  447 446 498
3  688 335 691
3  336 687 394
3  692 693 694
3  297 695 696
3  31 447 496
3  495 574 496
3  277 350 697
3  350 125 127
3  86 174 579
3  174 241 579
3  124 277 698
3  276 699 259
3  258 700 388
3  698 701 167
3  389 700 702
3  703 238 704
3  608 464 705
3  706 204 206
3  707 390 708
3  87 449 709
3  510 598 85
3  507 46 598
3  599 508 509
3  599 46 508
3  463 462 512
3  462 46 600
3  710 711 712
3  713 615 714
3  715 716 717
3  718 719 720
3  721 514 722
3  233 187 370
3  403 504 404
3  404 504 602
3  149 706 723
3  609 215 724
3  633 619 725
3  377 92 726
3  619 532 725
3  726 727 728
3  614 613 729
3  312 92 613
3  730 731 612
3  612 732 733
3  611 633 734
3  312 614 465
3  735 634 636
3  617 615 736
3  417 615 418
3  617 417 618
3  93 413 469
3  413 412 737
3  623 635 624
3  735 738 634
3  615 713 616
3  372 739 376
3  740 467 470
3  741 742 743
3  94 620 374
3  744 745 521
3  746 747 748
3  219 94 375
3  732 749 750
3  751 752 753
3  754 431 755
3  756 628 757
3  281 472 282
3  162 176 758
3  643 526 630
3  526 282 630
3  472 281 473
3  281 210 473
3  474 528 293
3  528 527 293
3  637 475 477
3  638 637 477
3  420 419 309
3  759 429 301
3  637 210 475
3  210 639 475
3  356 231 760
3  231 78 760
3  761 274 458
3  762 763 409
3  190 221 226
3  83 488 487
3  221 356 226
3  481 83 487
3  273 84 764
3  765 239 238
3  643 766 767
3  530 768 769
3  632 770 768
3  771 772 773
3  774 587 775
3  776 777 778
3  779 485 780
3  781 782 783
3  784 660 785
3  649 786 787
3  788 755 789
3  522 138 382
3  437 322 790
3  437 128 322
3  315 544 791
3  323 130 315
3  792 783 793
3  543 545 657
3  128 794 795
3  795 794 545
3  786 658 787
3  658 138 787
3  796 44 797
3  44 138 798
3  580 765 799
3  664 580 799
3  709 239 800
3  765 580 349
3  801 708 802
3  803 804 805
3  806 669 807
3  808 809 810
3  56 218 670
3  398 672 811
3  217 398 811
3  218 217 811
3  812 813 814
3  454 384 815
3  384 155 385
3  278 279 584
3  437 790 678
3  816 817 818
3  322 321 790
3  819 790 820
3  56 821 559
3  821 555 559
3  497 567 494
3  500 669 380
3  822 823 553
3  824 825 815
3  826 480 827
3  479 500 380
3  296 695 297
3  255 297 696
3  461 334 336
3  332 331 461
3  461 266 358
3  266 265 358
3  828 829 830
3  831 830 339
3  335 687 336
3  332 336 394
3  297 442 298
3  442 330 298
3  688 444 443
3  832 828 833
3  358 574 359
3  834 835 836
3  126 280 325
3  280 453 325
3  166 124 698
3  837 674 838
3  86 247 501
3  247 166 501
3  276 549 839
3  258 388 259
3  305 718 840
3  814 841 842
3  843 844 845
3  846 847 720
3  364 403 402
3  512 462 601
3  452 813 848
3  765 349 800
3  501 166 165
3  388 700 389
3  812 849 850
3  360 257 851
3  852 370 853
3  367 366 854
3  737 412 855
3  738 624 634
3  400 715 717
3  735 636 856
3  607 304 857
3  846 594 361
3  432 234 370
3  234 233 370
3  858 362 859
3  542 149 369
3  320 235 602
3  205 464 608
3  149 205 204
3  402 404 860
3  149 723 517
3  215 214 724
3  308 377 728
3  726 92 311
3  530 769 861
3  478 476 862
3  377 726 728
3  863 633 725
3  864 751 865
3  423 471 625
3  866 419 421
3  530 867 768
3  422 749 868
3  613 92 422
3  752 869 753
3  731 865 870
3  613 868 729
3  614 734 465
3  871 872 873
3  617 212 411
3  417 93 618
3  93 212 618
3  615 417 736
3  417 617 736
3  372 371 874
3  371 93 874
3  413 737 524
3  519 620 875
3  635 623 373
3  623 93 373
3  615 617 714
3  876 714 873
3  93 624 877
3  624 738 877
3  620 94 468
3  94 93 468
3  471 869 625
3  753 869 878
3  374 620 519
3  520 519 875
3  879 880 881
3  745 744 882
3  374 627 375
3  471 219 869
3  526 628 525
3  628 209 525
3  757 629 883
3  651 652 884
3  630 472 885
3  472 474 885
3  293 529 294
3  886 887 888
3  529 527 638
3  527 210 638
3  420 889 421
3  478 890 294
3  774 891 892
3  866 421 893
3  225 502 226
3  760 78 224
3  77 503 502
3  503 663 502
3  77 546 460
3  663 283 284
3  83 190 226
3  488 83 226
3  754 894 895
3  769 886 888
3  896 897 898
3  522 899 900
3  901 902 903
3  904 905 711
3  906 907 892
3  908 909 910
3  911 912 913
3  914 915 916
3  596 917 918
3  367 919 920
3  138 651 921
3  779 792 793
3  922 653 923
3  894 924 895
3  656 45 925
3  926 927 928
3  102 163 644
3  929 930 931
3  314 544 315
3  543 932 933
3  657 656 925
3  934 935 819
3  935 790 819
3  544 543 791
3  936 937 938
3  939 940 941
3  544 314 545
3  794 128 43
3  44 796 45
3  796 897 45
3  314 795 545
3  314 128 795
3  649 787 486
3  787 138 486
3  658 786 660
3  798 138 659
3  663 284 942
3  546 547 942
3  202 580 664
3  240 943 662
3  481 487 226
3  76 408 944
3  348 87 349
3  239 765 800
3  945 397 946
3  947 948 949
3  830 831 950
3  354 951 952
3  953 954 955
3  956 592 957
3  958 159 195
3  675 959 960
3  379 381 961
3  557 556 962
3  380 669 806
3  479 56 500
3  670 671 963
3  499 56 670
3  809 964 965
3  965 671 966
3  967 849 968
3  155 278 584
3  270 269 400
3  934 819 969
3  970 971 590
3  972 934 973
3  440 974 441
3  249 438 678
3  279 155 438
3  155 128 438
3  975 976 977
3  821 56 975
3  338 831 339
3  978 558 979
3  980 981 982
3  983 341 962
3  984 953 985
3  986 808 987
3  988 989 401
3  990 270 400
3  262 991 992
3  811 672 966
3  993 680 953
3  480 479 827
3  297 255 686
3  255 31 686
3  695 573 696
3  573 255 696
3  994 567 569
3  995 996 997
3  337 339 998
3  341 999 342
3  444 688 691
3  335 334 357
3  296 298 394
3  298 332 394
3  394 687 395
3  687 688 1000
3  497 498 1001
3  338 337 1002
3  447 494 496
3  447 497 494
3  387 127 388
3  127 325 388
3  350 127 697
3  127 387 697
3  453 140 1003
3  140 276 1003
3  549 360 851
3  804 839 805
3  274 273 764
3  84 273 641
3  848 812 850
3  548 409 1004
3  588 590 704
3  970 433 1005
3  970 1006 847
3  1006 589 847
3  602 235 512
3  369 402 858
3  166 698 167
3  387 389 1007
3  449 87 450
3  86 501 448
3  699 804 260
3  1008 1009 1010
3  934 1011 973
3  943 1012 1013
3  449 452 1014
3  841 451 1015
3  1016 872 871
3  316 513 286
3  1017 854 514
3  366 606 852
3  540 1018 1019
3  919 304 1020
3  1021 1022 1023
3  919 854 1024
3  622 1025 1026
3  1025 316 1026
3  724 214 518
3  706 149 204
3  299 185 518
3  185 149 517
3  734 633 465
3  1027 727 1028
3  639 210 378
3  210 92 378
3  1027 1029 1030
3  1029 420 1030
3  727 1027 728
3  726 311 727
3  631 1031 632
3  311 313 1032
3  420 1029 889
3  862 476 310
3  308 728 1030
3  728 1027 1030
3  905 770 711
3  1033 428 1034
3  733 732 750
3  749 422 1035
3  868 749 729
3  613 422 868
3  904 711 710
3  611 1036 612
3  611 734 1036
3  869 752 625
3  734 729 1036
3  734 614 729
3  874 418 616
3  874 93 418
3  469 413 524
3  467 93 469
3  740 470 1037
3  1038 1039 1040
3  405 917 595
3  911 1041 912
3  370 215 853
3  713 714 876
3  624 635 634
3  636 635 1042
3  1043 524 1044
3  412 93 877
3  1045 1046 1037
3  1045 1037 1047
3  468 467 621
3  467 740 621
3  745 627 521
3  627 519 521
3  752 864 625
3  771 751 1048
3  522 382 899
3  1049 382 1050
3  1051 1052 1053
3  649 650 927
3  643 642 766
3  642 630 885
3  890 300 294
3  429 642 301
3  478 529 477
3  529 638 477
3  356 760 226
3  760 224 226
3  284 460 942
3  460 546 942
3  300 759 301
3  294 300 295
3  866 430 759
3  430 429 759
3  428 1054 766
3  766 1054 767
3  1055 746 1056
3  1057 1058 1059
3  769 768 886
3  905 906 887
3  1060 1061 907
3  1062 1057 1063
3  880 1039 1064
3  1037 524 1043
3  426 425 1065
3  1066 1038 1067
3  1068 1069 743
3  1041 1070 1068
3  1071 1072 1073
3  1074 776 778
3  871 605 368
3  304 303 1020
3  523 653 652
3  651 138 523
3  485 921 780
3  485 138 921
3  486 485 1075
3  485 779 1075
3  382 930 1050
3  382 102 644
3  321 323 654
3  323 315 654
3  1076 1022 457
3  1022 1021 457
3  1077 933 1078
3  655 791 1079
3  857 1080 1081
3  1019 302 1082
3  914 1083 1084
3  1085 1086 925
3  660 786 785
3  650 779 927
3  1087 1088 1089
3  940 939 1090
3  1091 784 1087
3  1092 941 1073
3  656 794 45
3  794 43 45
3  794 656 545
3  1086 657 925
3  44 798 797
3  646 796 797
3  133 762 409
3  664 763 762
3  1093 481 1094
3  482 1093 459
3  547 6 1095
3  6 76 1095
3  349 87 800
3  87 709 800
3  1096 353 354
3  1096 164 353
3  109 352 1097
3  393 396 1098
3  1099 1100 1101
3  1102 1103 1104
3  396 328 1105
3  327 399 1106
3  399 573 1106
3  1106 573 564
3  1107 983 1108
3  689 395 1000
3  1109 1110 1111
3  833 830 950
3  1010 1009 1112
3  1113 1114 1115
3  1116 1117 1118
3  1119 1120 1121
3  671 964 963
3  964 669 963
3  438 249 248
3  684 818 392
3  816 818 684
3  391 684 392
3  554 156 815
3  156 454 815
3  516 515 716
3  716 515 717
3  1122 1123 484
3  677 1011 988
3  1011 269 1124
3  238 240 704
3  1125 1123 1126
3  270 990 1127
3  1128 718 1129
3  719 594 720
3  971 970 1005
3  943 240 1130
3  1011 676 269
3  677 676 1011
3  790 321 820
3  934 972 1131
3  556 555 977
3  975 56 480
3  975 480 976
3  480 826 976
3  95 978 1132
3  95 56 978
3  1133 976 961
3  559 555 560
3  1134 446 681
3  1132 978 834
3  1135 1136 1107
3  999 1137 1138
3  1002 337 1139
3  1140 1141 1142
3  678 935 1143
3  678 790 935
3  672 554 825
3  1144 1009 1145
3  288 1146 1147
3  991 1148 992
3  556 977 1133
3  977 976 1133
3  984 1133 1149
3  1108 983 985
3  334 358 357
3  994 357 359
3  830 829 339
3  569 568 997
3  995 828 832
3  828 830 833
3  561 443 445
3  395 687 1000
3  446 1134 498
3  1150 1151 1152
3  1153 575 1154
3  1155 1001 1151
3  497 1001 1156
3  498 1134 1001
3  494 567 495
3  567 994 495
3  574 265 496
3  265 31 496
3  453 1003 259
3  1003 276 259
3  1157 1158 1159
3  674 1160 1161
3  719 718 305
3  594 719 305
3  274 761 435
3  761 433 435
3  434 433 847
3  433 970 847
3  511 463 512
3  1162 602 1163
3  608 844 206
3  464 149 506
3  705 858 859
3  462 600 601
3  813 451 841
3  1164 387 1007
3  277 697 1164
3  697 387 1164
3  87 86 450
3  86 448 450
3  290 1165 1166
3  259 699 260
3  1167 1168 1169
3  591 592 1170
3  1171 841 1015
3  839 1117 805
3  1172 802 1173
3  250 249 441
3  451 813 452
3  1014 452 848
3  1017 316 318
3  919 367 854
3  714 617 605
3  617 411 605
3  215 609 721
3  609 513 721
3  405 872 406
3  1025 1174 317
3  1024 1017 318
3  1076 1175 1022
3  622 285 843
3  593 305 307
3  1025 622 516
3  622 306 516
3  1026 316 286
3  622 1026 286
3  465 633 863
3  863 1028 1032
3  1029 1176 889
3  1177 889 531
3  866 890 419
3  309 419 862
3  309 862 310
3  476 639 310
3  1176 1029 1028
3  1029 1027 1028
3  531 1176 532
3  619 610 867
3  420 309 1030
3  309 308 1030
3  770 1031 711
3  882 772 771
3  1035 424 750
3  1035 422 424
3  731 1031 631
3  1031 770 632
3  882 744 1178
3  730 612 733
3  1179 772 1178
3  772 882 1178
3  1036 732 612
3  864 865 733
3  729 749 1036
3  749 732 1036
3  739 372 1180
3  372 874 616
3  412 877 855
3  880 1046 1181
3  877 738 855
3  738 735 855
3  635 739 1042
3  597 596 1182
3  739 635 376
3  635 373 376
3  372 616 1180
3  616 713 1180
3  620 621 875
3  740 1037 1183
3  878 375 1184
3  751 864 752
3  869 219 878
3  219 375 878
3  653 522 900
3  754 788 894
3  382 644 930
3  644 645 931
3  1185 176 756
3  899 1186 1187
3  1185 756 757
3  431 162 755
3  526 643 629
3  1054 1033 1188
3  885 474 295
3  474 293 295
3  1189 1033 1034
3  421 1177 893
3  629 643 767
3  1054 428 1033
3  300 890 759
3  890 866 759
3  1190 776 1191
3  1192 1061 1193
3  642 429 766
3  429 428 766
3  905 904 906
3  778 1055 1194
3  1061 1192 907
3  891 906 892
3  1018 917 405
3  1195 1196 1197
3  1070 1045 1068
3  427 414 1198
3  746 748 1199
3  521 520 1200
3  906 904 907
3  907 536 538
3  1039 1038 1064
3  746 1039 747
3  520 879 881
3  520 875 879
3  1201 742 1196
3  539 1202 1203
3  920 1016 871
3  606 366 368
3  921 792 780
3  792 779 780
3  931 645 1204
3  930 644 931
3  655 654 791
3  654 315 791
3  1025 516 716
3  1205 1128 1129
3  1023 989 969
3  655 456 455
3  915 914 1084
3  457 1080 857
3  1086 1206 932
3  791 543 933
3  1085 1084 1207
3  897 646 898
3  1206 1208 1078
3  1080 456 1077
3  1086 932 657
3  932 543 657
3  1062 1063 1209
3  585 1193 1210
3  1199 1211 1212
3  1062 1213 1057
3  897 796 646
3  786 649 785
3  1214 1215 1216
3  784 785 1217
3  783 652 922
3  782 781 1218
3  486 1075 650
3  1075 779 650
3  647 659 1219
3  798 659 647
3  590 971 1005
3  763 664 799
3  761 458 1005
3  482 481 1093
3  133 268 762
3  268 664 762
3  84 482 764
3  764 482 459
3  481 226 1094
3  1095 76 944
3  172 292 291
3  1096 354 952
3  1220 1221 1222
3  951 354 291
3  947 1103 1223
3  292 109 108
3  666 1224 667
3  1096 952 1225
3  1226 1225 1227
3  949 1228 1229
3  1230 1109 1231
3  1232 1233 1234
3  960 959 1161
3  1235 1228 949
3  327 1106 328
3  1106 564 566
3  1000 443 561
3  566 565 1236
3  1136 1135 1237
3  667 1238 668
3  992 1148 583
3  1239 1240 1241
3  986 551 553
3  983 984 985
3  671 218 1242
3  218 811 1242
3  669 499 963
3  499 670 963
3  279 817 584
3  817 816 584
3  817 279 248
3  279 438 248
3  263 672 264
3  816 684 386
3  1243 384 386
3  391 824 685
3  588 704 662
3  483 1125 1244
3  270 1127 1245
3  1127 990 1245
3  1014 1012 1246
3  813 841 814
3  589 1006 590
3  1006 970 590
3  763 799 703
3  433 761 1005
3  973 678 1143
3  678 973 1247
3  967 269 271
3  1122 439 1247
3  558 978 559
3  978 56 559
3  1134 681 1152
3  558 835 834
3  555 821 977
3  821 975 977
3  341 340 1248
3  560 557 1248
3  984 556 1133
3  822 1249 1250
3  666 338 1002
3  999 341 1251
3  1151 1134 1152
3  1151 1150 1139
3  829 568 998
3  339 829 998
3  934 1131 935
3  1131 972 935
3  672 263 966
3  809 965 810
3  964 671 965
3  263 965 966
3  824 1144 1145
3  825 554 815
3  1145 991 1252
3  957 592 1253
3  479 379 827
3  379 826 827
3  669 964 807
3  807 964 1254
3  995 444 691
3  357 994 996
3  574 495 359
3  495 994 359
3  996 569 997
3  996 994 569
3  1255 1256 1257
3  1258 1259 1260
3  1001 1155 1156
3  1155 568 1156
3  568 1155 998
3  1155 337 998
3  568 567 1156
3  567 497 1156
3  193 665 550
3  550 665 1261
3  1262 693 1099
3  1160 665 1161
3  718 589 1129
3  515 305 840
3  272 435 641
3  272 274 435
3  434 847 1263
3  594 846 720
3  1264 724 518
3  307 622 843
3  464 506 705
3  362 361 859
3  845 844 1265
3  402 362 858
3  600 599 509
3  362 402 860
3  277 1164 698
3  1164 701 698
3  260 804 1167
3  1113 1266 1267
3  851 1117 839
3  549 851 839
3  1268 1142 1269
3  1270 1165 1271
3  838 1272 1273
3  1270 582 682
3  1270 1274 582
3  808 1275 987
3  1114 802 1276
3  1122 1247 1277
3  700 1278 702
3  700 258 1278
3  1279 389 702
3  1280 1281 1282
3  974 1283 441
3  249 678 441
3  701 1164 1007
3  451 165 167
3  449 448 452
3  448 165 452
3  854 1017 1024
3  316 1017 514
3  411 432 606
3  215 721 853
3  739 1180 597
3  1180 713 1284
3  722 366 852
3  721 513 514
3  514 854 722
3  854 366 722
3  739 597 1182
3  303 302 1019
3  303 1016 1020
3  540 1019 541
3  1076 304 1285
3  304 919 1285
3  317 1174 318
3  316 1025 317
3  1022 318 1286
3  1021 455 457
3  1287 515 1288
3  515 306 305
3  306 622 307
3  285 1289 843
3  206 1289 1264
3  1289 285 287
3  313 863 1032
3  313 465 863
3  889 1176 531
3  532 1176 725
3  419 890 862
3  890 478 862
3  889 1177 421
3  531 530 861
3  639 378 310
3  378 308 310
3  867 632 768
3  867 610 632
3  768 770 886
3  770 905 886
3  619 867 532
3  867 530 532
3  731 631 612
3  631 610 612
3  711 1031 712
3  751 753 1048
3  772 537 773
3  710 537 536
3  1290 1066 1200
3  1066 1067 1291
3  731 730 865
3  865 730 733
3  749 1035 750
3  625 864 733
3  470 524 1037
3  1068 1045 1047
3  1037 1046 1183
3  1046 875 1183
3  596 918 1292
3  856 1195 1197
3  1037 1043 1047
3  735 742 741
3  745 753 1184
3  753 878 1184
3  1293 1052 1294
3  781 783 922
3  781 1295 1218
3  1215 926 1216
3  899 1050 1296
3  1295 781 922
3  783 792 884
3  652 783 884
3  899 382 1049
3  930 929 1050
3  162 758 755
3  754 163 431
3  789 1297 1298
3  788 754 755
3  758 176 1185
3  176 209 756
3  1299 1300 1301
3  774 908 910
3  1188 1302 909
3  1033 1302 1188
3  642 885 301
3  885 295 301
3  1303 430 893
3  430 866 893
3  893 1177 861
3  1177 531 861
3  1302 1033 1189
3  428 430 1034
3  1300 1304 1301
3  1054 1188 1305
3  891 910 1306
3  891 774 910
3  907 904 536
3  904 710 536
3  911 1211 748
3  748 1211 1199
3  872 1016 406
3  1018 405 407
3  1069 741 743
3  1041 1068 912
3  1291 1067 1307
3  1055 1038 1040
3  1060 1308 1309
3  776 1190 777
3  1046 1045 1181
3  1070 1041 747
3  747 1039 1181
3  1039 880 1181
3  872 876 873
3  605 606 368
3  645 163 1204
3  1204 754 895
3  1023 969 1310
3  1287 990 400
3  716 715 1311
3  715 1174 1311
3  321 655 820
3  989 934 969
3  456 1080 457
3  1081 1080 1077
3  304 1076 857
3  1076 457 857
3  932 1206 1078
3  933 932 1078
3  1085 897 896
3  1312 1214 1218
3  607 1081 1082
3  607 857 1081
3  302 607 1082
3  896 915 1084
3  45 897 925
3  897 1085 925
3  1053 1052 1313
3  908 774 775
3  1314 1315 1316
3  776 1074 1191
3  1317 1214 1312
3  1210 1193 903
3  1091 1087 1089
3  940 1057 1059
3  1071 1318 1319
3  1089 1088 1320
3  1321 1089 1320
3  896 898 1322
3  659 660 1219
3  660 784 648
3  785 649 1323
3  1092 1088 1217
3  1324 785 1323
3  1217 785 1324
3  923 534 1325
3  652 653 922
3  927 779 928
3  1092 1217 1324
3  1219 660 648
3  647 1219 648
3  799 765 703
3  765 238 703
3  409 763 1004
3  274 764 459
3  944 408 458
3  408 409 458
3  1093 663 942
3  1095 944 1093
3  352 397 945
3  109 1097 110
3  1097 352 945
3  951 291 108
3  492 396 1105
3  948 1100 1099
3  563 562 493
3  571 946 572
3  159 1104 1228
3  1326 1327 1328
3  164 1096 1102
3  948 1235 949
3  1100 948 947
3  1329 1100 947
3  674 959 675
3  959 674 1161
3  159 164 1104
3  164 1102 1104
3  1099 693 1330
3  194 693 692
3  573 695 564
3  296 395 690
3  564 695 690
3  695 296 690
3  1136 999 1107
3  1107 999 1251
3  1137 999 1224
3  999 1136 1224
3  1275 808 1331
3  1147 1249 552
3  1108 679 1332
3  953 984 1149
3  1148 581 583
3  810 263 1331
3  1249 822 552
3  1146 1249 1147
3  818 817 250
3  817 248 250
3  1114 1113 802
3  678 439 441
3  270 1245 271
3  849 812 968
3  1333 1205 943
3  1012 239 1246
3  840 1128 1288
3  1128 1333 1288
3  589 588 1129
3  1129 588 661
3  1333 1245 1288
3  1128 1205 1333
3  458 548 1005
3  704 1005 1004
3  240 239 1130
3  239 709 1246
3  1334 1123 1124
3  440 439 1122
3  1011 934 988
3  934 989 988
3  555 557 560
3  557 962 1248
3  835 558 340
3  962 341 1248
3  556 984 962
3  984 983 962
3  823 806 1254
3  809 808 986
3  1001 1134 1151
3  835 340 1138
3  1155 1151 1139
3  836 835 1335
3  808 810 1331
3  806 807 1254
3  552 822 553
3  380 806 381
3  671 1242 966
3  1242 811 966
3  965 263 810
3  992 1275 1331
3  672 825 264
3  1008 991 1145
3  391 1009 1144
3  581 1148 1010
3  392 1283 1336
3  1283 974 1336
3  991 262 1252
3  1009 1008 1145
3  335 357 691
3  568 829 997
3  829 828 997
3  828 995 997
3  1232 1337 1338
3  1256 1339 1257
3  444 832 445
3  444 995 832
3  1268 1140 1142
3  290 1166 1340
3  1119 1341 1120
3  665 160 1161
3  847 589 720
3  589 718 720
3  214 299 518
3  706 206 1264
3  505 542 858
3  542 369 858
3  844 1289 206
3  723 706 1264
3  594 593 361
3  593 307 843
3  404 602 860
3  846 361 363
3  1263 846 1162
3  846 363 1162
3  1342 1343 1344
3  1172 1345 957
3  1167 803 1345
3  804 803 1167
3  804 699 839
3  699 276 839
3  1158 1157 1120
3  1346 958 1347
3  1117 1116 805
3  1118 1158 1120
3  1238 667 1348
3  665 1160 1349
3  1350 1351 1119
3  1352 803 1353
3  1165 1270 682
3  289 1165 290
3  582 1274 583
3  581 591 582
3  1125 1280 1244
3  1280 1282 1244
3  1345 1352 957
3  1352 956 957
3  1148 991 1010
3  991 1008 1010
3  1168 1113 1267
3  803 1352 1345
3  1171 701 1007
3  1281 1280 841
3  1266 1281 1279
3  451 167 1015
3  1283 818 441
3  818 250 441
3  1023 1022 1286
3  1175 919 1024
3  606 432 852
3  432 370 852
3  714 605 873
3  605 871 873
3  636 1042 856
3  917 596 595
3  914 1065 1354
3  1019 1082 541
3  426 414 427
3  1355 425 1356
3  1016 920 1020
3  920 919 1020
3  919 1175 1285
3  1175 1076 1285
3  1022 1175 318
3  1175 1024 318
3  718 1128 840
3  515 840 1288
3  286 609 287
3  609 724 287
3  1176 1028 725
3  1028 863 725
3  1028 727 1032
3  727 311 1032
3  865 751 771
3  753 745 1048
3  537 710 773
3  772 1179 537
3  1031 731 712
3  712 731 870
3  744 1066 1178
3  1178 1066 1291
3  1067 1038 1307
3  1038 777 1307
3  750 424 626
3  424 423 626
3  737 855 1044
3  524 737 1044
3  875 621 1183
3  621 740 1183
3  1196 742 1197
3  1357 1198 1358
3  1069 855 741
3  855 735 741
3  745 882 1048
3  882 771 1048
3  375 627 1184
3  627 745 1184
3  894 788 1293
3  1051 924 1294
3  899 1049 1050
3  1313 908 775
3  653 900 923
3  923 900 1187
3  792 921 884
3  921 651 884
3  783 782 793
3  782 779 793
3  209 628 756
3  628 629 757
3  1293 788 1298
3  1185 1297 789
3  1312 1218 1359
3  1051 533 535
3  1052 1304 1313
3  1304 908 1313
3  886 905 887
3  888 891 1306
3  1303 861 1360
3  1303 893 861
3  430 1303 1034
3  1303 1189 1034
3  906 891 887
3  887 891 888
3  757 883 1361
3  767 1305 883
3  1300 1299 1362
3  1305 1188 1362
3  907 1192 892
3  1192 1193 585
3  909 1302 910
3  1302 1189 910
3  537 1179 538
3  1179 1363 538
3  742 1201 743
3  415 1212 416
3  1196 1195 1364
3  1212 1211 416
3  747 1041 748
3  1041 911 748
3  1016 303 406
3  1019 1018 407
3  1201 912 743
3  912 1068 743
3  777 1055 778
3  1062 778 1194
3  1039 746 1040
3  746 1055 1040
3  777 1190 1307
3  1038 1055 777
3  1363 1308 538
3  1363 1190 1308
3  1064 1038 1290
3  1038 1066 1290
3  875 1046 879
3  1046 880 879
3  1045 1070 1181
3  1070 747 1181
3  367 920 368
3  920 871 368
3  163 754 1204
3  931 1204 895
3  677 988 401
3  269 677 401
3  1023 1174 1365
3  1174 715 1365
3  1174 1025 1311
3  1025 716 1311
3  969 819 1310
3  820 455 1310
3  655 455 820
3  819 820 1310
3  456 655 1077
3  1077 655 1079
3  1212 1058 1213
3  1206 1086 1207
3  1366 1320 1367
3  1202 1083 914
3  1208 1206 1368
3  1368 1206 1207
3  1086 1085 1207
3  1085 896 1084
3  1193 901 903
3  774 892 587
3  1193 1061 1309
3  1061 1060 1309
3  1214 1369 1215
3  1191 1074 937
3  1370 586 1210
3  586 585 1210
3  1210 903 1371
3  1315 1372 1316
3  939 926 1215
3  1218 1214 1216
3  1214 1317 1369
3  1074 1373 937
3  1071 1319 1367
3  1089 1321 1322
3  1318 414 1319
3  1088 1072 1320
3  414 426 1319
3  426 1366 1367
3  798 647 797
3  647 646 797
3  784 1217 1087
3  1217 1088 1087
3  1218 1295 1359
3  1315 1295 1325
3  1324 927 1374
3  1092 1324 941
3  779 782 928
3  926 928 1216
3  784 1091 648
3  1091 646 648
3  1093 944 459
3  944 458 459
3  226 663 1094
3  663 1093 1094
3  547 1095 942
3  1095 1093 942
3  1375 1376 1377
3  1103 1102 1223
3  946 397 1098
3  1339 1378 1257
3  491 1378 1339
3  397 393 1098
3  1105 328 566
3  328 1106 566
3  1379 1375 1380
3  952 951 1225
3  674 673 838
3  1235 948 1099
3  960 159 1346
3  159 958 1346
3  838 673 1381
3  693 194 1330
3  688 443 1000
3  561 445 1326
3  565 563 493
3  689 1000 561
3  565 689 563
3  689 561 563
3  689 565 690
3  565 564 690
3  1108 680 679
3  980 679 577
3  341 983 1251
3  983 1107 1251
3  337 1155 1139
3  1138 1137 1002
3  1382 1383 1384
3  1342 1385 1386
3  1250 1249 578
3  680 993 577
3  1274 1275 583
3  1275 992 583
3  1274 1270 1271
3  289 288 1147
3  1165 289 1271
3  551 1271 1387
3  385 584 386
3  584 816 386
3  684 391 685
3  391 1144 824
3  1115 1388 1389
3  974 440 483
3  1280 1125 1126
3  439 678 1247
3  1390 1334 968
3  1334 967 968
3  1245 849 271
3  849 967 271
3  709 449 1246
3  449 1014 1246
3  813 812 848
3  849 1012 850
3  704 240 662
3  1205 1129 661
3  590 1005 704
3  1005 548 1004
3  763 703 1004
3  703 704 1004
3  1012 1014 850
3  1014 848 850
3  1012 849 1013
3  1245 1333 943
3  973 1011 1124
3  440 1122 484
3  935 972 1143
3  972 973 1143
3  269 967 1124
3  967 1334 1124
3  978 979 834
3  979 558 834
3  340 558 1248
3  558 560 1248
3  381 823 1391
3  823 822 1391
3  976 826 961
3  826 379 961
3  806 823 381
3  954 381 955
3  999 1138 342
3  1138 340 342
3  1137 1224 1002
3  1224 666 1002
3  681 575 1152
3  836 1392 1393
3  1152 575 1153
3  1150 1152 1392
3  1271 551 987
3  551 986 987
3  964 809 1254
3  809 986 1254
3  263 262 1331
3  262 992 1331
3  262 264 1252
3  825 824 1145
3  1009 391 707
3  391 390 707
3  818 1283 392
3  974 1388 1336
3  1388 390 1336
3  390 392 1336
3  357 996 691
3  996 995 691
3  1100 1232 1101
3  1221 1394 1222
3  1395 1396 1397
3  1398 1399 1260
3  831 1141 950
3  832 833 445
3  667 1224 1237
3  288 290 1400
3  1238 1141 668
3  1141 831 668
3  506 505 705
3  505 858 705
3  1289 287 1264
3  287 724 1264
3  1289 844 843
3  361 845 1265
3  705 859 1265
3  859 361 1265
3  847 846 1263
3  860 602 1162
3  363 362 1162
3  362 860 1162
3  601 509 1401
3  507 598 510
3  603 84 641
3  434 1263 1162
3  1267 1278 1169
3  258 260 1167
3  1117 851 1261
3  1118 1117 1261
3  1349 1157 1159
3  257 550 1261
3  1402 1403 1379
3  1337 1404 1338
3  1341 1119 1405
3  803 805 1353
3  1350 1119 1121
3  1406 1350 1407
3  1408 1233 1409
3  290 1386 1400
3  582 591 683
3  1165 682 1166
3  1281 1266 1282
3  1266 1113 1410
3  1411 1010 1112
3  1282 1266 1410
3  1411 957 1253
3  1172 801 802
3  1113 1168 1173
3  592 581 1253
3  1009 708 1112
3  1009 707 708
3  1266 1278 1267
3  1168 1267 1169
3  1279 1281 1171
3  1281 841 1171
3  389 1279 1007
3  1279 1171 1007
3  1278 1266 702
3  1266 1279 702
3  721 722 853
3  722 852 853
3  713 876 1284
3  876 872 1412
3  1042 739 1182
3  856 1042 1182
3  1368 1083 541
3  1083 1202 541
3  1292 918 1413
3  1018 540 539
3  1201 1196 1357
3  1357 1196 1364
3  318 1174 1286
3  1174 1023 1286
3  1245 990 1288
3  990 1287 1288
3  710 712 773
3  773 712 870
3  1363 1179 1291
3  1179 1178 1291
3  625 733 626
3  733 750 626
3  855 1069 1044
3  1069 1043 1044
3  1043 1069 1047
3  1069 1068 1047
3  1198 414 1358
3  918 917 1355
3  788 789 1298
3  1293 1298 1301
3  1051 1186 1296
3  1052 1051 1294
3  1050 929 1296
3  1186 899 1296
3  900 899 1187
3  534 1315 1325
3  629 767 883
3  1297 1185 757
3  755 758 789
3  758 1185 789
3  1370 533 1053
3  533 1051 1053
3  586 1370 1313
3  1370 1053 1313
3  888 1189 1360
3  1189 1303 1360
3  1054 1305 767
3  883 1305 1361
3  909 908 1300
3  908 1304 1300
3  1308 1060 538
3  1060 907 538
3  912 1201 913
3  1201 1357 913
3  918 1355 1413
3  1195 856 1292
3  539 1355 1414
3  1355 917 1414
3  406 303 407
3  303 1019 407
3  746 1199 1056
3  1211 911 416
3  1318 1058 1212
3  1062 1194 1415
3  1190 1363 1307
3  1363 1291 1307
3  744 521 1200
3  1066 744 1200
3  924 929 895
3  929 931 895
3  989 715 401
3  715 400 401
3  515 1287 717
3  1287 400 717
3  715 989 1365
3  989 1023 1365
3  455 1021 1310
3  1021 1023 1310
3  1208 1081 1078
3  1081 1077 1078
3  791 933 1079
3  933 1077 1079
3  646 1091 898
3  1091 1089 1322
3  1088 1092 1072
3  898 1091 1322
3  1065 425 1354
3  425 1203 1354
3  1084 1083 1207
3  1083 1368 1207
3  892 1192 587
3  1192 585 587
3  1191 901 1309
3  901 1193 1309
3  1055 1056 1194
3  1056 1199 1194
3  902 901 936
3  901 1191 936
3  902 1314 1316
3  903 902 1316
3  533 1370 1371
3  1370 1210 1371
3  939 941 1374
3  941 1324 1374
3  1073 940 1059
3  939 1215 1090
3  1215 1369 1090
3  1369 1317 1209
3  1072 1092 1073
3  915 1321 916
3  426 1065 1366
3  1321 1366 916
3  1315 534 1372
3  1312 1359 1314
3  649 927 1323
3  927 1324 1323
3  1225 951 1227
3  951 108 1227
3  1416 110 1417
3  570 1256 1399
3  1227 108 110
3  945 946 571
3  1256 570 1339
3  1098 396 1418
3  565 493 1236
3  492 1105 566
3  1228 1104 1229
3  1103 947 949
3  1232 1262 1101
3  1262 1099 1101
3  160 159 1161
3  159 960 1161
3  1230 1347 1419
3  675 960 1346
3  1228 1235 196
3  1235 1099 1330
3  1347 958 1419
3  1230 692 694
3  1257 1378 1420
3  445 833 1421
3  1255 1257 1328
3  445 1421 1327
3  1422 1238 1348
3  1423 1422 1348
3  981 576 1424
3  981 980 576
3  1147 552 1387
3  552 551 1387
3  384 1243 815
3  1243 824 815
3  824 1243 685
3  1243 386 685
3  841 1280 842
3  842 1280 1126
3  812 814 968
3  814 1390 968
3  943 1205 662
3  1205 661 662
3  239 1012 1130
3  1012 943 1130
3  849 1245 1013
3  1245 943 1013
3  1123 1125 484
3  1125 483 484
3  973 1124 1277
3  1247 973 1277
3  1124 1123 1277
3  1123 1122 1277
3  953 680 985
3  680 1108 985
3  1133 954 1149
3  954 953 1149
3  993 1250 578
3  822 1250 1391
3  381 954 961
3  954 1133 961
3  1250 993 955
3  993 953 955
3  1002 1139 1425
3  1139 1150 1425
3  1154 95 1393
3  1132 834 836
3  1275 1274 987
3  1274 1271 987
3  264 825 1252
3  825 1145 1252
3  1402 1241 1220
3  1240 1404 1337
3  1223 1102 1377
3  1377 1096 1426
3  1427 1268 1428
3  1259 1398 1260
3  445 1327 1326
3  1268 1395 1397
3  1141 1140 950
3  1140 833 950
3  1395 1429 1430
3  980 982 1431
3  1224 1136 1237
3  1135 1332 1432
3  1332 1382 1432
3  667 1237 1348
3  517 723 518
3  723 1264 518
3  361 593 845
3  593 843 845
3  844 608 1265
3  608 705 1265
3  508 507 510
3  190 83 85
3  273 272 641
3  512 601 603
3  802 1113 1173
3  1168 1167 1345
3  1160 674 1349
3  674 837 1349
3  837 838 1433
3  1344 1343 1111
3  947 1223 1376
3  1226 1398 1379
3  805 1116 1353
3  1116 1341 1353
3  1352 1353 956
3  1353 1341 956
3  1433 1343 1406
3  1340 1434 1435
3  1119 1351 1436
3  1408 1344 1111
3  851 257 1261
3  1350 1157 1407
3  576 1146 1424
3  1146 288 1424
3  1437 1406 1435
3  682 683 1405
3  683 591 1405
3  1436 1437 1434
3  1114 1388 1115
3  483 1115 1389
3  802 708 1276
3  708 390 1276
3  1168 1345 1173
3  1345 1172 1173
3  1411 801 957
3  801 1172 957
3  581 1010 1253
3  1010 1411 1253
3  390 1388 1276
3  1388 1114 1276
3  708 801 1112
3  801 1411 1112
3  1278 258 1169
3  258 1167 1169
3  167 701 1015
3  701 1171 1015
3  872 405 1412
3  405 595 1412
3  595 597 1284
3  597 1180 1284
3  742 735 1197
3  735 856 1197
3  1081 1208 1082
3  1202 539 541
3  425 1355 1203
3  1355 539 1203
3  865 771 870
3  771 773 870
3  1198 1364 1356
3  425 427 1198
3  425 1198 1356
3  1198 1357 1364
3  1299 1298 1361
3  1298 1299 1301
3  1304 1052 1301
3  1052 1293 1301
3  924 894 1294
3  894 1293 1294
3  534 1186 535
3  1186 1051 535
3  929 924 1296
3  924 1051 1296
3  1295 922 1325
3  922 923 1325
3  1186 534 1187
3  534 923 1187
3  1305 1362 1361
3  1362 1299 1361
3  587 586 775
3  586 1313 775
3  910 1189 1306
3  1189 888 1306
3  861 769 1360
3  769 888 1360
3  1188 909 1362
3  909 1300 1362
3  917 1018 1414
3  1018 539 1414
3  414 1318 415
3  1318 1212 415
3  1213 1058 1057
3  1071 1073 1059
3  880 1064 881
3  1064 1290 881
3  1321 915 1322
3  915 896 1322
3  1308 1190 1309
3  1190 1191 1309
3  1074 778 1373
3  778 1062 1373
3  1194 1199 1415
3  1199 1212 1415
3  902 936 938
3  936 1191 937
3  937 1317 938
3  1317 1312 938
3  927 926 1374
3  926 939 1374
3  928 782 1216
3  782 1218 1216
3  1319 426 1367
3  1366 1321 1320
3  941 940 1073
3  940 1090 1057
3  1366 1065 916
3  1065 914 916
3  1295 1315 1359
3  1359 1315 1314
3  534 533 1372
3  533 1371 1372
3  902 938 1314
3  938 1312 1314
3  1226 1227 1416
3  1097 945 571
3  946 1098 572
3  570 1416 1417
3  1398 1259 1379
3  1402 1438 1403
3  491 1339 572
3  1339 570 572
3  562 1378 493
3  1378 491 493
3  1104 1103 1229
3  1103 949 1229
3  195 159 196
3  159 1228 196
3  958 195 692
3  195 194 692
3  693 1262 1109
3  1273 1272 1111
3  673 675 1347
3  675 1346 1347
3  833 1140 1421
3  1421 1140 1327
3  1257 1420 1328
3  1420 1326 1328
3  1141 1238 1142
3  1429 1142 1422
3  577 993 578
3  576 980 577
3  1135 1107 1332
3  1107 1108 1332
3  823 1254 553
3  1254 986 553
3  1271 289 1387
3  289 1147 1387
3  1390 814 1126
3  814 842 1126
3  1250 955 1391
3  955 381 1391
3  835 1138 1335
3  1138 1002 1425
3  1138 1425 1335
3  1425 1150 1335
3  836 1335 1392
3  1335 1150 1392
3  1402 1439 1241
3  1240 1337 1221
3  1240 1239 1440
3  682 1436 1434
3  1232 1100 1394
3  1439 1395 1430
3  1376 1223 1377
3  1375 1438 1376
3  1241 1439 1430
3  1240 1221 1241
3  1378 562 1420
3  1327 1427 1328
3  1441 1442 1443
3  1383 1382 1431
3  1142 1429 1269
3  1423 1429 1422
3  1382 1332 1431
3  982 1383 1431
3  831 338 668
3  338 666 668
3  191 190 85
3  509 510 1401
3  84 603 1401
3  603 601 1401
3  435 434 640
3  602 512 604
3  1158 1261 1159
3  1158 1118 1261
3  673 1347 1381
3  1347 1230 1381
3  1343 1273 1111
3  1434 1437 1435
3  1100 1329 1222
3  1329 947 1376
3  1341 1116 1120
3  1116 1118 1120
3  1436 682 1405
3  1119 1436 1405
3  1282 1115 1244
3  1115 483 1244
3  1113 1115 1410
3  1115 1282 1410
3  1388 974 1389
3  974 483 1389
3  596 1292 1182
3  1292 856 1182
3  876 1412 1284
3  1412 595 1284
3  1082 1208 541
3  1208 1368 541
3  1203 1202 1354
3  1202 914 1354
3  911 913 416
3  414 416 1358
3  1364 1195 1413
3  1195 1292 1413
3  1298 1297 1361
3  1297 757 1361
3  1057 1090 1063
3  1090 1369 1063
3  520 881 1200
3  881 1290 1200
3  1212 1213 1415
3  1213 1062 1415
3  1320 1072 1367
3  1072 1071 1367
3  1372 1371 1316
3  1371 903 1316
3  110 1097 1417
3  1227 110 1416
3  1255 1258 1260
3  1398 1226 1399
3  1379 1259 1444
3  1259 1258 1396
3  1438 1375 1403
3  1402 1379 1444
3  396 492 1418
3  492 491 572
3  493 492 1236
3  492 566 1236
3  1235 1330 196
3  1330 194 196
3  693 1109 694
3  1109 1230 694
3  1110 1109 1234
3  1233 1110 1234
3  958 692 1419
3  692 1230 1419
3  1420 562 1326
3  562 561 1326
3  1327 1140 1427
3  1140 1268 1427
3  1249 1146 578
3  1146 576 578
3  1123 1334 1126
3  1334 1390 1126
3  1392 1153 1393
3  1392 1152 1153
3  1423 1384 1445
3  981 1441 1443
3  1446 1440 1447
3  981 1424 1400
3  1438 1220 1222
3  1241 1221 1220
3  1404 1233 1338
3  1233 1232 1338
3  1102 1096 1377
3  1375 1377 1426
3  1442 1446 1443
3  1440 1445 1447
3  1429 1395 1269
3  1395 1268 1269
3  1142 1238 1422
3  1237 1135 1432
3  1332 679 1431
3  679 980 1431
3  1382 1384 1432
3  1384 1423 1432
3  84 1401 85
3  1401 510 85
3  640 434 604
3  602 604 1163
3  640 604 641
3  604 603 641
3  1261 665 1159
3  665 1349 1159
3  837 1433 1407
3  1433 1406 1407
3  1120 1157 1121
3  1157 1350 1121
3  1341 1405 1170
3  1405 591 1170
3  1436 1351 1437
3  1351 1350 1437
3  416 913 1358
3  913 1357 1358
3  1364 1413 1356
3  1413 1355 1356
3  1058 1318 1059
3  1318 1071 1059
3  1063 1369 1209
3  1317 937 1209
3  570 1399 1416
3  1399 1226 1416
3  1399 1256 1260
3  1256 1255 1260
3  1395 1439 1396
3  1259 1396 1444
3  1403 1375 1379
3  1226 1379 1380
3  492 572 1418
3  572 1098 1418
3  1109 1262 1234
3  1262 1232 1234
3  1110 1233 1408
3  1409 1442 1448
3  838 1381 1272
3  1381 1230 1272
3  1396 1258 1397
3  1258 1255 1428
3  575 95 1154
3  1153 1154 1393
3  290 1340 1386
3  1340 1342 1386
3  1383 982 1447
3  1408 1409 1449
3  1385 1409 1448
3  1404 1240 1446
3  1386 1385 1400
3  1385 1441 1400
3  1221 1337 1394
3  1337 1232 1394
3  1096 1225 1426
3  1375 1426 1380
3  1237 1432 1348
3  1432 1423 1348
3  604 434 1163
3  434 1162 1163
3  1342 1340 1435
3  1437 1350 1406
3  1157 1349 1407
3  1349 837 1407
3  592 956 1170
3  956 1341 1170
3  937 1373 1209
3  1373 1062 1209
3  1097 571 1417
3  571 570 1417
3  1396 1439 1444
3  1439 1402 1444
3  1426 1225 1380
3  1225 1226 1380
3  1342 1344 1449
3  1344 1408 1449
3  1110 1408 1111
3  1272 1230 1231
3  1343 1433 1273
3  1433 838 1273
3  1427 1428 1328
3  1428 1255 1328
3  1258 1428 1397
3  1428 1268 1397
3  95 1132 1393
3  1132 836 1393
3  982 981 1443
3  1239 1241 1430
3  1394 1100 1222
3  1438 1402 1220
3  1340 1166 1434
3  1166 682 1434
3  1441 981 1400
3  1424 288 1400
3  1409 1233 1450
3  1233 1404 1450
3  1440 1239 1451
3  1446 1240 1440
3  1404 1446 1442
3  1239 1430 1451
3  1329 1376 1222
3  1376 1438 1222
3  1406 1343 1435
3  1343 1342 1435
3  1409 1385 1449
3  1385 1342 1449
3  1272 1231 1111
3  1231 1109 1111
3  1430 1429 1451
3  1429 1423 1451
3  1409 1450 1442
3  1450 1404 1442
3  1440 1451 1445
3  1451 1423 1445
3  1442 1441 1448
3  1441 1385 1448
3  1445 1384 1447
3  1384 1383 1447
3  1446 1447 1443
3  1447 982 1443
