OFF
375 746 0
79.1436 82.6881 46.5596
78.7411 250.977 121.375
125.418 186.504 108.374
238.388 -89.6999 126.636
295.578 -190.134 194.397
97.5812 -94.534 53.0095
-128.795 271.74 157.737
-23.1712 156.801 68.8284
-37.6506 121.621 51.8455
-69.6834 320.029 174.316
-138.086 -331.11 202.753
-248.958 -378.015 303.718
-271.272 -276.263 242.221
242.42 -473.068 435.896
-95.8647 -490.963 386.993
59.9445 -467.096 335.535
405.236 273.671 389.174
448.981 201.883 399.648
383.685 193.203 273.812
-28.9117 125.886 53.2754
-1.20886 9.8752 -0.00961767
-178.306 367.811 435.896
423.299 95.2933 435.896
183.172 374.119 435.896
12.7314 -364.454 191.961
159.356 -290.488 195.026
165.021 -364.083 267.889
-354.247 -310.375 391.411
-309.673 -346.927 404.378
-423.973 -221.79 413.693
-5.71434 -407.256 247.599
-317.81 -301.151 435.896
-186.088 -478.511 354.198
-162.113 138.071 102.048
-241.652 269.761 197.931
205.577 377.848 262.432
308.679 120.557 170.897
202.16 285.458 205.635
-414.714 12.6899 434.552
-447.095 142.037 431.963
-445.495 -38.1889 430.593
-119.58 400.688 274.286
-162.344 476.355 389.542
-40.591 512.125 393.656
329.809 68.0799 167.95
150.31 37.4572 67.2091
442.401 -162.713 293.481
-262.603 -216.484 194.574
-136.139 -179.229 112.17
303.367 -254.718 245.507
-7.17585 -6.21292 -0.057116
-7.46896 -6.4722 -0.0594477
-7.43682 -6.04893 -0.0591921
376.432 -269.514 431.951
461.867 -179.445 382.937
-415.759 297.818 382.1
-312.028 257.768 241.012
-368.393 153.784 255.933
2.69194 9.57031 0.0214191
9.81739 0.612385 0.078105
1.80753 9.78104 0.0143811
118.132 -460.408 351.241
-429.801 -121.937 429.273
-455.526 -126.79 404.496
-439.802 -121.571 420.075
-347.017 39.9994 184.204
-237.662 105.65 130.956
-437.672 230.844 421.657
-361.832 298.367 424.107
-455.26 200.722 393.31
493.105 -68.3697 326.932
475.848 19.8805 430.67
-24.119 386.835 239.855
213.925 109.921 120.034
164.551 167.612 118.333
134.541 -23.3223 58.9213
4.38434 -8.90625 0.0348904
4.11113 -9.03874 0.0327173
468.768 87.2211 417.603
433.874 -139.874 434.576
391.852 -171.269 435.896
-379.392 -234.335 430.599
-41.2197 -123.246 51.0519
31.1405 -132.695 55.3569
-4.11113 -9.03874 -0.0327173
-4.38434 -8.90625 -0.0348904
-308.802 -328.899 429.294
-234.339 -385.399 429.288
-64.9099 -444.421 435.896
-310.544 -197.892 220.151
-389.115 -170.431 277.357
-335.036 -140.358 210.744
-465.265 -68.0028 343.287
-101.676 -77.8085 51.9069
-116.963 -79.8131 59.5888
-427.342 -107.838 295.102
-90.1904 95.5015 54.7066
408.585 229.845 433.271
358.848 188.475 435.896
312.919 348.313 433.272
265.994 375.135 434.578
130.293 394.348 435.896
275.644 418.644 376.769
30.781 494.681 385.542
450.586 157.366 368.102
475.093 41.1791 350.025
-133.866 442.532 431.944
-21.5211 436.079 294.951
-114.622 52.5954 51.6809
4.65335 8.76533 0.0370333
60.3591 105.385 51.0377
4.91795 8.61609 0.0391401
97.3067 83.2956 54.2736
5.17789 8.4587 0.0412096
1.51485 128.42 55.5299
96.1268 -216.504 120.849
175.491 -208.082 148.465
-7.84873 5.99479 -0.062468
-8.02755 5.74746 -0.06389
380.113 -283.615 336.996
-122.132 7.47163 51.1576
-9.66846 1.82786 -0.0769235
-49.7175 -311.22 169.392
4.41027 463.035 425.365
-404.708 -201.429 321.749
-367.364 -279.877 363.664
-91.5615 -464.601 431.975
-262.623 -117.282 156.509
-400.318 -71.6722 256.778
8.3622 5.2367 0.0665506
111.47 46.4555 50.9418
8.51771 4.97375 0.0677866
-365.234 -162.84 435.896
63.8831 454.452 328.432
439.468 174.904 426.729
-245.348 2.97825 119.328
48.38 125.027 56.2378
4.38433 8.90626 0.0348912
6.39913 -7.55471 0.0509318
9.17147 -3.59346 0.0729796
8.19877 -5.49467 0.0652504
93.5983 77.6686 51.0712
132.36 -32.4 58.8622
-1.5089 -9.83279 -0.0120062
-5.17787 -8.4587 -0.0412104
452.623 -97.2279 429.315
397.643 -229.461 430.626
5.92725 -7.93904 0.0471758
5.68276 -8.12001 0.0452302
-4.65335 -8.76533 -0.0370331
-65.1266 -102.798 49.9003
-129.402 -253.686 153.631
-351.02 122.955 435.896
-361.626 268.283 431.924
427.637 58.9919 259.955
-177.854 23.826 83.4497
-9.60818 -2.12812 -0.0764458
-9.71957 -1.52588 -0.0773292
-9.76145 -1.22245 -0.0776618
-9.3729 -3.01562 -0.0745786
-9.46032 -2.72228 -0.0752729
-9.27658 -3.3061 -0.0738144
-8.11813 -5.43951 -0.0646106
-7.43682 6.04893 -0.0591922
5.17788 -8.4587 0.0412104
5.43291 -8.29327 0.0432398
118.444 30.537 51.1706
139.547 11.6296 60.5957
9.83139 0.306338 0.0782161
-6.5764 -6.44039 -0.0523457
9.83139 -0.306311 0.0782161
-6.16611 -7.75055 -0.0490778
-5.86939 -7.85985 -0.0467167
-5.68276 -8.12002 -0.0452304
0.907672 -9.90822 0.00721983
-114.321 -36.1902 48.4872
-392.13 197.969 434.567
-413.773 90.7453 434.559
-295.231 256.16 435.896
-374.624 -32.9048 435.896
128.828 469.157 413.809
103.942 446.318 430.628
11.3023 417.021 435.896
-9.17146 -3.59346 -0.0729797
9.83605 0 0.0782533
105.489 -52.0911 49.4
117.112 -35.8748 52.4074
-7.77166 -5.93465 -0.0618551
5.43291 8.29328 0.0432402
8.80437 4.43398 0.0700641
9.17147 3.59345 0.0729794
-6.64564 -6.92757 -0.0528962
-7.46896 6.4722 -0.0594475
-7.17585 6.21292 -0.057116
4.91795 -8.61609 0.0391401
4.65335 -8.76533 0.037033
-8.80437 -4.43398 -0.0700643
-5.92725 -7.93904 -0.0471759
1.18661e-07 -9.95074 9.44036e-10
9.46032 -2.72228 0.0752731
9.53878 -2.42635 0.0758951
-296.494 -323.247 434.567
-324.345 210.148 435.896
-63.4601 382.521 435.896
65.4289 410.86 435.896
-3.83406 9.16265 -0.0305101
-4.11114 9.03874 -0.0327166
-2.39933 9.64974 -0.0190908
-2.10443 9.72 -0.0167439
-0.907652 9.90822 -0.00722148
-124.862 3.64932 52.669
9.3729 3.01562 0.0745786
2.39933 -9.64973 0.0190903
1.80754 -9.78104 0.0143808
9.81739 -0.612383 0.078105
-4.91795 -8.61609 -0.03914
-6.39912 -7.55472 -0.0509325
-6.44436 -6.71355 -0.0512947
0.302939 -9.94601 0.00240999
-0.302939 -9.94601 -0.00240999
9.3729 -3.01561 0.0745786
-9.53878 2.42634 -0.0758949
-9.60818 2.12812 -0.0764459
3.55334 -9.27786 0.0282748
3.83404 -9.16265 0.0305114
-338.749 165.43 435.896
0.907651 9.90822 0.00722148
-3.55332 9.27786 -0.0282755
-6.36672 -7.05794 -0.0506765
2.39933 9.64974 0.0190908
0.605577 9.93183 0.00481828
6.39912 7.55472 0.0509327
6.16611 7.75055 0.0490776
5.92725 7.93904 0.047176
5.68277 8.12001 0.0452297
6.84672 7.14179 0.0544953
7.06089 6.92508 0.0561998
7.66248 6.23644 0.0609867
7.84874 5.99479 0.0624678
7.46897 6.47219 0.0594472
-5.43291 -8.29328 -0.0432398
-9.83139 -0.306342 -0.0782161
-9.83605 -8.59895e-07 -0.0782533
-9.79406 -0.917855 -0.0779204
-5.86477 -7.3639 -0.0466815
1.73747 -9.3934 0.0138223
0.60559 -9.93183 0.00481755
-0.605585 -9.93183 -0.0048175
-2.98198 -9.4818 -0.023729
9.46033 2.72227 0.0752729
-7.06089 6.92509 -0.0562004
-6.85338 6.71724 -0.0545495
-1.50891 9.83278 -0.0120051
1.50891 9.83278 0.0120051
6.62606 7.35173 0.0527391
8.19876 5.49468 0.0652513
7.26837 6.70181 0.0578511
-9.81739 -0.612386 -0.078105
-9.79406 0.917853 -0.0779204
-9.81739 0.612384 -0.078105
-9.3729 3.01562 -0.0745786
-9.46032 2.72228 -0.0752729
3.26921 -9.38428 0.0260145
2.69194 -9.57031 0.0214198
-1.20885 -9.8752 -0.00961789
-0.907667 -9.90822 -0.00721981
-1.80754 -9.78104 -0.0143808
-2.69194 -9.57031 -0.0214198
-7.26838 6.7018 -0.0578509
-7.58728 6.17392 -0.0603887
-8.19876 5.49469 -0.0652516
-8.11813 5.4395 -0.0646105
-0.302942 9.94601 -0.00240971
-0.605578 9.93183 -0.0048183
-4.34961e-07 9.95074 -3.46042e-09
-2.69194 9.5703 -0.0214192
9.66846 1.82786 0.0769237
9.71957 1.52588 0.0773293
2.982 9.4818 0.0237277
-8.80437 4.43398 -0.0700643
-8.66515 4.7061 -0.0689581
-8.5177 4.97376 -0.0677866
8.93525 4.15766 0.0711041
8.02755 5.74746 0.0638904
9.53878 2.42635 0.075895
9.66846 -1.82787 0.0769236
-6.84672 -7.14179 -0.0544956
-8.93525 -4.15766 -0.071104
-9.05765 3.87739 -0.0720761
-8.93525 4.15766 -0.0711039
-7.66249 -6.23644 -0.0609861
-9.71957 1.52588 -0.0773293
-9.76145 1.22245 -0.0776618
-9.83139 0.306342 -0.0782161
2.10444 -9.72 0.0167438
1.20886 -9.8752 0.0096179
-3.83404 -9.16265 -0.0305113
-2.10444 -9.72 -0.0167438
-2.39933 -9.64973 -0.0190903
-5.43291 8.29328 -0.0432403
0.302941 9.94601 0.00240969
-6.16611 7.75055 -0.0490779
-5.68278 8.12 -0.0452292
-5.92725 7.93904 -0.0471758
9.76145 1.22245 0.0776618
-6.77971 7.07037 -0.0539628
-6.39912 7.55472 -0.0509326
-6.56126 7.27826 -0.0522239
-9.05765 -3.87739 -0.0720761
-8.3622 -5.2367 -0.0665504
-8.51771 -4.97376 -0.0677865
-8.19876 -5.49469 -0.0652515
-4.65334 8.76533 -0.0370337
-1.80754 9.78104 -0.0143812
-2.982 9.4818 -0.0237278
-3.26921 9.38428 -0.026014
3.83406 9.16265 0.0305103
4.11114 9.03874 0.0327164
8.66515 4.7061 0.0689581
3.55332 9.27786 0.0282756
9.71957 -1.52589 0.0773292
8.3622 -5.23669 0.0665504
-6.62606 -7.35173 -0.0527389
-8.66515 -4.7061 -0.068958
-9.53878 -2.42635 -0.075895
1.5089 -9.83279 0.0120062
2.98198 -9.4818 0.023729
-3.55333 -9.27786 -0.0282747
-3.26921 -9.38428 -0.0260145
-4.91795 8.6161 -0.0391404
-5.17788 8.4587 -0.0412099
-6.49644 7.2048 -0.0517084
-8.3622 5.2367 -0.0665505
9.05765 3.87739 0.0720763
9.79406 0.917851 0.0779205
9.60818 2.12812 0.0764459
7.84873 -5.9948 0.0624682
8.02754 -5.74747 0.0638905
7.46898 -6.47218 0.0594458
9.76145 -1.22243 0.0776617
7.26837 -6.70181 0.0578517
6.62605 -7.35174 0.0527401
6.84672 -7.14179 0.0544952
-6.77971 -7.07037 -0.0539629
-7.06089 -6.92509 -0.0562004
-7.26838 -6.7018 -0.0578509
-8.02755 -5.74746 -0.06389
-9.17146 3.59346 -0.0729797
-9.66846 -1.82786 -0.0769235
-4.38433 8.90626 -0.0348913
1.20886 9.8752 0.00961762
-6.62606 7.35173 -0.0527389
-6.23692 6.91115 -0.0496438
9.27658 3.3061 0.0738147
-6.71493 6.57878 -0.053448
-6.64564 6.92757 -0.0528962
3.26921 9.38428 0.026014
9.27658 -3.3061 0.0738145
8.66515 -4.70609 0.0689581
8.80437 -4.43398 0.0700644
8.5177 -4.97376 0.0677874
9.60818 -2.12811 0.0764458
6.16611 -7.75055 0.0490775
7.66247 -6.23645 0.0609875
-6.49643 -7.2048 -0.0517084
-7.84874 -5.99479 -0.0624678
-9.27658 3.3061 -0.0738145
2.10443 9.72 0.0167439
-6.84672 7.14179 -0.0544954
-7.94866 5.68976 -0.0632628
8.93525 -4.15766 0.0711039
7.0609 -6.92507 0.0561999
-7.66249 6.23644 -0.060986
9.79406 -0.917862 0.0779203
9.05765 -3.87739 0.072076
3  0 1 2
3  3 4 5
3  6 7 8
3  1 7 9
3  10 11 12
3  13 14 15
3  16 17 18
3  8 19 20
3  21 22 23
3  24 25 26
3  27 28 29
3  24 15 30
3  13 22 31
3  10 32 11
3  27 32 28
3  6 33 34
3  35 36 37
3  38 39 40
3  41 42 43
3  36 44 45
3  44 46 3
3  10 47 48
3  25 4 49
3  50 51 52
3  53 13 54
3  55 56 57
3  58 59 60
3  13 15 61
3  62 63 29
3  31 22 21
3  64 62 40
3  65 56 66
3  55 67 68
3  67 69 39
3  70 71 54
3  44 36 18
3  33 66 34
3  72 1 9
3  36 73 74
3  36 45 73
3  44 3 75
3  76 5 77
3  71 70 78
3  13 79 80
3  15 14 32
3  15 24 61
3  62 29 81
3  24 32 10
3  24 82 83
3  84 82 85
3  13 26 49
3  26 25 49
3  86 32 87
3  13 31 88
3  89 90 91
3  92 63 69
3  93 48 94
3  90 95 91
3  96 6 8
3  66 56 34
3  22 97 98
3  97 16 99
3  42 56 55
3  67 55 69
3  23 100 101
3  102 35 103
3  104 17 105
3  18 17 104
3  42 68 106
3  72 41 107
3  66 33 108
3  33 6 96
3  109 110 111
3  1 0 110
3  37 36 74
3  74 73 112
3  111 0 113
3  19 7 114
3  83 5 115
3  24 83 115
3  5 116 115
3  108 117 118
3  44 70 46
3  46 54 119
3  46 70 54
3  79 13 53
3  79 22 80
3  22 13 80
3  15 32 30
3  32 24 30
3  120 108 121
3  10 82 122
3  24 26 61
3  26 13 61
3  4 46 49
3  49 46 119
3  63 92 29
3  123 43 106
3  29 124 125
3  92 124 29
3  32 14 126
3  29 28 86
3  14 13 126
3  13 88 126
3  94 47 127
3  124 90 11
3  124 92 95
3  92 65 128
3  124 11 125
3  11 32 125
3  129 130 131
3  47 91 127
3  110 0 111
3  33 96 108
3  56 42 34
3  42 41 34
3  43 42 106
3  62 31 132
3  35 1 72
3  22 71 97
3  56 65 57
3  55 57 69
3  36 35 18
3  133 35 107
3  97 71 134
3  22 79 71
3  65 66 135
3  91 65 135
3  23 22 98
3  16 18 102
3  34 41 9
3  41 72 9
3  136 109 137
3  138 139 140
3  0 112 141
3  75 3 142
3  2 1 37
3  1 35 37
3  129 0 141
3  45 130 112
3  46 4 3
3  143 84 144
3  71 79 145
3  53 54 146
3  82 24 122
3  24 10 122
3  147 5 148
3  84 149 144
3  5 4 116
3  4 25 116
3  54 13 119
3  13 49 119
3  69 63 39
3  39 63 40
3  88 31 126
3  28 32 86
3  57 65 69
3  65 92 69
3  65 91 128
3  90 124 95
3  11 90 12
3  90 89 12
3  48 47 94
3  47 89 91
3  82 48 150
3  10 48 151
3  42 55 68
3  31 21 152
3  68 153 106
3  68 67 153
3  70 44 154
3  44 18 154
3  78 70 105
3  71 78 134
3  66 108 155
3  156 157 158
3  8 7 19
3  159 160 161
3  1 110 136
3  110 109 136
3  52 162 163
3  5 164 165
3  73 45 112
3  2 37 74
3  166 167 168
3  169 50 170
3  79 54 145
3  54 71 145
3  54 79 146
3  79 53 146
3  171 172 173
3  174 144 173
3  155 108 120
3  130 45 166
3  63 64 40
3  63 62 64
3  32 27 125
3  27 29 125
3  32 126 87
3  31 29 86
3  29 31 81
3  31 62 81
3  91 95 128
3  95 92 128
3  89 47 12
3  47 10 12
3  135 175 94
3  175 93 94
3  48 82 151
3  82 10 151
3  152 176 177
3  176 153 39
3  152 21 178
3  38 132 179
3  153 67 39
3  176 21 153
3  43 123 180
3  180 123 181
3  17 16 97
3  18 35 102
3  133 43 103
3  16 102 99
3  17 78 105
3  154 18 104
3  35 72 107
3  35 133 103
3  7 6 9
3  6 34 9
3  106 21 182
3  153 21 106
3  183 175 161
3  135 66 155
3  167 184 168
3  142 185 186
3  52 51 187
3  188 189 190
3  0 2 112
3  2 74 112
3  50 169 191
3  192 193 163
3  194 5 195
3  93 175 196
3  82 150 197
3  174 198 143
3  186 199 200
3  194 76 165
3  116 25 115
3  25 24 115
3  126 31 201
3  31 86 201
3  86 87 201
3  87 126 201
3  91 135 127
3  135 94 127
3  31 152 132
3  132 152 179
3  132 38 40
3  62 132 40
3  21 176 178
3  152 178 202
3  176 39 177
3  39 38 177
3  97 100 98
3  100 23 98
3  181 123 106
3  21 23 203
3  78 17 134
3  17 97 134
3  102 100 99
3  100 97 99
3  100 180 181
3  100 102 180
3  70 154 105
3  154 104 105
3  43 180 103
3  180 102 103
3  41 43 107
3  43 133 107
3  181 106 182
3  100 181 204
3  8 205 206
3  207 208 209
3  120 175 210
3  135 155 120
3  7 1 114
3  1 136 114
3  137 113 190
3  211 137 190
3  3 5 142
3  166 45 167
3  174 143 144
3  212 213 214
3  112 130 141
3  130 129 141
3  82 149 85
3  149 84 85
3  48 93 150
3  149 82 215
3  150 93 216
3  217 169 170
3  198 174 218
3  198 83 219
3  83 82 219
3  198 219 143
3  199 186 220
3  108 221 222
3  223 76 77
3  224 83 223
3  178 176 202
3  152 202 225
3  152 177 179
3  177 38 179
3  21 203 204
3  203 23 204
3  114 136 226
3  205 8 227
3  147 165 138
3  214 228 191
3  175 135 210
3  135 120 210
3  136 58 229
3  19 114 230
3  0 231 232
3  233 188 234
3  235 0 236
3  237 238 239
3  144 240 173
3  82 240 144
3  121 108 222
3  241 242 243
3  174 244 245
3  5 185 142
3  174 83 246
3  83 198 218
3  219 82 247
3  84 143 248
3  166 249 211
3  114 226 230
3  5 83 77
3  193 250 251
3  5 194 164
3  164 194 165
3  202 176 225
3  176 152 225
3  100 204 101
3  204 23 101
3  21 204 182
3  204 181 182
3  205 227 206
3  8 20 252
3  75 214 170
3  136 60 253
3  188 233 189
3  0 188 113
3  233 0 232
3  232 231 254
3  237 0 238
3  129 238 255
3  238 236 239
3  0 256 236
3  257 241 243
3  120 258 259
3  108 260 261
3  258 158 243
3  223 83 262
3  223 263 212
3  83 218 246
3  218 174 246
3  219 247 264
3  82 265 247
3  143 82 266
3  143 267 248
3  142 186 200
3  185 5 139
3  5 76 195
3  76 194 195
3  83 224 77
3  224 223 77
3  192 96 268
3  197 150 171
3  192 163 269
3  162 270 271
3  19 272 273
3  19 274 272
3  272 274 273
3  8 207 275
3  109 113 137
3  276 277 278
3  279 280 281
3  109 111 113
3  188 0 234
3  0 233 234
3  235 232 254
3  130 282 189
3  238 0 283
3  0 129 255
3  236 256 239
3  238 235 236
3  256 0 239
3  0 237 239
3  284 137 211
3  249 284 211
3  45 44 167
3  44 75 167
3  76 285 200
3  165 76 139
3  263 83 212
3  171 216 286
3  82 144 215
3  144 149 215
3  287 288 289
3  51 93 290
3  120 291 292
3  291 121 222
3  120 293 242
3  293 258 242
3  294 83 213
3  174 213 295
3  294 213 212
3  83 294 212
3  247 265 264
3  265 82 264
3  82 143 264
3  143 219 264
3  267 82 248
3  84 248 296
3  267 297 298
3  267 143 297
3  5 165 148
3  165 147 148
3  299 300 301
3  302 299 303
3  166 304 277
3  305 306 307
3  196 175 287
3  288 287 308
3  50 193 168
3  309 310 311
3  209 273 312
3  274 19 300
3  206 207 312
3  313 252 208
3  274 300 273
3  19 273 209
3  8 314 315
3  314 207 315
3  316 137 284
3  136 137 317
3  231 0 254
3  0 235 254
3  0 255 283
3  255 238 283
3  318 130 189
3  235 318 189
3  304 59 277
3  136 316 319
3  76 223 285
3  285 223 320
3  165 139 138
3  321 5 140
3  217 214 191
3  244 228 214
3  169 217 191
3  93 322 216
3  93 196 323
3  196 287 279
3  292 291 222
3  291 120 121
3  160 175 324
3  258 120 292
3  175 160 159
3  175 159 161
3  292 222 158
3  160 156 158
3  258 293 259
3  293 120 259
3  257 175 241
3  175 120 241
3  320 212 214
3  213 174 245
3  223 212 320
3  75 285 320
3  213 83 325
3  83 174 295
3  83 263 326
3  83 326 262
3  82 327 328
3  248 82 328
3  82 297 266
3  297 143 266
3  297 82 298
3  82 267 298
3  8 329 330
3  329 300 330
3  60 331 301
3  250 306 305
3  332 270 281
3  183 161 308
3  226 300 230
3  300 19 230
3  8 313 208
3  313 8 252
3  207 314 275
3  314 8 275
3  315 207 206
3  227 8 315
3  137 316 317
3  316 136 317
3  235 238 318
3  238 129 318
3  282 130 333
3  130 166 333
3  59 58 277
3  166 59 334
3  166 276 335
3  276 316 284
3  186 185 220
3  220 76 200
3  5 336 337
3  336 338 140
3  75 320 339
3  199 220 200
3  5 340 338
3  5 341 342
3  138 338 342
3  341 138 342
3  214 217 170
3  286 343 172
3  197 171 173
3  171 286 172
3  51 162 187
3  162 52 187
3  344 343 286
3  150 216 171
3  51 344 345
3  51 50 344
3  108 332 281
3  162 51 346
3  108 288 347
3  221 108 261
3  160 222 261
3  222 221 261
3  157 156 348
3  258 292 158
3  222 160 158
3  241 120 242
3  83 295 325
3  295 213 325
3  326 263 262
3  263 223 262
3  327 82 296
3  82 84 296
3  227 315 206
3  273 300 312
3  349 206 312
3  208 252 209
3  302 96 299
3  96 8 299
3  60 301 350
3  301 300 350
3  331 305 307
3  96 306 351
3  193 50 163
3  50 52 163
3  60 59 352
3  193 192 250
3  288 108 289
3  196 279 281
3  287 175 308
3  175 183 308
3  8 349 312
3  207 8 208
3  130 318 131
3  318 129 131
3  233 232 189
3  232 235 189
3  353 211 190
3  189 282 190
3  331 60 352
3  59 166 168
3  168 193 354
3  354 251 355
3  59 304 334
3  304 166 334
3  316 276 356
3  276 166 277
3  277 58 278
3  58 136 278
3  166 353 190
3  249 166 284
3  139 220 357
3  139 76 220
3  5 358 359
3  5 321 360
3  142 200 361
3  200 285 361
3  213 245 214
3  245 244 214
3  341 5 138
3  147 138 362
3  5 360 358
3  360 321 358
3  5 338 363
3  338 138 140
3  93 344 286
3  344 50 343
3  343 364 172
3  172 174 173
3  344 93 345
3  93 51 345
3  93 346 365
3  346 51 365
3  288 308 366
3  260 108 366
3  308 161 366
3  161 160 366
3  175 156 324
3  156 160 324
3  156 175 348
3  175 157 348
3  157 175 158
3  242 258 243
3  327 296 328
3  296 248 328
3  207 209 312
3  349 8 206
3  300 299 330
3  299 8 330
3  136 229 367
3  229 58 367
3  306 96 301
3  299 301 303
3  96 250 268
3  250 192 268
3  306 250 368
3  250 96 368
3  251 250 355
3  331 352 355
3  332 108 270
3  270 117 369
3  162 346 311
3  310 281 311
3  252 20 209
3  20 19 209
3  113 188 190
3  353 166 211
3  352 59 354
3  59 168 354
3  276 278 356
3  278 136 356
3  276 284 335
3  284 166 335
3  220 185 357
3  185 139 357
3  285 75 361
3  75 142 361
3  50 168 170
3  168 184 170
3  5 359 370
3  358 321 140
3  5 342 371
3  342 338 371
3  138 5 362
3  5 147 362
3  359 358 370
3  358 140 370
3  338 336 363
3  336 5 363
3  228 343 191
3  343 50 191
3  343 228 364
3  228 244 364
3  216 322 286
3  322 93 286
3  93 365 290
3  365 51 290
3  260 366 261
3  366 160 261
3  288 366 347
3  366 108 347
3  158 175 243
3  175 257 243
3  58 60 367
3  60 136 367
3  301 96 303
3  96 302 303
3  300 226 350
3  226 136 350
3  306 368 351
3  368 96 351
3  306 301 307
3  301 331 307
3  108 96 117
3  192 117 372
3  93 323 310
3  323 196 310
3  108 280 279
3  280 108 281
3  300 329 312
3  329 8 312
3  282 333 190
3  333 166 190
3  316 356 319
3  356 136 319
3  75 339 373
3  339 320 373
3  184 167 170
3  167 75 170
3  336 140 337
3  140 5 337
3  140 139 370
3  5 370 374
3  338 340 371
3  340 5 371
3  364 244 172
3  244 174 172
3  60 350 253
3  350 136 253
3  352 354 355
3  354 193 251
3  163 117 269
3  117 192 269
3  117 163 369
3  163 162 369
3  117 270 118
3  270 108 118
3  117 96 372
3  96 192 372
3  346 93 311
3  310 196 281
3  93 310 309
3  93 309 311
3  108 279 289
3  279 287 289
3  320 214 373
3  214 75 373
3  370 139 374
3  139 5 374
3  240 82 173
3  82 197 173
3  250 305 355
3  305 331 355
3  270 369 271
3  369 162 271
3  281 270 311
3  270 162 311
