OFF
1670 3336 0
-332.073 -174.143 357.209
-257.782 -202.93 235.493
-258.109 -273.948 399.263
118.261 13.9826 64.4806
120.407 -32.3549 67.6114
10.6748 -0.609687 0.95337
10.6899 0.304982 0.954727
10.6748 0.609691 0.95337
-137.868 -300.857 262.413
-127.205 -257.436 216.849
-159.688 242.996 221.157
-305.107 99.1902 231.128
-286.07 213.621 305.396
261.131 218.617 435.896
-246.355 198.53 435.896
250.271 -236.916 435.896
10.6497 -0.913858 0.951109
10.6145 -1.21719 0.947947
10.5142 -1.82034 0.938931
-37.6816 -190.964 118.237
-38.7229 -218.003 145.514
-63.2909 -324.01 256.964
-46.2359 84.864 50.6818
-29.7571 102.29 54.2695
-6.96367 7.55049 -0.621495
-150.909 308.163 433.152
-64.2988 414.823 366.463
-202.633 277.806 435.896
-9.77922 305.816 216.783
-20.337 370.324 300.665
-88.3485 83.3064 63.4516
-105.332 169.86 121.357
-233.3 307.189 384.493
-245.85 275.91 342.254
26.7641 375.418 435.896
74.8208 70.3153 55.1499
96.4211 67.9561 64.3702
7.91043 6.69444 0.705946
-48.3845 -95.0648 54.284
-99.9856 -67.4898 64.6322
-71.5465 -65.1033 50.689
-385.571 -63.5743 383.276
-397.897 84.9075 431.864
-383.627 60.2421 381.801
-3.1249 4.92552 -0.285956
-3.01699 5.0958 -0.276225
-2.96399 5.01049 -0.271496
40.501 -296.31 216.333
-41.4486 -374.831 357.313
-325.084 92.9206 252.052
-340.184 -59.9355 268.581
-51.7865 293.991 219.074
347.343 0 248.56
263.251 -185.529 256.562
346.091 0 247.156
40.8671 -93.1616 53.7701
23.5713 -96.83 53.5559
0.986197 -9.90832 0.0881168
-2.60316 -95.8868 50.6095
-14.2517 -95.4592 50.67
-2.28701 -9.7204 -0.204314
154.589 -147.343 148.872
181.048 -210.766 220.363
111.292 -226.077 189.173
65.9837 202.707 142.2
81.9651 273.236 222.248
-107.807 -56.2245 63.468
-157.893 -81.4586 110.209
68.3621 -102.729 67.485
45.4385 -112.973 67.325
290.892 0 193.055
243.525 123.28 185.291
292.535 0 194.498
-343.112 -148.734 425.024
-331.143 -173.378 419.591
-262.896 -237.596 435.896
337.075 224.409 388.853
430.06 0 431.895
430.031 0 430.562
74.7328 -70.4122 55.1501
50.7475 -84.1611 52.136
-356.237 155.281 322.751
-197.275 -58.8841 137.614
-195.034 7.5233 120.923
-218.456 42.8805 141.664
-283.198 252.088 347.969
-318.149 217.82 418.3
-87.7815 40.2739 50.6732
-82.5679 50.4611 50.6923
-178.636 96.3247 134.747
-292.161 228.451 430.456
335.638 147.246 321.861
395.779 0 314.943
394.996 0 313.578
-94.3889 -154.036 115.723
-66.1435 -134.509 89.4158
315.952 0 216.014
317.431 0 217.44
24.9285 118.354 63.4024
78.0962 101.478 70.5049
40.1863 93.485 53.7728
289.724 221.64 327.27
214.196 132.439 162.459
285.898 0 188.721
284.213 0 187.274
13.9366 -123.291 68.7928
1.3135 -9.87535 0.11736
338.735 -211.586 388.76
200.04 -307.563 321.894
-83.5372 -369.397 376.265
-3.00195 -5.43755 -0.274706
7.91042 -6.69444 0.705947
7.68454 -6.9185 0.685791
212.789 0 131.513
205.945 -13.56 125.788
210.723 0 130.026
111.188 45.3479 63.3136
120.611 33.8356 67.6696
10.5142 1.82034 0.938931
367.082 0 272.291
366.001 0 270.902
-71.3521 -355.646 430.439
-166.422 -333.457 411.423
-31.8637 -374.609 415.522
-320.862 -149.077 307.892
-93.9913 9.74354 50.4604
-92.104 21.756 50.4793
-10.6145 1.2172 -0.947947
-124.038 -7.75676 68.8112
-156.192 273.044 250.745
65.3508 147.35 95.6769
-133.213 117.048 112.787
-198.86 119.54 162.278
39.9527 93.5969 53.7738
2.92597 9.57082 0.261364
10.5693 -1.51945 0.943886
-229.856 -276.507 435.896
-283.026 124.483 435.896
127.642 379.876 395.52
57.9225 386.294 414.277
122.64 344.135 433.17
425.29 0 390.505
425.002 0 389.166
225.87 -112.265 175.764
97.1677 -70.1622 64.5558
168.173 -334.908 405.995
99.8964 -355.768 386.903
27.4885 -150.713 89.7312
-190.427 -326.55 389.782
72.3182 -174.949 121.747
110.281 -189.674 157.309
83.0693 -91.0142 68.7481
141.368 -131.287 128.746
106.65 -44.9771 62.8755
9.26853 -4.9621 0.827277
93.4174 -355.694 420.916
55.8734 -334.997 433.148
8.92225 5.48388 0.79631
8.73623 5.73722 0.779685
71.7319 -346.202 333.68
110.398 -299.622 253.686
-397.585 10.2528 427.803
-334.401 -169.846 408.727
-100.596 -175.394 134.716
-137.979 -187.477 162.311
101.202 57.9781 62.966
8.12875 6.46404 0.725432
8.33929 6.22755 0.744229
-94.6771 -118.872 92.2094
-148.608 -108.935 116.054
3.84069 384.621 422.357
-192.175 242.917 435.896
182.558 -312.273 429.074
266.9 -289.68 410.265
-10.1949 3.00477 -0.910267
-10.2894 2.71208 -0.918747
-95.8697 36.4008 55.133
-147.323 48.507 93.8173
52.5322 347.571 292.996
424.125 0 435.896
430.098 0 435.896
188.493 242.872 240.865
108.829 131.952 103.078
430.094 0 434.562
224.053 207.561 239.461
279.097 0 182.926
10.6497 0.913854 0.951109
10.695 0 0.95518
9.57944 4.4219 0.855103
9.72126 4.14556 0.867804
49.1187 85.6078 52.1785
51.0191 84.0338 52.1393
5.63282 8.45757 0.502838
-6.37292 -6.98702 -0.571266
-6.67702 -6.86966 -0.59807
-6.60135 -6.80092 -0.591589
-10.4491 2.11959 -0.933085
-10.5142 1.82033 -0.938931
-94.2399 4.4511 50.4426
-253.912 176.75 435.896
370.266 0 276.452
7.6599 -319.851 435.896
30.7963 -315.378 435.896
4.47068 9.03893 0.399205
4.76823 8.90622 0.425743
-3.20877 6.22116 -0.292613
266.934 232.515 430.424
240.896 239.151 435.896
245.211 283.951 420.96
7.68454 6.9185 0.68579
10.6145 1.2172 0.947947
369.215 0 275.066
355.823 0 258.363
354.641 0 256.966
287.573 0 190.167
289.237 0 191.612
9.72126 -4.14556 0.867805
9.57944 -4.4219 0.855103
-2.85828 -4.83971 -0.262045
-2.80556 -4.75424 -0.257323
-106.409 -364.004 384.371
368.153 0 273.679
423.096 0 381.132
422.749 0 379.791
413.992 0 352.909
413.463 0 351.561
430.081 0 433.229
-4.96732 -7.56956 -0.446742
-4.77257 -7.7905 -0.429086
-5.02706 -7.65079 -0.451822
-4.56216 -5.81245 -0.413528
-4.75105 -5.68013 -0.430323
-4.49673 -5.73505 -0.407789
-7.21092 7.34674 -0.643544
9.09974 5.22542 0.812179
-5.51889 5.45677 -0.498144
-5.775 5.36245 -0.520707
-5.77814 6.03587 -0.520537
-5.57594 6.19827 -0.502597
-5.50431 6.12583 -0.496376
-3.37255 -7.01813 -0.306245
-3.32633 -6.92954 -0.302243
283.522 -218.072 429.065
176.756 297.942 435.896
-1.6396 -9.83303 -0.146491
-1.96422 -9.78136 -0.175485
-3.58075 -8.00601 -0.323047
-4.29351 -6.22175 -0.389351
-4.23317 -6.14085 -0.384081
-4.08805 -6.34014 -0.370973
-5.2171 5.18057 -0.47164
-5.29238 5.24979 -0.478261
-5.04343 5.32734 -0.456296
10.6899 -0.304959 0.954727
10.3742 2.41692 0.926355
10.3742 -2.41692 0.926355
360.446 0 263.945
359.305 0 262.551
428.6 0 410.55
428.438 0 409.215
405.772 0 333.983
405.118 0 332.626
371.308 0 277.837
338.365 0 238.71
337.041 0 237.299
303.753 0 204.568
305.314 0 206.003
302.182 0 203.133
314.464 0 214.587
-10.5693 1.51945 -0.943886
8.12877 -6.46402 0.725432
8.33928 -6.22756 0.744229
363.809 0 268.122
362.698 0 266.731
356.993 0 259.76
420.485 0 371.743
420.078 0 370.4
401 0 324.478
400.282 0 323.118
-10.3742 2.41692 -0.926355
-10.6899 0.304988 -0.954727
-10.695 -9.34983e-07 -0.95518
-93.961 -10.0639 50.4608
-92.3838 -20.4719 50.4779
-5.0669 -5.04178 -0.458405
-4.89792 -5.18429 -0.443484
-5.14194 -5.11124 -0.465021
-5.85311 5.42886 -0.527548
-5.93133 5.49515 -0.534392
-5.67049 5.59416 -0.511414
-5.91074 8.29165 -0.527616
-5.63282 8.45757 -0.502838
-3.17658 -5.35139 -0.290428
-3.22996 -5.43647 -0.295167
-3.34872 -5.26013 -0.305889
-287.699 -25.7965 435.896
-59.939 -326.555 434.519
3.24153 9.48233 0.289532
-3.18835 6.66342 -0.290253
-0.657954 9.93188 -0.0587907
-0.986181 9.90832 -0.0881168
10.2894 -2.71208 0.918747
10.1949 -3.00476 0.910267
-5.14194 5.11124 -0.465021
-10.6748 0.609688 -0.95337
10.5693 1.51945 0.943886
10.4491 2.11959 0.933085
361.577 0 265.338
343.556 0 244.344
351.038 0 252.767
349.816 0 251.366
429.596 0 421.225
429.501 0 419.891
427.07 0 399.865
426.841 0 398.528
383.046 0 294.398
383.961 0 295.772
327.489 0 227.394
326.083 0 225.975
252.146 0 161.047
250.27 0 159.58
1.18661e-07 -9.95074 1.11609e-08
1.6396 -9.83302 0.146492
-3.28022 -6.84088 -0.298243
48.6519 -85.8538 52.1767
4.47068 -9.03893 0.399205
4.76823 -8.90622 0.425742
417.452 0 362.336
416.984 0 360.991
410.101 0 343.459
409.509 0 342.107
130.531 -314.768 434.524
-4.54738 -5.45347 -0.412425
-4.61516 -5.52912 -0.418388
-4.79495 -5.3952 -0.434339
3.55408 9.3848 0.317427
-3.80431 8.45222 -0.341918
-3.75934 8.3631 -0.338137
-3.98453 8.16457 -0.358564
-3.07009 5.18106 -0.280957
2.60769 9.6502 0.232949
88.2094 76.7412 64.2677
8.54185 5.9852 0.762319
10.0908 -3.29475 0.900924
-2.90263 -4.58995 -0.266063
-2.8473 -4.50591 -0.261096
10.0908 3.29474 0.900924
10.1949 3.00477 0.910267
353.45 0 255.567
352.249 0 254.167
342.274 0 242.937
429.895 0 426.561
429.832 0 425.227
429.165 0 415.888
429.036 0 414.554
427.902 0 405.209
427.706 0 403.873
426.103 0 394.518
425.841 0 393.18
377.352 0 286.132
376.369 0 284.752
390.101 0 305.375
389.253 0 304.006
277.371 0 181.475
300.6 0 201.696
299.008 0 200.259
297.405 0 198.82
295.792 0 197.381
312.965 0 213.159
311.455 0 211.73
309.936 0 210.3
308.406 0 208.868
321.803 0 221.712
320.356 0 220.289
333.009 0 233.06
331.644 0 231.645
218.932 0 135.969
220.961 0 137.452
-5.11636 5.3987 -0.462706
-5.36777 5.3189 -0.484886
-5.1894 5.46996 -0.469119
2.28701 -9.7204 0.204314
2.6077 -9.6502 0.232949
-6.32427 -5.82467 -0.568658
-9.97703 -3.58171 -0.890725
-6.24544 -5.75903 -0.561798
6.70977 -7.74704 0.598855
6.96368 -7.55048 0.621495
5.91074 -8.29164 0.527616
5.63282 -8.45757 0.502839
-3.11222 -6.04583 -0.284128
9.09974 -5.22542 0.812179
8.92226 -5.48387 0.79631
-2.91109 -4.92513 -0.266769
424.401 0 386.489
424.087 0 385.15
422.029 0 377.11
421.656 0 375.769
418.804 0 366.37
418.362 0 365.026
415.527 0 356.952
415.024 0 355.605
412.377 0 348.862
411.821 0 347.512
407.681 0 338.047
407.054 0 336.693
403.782 0 329.913
403.1 0 328.555
398.818 0 320.396
398.072 0 319.034
-3.10312 5.61066 -0.283677
7.21092 7.34674 0.643544
-3.05249 5.52413 -0.27919
6.18304 -8.11781 0.551894
-4.30112 -5.50231 -0.390588
-4.23616 -5.42454 -0.384861
-4.05658 -5.54184 -0.368861
3.86331 9.27833 0.345021
-2.91109 4.92513 -0.266769
-4.68304 5.60468 -0.424354
-4.86535 5.46874 -0.440528
-4.93585 5.54218 -0.446721
-3.16657 -4.67141 -0.289717
-3.1083 -4.58912 -0.2845
-3.01358 -4.75785 -0.276005
-5.65313 -7.5041 -0.507151
-5.40253 -7.66221 -0.4848
-5.4655 -7.74128 -0.490138
9.42849 4.69417 0.841589
8.54184 -5.9852 0.762319
-3.01699 -5.0958 -0.276225
9.26854 4.96209 0.827277
-3.22493 4.75364 -0.294937
-3.16657 4.67141 -0.289717
-3.22493 -4.75364 -0.294937
-3.06919 -4.84171 -0.280979
-3.12491 -4.92552 -0.285956
9.85383 -3.8654 0.879682
-2.95806 -4.67393 -0.271033
9.42849 -4.69416 0.841589
364.91 0 269.512
358.154 0 261.156
348.585 0 249.963
344.829 0 245.751
340.981 0 241.529
339.678 0 240.12
429.994 0 429.228
429.949 0 427.894
429.762 0 423.893
429.683 0 422.559
429.397 0 418.557
429.285 0 417.223
428.899 0 413.219
428.753 0 411.885
428.267 0 407.88
428.089 0 406.544
427.502 0 402.537
427.29 0 401.201
426.603 0 397.192
426.357 0 395.855
425.57 0 391.842
373.362 0 280.605
372.34 0 279.222
381.187 0 291.646
380.242 0 290.268
392.591 0 309.48
391.771 0 308.113
386.65 0 299.892
385.763 0 298.52
282.518 0 185.826
280.813 0 184.377
222.981 0 138.934
224.992 0 140.415
294.169 0 195.94
306.865 0 207.436
318.899 0 218.865
324.667 0 224.555
323.24 0 223.134
335.707 0 235.887
334.363 0 234.474
330.27 0 230.229
328.884 0 228.812
214.845 0 132.999
-3.36035 -7.5584 -0.304258
-0.65796 -9.93188 -0.0587903
-3.40419 -7.64803 -0.30801
-3.25561 -5.8699 -0.297155
-3.0641 -5.95808 -0.27989
-3.07008 -5.18106 -0.280957
-2.95153 -5.35091 -0.270224
-3.12328 -5.26625 -0.285691
-4.71583 -8.82071 -0.421395
-4.89545 -8.51325 -0.438058
-4.66361 -8.73511 -0.417051
-5.32695 -7.11675 -0.479317
-5.62681 -7.03706 -0.505812
-5.55924 -6.96133 -0.500017
-10.6899 -0.304987 -0.954727
-5.36777 -5.3189 -0.484886
-5.1894 -5.46996 -0.469119
-5.44327 -5.38789 -0.491513
424.706 0 387.828
423.766 0 383.811
423.435 0 382.471
422.393 0 378.451
421.274 0 374.427
420.884 0 373.085
419.662 0 369.057
419.237 0 367.714
417.911 0 363.681
416.507 0 359.645
416.021 0 358.299
414.512 0 354.257
412.924 0 350.212
411.257 0 346.161
410.683 0 344.81
408.909 0 340.754
408.299 0 339.401
406.417 0 335.338
404.454 0 331.27
402.409 0 327.197
401.709 0 325.838
399.555 0 321.757
397.317 0 317.671
396.553 0 316.307
-325.856 78.4634 434.52
-286.752 5.34127 435.896
-281.161 -129.052 435.896
-93.1175 -302.821 435.896
-6.08814 5.62735 -0.548089
-3.35782 -6.04244 -0.306153
-3.20876 -6.22116 -0.292613
-3.40908 -6.12862 -0.310656
-3.29262 5.17657 -0.300902
-3.34872 5.26013 -0.305889
-3.17657 5.35139 -0.290428
6.70977 7.74704 0.598855
6.96367 7.55049 0.621495
-3.00196 5.43755 -0.274706
-9.26854 4.9621 -0.827277
-9.42849 4.69417 -0.841589
-3.40318 6.57116 -0.309616
-3.56356 6.38679 -0.324184
-3.61528 6.47272 -0.328699
6.18304 8.11781 0.551893
-4.99195 4.97224 -0.451792
-2.85828 4.83971 -0.262045
-3.66712 6.55858 -0.333217
-3.82445 6.36815 -0.347483
-3.87919 6.45244 -0.352256
9.85383 3.8654 0.879682
9.97703 3.58171 0.890725
6.44947 7.93621 0.575647
-3.20468 5.78354 -0.292659
-3.18071 -5.00926 -0.290936
-3.93328 -5.7351 -0.357777
-3.87366 -5.65371 -0.352525
-3.74443 -5.84318 -0.340873
-5.0669 5.04178 -0.458405
-10.6497 0.913859 -0.951109
-4.65453 5.24779 -0.421969
-4.47973 5.37773 -0.406465
-4.41219 5.30188 -0.400508
-2.80556 4.75424 -0.257323
10.2894 2.71208 0.918747
9.97703 -3.58172 0.890725
10.4491 -2.11958 0.933085
-2.8473 4.50591 -0.261096
-3.05248 -5.52413 -0.27919
-3.23661 -5.09295 -0.295917
375.376 0 283.37
374.374 0 281.988
382.121 0 293.022
379.289 0 288.89
378.325 0 287.511
394.204 0 312.213
393.402 0 310.847
390.941 0 306.744
388.395 0 302.635
387.527 0 301.264
384.867 0 297.146
266.802 0 172.745
265.005 0 171.287
216.893 0 134.484
246.487 0 156.643
244.581 0 155.173
-6.96367 -7.55049 -0.621495
-7.21092 -7.34674 -0.643544
-3.53643 -7.9166 -0.319283
-3.28346 -5.52149 -0.299909
-3.10312 -5.61066 -0.283677
-3.30576 -6.39627 -0.301109
3.86333 -9.27833 0.345021
3.55407 -9.38481 0.317427
-3.57419 -5.59372 -0.325863
-3.33705 -5.60645 -0.304654
-3.39078 -5.69134 -0.309401
-3.34196 -4.91791 -0.305384
-5.78467 7.65824 -0.518312
-5.59192 7.89909 -0.500825
-5.52863 7.82025 -0.495479
-9.72126 -4.14556 -0.867804
-9.85383 -3.8654 -0.879682
-6.75815 -5.82936 -0.606671
-10.1949 -3.00477 -0.910267
-10.0908 -3.29474 -0.900924
0.329131 -9.94602 0.0294093
-0.986192 -9.90832 -0.0881163
-3.15385 5.69713 -0.288167
7.45129 7.13601 0.664983
1.96422 9.78136 0.175485
1.63961 9.83302 0.146492
-3.0641 5.95808 -0.27989
-8.92225 5.48388 -0.79631
-9.09974 5.22542 -0.812179
-3.93668 8.07675 -0.35452
-3.89745 7.44192 -0.352336
-3.69942 7.63672 -0.334349
-3.84747 7.35513 -0.34805
-7.53554 6.05198 -0.674393
-3.64879 7.00733 -0.330937
-3.46533 7.19516 -0.31426
-3.59943 6.92022 -0.326667
-5.44327 5.38789 -0.491513
8.73622 -5.73724 0.779685
273.888 0 178.569
272.132 0 177.115
259.554 0 166.905
257.717 0 165.442
238.805 0 150.756
240.74 0 152.229
230.969 0 144.853
232.942 0 146.331
-1.3135 -9.87535 -0.117359
-3.74663 -7.72485 -0.338377
-4.68527 -6.33406 -0.423923
-4.47529 -6.46394 -0.40518
-4.53614 -6.54449 -0.410464
-3.45206 -6.65852 -0.313875
-3.56355 -6.38679 -0.324184
-3.40319 -6.57116 -0.309616
43.1758 -92.0067 53.7603
-7.82725 -6.63368 -0.698833
-7.4416 -6.72867 -0.665045
-7.52244 -6.79211 -0.671956
-4.6805 4.96893 -0.424288
-4.44473 -5.02596 -0.403434
-4.68049 -4.96893 -0.424287
-3.71449 -8.27392 -0.334359
-3.66979 -8.18467 -0.330586
-3.86332 -9.27833 -0.345021
-4.78898 -7.32529 -0.431524
-5.0278 -7.18557 -0.452853
-4.96586 -7.10577 -0.447542
0.657965 -9.93188 0.0587908
1.96422 -9.78136 0.175485
-3.41888 -7.10668 -0.310251
-3.46534 -7.19516 -0.31426
-0.329131 -9.94602 -0.0294093
-3.2834 -4.8358 -0.300159
-3.4393 -4.7414 -0.314091
-3.44459 5.77617 -0.314151
-3.49851 5.86094 -0.318904
-3.30667 5.9562 -0.301652
-7.68453 6.91851 -0.68579
-7.37232 7.07058 -0.658266
-7.2935 7.00499 -0.651553
-5.32799 8.05548 -0.47728
-5.38864 8.13611 -0.482383
-5.65536 7.97783 -0.506175
-5.44944 8.21663 -0.487491
-4.66361 8.73511 -0.417051
-4.89545 8.51325 -0.438058
-4.71584 8.82071 -0.421395
-7.91043 6.69444 -0.705947
-8.12874 6.46405 -0.725432
-7.82725 6.63368 -0.698833
-5.71654 6.72537 -0.514232
-5.93611 6.55869 -0.533756
-6.00855 6.6304 -0.539998
-5.00647 5.61552 -0.452917
-3.40493 5.34362 -0.310878
-3.46124 5.42705 -0.31587
-3.28346 5.52148 -0.299909
-3.05011 -4.50676 -0.279285
-2.95806 4.67393 -0.271033
-4.9558 -5.9059 -0.448249
-5.14808 -5.76188 -0.465318
-4.88743 -5.83074 -0.442271
-5.4655 7.74129 -0.490138
-5.2675 7.97474 -0.472181
-5.20716 7.89391 -0.467085
-3.45207 6.65851 -0.313875
-3.32632 6.92954 -0.302243
-3.28022 6.84088 -0.298243
-4.48965 7.37462 -0.404981
-4.29894 7.58353 -0.387684
-4.24557 7.49852 -0.383127
-3.74661 7.72485 -0.338376
-3.2572 -6.30875 -0.29686
3.24152 -9.48233 0.289533
275.635 0 180.023
270.365 0 175.66
268.589 0 174.203
263.198 0 169.827
261.381 0 168.366
255.87 0 163.978
254.013 0 162.513
248.383 0 158.112
242.665 0 153.702
226.994 0 141.896
228.986 0 143.375
234.906 0 147.807
236.86 0 149.282
-3.62521 -8.09537 -0.326815
-3.59943 -6.92022 -0.326667
-3.40061 -4.99994 -0.310611
-3.29261 -5.17657 -0.300902
-5.07722 -5.68876 -0.459116
-5.00647 -5.61552 -0.452917
-4.81917 -5.75549 -0.436295
-10.6497 -0.913861 -0.951109
-5.2171 -5.18057 -0.471639
-5.29238 -5.24979 -0.478261
-10.6748 -0.609689 -0.95337
-8.12874 -6.46405 -0.725432
-8.33929 -6.22755 -0.744229
-7.33106 -6.2657 -0.656225
-7.03953 -6.40914 -0.630543
-7.41342 -6.32743 -0.663317
-4.4061 -7.75331 -0.39681
-4.45989 -7.83808 -0.401378
-4.65897 -7.62441 -0.419433
-4.20013 -7.9612 -0.378125
-4.25106 -8.04749 -0.382435
-3.55406 -9.38481 -0.317426
-3.82444 -6.36815 -0.347482
-4.03048 -6.2575 -0.365949
-3.97303 -6.1748 -0.360927
-5.26257 -5.5411 -0.475535
-5.51889 -5.45677 -0.498143
-3.23423 -6.75218 -0.294246
-6.16673 -5.69326 -0.554942
-6.40323 -5.89017 -0.575521
-6.12823 -6.00338 -0.551299
-3.5586 7.37196 -0.322286
-3.74787 7.18136 -0.339487
-3.60542 7.46028 -0.326304
-6.32427 5.82467 -0.568658
-9.97703 3.58171 -0.890725
-6.40322 5.89017 -0.575521
5.06129 8.765 0.451877
5.34958 8.6154 0.477584
-5.71883 7.58123 -0.51273
-5.65314 7.5041 -0.507151
-5.89857 7.33876 -0.529027
-3.94756 7.52864 -0.356625
-4.19233 7.41344 -0.378573
-3.99782 7.61529 -0.360919
-4.35246 7.66846 -0.392245
-4.54596 7.45797 -0.409794
-6.70977 7.74705 -0.598855
-5.2145 7.42436 -0.46881
-4.96732 7.56956 -0.446742
-5.15212 7.34486 -0.463487
-3.55408 9.3848 -0.317427
-3.24153 9.48233 -0.289532
-4.55959 8.56368 -0.408374
-4.78567 8.34497 -0.428865
-4.84048 8.42916 -0.43346
-6.44947 7.93621 -0.575647
-6.18304 8.1178 -0.551893
-6.38005 7.86199 -0.569805
-4.13923 7.32827 -0.374023
-7.05762 7.21118 -0.630532
-5.33585 5.61213 -0.481955
-5.59463 5.52552 -0.504777
-9.85383 3.8654 -0.879682
-3.51191 7.28359 -0.318271
-3.69827 7.09437 -0.335211
-4.4061 7.75331 -0.39681
-4.60239 7.54124 -0.414612
-4.97062 -5.25586 -0.449888
-3.30575 6.39627 -0.301109
-3.11221 6.04583 -0.284128
0.657953 9.93188 0.0587906
0.329134 9.94602 0.0294092
-3.41888 7.10668 -0.310251
-3.06919 4.84171 -0.280979
-4.04193 5.19073 -0.367696
-4.10656 5.26875 -0.373415
-3.93227 5.38236 -0.357886
-5.36143 5.98059 -0.483943
-5.29019 5.9078 -0.477731
-5.55643 5.82453 -0.501231
-2.96399 -5.01049 -0.271496
7.45129 -7.13601 0.664983
7.21091 -7.34675 0.643544
-3.16043 -6.13353 -0.288369
-3.76983 -6.28379 -0.342712
-3.71534 -6.19936 -0.337944
5.06129 -8.765 0.451878
-3.15384 -5.69713 -0.288167
-3.20468 -5.78354 -0.29266
6.44947 -7.93621 0.575647
-3.55861 -7.37197 -0.322286
-3.69827 -7.09438 -0.335211
-3.51192 -7.28359 -0.318271
-3.71908 -6.64438 -0.337738
-3.66711 -6.55859 -0.333217
-3.5502 -6.83304 -0.3224
-10.6145 -1.2172 -0.947947
-4.72469 -5.32155 -0.428152
-4.65452 -5.2478 -0.421968
-10.5693 -1.51945 -0.943886
-10.5142 -1.82034 -0.938931
-5.33585 -5.61213 -0.481954
-6.00102 -6.24609 -0.539873
-6.07558 -6.31591 -0.546325
-6.28182 -6.13875 -0.56462
-7.49592 -6.389 -0.670414
-7.87374 -6.28843 -0.703538
-7.78899 -6.22957 -0.696247
-7.37232 -7.07059 -0.658266
-7.2935 -7.00499 -0.651553
-7.05762 -7.21118 -0.630532
-7.68453 -6.91851 -0.68579
-7.45129 -7.13601 -0.664983
-5.15211 -7.34487 -0.463487
-5.08988 -7.26528 -0.458168
-4.90774 -7.48822 -0.441666
-4.16894 -9.16301 -0.372289
-5.69453 -7.11266 -0.51161
-5.45698 -7.27202 -0.490439
-5.7624 -7.18815 -0.517412
-8.04362 -6.40567 -0.718131
-5.8523 -6.10607 -0.526979
-5.9266 -6.17614 -0.533424
-5.29019 -5.9078 -0.477731
-5.09294 -6.05588 -0.460216
-5.36143 -5.98059 -0.483942
-4.7157 -7.70751 -0.424257
-4.51381 -7.92278 -0.40595
-2.6077 -9.6502 -0.232949
-3.75934 -8.3631 -0.338137
-4.47068 -9.03893 -0.399205
-4.76823 -8.90622 -0.425742
-6.18304 -8.11781 -0.551893
-5.91073 -8.29165 -0.527616
-4.86535 -5.46874 -0.440529
-4.27744 -5.14993 -0.388603
-4.51456 -5.1 -0.409609
-10.2894 -2.71208 -0.918747
-5.93133 -5.49515 -0.534392
-6.00968 -5.56132 -0.541239
-3.85849 -6.00914 -0.350894
-3.9157 -6.092 -0.355909
-1.63961 9.83302 -0.146492
-1.96422 9.78136 -0.175485
-4.08627 7.24304 -0.369476
-3.88897 7.98887 -0.350479
-4.0987 7.78839 -0.369515
-4.61152 8.64943 -0.41271
-3.7145 8.27391 -0.33436
-3.79394 7.81292 -0.342407
-3.58076 8.00601 -0.323048
-3.5146 9.29345 -0.314174
-3.73531 9.00804 -0.334433
-4.45989 7.83808 -0.401378
-4.65898 7.62441 -0.419433
-4.7157 7.7075 -0.424258
-3.86332 9.27833 -0.345021
-4.16895 9.163 -0.372289
-5.26257 5.5411 -0.475535
-6.42293 7.45778 -0.574598
-6.4944 7.5303 -0.580656
-6.17276 7.63851 -0.552304
-6.75285 6.93825 -0.604555
-7.05791 6.80729 -0.631437
-6.82882 7.0067 -0.611043
-7.45129 7.13601 -0.664983
-8.33929 6.22754 -0.744229
-8.54185 5.9852 -0.762319
-7.49592 6.389 -0.670414
-7.41342 6.32743 -0.663317
-7.789 6.22956 -0.696247
-5.69453 7.11266 -0.51161
-5.62682 7.03706 -0.505812
-5.9269 6.94643 -0.532302
-6.74099 7.34025 -0.602629
-5.40925 5.68305 -0.488377
-5.21908 5.83489 -0.471523
-5.14808 5.76188 -0.465318
-9.72126 4.14555 -0.867804
-4.51456 5.1 -0.40961
-4.34476 5.22595 -0.394554
-4.27745 5.14993 -0.388603
-5.48278 5.75385 -0.494803
-4.89792 5.18429 -0.443484
-4.99195 -4.97224 -0.451792
-4.72469 5.32154 -0.428152
2.28701 9.7204 0.204314
-0.329135 9.94602 -0.0294093
-3.36035 7.5584 -0.304258
1.3135 9.87535 0.117359
0.98618 9.90832 0.0881167
-4.34961e-07 9.95074 -4.09109e-08
-3.01358 4.75785 -0.276005
-4.14314 4.99761 -0.376708
-3.91299 5.03444 -0.356266
-4.07615 4.92132 -0.370765
-4.82533 5.11261 -0.437082
-3.35441 6.48375 -0.305361
-3.55019 6.83304 -0.3224
-3.37254 7.01814 -0.306245
-3.84868 -4.95617 -0.350556
-4.07615 -4.92132 -0.370765
-4.00927 -4.84495 -0.364825
-3.56192 -4.90208 -0.325024
-3.72038 4.79939 -0.339143
-3.56193 4.90208 -0.325024
-3.45938 -5.08191 -0.315841
-3.50056 -4.82177 -0.319556
-4.14573 -6.4227 -0.376001
-3.93404 -6.53666 -0.357033
-3.98902 -6.6208 -0.361813
-3.43931 4.74139 -0.314092
-3.2834 4.83581 -0.300159
-3.37815 -4.66094 -0.308629
2.92596 -9.57082 0.261364
-3.18835 -6.66342 -0.290253
-3.60543 -7.46027 -0.326304
-3.79761 -7.26828 -0.343767
-3.35441 -6.48375 -0.305361
4.16894 -9.16301 0.372289
5.34958 -8.6154 0.477585
-4.11891 -5.62145 -0.374353
-4.18136 -5.70098 -0.379849
-3.44459 -5.77617 -0.314151
-3.30667 -5.9562 -0.301652
-3.49852 -5.86094 -0.318904
-3.49223 -7.82713 -0.315522
-3.65236 -7.54853 -0.330325
-3.69944 -7.63671 -0.334349
-3.88897 -7.98887 -0.350479
-3.93668 -8.07675 -0.35452
-4.35398 -6.30256 -0.394624
-4.20356 -6.50518 -0.381031
-4.41458 -6.38329 -0.3999
-4.82533 -5.11261 -0.437082
-5.55643 -5.82453 -0.501231
-5.48278 -5.75385 -0.494803
-10.4491 -2.11959 -0.933085
-10.3742 -2.41692 -0.926355
-5.04343 -5.32734 -0.456295
-5.57701 -6.5774 -0.502204
-5.50746 -6.50323 -0.496195
-5.29038 -6.65731 -0.476878
-9.26854 -4.9621 -0.827277
-9.42849 -4.69417 -0.841589
-7.00292 -6.01726 -0.627889
-8.54185 -5.9852 -0.762319
-9.57944 -4.4219 -0.855103
-8.73623 -5.73722 -0.779685
-6.44947 -7.93622 -0.575647
-6.38004 -7.86199 -0.569805
-7.3609 -6.66507 -0.658137
-7.66131 -6.51166 -0.684616
-7.28035 -6.60132 -0.651233
-5.85664 -6.87286 -0.526275
-5.9269 -6.94643 -0.532302
-6.48231 -5.95554 -0.582387
-6.56151 -6.02077 -0.589256
-4.69341 -5.96697 -0.425016
-4.49537 -6.09733 -0.407371
-4.75921 -6.04408 -0.430765
-4.55854 -6.17633 -0.412885
-4.62184 -6.25524 -0.418402
-5.05915 -8.20414 -0.453286
-5.11692 -8.2866 -0.458137
-7.05791 -6.80729 -0.631436
-6.75284 -6.93826 -0.604554
-6.82882 -7.0067 -0.611043
-5.34958 -8.6154 -0.477585
-5.63281 -8.45757 -0.502838
-5.57153 -8.37737 -0.497718
-5.00585 -8.68117 -0.447267
-5.17485 -8.36895 -0.462993
-4.95058 -8.59726 -0.442661
-2.92596 -9.57082 -0.261364
-3.84941 -8.54129 -0.345702
-3.60849 -8.73725 -0.323875
-4.6765 -8.17634 -0.419688
-4.62212 -8.09191 -0.415105
-4.45616 -8.39192 -0.399713
-3.24152 -9.48233 -0.289532
-3.5146 -9.29345 -0.314174
-3.7353 -9.00805 -0.334433
-5.51041 -8.29706 -0.492603
-5.78273 -8.13497 -0.516887
-5.38863 -8.13612 -0.482383
-5.44945 -8.21663 -0.487491
-4.36621 -5.57998 -0.396319
-5.4328 -6.05327 -0.490157
-5.16169 -6.13072 -0.466204
-5.23058 -6.20544 -0.472195
-5.775 -5.36245 -0.520707
-5.21908 -5.83489 -0.471523
-5.85311 -5.42886 -0.527548
-5.59463 -5.52553 -0.504777
-5.67049 -5.59416 -0.511414
-4.62773 -5.88976 -0.419271
-4.36939 -5.93906 -0.396353
-4.09935 -6.78887 -0.371382
-3.92814 -6.98689 -0.355854
-4.15471 -6.87279 -0.376171
-4.68305 -5.60467 -0.424354
-4.30659 -5.85978 -0.390848
-3.74661 -5.14257 -0.341442
-3.68494 -5.06248 -0.335967
-3.5772 -5.24564 -0.326308
-3.75475 -5.4907 -0.34203
-3.69546 -5.40909 -0.336786
-3.84139 7.90093 -0.346441
-3.66979 8.18467 -0.330586
-4.04819 7.70187 -0.365215
-4.4753 6.46394 -0.405181
-4.68527 6.33405 -0.423923
-4.53615 6.54449 -0.410464
-3.89464 8.63029 -0.34949
-3.65064 8.82757 -0.327391
-3.84941 8.54129 -0.345702
-2.92597 9.57082 -0.261364
-3.6085 8.73725 -0.323876
-4.3723 8.86463 -0.391047
-4.42142 8.95182 -0.395124
-4.5679 8.00738 -0.410525
-4.35333 8.21986 -0.391067
-4.30212 8.13371 -0.386749
-5.71897 8.05646 -0.511529
-5.98314 7.88857 -0.535084
-5.78273 8.13497 -0.516887
-5.05915 8.20414 -0.453286
-5.11693 8.2866 -0.458137
-5.17485 8.36894 -0.462993
-4.95058 8.59726 -0.44266
-5.22352 6.58102 -0.471102
-5.15679 6.50463 -0.465329
-5.43802 6.42897 -0.49019
-4.51383 7.92277 -0.40595
-4.77257 7.79051 -0.429086
-5.34958 8.6154 -0.477584
-5.06128 8.765 -0.451878
-6.59331 7.19938 -0.590072
-6.90494 7.07501 -0.617535
-6.88929 7.48055 -0.615202
-6.63782 7.67494 -0.592785
-6.90158 6.67474 -0.618045
-6.67703 6.86966 -0.59807
-6.60135 6.80092 -0.591589
-5.5876 7.42685 -0.501576
-5.83041 7.26352 -0.523217
-8.73623 5.73722 -0.779685
-5.49181 6.8855 -0.494227
-5.78652 6.79918 -0.520252
-5.55924 6.96133 -0.500018
-4.75105 5.68013 -0.430323
-7.52244 6.79211 -0.671956
-5.40252 7.66221 -0.4848
-5.36874 6.35457 -0.484188
-5.0902 6.42813 -0.45956
-7.33106 6.2657 -0.656225
-7.70439 6.17052 -0.688959
-4.37502 4.95183 -0.397262
-4.44473 5.02596 -0.403434
-4.58448 5.17395 -0.415788
-7.24883 6.20382 -0.649136
-6.95953 6.34478 -0.623653
-6.03536 7.48889 -0.540658
-4.75286 5.04081 -0.430683
-4.21024 5.07381 -0.382654
-4.97062 5.25586 -0.449888
-1.3135 9.87535 -0.11736
-3.40419 7.64803 -0.30801
-3.23423 6.75218 -0.294246
-3.44815 7.73761 -0.311765
-3.22997 5.43647 -0.295167
-3.9774 -5.11263 -0.36198
-3.91299 -5.03444 -0.356266
-3.40493 -5.34363 -0.310878
-3.51823 -5.16381 -0.321073
-3.98902 6.6208 -0.361813
-3.82336 6.81577 -0.34679
-3.77116 6.73011 -0.342263
-3.50107 6.74581 -0.318136
-4.30541 4.8776 -0.391092
-4.37502 -4.95183 -0.397262
-3.84869 4.95617 -0.350556
-3.62339 -4.98231 -0.330494
-3.78448 -4.87782 -0.344848
-3.99302 -5.81641 -0.363031
-3.05012 4.50676 -0.279285
-3.1083 4.58912 -0.2845
-3.62339 4.98231 -0.330495
-3.78448 4.87782 -0.344848
-3.68495 5.06247 -0.335967
-3.80838 -5.22258 -0.346921
-3.40061 4.99994 -0.310611
-3.50057 4.82177 -0.319556
-3.51767 -5.51041 -0.320865
-4.09871 -7.78838 -0.369515
-4.04819 -7.70188 -0.365214
-3.82337 -6.81577 -0.34679
-4.04413 -6.70487 -0.366596
-3.89745 -7.44192 -0.352336
-3.44815 -7.73761 -0.311764
-4.47973 -5.37772 -0.406466
-4.43141 -5.65756 -0.402052
-4.93584 -5.54219 -0.446721
-6.08814 -5.62735 -0.548089
-5.42452 -6.80955 -0.48844
-5.49181 -6.8855 -0.494227
-5.71655 -6.72537 -0.514232
-6.05162 -5.9355 -0.544643
-5.77814 -6.03587 -0.520537
-6.79993 -6.21561 -0.609884
-7.08476 -6.0796 -0.634968
-6.72032 -6.15081 -0.603004
-6.83962 -5.89214 -0.613741
-6.44623 -7.05794 -0.577531
-6.5197 -7.12873 -0.5838
-7.21482 -6.93924 -0.644843
-7.13629 -6.87334 -0.638138
-9.09974 -5.22542 -0.812179
-8.92225 -5.48389 -0.79631
-7.24883 -6.20382 -0.649136
-7.6199 -6.11133 -0.681675
-6.92121 -5.95477 -0.620813
-6.70976 -7.74705 -0.598855
-6.81505 -7.41048 -0.608913
-6.4944 -7.5303 -0.580656
-6.56604 -7.60268 -0.586718
-6.82362 -6.60824 -0.611354
-6.52581 -6.73205 -0.585111
-7.57855 -6.45041 -0.677513
-6.2251 -6.45516 -0.559239
-6.15027 -6.38559 -0.55278
-5.93611 -6.55869 -0.533756
-5.0902 -6.42813 -0.45956
-4.94029 -6.64835 -0.446038
-5.15679 -6.50463 -0.465329
-4.95742 -6.27482 -0.448032
-4.89121 -6.19801 -0.442273
-4.5679 -8.00738 -0.410525
-4.8296 -7.87341 -0.433918
-4.14936 -7.87482 -0.373818
-5.65535 -7.97784 -0.506175
-5.91681 -7.81192 -0.529489
-5.85066 -7.73515 -0.523899
-5.27702 -7.50375 -0.474136
-5.08694 -7.73193 -0.456905
-5.3397 -7.58303 -0.479466
-5.14698 -7.81296 -0.461993
-4.94408 -8.03896 -0.443594
-5.20717 -7.8939 -0.467085
-4.27451 -8.69003 -0.382904
-4.22583 -8.60263 -0.378838
-4.03117 -8.89694 -0.360873
-5.00154 -8.1216 -0.448438
-4.03252 -8.25231 -0.362612
-4.08064 -8.33999 -0.366663
-3.65064 -8.82757 -0.32739
-3.69291 -8.91783 -0.33091
-3.89464 -8.63029 -0.349489
-6.59331 -7.19938 -0.590072
-6.10398 -7.56377 -0.546479
-6.03535 -7.4889 -0.540657
-6.11625 -8.04152 -0.546286
-5.11636 -5.3987 -0.462706
-5.74646 -5.66268 -0.518053
-4.82516 -6.12109 -0.436518
-5.02431 -5.98094 -0.454231
-3.61528 -6.47272 -0.328699
-4.11285 -5.97879 -0.37355
-4.17295 -6.05986 -0.378814
-3.63082 -5.67694 -0.330863
-3.31663 7.46872 -0.30051
-2.60769 9.6502 -0.232949
-2.28701 9.7204 -0.204314
-3.56649 8.64688 -0.320363
-4.03251 8.25231 -0.362612
-4.17729 8.51515 -0.374777
-4.22582 8.60263 -0.378838
-3.98552 8.80811 -0.357075
-4.25106 8.04749 -0.382435
-4.08063 8.33999 -0.366663
-4.14935 7.87482 -0.373818
-4.20014 7.96119 -0.378125
-6.3108 7.78763 -0.563968
-6.2417 7.71314 -0.558134
-6.56603 7.60269 -0.586718
-6.04961 7.96511 -0.540683
-5.00154 8.1216 -0.448438
-6.10398 7.56376 -0.546479
-6.35161 7.38512 -0.568544
-4.73101 8.2607 -0.424274
-4.5078 8.47784 -0.404042
-4.07695 8.98569 -0.364675
-3.82051 9.18829 -0.341488
-3.77784 9.09819 -0.337959
-4.03117 8.89693 -0.360873
-4.47068 9.03893 -0.399205
-4.88676 7.95624 -0.438754
-4.67649 8.17635 -0.419688
-4.62212 8.09191 -0.415105
-4.40468 8.30592 -0.395388
-3.69291 8.91783 -0.33091
-4.32333 8.77736 -0.386974
-5.57154 8.37736 -0.497719
-5.29118 8.53335 -0.472716
-4.94407 8.03897 -0.443594
-5.51041 8.29705 -0.492603
-6.11625 8.04152 -0.546286
-6.81506 7.41048 -0.608913
-5.84665 8.21337 -0.52225
-5.79163 6.41489 -0.521282
-6.07558 6.31591 -0.546325
-5.8638 6.48685 -0.527517
-7.11966 6.47335 -0.637436
-7.19994 6.53741 -0.644333
-4.20357 6.50517 -0.381032
-4.14574 6.4227 -0.376001
-4.35398 6.30256 -0.394624
-3.76983 6.28379 -0.342712
-4.82959 7.87342 -0.433918
-7.1342 7.27904 -0.637036
-6.98121 7.14317 -0.624032
-6.75815 5.82936 -0.606672
-10.0908 3.29474 -0.900924
-6.22674 6.84477 -0.558748
-6.52582 6.73204 -0.585112
-6.29976 6.91596 -0.565005
-6.83962 5.89214 -0.613741
-9.57944 4.4219 -0.855103
-6.92121 5.95477 -0.620813
-6.87966 6.28027 -0.616767
-6.66814 6.47481 -0.597984
-3.66096 6.11485 -0.33318
-3.46046 6.21474 -0.315163
-3.6067 6.03028 -0.328418
-4.05658 5.54183 -0.368861
-4.1713 5.34669 -0.379137
-4.23615 5.42454 -0.384861
-3.71534 6.19935 -0.337944
-3.63628 5.3274 -0.331546
-3.51766 5.51042 -0.320865
-6.82363 6.60824 -0.611354
-6.28046 7.31233 -0.562494
-6.00968 5.56132 -0.541239
-6.5906 6.40787 -0.591304
-6.79993 6.21561 -0.609883
-6.15027 6.38559 -0.55278
-4.75286 -5.04082 -0.430683
-4.58448 -5.17395 -0.415787
-4.34476 -5.22595 -0.394554
-4.41218 -5.30189 -0.400508
-5.02431 5.98094 -0.454231
-3.99303 5.8164 -0.363032
-3.93329 5.73509 -0.357776
-4.11892 5.62145 -0.374354
-3.49223 7.82713 -0.315523
-4.61515 5.52912 -0.418388
-4.43141 5.65756 -0.402053
-4.36621 5.57998 -0.396319
-3.65237 7.54853 -0.330325
-2.90263 4.58995 -0.266063
-3.25562 5.8699 -0.297155
-3.25721 6.30874 -0.29686
-4.30541 -4.8776 -0.391092
-3.99436 -5.46214 -0.363372
-3.37815 4.66094 -0.308629
-3.23661 5.09295 -0.295917
-3.12328 5.26625 -0.285691
-3.34196 4.91791 -0.305384
-3.18071 5.00927 -0.290935
-3.45938 5.08191 -0.315841
-3.72038 -4.79939 -0.339142
-3.81415 5.57224 -0.347276
-3.75475 5.4907 -0.34203
-3.63627 -5.3274 -0.331546
-4.29894 -7.58353 -0.387684
-3.79393 -7.81293 -0.342407
-4.43349 -7.29118 -0.400171
-4.37747 -7.20767 -0.395364
-4.19232 -7.41344 -0.378573
-3.98453 -8.16457 -0.358564
-3.94756 -7.52864 -0.356625
-3.99781 -7.61529 -0.360918
-5.06861 -6.8049 -0.457116
-4.90407 -7.02587 -0.442235
-5.13299 -6.88301 -0.462661
-4.81251 -6.4914 -0.434973
-4.74883 -6.41277 -0.429446
-4.59711 -6.62496 -0.41575
-5.97514 -5.86749 -0.537991
-5.89879 -5.79934 -0.531342
-5.40925 -5.68305 -0.488377
-5.6302 -5.8951 -0.507663
-5.70411 -5.96554 -0.514098
-6.08114 -6.70198 -0.546245
-6.30007 -6.52459 -0.565702
-6.00855 -6.6304 -0.539998
-5.02374 -6.35153 -0.453794
-5.29959 -6.28006 -0.47819
-4.31958 -6.66988 -0.391103
-6.35881 -6.20624 -0.571286
-6.43594 -6.27359 -0.577955
-5.35738 -6.73348 -0.482657
-6.67682 -5.76644 -0.599605
-5.79162 -6.41489 -0.521282
-5.8638 -6.48685 -0.527517
-5.39189 -7.19444 -0.484876
-5.78652 -6.79918 -0.520251
-6.28045 -7.31233 -0.562494
-6.20944 -7.23941 -0.556448
-5.96689 -7.41389 -0.53484
-7.70439 -6.17052 -0.688959
-6.74581 -6.54159 -0.604667
-6.95953 -6.34478 -0.623653
-7.53554 -6.05198 -0.674393
-7.16673 -6.14178 -0.64205
-6.64086 -6.08586 -0.596128
-6.63783 -7.67493 -0.592785
-7.74421 -6.57275 -0.691723
-6.98121 -7.14317 -0.624032
-7.95861 -6.34714 -0.710832
-7.11967 -6.47335 -0.637436
-7.19994 -6.53741 -0.644333
-6.90493 -7.07501 -0.617535
-6.66707 -7.26988 -0.596349
-6.88929 -7.48055 -0.615202
-7.13419 -7.27904 -0.637036
-7.91043 -6.69444 -0.705947
-5.21449 -7.42436 -0.468809
-5.89856 -7.33877 -0.529027
-5.5876 -7.42685 -0.501576
-5.36875 -6.35456 -0.484188
-5.71882 -7.58123 -0.51273
-4.55319 -6.99829 -0.411285
-4.61193 -7.08017 -0.41634
-5.26215 -7.03894 -0.473761
-4.35245 -7.66846 -0.392245
-5.06129 -8.765 -0.451878
-5.29118 -8.53335 -0.472716
-5.84665 -8.21337 -0.522249
-6.35161 -7.38512 -0.568544
-4.40467 -8.30593 -0.395388
-4.35332 -8.21986 -0.391067
-4.88676 -7.95623 -0.438754
-4.30211 -8.13372 -0.386749
-4.1289 -8.42761 -0.370718
-4.32333 -8.77736 -0.386974
-4.5078 -8.47784 -0.404041
-4.12287 -9.07438 -0.368479
-4.3723 -8.86463 -0.391047
-3.98553 -8.80811 -0.357075
-3.77784 -9.0982 -0.337958
-6.74098 -7.34025 -0.602629
-6.42293 -7.45778 -0.574598
-6.06788 -7.09317 -0.544367
-5.83042 -7.26351 -0.523217
-4.14314 -4.99761 -0.376708
-3.81414 -5.57225 -0.347275
-3.93226 -5.38237 -0.357885
-4.26151 -6.58757 -0.386066
-3.98071 -7.07235 -0.360391
-4.03342 -7.15773 -0.364932
-4.2102 -6.95663 -0.380965
-3.46046 -6.21474 -0.315163
-3.51195 -6.3008 -0.319672
-3.68757 -5.7601 -0.335867
-4.10655 -5.26876 -0.373415
-4.1713 -5.34669 -0.379136
-3.94002 8.71923 -0.353281
-4.27451 8.69003 -0.382904
-4.45617 8.39192 -0.399713
-5.85067 7.73514 -0.523899
-5.91682 7.81192 -0.52949
-5.23294 8.45119 -0.467853
-4.76823 8.90622 -0.425743
-5.14697 7.81297 -0.461993
-5.33969 7.58304 -0.479466
-5.00586 8.68117 -0.447267
-4.12288 9.07438 -0.36848
-5.02705 7.65079 -0.451822
-7.03953 6.40914 -0.630543
-7.95861 6.34713 -0.710832
-8.04362 6.40567 -0.718131
-6.45042 6.66302 -0.578638
-6.37518 6.59387 -0.572168
-7.1363 6.87334 -0.638138
-7.87374 6.28843 -0.703538
-7.74421 6.57275 -0.691723
-7.66132 6.51166 -0.684616
-3.9157 6.092 -0.355909
-3.97303 6.17479 -0.360928
-3.79761 7.26828 -0.343767
-4.78899 7.32528 -0.431525
-4.96586 7.10578 -0.447543
-5.02781 7.18557 -0.452854
-7.21482 6.93924 -0.644844
-7.6199 6.11133 -0.681675
-3.80839 5.22257 -0.346921
-3.97741 5.11262 -0.36198
-4.54738 5.45347 -0.412425
-3.51196 6.30079 -0.319672
-4.62185 6.25524 -0.418402
-4.82517 6.12109 -0.436518
-4.03343 7.15773 -0.364932
-3.98072 7.07235 -0.360391
-4.24392 5.78042 -0.385348
-5.07722 5.68876 -0.459116
-5.85663 6.87286 -0.526275
-6.08114 6.70199 -0.546245
-7.00292 6.01726 -0.627889
-6.35881 6.20624 -0.571286
-4.78087 6.86579 -0.431631
-5.00439 6.72667 -0.451576
-4.8424 6.94588 -0.436931
-4.79495 5.3952 -0.434339
-3.53643 7.9166 -0.319284
-3.62521 8.09537 -0.326815
-3.33707 5.60644 -0.304654
-4.24391 -5.78043 -0.385347
-4.04192 -5.19073 -0.367696
-4.21023 -5.07382 -0.382654
-3.87027 -5.30251 -0.352402
-3.87366 5.65371 -0.352525
-3.68757 5.76009 -0.335867
-3.74443 5.84318 -0.340873
-3.55255 5.94564 -0.32366
-4.00927 4.84494 -0.364825
-3.46124 -5.42706 -0.31587
-3.77116 -6.73011 -0.342262
-3.8414 -7.90093 -0.346441
-5.1975 -6.96103 -0.468209
-3.84747 -7.35513 -0.34805
-4.32158 -7.12407 -0.390561
-4.24557 -7.49852 -0.383127
-4.48965 -7.37462 -0.404981
-5.82256 -5.73108 -0.524696
-5.6477 -6.2706 -0.508822
-5.57594 -6.19827 -0.502597
-4.78088 -6.86578 -0.43163
-4.71949 -6.78561 -0.426333
-4.3778 -6.75211 -0.396143
-6.5906 -6.40787 -0.591304
-6.87966 -6.28027 -0.616767
-6.66814 -6.47481 -0.597984
-6.45042 -6.66303 -0.578638
-6.22674 -6.84477 -0.558748
-6.20496 -6.07113 -0.557958
-6.15386 -6.77344 -0.552494
-6.37518 -6.59387 -0.572168
-6.97967 -6.74109 -0.624739
-6.3108 -7.78763 -0.563967
-6.90158 -6.67474 -0.618044
-7.60342 -6.85538 -0.678871
-4.87634 -6.56992 -0.440504
-4.43612 -6.83426 -0.401187
-4.49458 -6.91632 -0.406234
-4.65825 -6.70532 -0.42104
-5.71959 -6.34281 -0.51505
-5.43804 -6.42895 -0.49019
-5.6467 -6.65145 -0.508216
-4.6024 -7.54123 -0.414612
-5.23295 -8.45119 -0.467852
-5.71896 -8.05647 -0.511529
-5.59192 -7.89909 -0.500825
-5.32799 -8.05548 -0.47728
-6.0496 -7.96511 -0.540683
-6.17275 -7.63852 -0.552304
-5.98313 -7.88858 -0.535084
-4.42142 -8.95182 -0.395124
-4.61152 -8.64944 -0.41271
-5.26749 -7.97475 -0.47218
-4.1773 -8.51515 -0.374777
-4.73101 -8.2607 -0.424275
-3.94 -8.71924 -0.35328
-3.8043 -8.45223 -0.341917
-3.82051 -9.18829 -0.341488
-4.07694 -8.98569 -0.364675
-4.43233 -6.01824 -0.40186
-3.87919 -6.45244 -0.352256
-3.8014 -5.9262 -0.345882
-3.60669 -6.03029 -0.328418
-4.05289 -5.89764 -0.368289
-4.12889 8.42761 -0.370718
-4.90773 7.48823 -0.441666
-4.61193 7.08017 -0.41634
-5.45698 7.27202 -0.490439
-5.52221 7.34949 -0.496006
-5.27702 7.50375 -0.474136
-5.08693 7.73193 -0.456906
-8.25229 6.1716 -0.736747
-7.60341 6.85538 -0.678871
-6.15387 6.77344 -0.552495
-6.56151 6.02077 -0.589256
-7.3609 6.66508 -0.658137
-3.99437 5.46214 -0.363372
-4.56217 5.81245 -0.413529
-4.3694 5.93905 -0.396353
-4.3066 5.85978 -0.390849
-3.87569 6.90137 -0.351321
-4.03048 6.2575 -0.365949
-4.08805 6.34014 -0.370973
-6.48231 5.95554 -0.582387
-6.30007 6.52458 -0.565702
-6.16673 5.69326 -0.554942
-6.67682 5.76644 -0.599605
-6.24544 5.75903 -0.561798
-5.74646 5.66268 -0.518053
-5.82257 5.73108 -0.524696
-6.74581 6.54159 -0.604667
-4.81917 5.75549 -0.436295
-4.62773 5.88976 -0.419271
-3.87028 5.30251 -0.352402
-4.43612 6.83426 -0.401188
-4.65824 6.70532 -0.42104
-4.49459 6.91631 -0.406235
-5.50745 6.50324 -0.496195
-5.29038 6.65731 -0.476878
-4.75922 6.04407 -0.430766
-4.89123 6.198 -0.442274
-5.63021 5.8951 -0.507663
-5.89879 5.79934 -0.531342
-5.70411 5.96554 -0.514098
-5.26215 7.03894 -0.473761
-5.29959 6.28006 -0.47819
-5.57701 6.5774 -0.502204
-5.35739 6.73348 -0.482657
-6.20944 7.23941 -0.556448
-6.13859 7.16635 -0.550405
-4.84829 7.4068 -0.436593
-5.08989 7.26527 -0.458169
4.16895 9.163 0.372289
5.91073 8.29165 0.527616
-3.69546 5.40909 -0.336787
-3.57419 5.59371 -0.325863
-3.63083 5.67694 -0.330864
-3.57721 5.24564 -0.326308
-3.74662 5.14256 -0.341443
-3.51824 5.16381 -0.321073
-3.66096 -6.11485 -0.33318
-3.55255 -5.94564 -0.32366
-4.54596 -7.45797 -0.409795
-3.74788 -7.18136 -0.339487
-3.64879 -7.00733 -0.330937
-4.08625 -7.24305 -0.369475
-5.50431 -6.12583 -0.496376
-6.13858 -7.16636 -0.550405
-6.2417 -7.71314 -0.558134
-8.25229 -6.1716 -0.736747
-4.26582 -7.04039 -0.385761
-5.52222 -7.34948 -0.496006
-5.0044 -6.72666 -0.451575
-4.8424 -6.94588 -0.436931
-5.22351 -6.58103 -0.471101
-4.84828 -7.40681 -0.436593
-4.67081 -7.16197 -0.421398
-4.13923 -7.32828 -0.374022
-5.78467 -7.65824 -0.518312
-5.52863 -7.82024 -0.495479
-4.8405 -8.42915 -0.433459
-4.78567 -8.34498 -0.428865
-4.55959 -8.56368 -0.408374
-3.87569 -6.90137 -0.351321
-5.96689 7.41389 -0.53484
-4.72983 7.24368 -0.42646
-7.4416 6.72867 -0.665045
-7.57855 6.45041 -0.677513
-7.28035 6.60132 -0.651233
-6.44623 7.05794 -0.577531
-6.5197 7.12873 -0.583799
-6.66707 7.26988 -0.596348
-6.97967 6.74109 -0.624739
-3.39077 5.69134 -0.309401
-3.16044 6.13352 -0.288369
-3.80141 5.92619 -0.345882
-5.02374 6.35152 -0.453795
-4.87634 6.56992 -0.440504
-4.05288 5.89764 -0.368289
-4.11286 5.97879 -0.37355
-4.04412 6.70487 -0.366596
-4.23318 6.14084 -0.384081
-4.43233 6.01823 -0.401861
-4.29352 6.22174 -0.389351
-4.15472 6.87278 -0.376172
-4.31958 6.66988 -0.391103
-4.37779 6.75211 -0.396144
-4.5532 6.99829 -0.411286
-4.37747 7.20767 -0.395364
-3.92814 6.9869 -0.355854
-4.41458 6.38329 -0.399901
-4.26151 6.58757 -0.386065
-7.08476 6.0796 -0.634968
-7.16673 6.14178 -0.64205
-5.23058 6.20545 -0.472195
-6.05162 5.9355 -0.544643
-5.97514 5.86749 -0.537991
-4.69341 5.96697 -0.425017
-4.49538 6.09733 -0.407371
-4.30113 5.5023 -0.390589
-4.59713 6.62495 -0.415751
-4.81252 6.49139 -0.434974
-4.49673 5.73505 -0.407789
-5.8523 6.10607 -0.526979
-5.6477 6.2706 -0.508822
-6.64086 6.08586 -0.596128
-5.6467 6.65145 -0.508216
-5.71959 6.34281 -0.51505
-3.40909 6.12862 -0.310656
-3.35782 6.04244 -0.306153
-4.72983 -7.24367 -0.426459
-6.51321 -6.3408 -0.584628
-5.99731 -7.01987 -0.538333
-6.29976 -6.91596 -0.565005
-5.99732 7.01986 -0.538333
-4.9403 6.64834 -0.446038
-3.8585 6.00913 -0.350894
-4.18136 5.70098 -0.379849
-3.93404 6.53666 -0.357033
-4.71949 6.78561 -0.426334
-3.71908 6.64438 -0.337738
-4.43349 7.29118 -0.40017
-4.09936 6.78887 -0.371382
-4.32158 7.12407 -0.390561
-4.26583 7.04038 -0.385761
-6.00102 6.24609 -0.539873
-5.9266 6.17614 -0.533424
-5.13299 6.88301 -0.462661
-5.1975 6.96103 -0.468209
-5.7624 7.18815 -0.517412
-5.16169 6.13072 -0.466204
-4.88743 5.83074 -0.442271
-4.95581 5.90589 -0.448249
-6.2251 6.45516 -0.559239
-2.95153 5.35091 -0.270224
-3.50108 -6.7458 -0.318135
-6.37292 6.98702 -0.571266
-4.17296 6.05986 -0.378814
-4.74883 6.41277 -0.429447
-4.67081 7.16196 -0.421398
-4.21021 6.95662 -0.380965
-6.20496 6.07113 -0.557958
-6.12823 6.00338 -0.551299
-6.51321 6.3408 -0.584628
-4.90405 7.02588 -0.442235
-5.42453 6.80954 -0.48844
-5.06862 6.80489 -0.457117
-5.4328 6.05327 -0.490157
-4.55854 6.17633 -0.412885
-5.09294 6.05588 -0.460215
-6.06788 7.09317 -0.544367
-5.3919 7.19443 -0.484876
-6.28182 6.13875 -0.56462
-6.72032 6.15081 -0.603004
-6.43594 6.27359 -0.577955
-5.32696 7.11674 -0.479317
-4.95742 6.27482 -0.448032
3  0 1 2
3  3 4 5
3  3 6 7
3  8 1 9
3  10 11 12
3  13 14 15
3  16 17 18
3  19 20 21
3  22 23 24
3  25 26 27
3  28 26 29
3  30 31 23
3  32 26 33
3  26 32 27
3  34 14 13
3  30 23 22
3  35 36 37
3  38 39 40
3  41 42 43
3  44 45 46
3  21 47 48
3  49 11 50
3  31 11 10
3  0 41 50
3  31 10 51
3  52 53 54
3  55 56 57
3  58 59 60
3  61 62 63
3  64 28 65
3  19 47 20
3  66 1 67
3  55 68 69
3  70 71 72
3  73 74 75
3  76 77 78
3  16 4 17
3  79 68 80
3  42 81 43
3  82 1 50
3  83 50 84
3  83 82 50
3  32 85 86
3  85 81 86
3  87 30 88
3  84 11 89
3  81 85 12
3  32 90 27
3  91 92 93
3  19 94 95
3  96 71 97
3  98 99 100
3  76 71 101
3  102 103 104
3  105 19 59
3  55 57 106
3  53 107 108
3  109 21 48
3  110 111 112
3  113 114 115
3  116 117 118
3  119 53 120
3  42 14 27
3  121 122 123
3  0 50 124
3  71 76 91
3  1 82 67
3  125 126 127
3  81 49 50
3  128 84 126
3  83 84 128
3  66 83 128
3  11 81 12
3  11 49 81
3  26 129 33
3  90 32 86
3  31 28 23
3  130 99 98
3  50 11 84
3  31 30 131
3  30 84 89
3  11 31 132
3  129 26 51
3  10 129 51
3  26 28 51
3  28 31 51
3  98 133 134
3  17 135 18
3  136 137 75
3  138 139 140
3  102 71 103
3  141 107 142
3  4 143 144
3  55 105 56
3  108 145 146
3  47 19 147
3  2 1 148
3  19 8 9
3  47 147 149
3  149 61 150
3  151 144 152
3  144 143 152
3  153 4 144
3  153 144 154
3  121 155 156
3  116 157 158
3  159 47 160
3  77 107 78
3  42 41 161
3  0 2 162
3  19 163 94
3  94 163 164
3  165 116 166
3  166 116 167
3  94 168 38
3  169 66 39
3  81 50 43
3  50 41 43
3  85 129 12
3  129 10 12
3  50 1 124
3  1 0 124
3  26 25 170
3  34 171 14
3  90 42 27
3  34 25 27
3  161 73 75
3  172 145 173
3  81 42 86
3  42 90 86
3  64 130 98
3  58 105 59
3  87 174 175
3  87 176 177
3  11 132 89
3  30 89 131
3  129 85 33
3  85 32 33
3  28 29 178
3  179 15 180
3  181 102 182
3  102 99 182
3  64 181 182
3  99 130 182
3  26 138 29
3  29 138 178
3  76 180 183
3  102 181 184
3  143 114 185
3  143 4 114
3  117 3 118
3  118 186 187
3  188 116 189
3  47 149 160
3  151 152 68
3  147 19 105
3  74 2 136
3  20 47 21
3  150 61 63
3  143 53 61
3  105 58 56
3  149 147 69
3  61 149 152
3  143 61 152
3  2 74 162
3  47 159 48
3  92 107 93
3  76 141 142
3  190 191 192
3  74 136 75
3  193 194 195
3  41 73 161
3  41 162 73
3  41 0 162
3  1 168 94
3  126 196 197
3  168 1 169
3  1 66 169
3  82 83 67
3  83 66 67
3  128 125 198
3  176 87 126
3  15 14 199
3  200 71 91
3  145 108 173
3  15 201 202
3  84 176 126
3  176 84 177
3  84 30 177
3  30 87 177
3  89 132 131
3  132 31 131
3  130 64 182
3  203 204 205
3  138 181 178
3  28 178 65
3  13 206 207
3  208 138 140
3  117 116 102
3  209 35 37
3  5 4 16
3  186 118 210
3  200 53 211
3  212 53 213
3  184 181 101
3  138 208 76
3  143 103 214
3  70 143 215
3  103 143 104
3  4 3 114
3  216 153 217
3  217 218 219
3  152 149 68
3  79 144 68
3  108 107 173
3  220 109 123
3  71 211 221
3  76 222 223
3  68 149 69
3  144 151 68
3  149 150 63
3  62 160 63
3  1 8 148
3  8 19 21
3  9 1 164
3  1 94 164
3  48 146 123
3  155 121 123
3  76 224 225
3  224 107 225
3  199 14 137
3  2 148 122
3  162 74 73
3  76 183 226
3  227 228 229
3  230 231 232
3  23 28 98
3  28 64 98
3  30 22 24
3  30 24 233
3  94 38 95
3  38 19 95
3  38 168 39
3  168 169 39
3  19 38 59
3  157 116 234
3  138 26 139
3  139 26 170
3  14 171 27
3  171 34 27
3  13 179 180
3  13 15 179
3  173 107 180
3  15 172 173
3  235 197 236
3  237 238 239
3  57 240 241
3  125 128 126
3  178 181 65
3  181 64 65
3  15 173 242
3  208 140 243
3  139 34 140
3  206 208 207
3  244 245 246
3  247 248 249
3  186 3 7
3  250 251 252
3  6 3 187
3  5 187 253
3  254 18 255
3  187 5 16
3  71 52 54
3  256 53 257
3  76 258 259
3  258 107 259
3  76 260 261
3  200 91 262
3  71 184 101
3  71 102 184
3  3 117 113
3  114 3 115
3  71 263 264
3  265 71 266
3  265 143 267
3  96 143 268
3  118 187 18
3  187 16 18
3  269 197 235
3  245 58 60
3  109 48 123
3  108 159 160
3  61 53 62
3  53 108 62
3  144 270 271
3  71 272 273
3  222 107 223
3  212 71 274
3  163 19 164
3  19 9 164
3  145 155 146
3  145 172 155
3  76 275 276
3  275 107 276
3  260 107 261
3  91 277 278
3  148 8 220
3  8 21 109
3  14 42 137
3  136 199 137
3  122 148 220
3  180 15 242
3  173 180 242
3  122 121 136
3  196 87 279
3  183 107 226
3  198 125 280
3  281 128 198
3  128 282 283
3  284 285 286
3  287 288 289
3  290 23 291
3  39 66 40
3  292 293 294
3  25 34 170
3  34 139 170
3  75 137 295
3  2 122 136
3  15 136 201
3  121 201 296
3  180 107 183
3  76 208 180
3  208 206 180
3  206 13 180
3  127 126 269
3  126 87 196
3  140 34 243
3  34 13 243
3  134 297 298
3  98 299 300
3  102 116 36
3  116 165 36
3  255 301 302
3  303 304 250
3  118 3 305
3  3 186 210
3  6 187 7
3  187 186 7
3  187 3 253
3  3 5 253
3  4 135 17
3  254 116 306
3  135 4 18
3  4 153 216
3  256 71 307
3  71 119 120
3  53 143 308
3  71 309 310
3  76 311 312
3  311 107 312
3  76 313 314
3  313 107 314
3  107 53 315
3  91 316 315
3  181 138 101
3  138 76 101
3  103 71 214
3  143 214 215
3  263 143 264
3  71 317 318
3  3 113 115
3  319 114 320
3  56 58 321
3  322 106 323
3  68 324 80
3  324 325 326
3  147 105 69
3  105 55 69
3  122 220 123
3  159 108 146
3  146 155 123
3  159 146 48
3  160 149 63
3  62 108 160
3  76 327 328
3  327 107 328
3  76 329 330
3  329 107 330
3  277 107 278
3  91 76 277
3  15 199 136
3  172 15 331
3  8 109 220
3  42 161 75
3  332 333 334
3  66 128 283
3  208 243 207
3  243 13 207
3  297 100 335
3  99 190 100
3  336 337 338
3  126 197 269
3  166 167 339
3  98 134 340
3  99 36 341
3  99 102 36
3  116 342 167
3  342 116 158
3  343 344 345
3  254 346 347
3  3 210 305
3  210 118 305
3  309 53 310
3  71 348 349
3  71 308 350
3  308 143 350
3  76 351 352
3  351 107 352
3  76 353 354
3  353 107 354
3  76 355 356
3  355 107 356
3  76 357 358
3  357 107 358
3  316 107 315
3  91 359 360
3  91 361 362
3  361 107 362
3  214 71 215
3  71 70 215
3  102 185 363
3  185 114 363
3  71 364 365
3  71 366 367
3  71 368 369
3  71 370 371
3  317 143 318
3  71 372 373
3  71 374 375
3  374 143 375
3  114 376 377
3  376 117 377
3  378 379 380
3  55 381 382
3  383 384 385
3  197 196 236
3  79 386 387
3  388 389 390
3  144 111 270
3  391 392 393
3  76 394 395
3  394 107 395
3  76 396 397
3  396 107 397
3  76 398 399
3  398 107 399
3  76 400 401
3  400 107 401
3  76 402 403
3  402 107 403
3  76 404 405
3  404 107 405
3  76 406 407
3  406 107 407
3  91 408 409
3  408 107 409
3  107 77 226
3  77 76 226
3  410 411 412
3  279 87 175
3  125 304 280
3  79 80 413
3  127 269 379
3  414 415 416
3  100 190 417
3  98 100 133
3  190 99 191
3  418 157 234
3  419 420 421
3  422 423 424
3  281 198 280
3  425 426 427
3  36 35 341
3  35 99 341
3  116 188 428
3  429 271 430
3  431 116 428
3  422 432 433
3  118 18 254
3  434 435 436
3  344 437 438
3  429 144 271
3  437 216 438
3  153 154 439
3  211 53 221
3  71 200 211
3  53 272 440
3  272 71 440
3  71 441 274
3  53 441 257
3  272 53 273
3  53 256 307
3  348 53 349
3  53 348 213
3  53 52 442
3  52 71 442
3  53 308 443
3  308 71 443
3  71 444 445
3  444 143 445
3  76 446 447
3  446 107 447
3  76 448 449
3  448 107 449
3  76 450 451
3  450 107 451
3  76 452 453
3  452 107 453
3  76 454 455
3  454 107 455
3  76 456 457
3  456 107 457
3  76 458 459
3  458 107 459
3  107 141 460
3  141 76 460
3  359 53 360
3  91 461 462
3  91 463 464
3  463 53 464
3  91 465 466
3  465 107 466
3  91 467 468
3  467 107 468
3  102 469 470
3  469 143 470
3  102 319 320
3  114 471 472
3  366 143 367
3  71 473 72
3  364 143 365
3  143 364 267
3  370 143 371
3  71 474 266
3  368 143 369
3  143 368 268
3  372 143 373
3  71 475 97
3  71 476 477
3  476 143 477
3  71 478 479
3  478 143 479
3  71 480 481
3  480 143 481
3  114 113 482
3  113 117 482
3  58 245 244
3  483 484 485
3  486 413 487
3  488 489 490
3  491 492 493
3  494 495 496
3  128 281 497
3  498 499 500
3  107 394 501
3  394 76 501
3  76 502 503
3  502 107 503
3  76 223 504
3  223 107 504
3  76 505 506
3  505 107 506
3  76 507 508
3  507 107 508
3  76 399 509
3  399 107 509
3  76 510 511
3  510 107 511
3  76 401 512
3  401 107 512
3  76 225 513
3  225 107 513
3  76 514 515
3  514 107 515
3  76 516 517
3  516 107 517
3  76 405 518
3  405 107 518
3  76 261 519
3  261 107 519
3  76 520 521
3  520 107 521
3  107 408 522
3  408 91 522
3  91 523 524
3  523 107 524
3  525 295 526
3  75 295 527
3  155 331 156
3  155 172 331
3  296 201 528
3  136 121 296
3  175 174 529
3  530 531 532
3  339 167 45
3  533 534 535
3  536 35 537
3  412 209 538
3  30 539 540
3  541 542 543
3  99 35 191
3  35 544 191
3  281 280 545
3  418 431 546
3  127 379 251
3  547 548 549
3  550 116 551
3  552 536 553
3  430 554 436
3  555 556 557
3  545 280 558
3  430 488 554
3  304 125 559
3  125 127 559
3  428 188 546
3  560 561 562
3  167 342 45
3  35 411 537
3  546 188 563
3  431 428 546
3  346 116 347
3  116 254 564
3  116 118 306
3  118 254 306
3  4 437 565
3  4 216 437
3  255 18 566
3  344 567 345
3  292 110 568
3  270 111 110
3  439 154 218
3  153 439 217
3  144 392 391
3  488 569 554
3  53 119 221
3  119 71 221
3  53 440 120
3  440 71 120
3  441 71 257
3  71 256 257
3  441 53 274
3  53 212 274
3  53 307 273
3  307 71 273
3  348 71 213
3  71 212 213
3  53 309 349
3  309 71 349
3  53 442 310
3  442 71 310
3  53 443 54
3  443 71 54
3  143 444 350
3  444 71 350
3  143 263 445
3  263 71 445
3  107 446 78
3  446 76 78
3  107 351 447
3  351 76 447
3  107 448 352
3  448 76 352
3  107 311 449
3  311 76 449
3  107 450 312
3  450 76 312
3  107 353 451
3  353 76 451
3  107 452 354
3  452 76 354
3  107 258 453
3  258 76 453
3  107 454 259
3  454 76 259
3  107 355 455
3  355 76 455
3  107 456 356
3  456 76 356
3  107 313 457
3  313 76 457
3  107 458 314
3  458 76 314
3  107 357 459
3  357 76 459
3  107 460 358
3  460 76 358
3  461 53 462
3  53 200 262
3  91 570 571
3  570 53 571
3  53 463 572
3  463 91 572
3  91 573 574
3  573 53 574
3  91 575 576
3  575 107 576
3  107 361 577
3  361 91 577
3  91 578 579
3  578 107 579
3  107 316 580
3  316 91 580
3  143 469 104
3  469 102 104
3  143 185 470
3  185 102 470
3  102 581 582
3  581 114 582
3  473 143 72
3  143 70 72
3  143 473 367
3  473 71 367
3  364 71 267
3  71 265 267
3  143 366 365
3  366 71 365
3  474 143 266
3  143 265 266
3  143 474 371
3  474 71 371
3  368 71 268
3  71 96 268
3  143 370 369
3  370 71 369
3  475 143 97
3  143 96 97
3  143 475 373
3  475 71 373
3  143 476 318
3  476 71 318
3  143 372 477
3  372 71 477
3  143 478 264
3  478 71 264
3  143 374 479
3  374 71 479
3  143 480 375
3  480 71 375
3  143 317 481
3  317 71 481
3  117 376 583
3  376 114 583
3  117 471 377
3  471 114 377
3  471 117 472
3  102 584 585
3  586 38 587
3  244 246 588
3  589 293 590
3  591 592 593
3  594 595 596
3  554 569 597
3  280 304 303
3  598 599 600
3  601 602 603
3  66 604 605
3  56 321 606
3  58 607 484
3  107 501 142
3  501 76 142
3  107 502 395
3  502 76 395
3  107 222 503
3  222 76 503
3  107 396 504
3  396 76 504
3  107 505 397
3  505 76 397
3  107 275 506
3  275 76 506
3  107 507 276
3  507 76 276
3  107 398 508
3  398 76 508
3  107 327 509
3  327 76 509
3  107 510 328
3  510 76 328
3  107 400 511
3  400 76 511
3  107 224 512
3  224 76 512
3  107 402 513
3  402 76 513
3  107 514 403
3  514 76 403
3  107 329 515
3  329 76 515
3  107 516 330
3  516 76 330
3  107 404 517
3  404 76 517
3  107 260 518
3  260 76 518
3  107 406 519
3  406 76 519
3  107 520 407
3  520 76 407
3  107 277 521
3  277 76 521
3  107 522 278
3  522 91 278
3  107 523 409
3  523 91 409
3  107 92 524
3  92 91 524
3  137 42 525
3  42 295 525
3  295 42 527
3  42 75 527
3  201 331 202
3  331 15 202
3  331 201 156
3  201 121 156
3  201 136 528
3  136 296 528
3  608 537 410
3  411 609 412
3  45 158 46
3  342 158 45
3  134 133 297
3  133 100 297
3  98 610 611
3  612 544 553
3  30 613 614
3  338 337 615
3  616 617 618
3  614 613 619
3  620 621 622
3  379 269 623
3  116 346 551
3  271 488 430
3  116 564 347
3  564 254 347
3  343 255 302
3  343 4 565
3  18 4 566
3  4 255 566
3  154 144 391
3  422 435 434
3  270 488 271
3  154 391 393
3  217 439 218
3  216 217 438
3  392 144 624
3  144 429 624
3  53 262 462
3  262 91 462
3  53 570 360
3  570 91 360
3  53 461 571
3  461 91 571
3  53 572 315
3  572 91 315
3  53 573 464
3  573 91 464
3  53 359 574
3  359 91 574
3  107 575 93
3  575 91 93
3  107 465 576
3  465 91 576
3  107 577 466
3  577 91 466
3  107 578 362
3  578 91 362
3  107 467 579
3  467 91 579
3  107 580 468
3  580 91 468
3  102 625 626
3  625 114 626
3  102 627 628
3  627 114 628
3  117 583 482
3  583 114 482
3  584 114 585
3  114 629 630
3  114 631 632
3  631 117 632
3  58 244 633
3  246 634 588
3  635 636 637
3  638 639 640
3  324 68 641
3  68 55 641
3  642 643 644
3  645 646 647
3  60 648 649
3  59 38 650
3  384 605 385
3  651 652 653
3  56 606 654
3  55 322 655
3  656 606 657
3  484 483 658
3  295 137 526
3  137 525 526
3  544 35 552
3  35 536 552
3  158 157 46
3  434 659 660
3  661 662 663
3  100 417 335
3  664 665 666
3  599 667 600
3  668 669 670
3  671 672 673
3  30 674 675
3  675 674 676
3  677 678 679
3  380 680 421
3  681 682 683
3  255 4 301
3  423 684 438
3  563 188 685
3  346 254 567
3  686 687 688
3  689 690 691
3  692 693 694
3  695 696 697
3  617 616 698
3  592 591 699
3  55 700 593
3  488 270 489
3  270 110 489
3  102 363 701
3  363 114 701
3  102 702 703
3  702 114 703
3  102 704 705
3  704 114 705
3  102 706 707
3  706 114 707
3  102 320 708
3  320 114 708
3  629 117 630
3  114 709 585
3  114 710 711
3  710 117 711
3  114 712 713
3  712 117 713
3  58 484 658
3  245 649 714
3  715 656 657
3  322 323 655
3  716 569 717
3  718 719 720
3  721 722 723
3  282 724 721
3  725 38 726
3  727 728 729
3  246 245 714
3  730 731 732
3  731 733 734
3  59 650 735
3  736 737 738
3  739 740 500
3  654 606 656
3  741 638 640
3  604 742 605
3  743 383 744
3  745 746 747
3  748 749 750
3  190 751 204
3  751 190 752
3  753 754 755
3  756 757 758
3  759 696 760
3  24 23 761
3  762 763 764
3  765 23 766
3  767 768 769
3  770 771 772
3  757 756 773
3  665 774 666
3  775 235 776
3  87 88 777
3  745 778 779
3  780 759 781
3  280 303 558
3  782 722 286
3  438 218 424
3  423 438 424
3  335 417 783
3  784 544 612
3  98 785 786
3  785 787 786
3  438 684 685
3  344 438 685
3  422 434 432
3  432 788 433
3  789 790 791
3  792 793 794
3  411 35 609
3  35 209 609
3  36 165 37
3  165 166 37
3  437 344 565
3  344 343 565
3  301 4 302
3  4 343 302
3  424 218 393
3  218 154 393
3  624 430 795
3  624 429 430
3  568 796 797
3  110 112 568
3  530 798 531
3  799 800 639
3  798 801 531
3  326 325 699
3  802 589 590
3  413 803 804
3  111 144 112
3  802 803 595
3  114 625 701
3  625 102 701
3  114 702 626
3  702 102 626
3  114 581 703
3  581 102 703
3  114 704 582
3  704 102 582
3  114 627 705
3  627 102 705
3  114 706 628
3  706 102 628
3  114 319 707
3  319 102 707
3  114 584 708
3  584 102 708
3  709 117 585
3  117 102 585
3  117 709 630
3  709 114 630
3  117 710 472
3  710 114 472
3  117 631 711
3  631 114 711
3  117 712 632
3  712 114 632
3  117 629 713
3  629 114 713
3  240 654 656
3  483 485 805
3  655 323 741
3  57 56 654
3  806 807 805
3  321 58 658
3  808 809 810
3  322 55 106
3  66 283 811
3  812 285 813
3  283 282 811
3  282 128 724
3  66 814 815
3  718 687 816
3  817 818 819
3  820 821 822
3  823 824 825
3  38 826 827
3  828 829 830
3  650 38 831
3  832 833 834
3  725 726 835
3  744 836 837
3  838 839 840
3  841 731 842
3  648 843 844
3  845 38 846
3  38 847 848
3  334 333 849
3  646 850 851
3  852 853 854
3  814 740 815
3  719 231 720
3  855 800 856
3  106 57 241
3  323 106 241
3  98 857 858
3  616 859 773
3  615 860 861
3  769 671 862
3  863 860 615
3  698 864 865
3  866 766 867
3  868 869 870
3  23 871 872
3  765 766 866
3  770 23 771
3  23 290 771
3  873 680 380
3  874 875 876
3  877 878 879
3  880 30 233
3  30 881 882
3  883 884 885
3  886 887 888
3  889 875 874
3  890 891 892
3  88 30 893
3  340 134 298
3  894 895 896
3  196 279 288
3  890 289 897
3  558 303 898
3  281 545 899
3  304 559 250
3  900 560 898
3  393 392 795
3  435 422 424
3  218 438 219
3  438 217 219
3  297 335 783
3  98 340 901
3  299 902 903
3  786 787 621
3  98 904 905
3  905 904 693
3  98 906 902
3  745 903 778
3  46 418 788
3  418 546 907
3  908 909 910
3  545 558 911
3  912 542 541
3  913 787 914
3  188 189 685
3  915 916 917
3  392 624 795
3  435 424 393
3  918 919 920
3  254 255 567
3  716 921 918
3  795 430 436
3  597 716 922
3  923 924 925
3  432 926 927
3  434 660 928
3  294 921 717
3  569 488 490
3  55 382 929
3  382 930 929
3  931 932 805
3  484 607 485
3  591 700 933
3  700 930 933
3  325 324 934
3  700 591 593
3  389 935 798
3  414 936 937
3  80 324 389
3  324 935 389
3  938 939 940
3  112 796 568
3  796 144 797
3  144 79 387
3  144 796 112
3  293 292 568
3  941 607 633
3  607 58 633
3  245 60 649
3  942 941 943
3  944 648 945
3  946 947 948
3  285 284 949
3  724 128 497
3  838 950 951
3  383 743 602
3  66 952 953
3  952 853 953
3  499 739 500
3  782 954 722
3  955 956 957
3  958 959 960
3  726 40 961
3  66 601 962
3  961 963 822
3  847 964 965
3  38 40 726
3  966 967 968
3  969 495 970
3  603 971 972
3  973 974 975
3  975 976 977
3  978 492 979
3  980 981 982
3  983 984 985
3  986 987 988
3  38 845 831
3  989 990 991
3  992 993 994
3  995 996 997
3  998 985 999
3  1000 987 1001
3  332 1002 333
3  231 230 720
3  1003 1004 1005
3  815 740 1006
3  687 686 1007
3  1008 1009 1010
3  1011 230 1012
3  975 974 976
3  1013 1014 1015
3  79 413 804
3  849 333 1016
3  1012 232 1017
3  1018 1019 1020
3  1021 1022 594
3  1023 860 1024
3  858 857 865
3  1025 860 1023
3  1026 1027 1028
3  1029 1030 1031
3  1032 1033 1031
3  1034 862 1035
3  869 868 780
3  1036 1037 1038
3  698 616 756
3  1039 1040 1041
3  1042 667 1043
3  672 1044 1045
3  768 1042 769
3  1046 1047 1048
3  1036 1049 1050
3  871 23 765
3  23 1032 766
3  291 23 1051
3  23 1052 1051
3  1053 879 1054
3  23 770 761
3  233 24 1055
3  1055 24 1056
3  1057 1058 1059
3  881 30 675
3  755 1060 1061
3  613 30 1062
3  1063 1064 1065
3  421 680 1066
3  676 674 1067
3  754 1068 1060
3  1069 1047 1070
3  88 893 777
3  884 1071 1072
3  539 30 614
3  890 775 776
3  560 900 561
3  1073 646 1074
3  911 560 1075
3  1076 1071 1077
3  598 753 1078
3  894 645 1079
3  1080 896 789
3  899 545 911
3  782 285 812
3  497 899 284
3  497 281 899
3  250 559 251
3  559 127 251
3  898 303 1081
3  251 379 378
3  203 190 204
3  912 297 783
3  98 300 1082
3  745 747 1083
3  904 611 693
3  904 98 611
3  541 692 1084
3  785 98 905
3  906 786 621
3  906 98 786
3  746 745 779
3  906 621 778
3  1083 747 1085
3  299 98 902
3  116 431 234
3  431 418 234
3  536 537 608
3  412 535 1086
3  1087 916 1088
3  1089 1020 1090
3  1091 1092 1093
3  1094 913 693
3  435 795 436
3  435 393 795
3  1073 1095 1096
3  909 1097 910
3  1098 1019 1099
3  1100 936 555
3  684 1101 685
3  1101 684 1102
3  1103 1104 1105
3  660 926 928
3  1088 1018 1106
3  920 1107 1108
3  293 589 1089
3  594 1022 1109
3  489 110 490
3  110 292 490
3  930 700 929
3  700 55 929
3  323 638 741
3  381 55 655
3  807 483 805
3  57 654 240
3  592 641 593
3  641 55 593
3  324 641 934
3  641 592 934
3  935 324 801
3  324 326 801
3  935 801 798
3  801 326 531
3  649 648 944
3  944 1110 1111
3  925 1112 1113
3  942 943 1114
3  931 485 1115
3  485 607 1115
3  1115 941 942
3  633 244 588
3  1116 812 813
3  497 284 286
3  1016 333 1117
3  719 499 1118
3  742 604 1119
3  952 815 1006
3  1007 838 951
3  1120 1121 1122
3  1123 1124 836
3  1125 1126 1127
3  853 1008 1010
3  952 66 815
3  604 852 1119
3  604 66 852
3  66 384 602
3  384 383 602
3  603 743 971
3  601 1128 962
3  981 1129 1130
3  1131 643 1132
3  66 1133 1134
3  1135 727 1136
3  66 959 958
3  960 959 1137
3  964 38 1138
3  38 586 1138
3  980 982 1132
3  38 827 587
3  1139 1140 1141
3  1142 1143 195
3  827 826 823
3  821 820 1144
3  1145 1146 1147
3  1148 1149 1150
3  1151 1004 1152
3  947 925 1113
3  228 1153 1154
3  945 733 1155
3  1156 1157 1158
3  1159 1160 1161
3  986 491 846
3  1162 1163 1164
3  1165 1166 1167
3  1163 1168 1164
3  59 995 989
3  1169 990 1170
3  1171 1172 1173
3  990 989 1171
3  1130 1174 982
3  1175 1176 1158
3  984 38 848
3  1177 847 965
3  332 1116 414
3  556 555 416
3  954 782 334
3  499 1178 1118
3  499 719 739
3  719 718 739
3  854 853 1179
3  853 952 1008
3  975 1180 1181
3  687 718 688
3  232 1016 1117
3  720 230 1011
3  639 638 1182
3  856 738 1183
3  923 947 946
3  1184 737 248
3  594 1109 595
3  736 799 1182
3  1019 1098 1090
3  1185 938 940
3  902 778 1186
3  902 906 778
3  1032 23 1187
3  23 1188 1187
3  1188 23 858
3  23 98 858
3  336 1187 1189
3  337 863 615
3  336 338 1190
3  860 1025 861
3  1032 1030 766
3  1030 1032 1031
3  1191 1192 1193
3  1190 1194 1195
3  1196 780 1197
3  759 780 1196
3  1198 1199 1200
3  1040 1201 1041
3  1042 768 1202
3  667 599 668
3  196 288 287
3  874 1203 1204
3  1205 768 1206
3  1207 871 1208
3  1209 1193 1210
3  671 1211 1035
3  1212 1213 1214
3  1213 1215 1214
3  1030 1029 1216
3  1217 767 1034
3  1218 1051 1219
3  1213 1220 1205
3  673 672 1045
3  1221 1218 1219
3  771 290 1222
3  1201 1198 772
3  1223 1055 1200
3  1224 1201 1222
3  1225 1226 1227
3  30 880 664
3  1228 883 1229
3  1062 30 882
3  1230 1231 1232
3  542 1233 543
3  755 754 1060
3  1234 1036 1050
3  880 233 1235
3  875 889 1223
3  1223 889 774
3  889 1236 774
3  777 893 1237
3  87 749 1238
3  1239 1240 1241
3  1242 1243 1244
3  1243 540 1244
3  1245 1077 1246
3  269 235 623
3  235 873 623
3  1247 1248 1249
3  1250 1251 1252
3  542 1253 1233
3  682 1254 1255
3  1228 1057 1256
3  1053 1204 1257
3  279 175 288
3  288 175 1258
3  1245 1259 1260
3  1227 1226 1261
3  813 285 949
3  645 1262 1079
3  1263 1264 1265
3  558 898 911
3  811 282 721
3  285 782 286
3  252 378 420
3  251 378 252
3  891 793 1266
3  1267 1268 1269
3  1082 300 1270
3  300 299 1083
3  1271 1272 1273
3  618 617 1274
3  300 1085 1270
3  1023 864 758
3  863 1188 1024
3  857 98 1082
3  1093 1092 622
3  778 621 779
3  116 550 189
3  550 551 1275
3  346 567 1275
3  189 550 685
3  610 901 1084
3  610 98 901
3  784 612 1276
3  783 1277 1248
3  554 659 436
3  659 434 436
3  1116 415 414
3  1264 1263 851
3  647 646 851
3  1096 1095 1278
3  594 938 1185
3  415 1279 416
3  926 432 1280
3  432 434 1280
3  339 1281 1282
3  1281 1283 1107
3  44 927 1284
3  44 46 788
3  918 921 1098
3  569 716 597
3  1020 1019 1090
3  1285 533 1107
3  919 1103 920
3  919 918 1286
3  1287 1288 791
3  896 895 790
3  294 1089 1090
3  293 1089 294
3  382 381 741
3  381 655 741
3  325 934 699
3  934 592 699
3  1018 1020 1289
3  387 386 802
3  413 80 388
3  80 389 388
3  144 387 797
3  386 803 802
3  1110 1290 1111
3  634 246 1291
3  1292 1293 1294
3  1295 945 844
3  1296 1297 1294
3  1298 1299 1300
3  607 941 1115
3  931 1115 942
3  1301 1302 1303
3  941 588 943
3  588 634 943
3  941 633 588
3  740 814 500
3  814 498 500
3  498 814 811
3  814 66 811
3  232 231 1016
3  499 498 1178
3  1178 498 723
3  954 1178 723
3  911 1262 949
3  1116 332 812
3  1304 1123 385
3  742 1305 1304
3  1009 740 816
3  839 1180 1152
3  1007 951 1306
3  740 1009 1006
3  1307 950 840
3  1304 1305 1308
3  950 838 840
3  1309 1310 1311
3  1312 1148 1313
3  636 1314 637
3  1315 1146 1316
3  1298 1317 957
3  853 852 953
3  852 66 953
3  1010 1009 1306
3  1305 742 1119
3  1123 383 385
3  384 66 605
3  602 743 1318
3  601 66 602
3  1319 955 1320
3  1128 601 603
3  1321 832 495
3  1121 1322 1122
3  1323 1324 1325
3  981 194 1129
3  1326 727 729
3  1327 728 1328
3  963 40 1134
3  40 66 1134
3  1134 1133 1329
3  1329 1133 1330
3  1128 603 972
3  959 66 962
3  1127 960 1331
3  1126 958 960
3  727 1135 1328
3  1133 66 958
3  964 1138 965
3  1138 586 1332
3  1333 967 966
3  824 1334 825
3  40 963 961
3  967 835 1335
3  1336 1142 1337
3  643 642 1333
3  1334 1338 1339
3  1139 1340 1341
3  826 38 1342
3  38 725 1342
3  1321 494 828
3  828 494 829
3  1159 1343 229
3  425 1344 1345
3  1301 1148 1312
3  1346 1148 1150
3  1007 686 1181
3  974 946 976
3  1344 425 1347
3  227 841 228
3  1348 1293 1349
3  1121 1120 1350
3  1290 1110 1351
3  228 841 842
3  986 1352 1353
3  1352 38 983
3  984 1354 985
3  1323 1176 1355
3  987 492 988
3  845 491 493
3  1356 993 1357
3  1358 1160 1154
3  1359 1360 1357
3  1358 1163 1162
3  1360 1359 1170
3  733 1351 1155
3  993 1356 994
3  1361 1362 1165
3  1361 1363 1364
3  1365 1366 1167
3  648 60 843
3  60 59 843
3  996 735 997
3  995 59 735
3  1140 1367 1368
3  1369 1370 1344
3  38 964 847
3  1138 1332 965
3  916 1371 908
3  1372 1279 1373
3  1118 1178 849
3  231 719 1118
3  740 739 816
3  739 718 816
3  1011 973 688
3  973 686 688
3  333 1002 1117
3  230 232 1012
3  636 948 1374
3  1012 1184 248
3  1375 1376 1377
3  1152 635 1302
3  1378 591 1379
3  933 639 1379
3  556 1380 557
3  800 799 856
3  1264 1381 1382
3  916 1087 1371
3  337 1187 863
3  1187 1188 863
3  1187 337 1189
3  337 336 1189
3  780 868 1197
3  1215 1192 1191
3  1216 1029 1383
3  868 1049 1038
3  1032 1187 1033
3  1187 336 1033
3  1383 1193 867
3  1384 1192 1385
3  1208 1209 1210
3  1384 1217 1207
3  599 598 1386
3  1387 1199 1040
3  1221 1388 670
3  1052 23 1389
3  1068 1390 1391
3  753 598 600
3  690 1202 691
3  1390 1220 1212
3  1037 1036 1214
3  690 1042 1202
3  1206 1384 1385
3  1217 1384 1206
3  23 1211 1389
3  1388 1052 1392
3  1207 1217 1393
3  1211 23 872
3  1194 868 1038
3  1215 1037 1214
3  1049 1036 1038
3  868 870 1049
3  1220 1213 1212
3  1234 1050 1394
3  768 767 1206
3  767 1217 1206
3  766 1216 867
3  766 1030 1216
3  290 1224 1222
3  290 291 1224
3  1042 690 667
3  667 690 600
3  1056 24 761
3  772 1198 1056
3  1198 1201 1199
3  1199 1387 876
3  1071 1395 1077
3  1396 881 1397
3  1398 1399 1246
3  1054 879 1400
3  1401 883 885
3  1397 1402 1403
3  1072 1062 885
3  675 676 1402
3  1233 1404 1405
3  747 746 1406
3  1060 1068 1391
3  1407 1408 1409
3  774 1236 666
3  665 880 1235
3  875 1199 876
3  1410 1236 1054
3  233 1055 1235
3  1055 1223 1235
3  87 777 749
3  30 540 1243
3  619 613 1411
3  1411 613 1072
3  1251 562 1252
3  789 1412 1413
3  561 900 1414
3  419 1271 420
3  1268 1250 1269
3  542 912 1415
3  1027 1416 1417
3  1418 1406 1419
3  1272 1420 1273
3  680 873 1421
3  236 287 776
3  236 196 287
3  1047 1069 1048
3  1422 1064 1423
3  540 539 1424
3  619 1411 1076
3  1226 1425 1261
3  1426 1427 1428
3  898 560 911
3  1262 911 1079
3  1382 415 1265
3  1262 645 647
3  1414 900 1429
3  900 898 1081
3  379 623 380
3  623 873 380
3  299 903 1083
3  903 745 1083
3  618 747 1406
3  1094 692 547
3  617 698 1430
3  858 865 1431
3  1188 858 1024
3  860 863 1024
3  857 1082 1430
3  1430 1082 1270
3  778 903 1186
3  903 902 1186
3  685 550 1275
3  551 346 1275
3  567 255 345
3  255 343 345
3  203 205 1277
3  783 417 1277
3  1103 919 1104
3  553 608 1432
3  611 610 694
3  901 340 1084
3  787 785 914
3  693 913 914
3  1100 1433 937
3  1002 332 414
3  1434 850 1435
3  646 1073 1096
3  1019 915 1099
3  918 1098 1099
3  1087 1088 1106
3  1021 1372 1373
3  1022 1021 1436
3  390 486 487
3  926 1280 928
3  1280 434 928
3  1250 1268 1437
3  1438 1439 1440
3  44 432 927
3  927 1283 1284
3  1097 1441 910
3  1103 1285 1107
3  685 1101 1102
3  907 685 1102
3  660 659 597
3  659 554 597
3  918 920 922
3  716 918 922
3  1019 1018 915
3  916 915 1088
3  1371 1095 908
3  1080 1073 1074
3  921 716 717
3  569 490 717
3  699 591 1378
3  1380 556 1372
3  1020 1089 1442
3  1022 1436 1106
3  639 933 640
3  930 382 741
3  810 715 1443
3  638 323 241
3  807 806 657
3  606 321 657
3  568 797 590
3  293 568 590
3  803 386 804
3  386 79 804
3  591 933 1379
3  589 802 595
3  389 798 390
3  803 413 486
3  1296 634 1291
3  1291 714 1444
3  842 731 734
3  1445 652 1350
3  948 947 1374
3  947 923 925
3  1446 932 942
3  932 931 942
3  1293 1348 1447
3  1448 1290 1449
3  724 722 721
3  722 954 723
3  722 724 286
3  724 497 286
3  782 812 334
3  812 332 334
3  1381 1279 1382
3  850 1381 1264
3  1003 1307 840
3  1124 1123 1304
3  1009 1008 1006
3  1008 952 1006
3  1180 839 1181
3  1307 1305 1450
3  1346 1451 1452
3  1119 854 1450
3  1307 1003 1308
3  1305 1307 1308
3  1453 1149 1454
3  637 1455 1303
3  1125 1456 1457
3  1456 1458 1457
3  1143 1459 1460
3  1135 1330 1457
3  951 950 1179
3  1119 852 854
3  605 742 385
3  742 1304 385
3  743 603 1318
3  603 602 1318
3  1461 744 837
3  818 1315 819
3  1146 818 1320
3  1462 969 970
3  1456 1310 1463
3  1327 1458 1459
3  728 1336 729
3  981 980 1464
3  958 1126 1330
3  728 727 1328
3  1133 958 1330
3  1135 1329 1330
3  965 1332 1465
3  1465 1332 1141
3  821 961 822
3  1337 1466 1464
3  835 726 1335
3  835 967 1333
3  1466 1142 195
3  194 981 1464
3  1355 1175 1368
3  1332 586 1340
3  587 827 1341
3  827 823 1341
3  981 1130 982
3  1338 1174 1339
3  824 826 1467
3  1342 725 642
3  1149 1468 1454
3  1469 1470 1471
3  1343 833 1321
3  833 832 1321
3  833 1343 1159
3  1343 227 229
3  652 1445 653
3  956 1472 1473
3  1120 1445 1350
3  1121 494 496
3  1317 1474 955
3  836 1451 837
3  686 975 1181
3  686 973 975
3  1004 839 1152
3  1301 1151 1302
3  839 838 1181
3  838 1007 1181
3  227 1343 828
3  1343 1321 828
3  733 1169 734
3  1362 994 1165
3  1351 730 1475
3  1299 653 1300
3  491 845 846
3  38 984 983
3  987 1476 1001
3  1352 983 1353
3  1354 984 848
3  1477 1157 1156
3  1478 1479 1000
3  1354 1480 999
3  1481 1157 1482
3  985 1354 999
3  1354 1177 1480
3  1177 965 1480
3  38 1352 846
3  1352 986 846
3  1483 493 1484
3  1485 978 1479
3  492 987 979
3  978 979 1479
3  1365 1166 1486
3  1153 228 842
3  1163 992 1487
3  1360 1488 1486
3  1363 831 1364
3  831 845 1483
3  842 1359 1357
3  1295 1489 1169
3  995 735 996
3  990 1171 1173
3  990 1489 991
3  843 59 989
3  843 1489 844
3  1489 990 1169
3  735 650 1490
3  1363 1361 1491
3  1366 1365 997
3  1172 995 997
3  813 1263 1265
3  813 949 1263
3  1178 954 849
3  954 334 849
3  1010 951 1179
3  853 1010 1179
3  936 1100 937
3  974 973 1011
3  718 720 688
3  720 1011 688
3  923 247 249
3  248 247 1492
3  231 1118 1016
3  1118 849 1016
3  1117 1002 1433
3  232 1117 1433
3  241 240 810
3  799 639 1182
3  808 924 1493
3  924 923 249
3  1011 1012 1492
3  1012 248 1492
3  974 247 946
3  247 923 946
3  1013 1314 1374
3  1314 636 1374
3  933 930 640
3  930 741 640
3  240 656 810
3  736 809 1493
3  1279 556 416
3  1494 557 1495
3  1100 855 1496
3  532 1378 1495
3  555 936 416
3  936 414 416
3  1279 415 1382
3  1264 1382 1265
3  1023 1024 1431
3  1024 858 1431
3  1190 338 1197
3  759 861 696
3  1038 1497 1195
3  1497 1029 1195
3  1497 1037 1191
3  1037 1215 1191
3  1034 872 1393
3  871 765 1208
3  1207 1208 1210
3  1209 765 866
3  598 1078 1386
3  1220 1390 691
3  1199 1201 1040
3  1387 1039 669
3  1068 754 689
3  754 753 689
3  870 869 1498
3  1499 1426 1428
3  1500 1501 1502
3  1202 1220 691
3  667 668 1043
3  672 671 769
3  1389 1211 673
3  1211 671 673
3  862 671 1035
3  1217 1034 1393
3  1037 1497 1038
3  1194 1038 1195
3  1049 870 1050
3  1503 1234 1394
3  1234 1503 1212
3  1503 1390 1212
3  1036 1234 1214
3  1234 1212 1214
3  1220 1202 1205
3  1202 768 1205
3  1029 1497 1383
3  1497 1191 1383
3  1221 1039 1041
3  1224 291 1218
3  1201 772 1222
3  772 771 1222
3  668 599 669
3  1044 668 670
3  1056 1198 1200
3  1055 1056 1200
3  880 665 664
3  1401 882 1504
3  1505 664 666
3  674 1505 1067
3  1399 1506 1423
3  1237 1242 1507
3  1403 1402 1508
3  1065 1422 887
3  1268 1439 1437
3  1437 1287 1509
3  1271 419 1272
3  1510 1511 1512
3  620 1092 1513
3  1514 1515 549
3  756 616 773
3  616 618 859
3  1387 1203 876
3  1203 874 876
3  665 1235 774
3  1235 1223 774
3  1516 1237 1507
3  1399 1517 1259
3  529 174 1518
3  1237 750 1519
3  1518 1238 1520
3  1521 1258 1522
3  1411 1071 1076
3  1077 1523 1246
3  646 645 1074
3  645 894 1074
3  1269 1250 1252
3  560 562 1075
3  1510 1524 1525
3  1271 1414 1429
3  1250 1437 1509
3  789 791 1526
3  1527 1528 1529
3  1046 1530 1531
3  1417 1532 1266
3  1533 1027 1417
3  873 235 775
3  235 236 776
3  1534 1535 1536
3  289 288 1521
3  1063 1065 1537
3  238 1069 1538
3  1521 288 1258
3  529 1518 1535
3  1245 1076 1077
3  1228 1523 1395
3  1523 1240 1398
3  1506 1398 1239
3  1539 1530 1225
3  1539 1540 1531
3  1541 755 1542
3  1498 1543 1544
3  894 1079 1075
3  1079 911 1075
3  252 420 1429
3  420 1271 1429
3  303 250 1081
3  250 252 1081
3  1085 1274 1270
3  300 1083 1085
3  1085 747 1274
3  747 618 1274
3  779 620 1513
3  618 1406 1418
3  857 1430 865
3  1430 698 865
3  907 546 685
3  546 563 685
3  204 751 205
3  1276 661 663
3  417 190 1545
3  190 203 1545
3  784 192 1546
3  192 191 1546
3  1253 542 1415
3  537 411 410
3  297 912 298
3  912 541 298
3  693 611 694
3  692 1094 693
3  1381 850 1434
3  1087 1434 1435
3  1096 1371 1435
3  1371 1087 1435
3  1381 1434 1436
3  1109 1022 1289
3  556 1279 1372
3  1279 1381 1373
3  1547 1288 1548
3  1287 1438 1549
3  1283 1281 1284
3  922 920 1108
3  157 418 46
3  418 907 788
3  788 907 433
3  432 44 788
3  926 1283 927
3  1281 339 1284
3  1251 1250 1509
3  1254 1550 1551
3  1104 915 1097
3  915 1441 1097
3  534 1285 1552
3  1550 1105 1551
3  684 423 1102
3  423 422 1102
3  926 660 922
3  660 597 922
3  1104 919 1099
3  915 1104 1099
3  915 1018 1088
3  1442 1109 1289
3  916 1441 917
3  1441 915 917
3  918 1099 1286
3  1099 919 1286
3  1095 1073 908
3  1073 1080 908
3  490 292 717
3  292 294 717
3  1089 589 1442
3  1020 1442 1289
3  1098 921 1090
3  921 294 1090
3  1112 925 1443
3  809 808 1493
3  658 483 807
3  321 658 807
3  797 387 590
3  387 802 590
3  1378 1379 1553
3  1021 594 1185
3  326 699 531
3  699 1378 532
3  530 532 1554
3  531 699 532
3  390 798 486
3  938 486 939
3  1290 1351 1555
3  945 648 844
3  651 1555 1475
3  731 730 733
3  1556 932 1375
3  932 1446 1376
3  925 924 1443
3  1112 715 1557
3  943 634 1114
3  634 1296 1114
3  944 1111 1444
3  1111 1297 1291
3  1376 1446 1558
3  1446 942 1114
3  498 811 723
3  811 721 723
3  284 899 949
3  899 911 949
3  949 1262 1263
3  850 1264 851
3  951 1010 1306
3  1009 816 1306
3  1004 1151 1005
3  1317 955 957
3  1452 1124 1559
3  1124 1304 1308
3  839 1004 840
3  1004 1003 840
3  1149 1148 1468
3  1148 1301 1468
3  1302 637 1303
3  1348 1453 1454
3  1451 836 1452
3  1451 1346 1473
3  1143 1142 1327
3  1458 1328 1457
3  959 962 1137
3  971 743 1461
3  1370 834 1345
3  1347 1176 1325
3  193 1369 1560
3  1129 194 193
3  1143 1327 1459
3  1462 1459 1463
3  495 832 970
3  969 1309 1322
3  1309 969 1462
3  1459 1462 1460
3  982 1338 1132
3  823 826 824
3  1134 1329 1136
3  1329 1135 1136
3  1480 1561 1482
3  1176 1175 1355
3  642 725 1333
3  725 835 1333
3  643 1333 966
3  1464 966 968
3  821 1335 1562
3  1335 726 1562
3  822 963 1326
3  1136 727 1326
3  1336 820 729
3  820 1336 1337
3  586 587 1340
3  1340 587 1341
3  1139 1341 825
3  1341 823 825
3  643 1131 644
3  1338 1334 1131
3  1339 1174 1355
3  1174 1323 1355
3  1376 1563 1377
3  1470 1563 1447
3  1153 993 1154
3  1160 1159 229
3  833 1564 834
3  833 1159 1564
3  1149 1453 1565
3  1299 1298 1566
3  1293 1292 1349
3  1555 1351 1475
3  1474 1317 1120
3  653 1445 1300
3  495 969 496
3  494 1321 495
3  1445 1120 1300
3  652 829 1350
3  818 1319 1320
3  817 1319 818
3  1472 1451 1473
3  1148 1346 1313
3  1149 1565 1567
3  1565 1298 1567
3  948 636 977
3  636 635 977
3  635 1152 977
3  1151 1152 1302
3  635 637 1302
3  1469 1471 1303
3  829 652 1568
3  652 651 1568
3  732 841 830
3  829 1568 830
3  1292 1569 1349
3  1294 1293 1570
3  492 491 988
3  491 986 988
3  986 1353 1476
3  1353 998 1476
3  1571 1176 1347
3  1168 978 1485
3  1485 1479 1572
3  1161 1160 1162
3  998 1353 985
3  1353 983 985
3  847 1177 848
3  1177 1354 848
3  1157 1477 1482
3  1477 998 999
3  1358 992 1163
3  1168 1163 1487
3  992 1358 993
3  993 1358 1154
3  492 978 1573
3  1364 1483 1484
3  1168 1487 1574
3  1356 1166 994
3  1167 1490 1491
3  994 1166 1165
3  650 831 1363
3  1364 831 1483
3  1361 1364 1575
3  1573 1574 1484
3  993 1153 1357
3  1153 842 1357
3  1166 1356 1486
3  1488 1365 1486
3  989 995 1171
3  995 1172 1171
3  1489 843 991
3  843 989 991
3  1359 1169 1170
3  1489 1295 844
3  735 1366 997
3  735 1490 1366
3  415 1116 1265
3  1116 813 1265
3  1305 1119 1450
3  854 1179 1450
3  737 1184 738
3  1100 1496 1433
3  1184 1017 1183
3  232 1433 1017
3  248 737 249
3  924 249 1493
3  247 974 1492
3  974 1011 1492
3  976 948 977
3  976 946 948
3  637 1314 1455
3  1563 1469 1377
3  1013 1374 1113
3  1374 947 1113
3  638 809 1182
3  809 736 1182
3  1576 1112 1557
3  806 1576 1557
3  249 737 1493
3  737 736 1493
3  855 1100 1494
3  1100 555 1494
3  1496 856 1183
3  1496 855 856
3  338 1196 1197
3  338 615 1196
3  1033 336 1031
3  336 1190 1031
3  765 1209 1208
3  1193 1192 1210
3  1078 753 1577
3  1203 1078 1204
3  1078 1203 1386
3  1203 1387 1386
3  1201 1224 1041
3  1039 1387 1040
3  599 1386 669
3  1386 1387 669
3  690 689 600
3  689 753 600
3  869 780 781
3  1407 760 1578
3  1050 870 763
3  870 1498 763
3  1390 1068 691
3  1068 689 691
3  1034 767 862
3  767 769 862
3  872 871 1393
3  871 1207 1393
3  1211 872 1035
3  872 1034 1035
3  1029 1031 1195
3  1031 1190 1195
3  1192 1215 1385
3  1213 1205 1206
3  1216 1383 867
3  1383 1191 1193
3  1193 1209 867
3  1209 866 867
3  291 1051 1218
3  1051 1052 1219
3  1044 1388 1045
3  769 1042 1043
3  1224 1218 1041
3  1218 1221 1041
3  1199 875 1200
3  875 1223 1200
3  770 772 761
3  772 1056 761
3  676 1579 1402
3  1580 1403 1581
3  879 878 1400
3  1579 676 1067
3  1505 674 664
3  674 30 664
3  878 1579 1400
3  1541 1582 1583
3  1236 889 1584
3  889 874 1584
3  1071 1411 1072
3  883 1228 884
3  1062 882 885
3  882 1401 885
3  1396 1397 1403
3  883 1401 1580
3  877 1058 1585
3  1057 1228 1229
3  1514 548 1405
3  1276 1586 661
3  912 783 1415
3  205 751 1587
3  562 561 1252
3  1420 1272 1512
3  1439 1268 1588
3  1439 1588 1249
3  1589 1070 1590
3  1591 1420 1592
3  1230 1593 1091
3  1594 1595 1596
3  1597 1598 1599
3  692 541 543
3  1600 1426 1499
3  1601 1600 1499
3  864 756 758
3  864 698 756
3  779 1513 1602
3  1230 1603 1604
3  893 1242 1237
3  749 777 750
3  1242 893 1243
3  893 30 1243
3  1424 539 1605
3  1605 539 1606
3  1538 1607 239
3  1608 237 1609
3  1518 174 1238
3  174 87 1238
3  1080 1074 896
3  1074 894 896
3  1595 1610 1611
3  1612 561 1414
3  1026 1416 1027
3  1232 1231 1596
3  677 1064 1063
3  1070 1047 1590
3  1405 1404 1592
3  1528 1613 1614
3  1615 419 1066
3  1534 794 1522
3  1589 1607 1538
3  238 1538 239
3  287 289 776
3  289 890 776
3  793 897 794
3  289 1521 897
3  237 1616 238
3  1069 238 1617
3  1047 1046 1427
3  1538 1069 1070
3  1238 749 1520
3  749 748 1520
3  1240 1523 1256
3  1523 1228 1256
3  1398 1240 1239
3  1506 1399 1398
3  1071 884 1395
3  884 1228 1395
3  1058 1057 1585
3  1057 1229 1585
3  1506 1422 1423
3  1618 1507 1244
3  678 1619 1227
3  678 677 1619
3  1620 1048 1617
3  1048 1069 1617
3  1064 679 1423
3  1064 677 679
3  562 895 1075
3  895 894 1075
3  420 378 421
3  378 380 421
3  900 1081 1429
3  1081 252 1429
3  1274 617 1270
3  617 1430 1270
3  865 864 1431
3  864 1023 1431
3  567 344 1275
3  344 685 1275
3  1277 205 1621
3  1415 783 1248
3  191 544 1546
3  544 784 1546
3  1440 1622 662
3  544 552 553
3  785 905 914
3  905 693 914
3  694 610 1084
3  692 694 1084
3  1095 1371 1278
3  1371 1096 1278
3  850 646 1435
3  646 1096 1435
3  1436 1434 1106
3  1434 1087 1106
3  1381 1436 1373
3  1436 1021 1373
3  1586 1548 661
3  1288 1287 1549
3  533 1281 1107
3  1285 534 533
3  339 45 1284
3  45 44 1284
3  1107 1283 1108
3  920 1103 1107
3  1283 926 1108
3  926 922 1108
3  1412 1254 1551
3  1104 1097 1105
3  1105 1097 1551
3  1412 1547 1254
3  907 1102 433
3  1102 422 433
3  1441 916 910
3  916 908 910
3  1109 1442 595
3  1442 589 595
3  1022 1106 1289
3  1106 1018 1289
3  485 931 805
3  321 807 657
3  932 1376 1375
3  1014 806 1556
3  1380 1372 1185
3  1372 1021 1185
3  1495 1378 1553
3  557 1380 1554
3  639 800 1379
3  855 1494 1553
3  486 798 939
3  798 530 939
3  413 388 487
3  388 390 487
3  730 1351 733
3  1110 944 945
3  731 841 732
3  651 653 1623
3  945 1295 733
3  1295 1169 733
3  1568 732 830
3  730 732 1475
3  806 1014 1576
3  1014 1013 1576
3  1570 1293 1447
3  1014 1556 1375
3  1296 1294 1570
3  1297 1296 1291
3  1294 1297 1448
3  1292 1294 1448
3  246 714 1291
3  1111 1291 1444
3  1263 1262 851
3  1262 647 851
3  816 687 1306
3  687 1007 1306
3  1003 1005 1559
3  1005 1312 1313
3  1468 1471 1454
3  1455 1469 1303
3  1461 743 744
3  817 1461 837
3  1142 728 1327
3  1458 1327 1328
3  1127 1126 960
3  1328 1135 1457
3  1316 1145 1624
3  1316 1146 1145
3  1344 1370 1345
3  1370 1369 834
3  1324 1129 1560
3  1176 1323 1325
3  1323 1130 1324
3  1323 1174 1130
3  1460 970 1625
3  1626 1143 1460
3  1474 1122 1147
3  1322 1309 1311
3  1309 1462 1463
3  1310 1309 1463
3  834 1369 1625
3  832 834 1625
3  1174 1338 982
3  1334 824 1131
3  1561 1481 1482
3  825 1334 1367
3  1157 1481 1158
3  1481 1175 1158
3  728 1142 1336
3  1144 820 1337
3  726 961 1562
3  961 821 1562
3  967 1335 1144
3  1335 821 1144
3  1140 1139 1367
3  1139 825 1367
3  824 1467 644
3  1338 1131 1132
3  826 1342 1467
3  1131 824 644
3  1367 1339 1368
3  1332 1340 1141
3  1160 229 1154
3  229 228 1154
3  834 1564 1345
3  426 1345 1161
3  1569 1299 1566
3  1298 1565 1566
3  1299 1569 1623
3  653 1299 1623
3  1565 1453 1566
3  1569 1566 1349
3  1120 1317 1300
3  1317 1298 1300
3  829 494 1350
3  494 1121 1350
3  969 1322 496
3  1322 1121 496
3  956 1319 1472
3  1319 817 1472
3  955 1474 1320
3  1319 956 955
3  1146 1315 818
3  971 819 972
3  836 1124 1452
3  1313 1452 1559
3  956 1567 957
3  1567 1298 957
3  1149 1567 1150
3  1567 956 1473
3  1567 1473 1150
3  1473 1346 1150
3  841 227 830
3  227 828 830
3  1476 998 1001
3  987 986 1476
3  1176 1571 1158
3  1347 425 427
3  425 1345 426
3  1160 1358 1162
3  1479 979 1000
3  979 987 1000
3  1487 1362 1574
3  1574 1575 1484
3  1362 1487 994
3  1487 992 994
3  1573 978 1574
3  978 1168 1574
3  1166 1365 1167
3  1366 1490 1167
3  1356 1357 1486
3  1357 1360 1486
3  845 493 1483
3  1575 1364 1484
3  1574 1362 1575
3  1362 1361 1575
3  1172 1488 1173
3  1488 1360 1173
3  1365 1488 997
3  1488 1172 997
3  1179 950 1450
3  950 1307 1450
3  738 1184 1183
3  1184 1012 1017
3  1433 1002 937
3  1002 414 937
3  1152 1180 977
3  1180 975 977
3  1471 1468 1303
3  1468 1301 1303
3  1112 1576 1113
3  1576 1013 1113
3  715 1112 1443
3  656 715 810
3  1494 1495 1553
3  1494 555 557
3  856 799 738
3  799 736 738
3  1017 1433 1183
3  1433 1496 1183
3  759 1196 861
3  1196 615 861
3  868 1194 1197
3  1194 1190 1197
3  1053 1584 1204
3  1584 874 1204
3  1627 1239 1241
3  1577 1541 1257
3  763 1498 764
3  1426 1628 1427
3  1215 1213 1385
3  1213 1206 1385
3  1192 1384 1210
3  1384 1207 1210
3  1052 1388 1219
3  1388 1221 1219
3  1052 1389 1392
3  1389 673 1392
3  668 1044 1043
3  1388 1044 670
3  1579 1067 1410
3  1067 1505 1410
3  613 1062 1072
3  884 1072 885
3  1396 1401 1504
3  1401 1396 1580
3  881 675 1397
3  675 1402 1397
3  1402 1579 1508
3  1396 1403 1580
3  878 1585 1581
3  878 877 1585
3  1253 1404 1233
3  548 1233 1405
3  1253 1247 1629
3  1629 1247 1588
3  1439 1438 1437
3  1438 1287 1437
3  1231 1515 1596
3  1420 1591 1630
3  1420 1630 1273
3  1630 1612 1273
3  547 692 543
3  1515 1631 549
3  1632 1600 1529
3  1628 1426 1632
3  1515 1231 1631
3  1593 1092 1091
3  621 787 622
3  913 1094 1633
3  1092 620 622
3  913 1633 1093
3  1543 869 781
3  697 757 1634
3  861 1025 696
3  757 1601 1634
3  1604 1598 1635
3  1613 1528 1527
3  696 1025 697
3  1025 1023 758
3  1529 1636 1637
3  859 618 1418
3  1616 237 1608
3  1638 1620 1639
3  539 614 1606
3  619 1076 1606
3  790 1251 791
3  896 790 789
3  1628 1047 1427
3  1634 1601 1499
3  1408 1640 1641
3  1642 1501 886
3  1607 1589 1643
3  1416 1532 1417
3  1515 1594 1596
3  1515 1514 1594
3  1644 892 1645
3  892 1644 1421
3  891 897 793
3  891 890 897
3  175 529 1258
3  1258 529 1522
3  1535 1518 1609
3  1520 748 1608
3  1632 1528 1590
3  1589 1538 1070
3  1240 1256 1059
3  1256 1057 1059
3  679 678 1646
3  1638 1226 1225
3  1046 1048 1530
3  1048 1620 1530
3  238 1616 1617
3  1617 1616 1639
3  679 1517 1423
3  1517 1399 1423
3  190 192 752
3  1622 205 1587
3  417 1545 1277
3  1545 203 1277
3  536 608 553
3  751 752 1587
3  609 209 412
3  166 339 1647
3  535 538 1282
3  535 412 538
3  340 298 1084
3  298 541 1084
3  1285 1103 1552
3  1103 1105 1552
3  1105 1550 1552
3  534 1552 681
3  1254 1547 1255
3  1550 1254 682
3  595 803 596
3  803 486 596
3  932 1556 805
3  1556 806 805
3  1495 557 1554
3  532 1495 1554
3  990 1173 1170
3  1173 1360 1170
3  1169 1359 734
3  1359 842 734
3  1351 1110 1155
3  1110 945 1155
3  1569 1292 1449
3  1292 1448 1449
3  1455 1314 1015
3  1314 1013 1015
3  1297 1111 1448
3  1111 1290 1448
3  1446 1114 1558
3  1470 1469 1563
3  714 649 1444
3  649 944 1444
3  1005 1151 1312
3  1151 1301 1312
3  1346 1452 1313
3  1005 1313 1559
3  1471 1470 1454
3  1470 1348 1454
3  971 1461 819
3  1461 817 819
3  383 1123 744
3  1123 836 744
3  1451 1472 837
3  1472 817 837
3  962 1128 1137
3  1125 1127 1624
3  1311 1310 1145
3  1145 1310 1624
3  1168 1485 1164
3  1156 1158 1478
3  1130 1129 1324
3  194 1466 195
3  1626 1369 193
3  1129 193 1560
3  1143 1626 195
3  1626 193 195
3  1462 970 1460
3  970 832 1625
3  1474 1120 1122
3  1146 1320 1147
3  1322 1311 1122
3  1320 1474 1147
3  1459 1458 1463
3  1458 1456 1463
3  1561 1480 1465
3  1480 965 1465
3  1481 1561 1140
3  1340 1139 1141
3  1477 999 1482
3  999 1480 1482
3  1142 1466 1337
3  1466 194 1464
3  963 1134 1326
3  1134 1136 1326
3  1334 1339 1367
3  1339 1355 1368
3  643 966 1132
3  966 980 1132
3  1467 1342 644
3  1342 642 644
3  1566 1453 1349
3  1453 1348 1349
3  1158 1571 1478
3  1485 427 1164
3  1345 1564 1161
3  1564 1159 1161
3  1347 427 1572
3  426 1161 1162
3  998 1477 1001
3  1156 1478 1000
3  650 1363 1491
3  1490 650 1491
3  493 492 1484
3  492 1573 1484
3  810 809 1648
3  809 638 1648
3  924 808 1443
3  808 810 1443
3  1059 1058 1649
3  1649 1582 1542
3  753 755 1577
3  1582 877 1583
3  762 1500 1502
3  1060 1391 1501
3  1409 1408 1641
3  1390 1503 1391
3  1388 1392 1045
3  1392 673 1045
3  669 1039 670
3  1039 1221 670
3  1044 672 1043
3  672 769 1043
3  1236 1410 666
3  1410 1505 666
3  1236 1584 1054
3  1584 1053 1054
3  1579 1410 1400
3  1410 1054 1400
3  882 881 1504
3  881 1396 1504
3  1579 878 1508
3  1229 883 1580
3  1508 878 1581
3  1403 1508 1581
3  1404 1591 1592
3  1511 1594 1650
3  1587 784 663
3  1247 1253 1415
3  1588 1247 1249
3  1248 1277 1621
3  1591 1404 1629
3  1404 1253 1629
3  1630 1591 1267
3  1591 1629 1267
3  1612 1630 1269
3  1630 1267 1269
3  1510 1615 1066
3  1524 1644 1525
3  1612 1414 1273
3  1414 1271 1273
3  1603 1416 1026
3  1026 1598 1604
3  1027 1651 1028
3  1603 1026 1604
3  1631 1231 1091
3  1231 1230 1091
3  548 1514 549
3  1633 1094 547
3  1631 1633 549
3  1633 547 549
3  1633 1631 1093
3  1631 1091 1093
3  621 620 779
3  1597 1602 1635
3  787 913 622
3  913 1093 622
3  760 695 1578
3  1409 1537 1544
3  1025 758 697
3  758 757 697
3  1652 695 1634
3  695 697 1634
3  773 859 1636
3  1601 757 773
3  1406 746 1419
3  1092 1593 1513
3  1419 1597 1653
3  1599 1527 1653
3  750 777 1519
3  777 1237 1519
3  750 1237 1516
3  1507 1242 1244
3  1654 1639 1655
3  1608 748 1655
3  1259 1517 1656
3  1245 1605 1606
3  1076 1245 1606
3  614 619 1606
3  1412 909 1413
3  909 908 1413
3  790 895 1251
3  895 562 1251
3  791 1288 1526
3  1288 1547 1526
3  1426 1600 1632
3  1528 1632 1529
3  1640 1408 1657
3  1652 1634 1499
3  1530 1539 1531
3  1540 1619 1658
3  1652 1657 1578
3  1657 1428 1659
3  1427 1046 1531
3  1428 1427 1659
3  1613 1651 1614
3  1651 1589 1614
3  1533 1417 1266
3  792 1660 1643
3  1532 1416 1661
3  1603 1230 1232
3  1535 1609 1536
3  1660 1607 1643
3  1644 1524 1421
3  775 890 892
3  1533 1662 1643
3  1662 792 1643
3  1609 237 1536
3  1660 792 1534
3  1607 1660 239
3  237 239 1536
3  1614 1589 1590
3  1528 1614 1590
3  1620 1617 1639
3  1517 679 1646
3  1530 1620 1225
3  1620 1638 1225
3  752 192 1587
3  192 784 1587
3  1586 1276 553
3  1276 612 553
3  608 410 683
3  681 683 1086
3  1547 1548 1255
3  1647 339 1282
3  661 1548 1549
3  784 1276 663
3  534 681 1086
3  682 1255 1432
3  1097 909 1551
3  909 1412 1551
3  486 938 596
3  938 594 596
3  715 657 1557
3  657 806 1557
3  1554 1380 940
3  1380 1185 940
3  1379 800 1553
3  800 855 1553
3  732 1568 1475
3  1568 651 1475
3  1623 1569 1449
3  1555 651 1623
3  1469 1455 1377
3  1015 1014 1375
3  1558 1114 1570
3  1114 1296 1570
3  1376 1558 1563
3  1348 1470 1447
3  1124 1308 1559
3  1308 1003 1559
3  1330 1126 1457
3  1126 1125 1457
3  1315 1316 1127
3  1127 1316 1624
3  1310 1456 1624
3  1456 1125 1624
3  1324 1344 1325
3  1344 1347 1325
3  1369 1344 1560
3  1344 1324 1560
3  1369 1626 1625
3  1626 1460 1625
3  1122 1311 1147
3  1311 1145 1147
3  1140 1561 1141
3  1561 1465 1141
3  1175 1481 1368
3  1481 1140 1368
3  980 966 1464
3  1337 1464 968
3  820 822 729
3  822 1326 729
3  427 1485 1572
3  1479 1478 1572
3  427 426 1164
3  426 1162 1164
3  1477 1156 1001
3  1156 1000 1001
3  1361 1165 1491
3  1165 1167 1491
3  638 241 1648
3  241 810 1648
3  1577 755 1541
3  1582 1541 1542
3  1064 1422 1065
3  1663 1642 1627
3  1663 1627 1241
3  1649 1058 1582
3  1627 886 888
3  1391 1503 1502
3  1050 763 1394
3  763 762 1394
3  1501 1500 886
3  887 886 1664
3  1585 1229 1581
3  1229 1580 1581
3  1510 1595 1511
3  1650 1592 1512
3  1440 1439 1249
3  1247 1415 1248
3  1268 1267 1588
3  1267 1629 1588
3  1595 1594 1511
3  1405 1592 1650
3  1272 419 1615
3  419 421 1066
3  1524 680 1421
3  1644 1645 1610
3  1602 1513 1635
3  1593 1230 1604
3  1533 1651 1027
3  1651 1613 1028
3  1598 1028 1599
3  1598 1026 1028
3  1233 548 543
3  548 547 543
3  1498 869 1543
3  1407 1543 781
3  696 695 760
3  695 1652 1578
3  1657 1408 1578
3  1408 1407 1578
3  1600 1601 1636
3  1601 773 1636
3  1598 1597 1635
3  1597 1419 1602
3  1597 1599 1653
3  1527 1529 1637
3  1516 1507 1665
3  1666 1667 1425
3  1518 1520 1609
3  1520 1608 1609
3  1395 1523 1077
3  1523 1398 1246
3  1618 1424 1666
3  1667 1666 1656
3  908 1080 1413
3  1080 789 1413
3  561 1612 1252
3  1612 1269 1252
3  1287 791 1509
3  791 1251 1509
3  1547 1412 1526
3  1412 789 1526
3  1600 1636 1529
3  1636 859 1637
3  1537 1065 1668
3  764 1498 1544
3  1539 1619 1540
3  1537 1409 1641
3  1657 1652 1428
3  1652 1499 1428
3  1540 1640 1531
3  1427 1531 1659
3  1589 1651 1669
3  1651 1533 1669
3  1645 1532 1610
3  1645 891 1266
3  892 891 1645
3  1532 1645 1266
3  873 775 1421
3  775 892 1421
3  897 1521 794
3  792 1662 793
3  1589 1669 1643
3  1669 1533 1643
3  794 1521 1522
3  1534 792 794
3  1047 1628 1590
3  1628 1632 1590
3  748 750 1655
3  750 1516 1654
3  750 1654 1655
3  1654 1638 1639
3  1619 1539 1227
3  1539 1225 1227
3  209 37 538
3  538 1647 1282
3  1552 1550 681
3  1550 682 681
3  1548 1586 1255
3  535 534 1086
3  1548 1288 1549
3  1438 1440 662
3  1438 662 1549
3  662 661 1549
3  939 530 940
3  530 1554 940
3  1290 1555 1449
3  1555 1623 1449
3  1563 1558 1447
3  1558 1570 1447
3  1455 1015 1377
3  1015 1375 1377
3  819 1315 972
3  1137 972 1331
3  967 1144 968
3  1144 1337 968
3  1478 1571 1572
3  1571 1347 1572
3  1058 877 1582
3  1663 1649 1542
3  1204 1078 1257
3  1078 1577 1257
3  1501 1391 1502
3  1642 1663 1061
3  1642 1061 1501
3  1061 1060 1501
3  887 1422 888
3  1240 1059 1241
3  1059 1649 1241
3  1649 1663 1241
3  1503 1394 1502
3  1394 762 1502
3  1063 1537 1641
3  1640 1540 1658
3  205 1622 1621
3  1622 1440 1621
3  1248 1621 1249
3  1621 1440 1249
3  1610 1532 1661
3  1644 1610 1525
3  1416 1603 1661
3  1603 1232 1661
3  1232 1596 1611
3  1596 1595 1611
3  1511 1650 1512
3  1592 1420 1512
3  680 1524 1066
3  1524 1510 1066
3  1543 1409 1544
3  1543 1407 1409
3  759 760 781
3  760 1407 781
3  1419 746 1602
3  746 779 1602
3  1028 1613 1599
3  1613 1527 1599
3  859 1418 1637
3  1418 1419 1653
3  1618 1666 1425
3  1226 1638 1665
3  540 1424 1244
3  1424 1618 1244
3  1424 1605 1666
3  1517 1646 1656
3  239 1660 1536
3  1660 1534 1536
3  1399 1259 1246
3  1259 1245 1246
3  1507 1618 1425
3  1507 1425 1665
3  1239 1627 888
3  1627 1642 886
3  1619 677 1658
3  677 1063 1658
3  1531 1640 1659
3  1640 1657 1659
3  793 1662 1266
3  1662 1533 1266
3  529 1535 1522
3  1535 1534 1522
3  1639 1616 1655
3  1616 1608 1655
3  538 37 1647
3  37 166 1647
3  683 682 1432
3  608 683 1432
3  662 1622 663
3  1622 1587 663
3  1128 972 1137
3  960 1137 1331
3  877 879 1583
3  879 1053 1583
3  755 1061 1542
3  1061 1663 1542
3  762 764 1664
3  1065 887 1664
3  1640 1658 1641
3  1658 1063 1641
3  1610 1595 1525
3  1595 1510 1525
3  1610 1661 1611
3  1661 1232 1611
3  1594 1514 1650
3  1514 1405 1650
3  1272 1615 1512
3  1615 1510 1512
3  1513 1593 1635
3  1593 1604 1635
3  1418 1653 1637
3  1653 1527 1637
3  1666 1605 1260
3  1605 1245 1260
3  1667 1646 1261
3  1425 1226 1665
3  1425 1667 1261
3  1646 1667 1656
3  764 1668 1664
3  1668 1065 1664
3  1422 1506 888
3  1506 1239 888
3  1281 533 1282
3  533 535 1282
3  1255 1586 1432
3  1586 553 1432
3  683 410 1086
3  410 412 1086
3  972 1315 1331
3  1315 1127 1331
3  1053 1257 1583
3  1257 1541 1583
3  1537 1668 1544
3  1668 764 1544
3  1666 1260 1656
3  1260 1259 1656
3  1638 1654 1665
3  1654 1516 1665
3  1646 678 1261
3  678 1227 1261
3  886 1500 1664
3  1500 762 1664
