OFF
1635 3266 0
196.8 -363.758 427.85
-67.5854 -363.042 305.928
63.6745 -329.608 289.56
346.35 -165.058 344.032
365.197 -105.312 342.586
408.694 0 382.151
58.6719 -286.983 203.953
-335.204 225.527 382.101
-360.176 112.585 415.531
-364.163 68.142 435.896
-46.2752 -237.171 162.994
-111.067 -291.769 233.191
-121.069 46.4797 69.3445
-90.4206 73.5283 64.2204
-80.2174 57.2885 50.8827
261.057 -247.329 269.377
-197.138 304.369 430.443
101.971 409.585 431.887
-168.927 330.999 425.015
51.7919 108.158 63.2947
92.3525 85.7569 63.9339
35.78 93.0959 51.0023
-336.01 42.4461 236.202
-256.631 196.284 245.852
-237.763 184.303 219.227
-405.463 27.275 383.57
-349.438 -166.489 364.251
95.2973 -41.6676 56.5745
108.394 7.1722 54.495
115.901 -32.7939 67.1907
413.659 0 409.052
413.49 0 407.709
300.641 -144.64 231.985
297.552 -187.172 252.881
415.291 0 433.213
339.179 216.188 323.322
415.303 0 434.554
78.5615 -57.3309 50.7469
9.78053 -3.86816 0.835522
-201.821 213.31 219.948
-212.5 247.866 264.795
117.073 44.0171 63.8335
10.2976 2.41905 0.879863
-313.373 254.047 391.509
-273.658 234.056 427.706
-247.375 -231.514 257.442
-273.047 -138.999 216.812
-328.195 -181.819 435.896
-232.851 -311.509 393.98
97.9113 -375.681 414.258
-73.9875 -359.604 435.896
37.5333 -193.685 124.982
28.4454 -95.7104 51.014
59.9015 -107.146 68.6978
259.808 252.847 429.073
291.339 198.375 434.527
6.09564 390.786 348.327
-146.045 364.024 404.814
-5.14469 392.078 388.626
316.878 225.666 399.418
415.307 0 435.896
-4.94302 5.24703 -0.427611
-5.01513 5.31866 -0.433692
-4.76888 5.38668 -0.412849
-3.14658 6.12846 -0.274205
5.59066 8.45809 0.477594
-3.09882 6.04072 -0.27018
-2.83684 -4.49898 -0.248335
10.2134 -2.71439 0.872634
-2.8918 -4.58299 -0.253054
203.513 369.711 366.526
252.258 267.674 308.479
178.284 -82.2226 118.387
211.404 7.46001 135.435
8.27646 6.2298 0.706856
8.47754 5.98758 0.724038
-196.905 -342.727 368.507
21.3918 -331.108 435.896
133.175 -296.24 435.896
-160.433 -126.087 121.695
-317.43 -32.3823 435.896
-58.8388 321.78 435.896
-126.16 296.602 435.896
-66.5251 227.124 158.637
-142.754 281.785 248.212
-69.9057 289.917 221.629
-131.89 347.105 323.395
-9.26132 156.106 92.6043
-45.7772 184.926 121.805
-2.27029 9.72038 -0.194064
-1.94988 9.78134 -0.166683
-3.64709 8.18266 -0.314139
8.85523 5.4865 0.756324
10.2134 2.71439 0.872634
10.3721 2.12151 0.886257
-97.0208 16.2263 50.854
-95.8586 21.9401 50.851
-10.016 3.29733 -0.855701
-9.90295 3.5844 -0.846013
-142.545 -260.874 216.212
-74.9132 -251.294 184.476
-4.51791 -100.128 51.0539
-180.952 -344.59 425.079
-178.628 48.1315 110.848
-188.546 -28.0087 115.268
-136.702 162.944 143.471
1.18661e-07 -9.95074 1.06291e-08
-3.49315 -7.28003 -0.302532
-3.44715 -7.19149 -0.298729
67.2224 222.532 142.49
-3.71001 100.153 51.0531
-4.05392 -8.33831 -0.348375
-4.10142 -8.42613 -0.352214
-4.2742 -8.13166 -0.367468
89.081 -224.101 162.864
222.882 -228.799 435.896
-114.789 -370.258 399.401
-42.1982 -377.683 385.7
-34.7926 -378.5 411.482
70.4087 368.637 331.623
276.24 -249.167 323.493
378.184 0 308.784
377.375 0 307.411
9.78053 3.86817 0.835522
-2.8918 4.58299 -0.253054
-2.94685 4.66694 -0.257775
5.30962 8.61581 0.45361
-177.02 351.751 394.06
-101.957 334.053 292.89
159.014 168.358 163.603
-3.2642 6.83682 -0.283542
1.94988 9.78134 0.166682
-3.21872 6.74803 -0.279751
-168.045 -174.803 161.693
10.1195 3.00724 0.864578
-168.064 75.2394 114.724
-27.789 96.2791 51.0515
-61.0588 76.4431 50.8026
-52.1516 102.594 62.7974
-23.8167 -159.45 95.6668
145.272 -143.995 121.773
160.237 23.3511 94.4301
121.771 27.6001 65.0639
186.913 40.3082 116.649
333.73 0 247.664
332.505 0 246.257
9.50792 -4.42473 0.812172
9.64881 -4.14837 0.824238
73.7423 -65.4272 50.8843
-97.4886 -13.2354 50.8555
-119.05 -12.4425 65.83
-94.2461 -28.6932 50.8722
-95.8939 -21.7886 50.8511
-120.607 -150.164 118.084
-50.5444 -112.649 68.7329
-32.4575 -101.602 55.5512
-396.992 -39.6502 418.382
-236.398 -263.756 435.896
355.713 107.815 300.704
378.984 0 310.157
407.299 0 376.758
406.929 0 375.41
408.358 0 380.803
173.116 115.032 141.766
342.033 -174.667 430.48
281.686 -267.555 419.67
372.327 0 299.156
371.453 0 297.778
261.717 213.124 435.896
-265.834 186.197 435.896
-3.21769 9.48233 -0.275005
-21.1298 104.46 55.5425
-63.6514 208.696 143.931
-62.1163 102.837 67.1506
283.484 0 196.435
281.908 0 194.994
241.309 -252.011 434.527
279.305 -179.143 435.896
-2.83684 4.49898 -0.248335
-9.78053 3.86817 -0.835522
-3.38524 -7.6452 -0.292753
-3.53925 -7.36853 -0.306338
-3.34198 -7.55546 -0.289198
-93.9649 29.6076 50.8724
-200.476 -78.7225 138.37
6.91122 -7.55173 0.590286
6.65926 -7.74814 0.568785
-3.14063 -5.69135 -0.274032
413.312 0 406.366
415.044 0 425.162
414.974 0 423.82
411.081 0 392.922
410.812 0 391.576
410.534 0 390.231
313.847 -212.216 357.36
339.266 83.7399 266.123
285.05 0 197.874
123.922 301.721 435.896
11.3538 290.399 219.726
190.206 264.531 262.209
135.619 193.509 166.533
171.101 145.974 157.74
-6.12742 5.68647 -0.527304
-6.20527 5.75255 -0.533808
8.67052 -5.73975 0.740533
8.47754 -5.98759 0.724038
-3.00523 -5.08934 -0.262704
-6.04969 5.62026 -0.520803
-5.78659 5.72385 -0.498601
-5.97205 5.55395 -0.514305
-6.06068 7.56245 -0.519123
-5.99305 7.48717 -0.513609
-6.30637 7.38383 -0.540078
9.64881 4.14837 0.824238
9.50792 4.42473 0.812172
-2.94685 -4.66694 -0.257775
-3.03827 -4.49927 -0.265615
-8.47754 5.98759 -0.724038
265.622 0 180.539
263.941 0 179.088
260.55 0 176.184
-4.56037 5.16507 -0.395241
-4.38952 5.29338 -0.380734
-4.32271 5.21736 -0.375082
10.5716 -0.914752 0.903382
-34.0041 -94.3249 51.0576
-61.1216 -76.394 50.8027
-6.91121 -7.55174 -0.590286
-10.2976 2.41905 -0.879863
-5.89453 5.48751 -0.507809
-5.81711 5.42097 -0.501316
-10.4368 -1.82203 -0.891811
-3.87523 -7.4384 -0.334869
-3.63178 -7.54535 -0.313956
-3.67824 -7.63367 -0.317769
65.3209 -84.1887 55.5425
257.569 -262.258 433.173
414.809 0 421.136
414.896 0 422.478
415.27 0 431.871
414.5 0 417.109
414.381 0 415.766
414.253 0 414.424
409.652 0 386.192
409.341 0 384.845
409.022 0 383.498
412.519 0 400.991
412.301 0 399.646
412.073 0 398.302
401.344 0 357.842
400.855 0 356.488
381.136 94.134 359.102
334.945 0 249.071
219.435 242.318 435.896
-178.11 264.099 435.896
226.52 165.09 209.807
-4.00993 6.25138 -0.347885
-4.21116 6.13428 -0.365109
-4.0669 6.33414 -0.352652
10.5716 0.914747 0.903382
3.83478 -9.27839 0.327707
3.52787 -9.38483 0.301499
-0.326745 9.94602 -0.0279343
-4.34961e-07 9.95074 -3.89616e-08
61.3444 -77.8806 50.9427
-2.79535 -4.7478 -0.244749
-2.84769 -4.83326 -0.249234
-6.03619 -6.31063 -0.519096
-6.2407 -6.13337 -0.536467
-5.96251 -6.24048 -0.512978
-10.2134 2.71439 -0.872634
-10.1195 3.00724 -0.864578
10.6116 0.305285 0.90682
10.6166 0 0.90725
4.13808 9.16311 0.353605
3.83477 9.27839 0.327707
10.4917 -1.52089 0.896519
10.1195 -3.00723 0.864578
10.016 -3.29734 0.855701
246.614 0 164.528
248.388 0 165.989
237.604 0 157.213
235.775 0 155.747
-6.07087 8.04186 -0.518876
-5.86642 8.2923 -0.501127
-5.80336 8.21361 -0.496047
6.9112 7.55175 0.590286
7.15656 7.34817 0.611228
-3.09035 5.60484 -0.26977
-10.4917 -1.52089 -0.896519
5.59066 -8.45809 0.477595
5.86642 -8.2923 0.501127
415.205 0 429.187
415.242 0 430.529
415.106 0 426.504
415.159 0 427.846
414.611 0 418.451
412.73 0 402.335
408.013 0 379.455
409.954 0 387.539
410.248 0 388.885
413.127 0 405.022
414.714 0 419.794
288.153 0 200.75
289.69 0 202.186
396.626 0 345.64
397.185 0 346.998
403.663 0 364.606
403.216 0 363.254
350.948 0 268.67
352.019 0 270.064
314.331 0 226.463
312.959 0 225.043
376.556 0 306.037
391.201 0 333.4
390.554 0 332.037
10.016 3.29734 0.855702
9.90295 3.5844 0.846013
7.3951 7.13761 0.631589
6.65926 7.74814 0.568785
-6.55201 5.69751 -0.562983
-9.35798 -4.69698 -0.799335
-9.50792 -4.42473 -0.812172
-6.87392 -5.95047 -0.589795
-9.19911 -4.96487 -0.785739
-6.95467 -6.01339 -0.596504
-6.13661 -8.1186 -0.524184
-6.40097 -7.93715 -0.546743
9.35798 -4.69697 0.799335
-3.29046 -6.3914 -0.286294
3.21768 -9.48234 0.275005
-3.3386 -6.47895 -0.290327
7.85077 6.69637 0.670495
8.06747 6.46614 0.689002
-7.62657 -6.92028 -0.651351
-7.85077 -6.69637 -0.670495
-5.33647 5.31031 -0.460829
-5.15968 5.46161 -0.445861
-5.08736 5.39018 -0.439775
-10.4917 1.52089 -0.896519
-10.4368 1.82202 -0.891811
-5.41122 5.3795 -0.467118
10.4368 1.82203 0.891811
10.4917 1.52089 0.896519
10.5366 -1.21837 0.900377
-1.94989 -9.78134 -0.166682
-3.60317 -8.09321 -0.310568
-3.55936 -8.00371 -0.307
239.424 0 158.678
243.037 0 161.605
244.83 0 163.067
-3.04015 5.51828 -0.26551
-4.79908 -5.10351 -0.415456
-4.79909 5.10351 -0.415456
-4.72728 5.0316 -0.409382
-10.3721 2.12151 -0.886257
-10.6166 -9.28132e-07 -0.90725
7.15655 -7.34818 0.611228
-77.941 -60.3513 50.8829
411.341 0 394.267
414.117 0 413.081
413.972 0 411.738
413.82 0 410.395
412.932 0 403.678
411.838 0 396.957
411.594 0 395.612
406.163 0 372.711
406.55 0 374.06
407.66 0 378.107
292.735 0 205.057
291.217 0 203.622
286.606 0 199.313
250.154 0 167.448
267.293 0 181.989
404.101 0 365.958
401.825 0 359.196
295.741 0 207.923
294.243 0 206.49
315.692 0 227.883
364.131 0 286.728
365.079 0 288.112
349.867 0 267.276
391.839 0 334.762
369.679 0 295.02
368.777 0 293.64
373.191 0 300.534
-5.0239 -8.2029 -0.430612
-4.75248 -8.34378 -0.407418
-4.80643 -8.42824 -0.411766
-4.4375 -9.03909 -0.379169
-4.68127 -8.82065 -0.40026
-4.62993 -8.73477 -0.39615
1.30395 -9.87534 0.111473
0.97903 -9.90831 0.083697
-3.36394 4.65288 -0.293489
-3.21184 -4.74609 -0.280483
-3.36393 -4.65288 -0.293488
-9.35798 4.69698 -0.799335
-9.19911 4.96487 -0.785739
-6.95467 6.01339 -0.596504
8.67052 5.73974 0.740533
-3.35546 7.01426 -0.29113
0.653173 9.93187 0.0558419
0.97901 9.90831 0.083697
-6.63232 5.76094 -0.569682
-6.71274 5.82425 -0.576384
-6.43948 5.95009 -0.553335
-2.94002 5.34503 -0.256996
-2.99004 5.43168 -0.261252
10.5966 -0.610287 0.90553
10.5366 1.21837 0.900377
10.4368 -1.82203 0.891811
241.235 0 160.142
6.13661 8.1186 0.524184
6.40098 7.93715 0.546743
-3.14063 5.69135 -0.274032
-4.65555 4.95961 -0.403311
-4.42186 5.0169 -0.383514
-4.65555 -4.95961 -0.403311
-10.5366 1.21837 -0.900377
-2.90012 -4.91867 -0.253722
-2.95263 -5.00403 -0.258212
-3.05719 -4.8347 -0.267224
-7.15656 -7.34816 -0.611228
-7.39509 -7.13761 -0.631589
-9.90294 -3.58441 -0.846013
-9.78053 -3.86817 -0.835522
405.768 0 371.361
405.364 0 370.011
272.251 0 186.333
273.884 0 187.779
277.123 0 190.668
278.727 0 192.111
253.656 0 170.364
262.25 0 177.636
402.761 0 361.902
402.298 0 360.549
404.951 0 368.66
404.531 0 367.309
321.041 0 233.553
322.353 0 234.968
326.233 0 239.208
327.507 0 240.62
301.637 0 213.645
303.086 0 215.073
305.956 0 217.926
307.376 0 219.351
344.321 0 260.29
345.449 0 261.689
339.71 0 254.687
340.877 0 256.089
366.017 0 289.495
358.245 0 278.41
357.231 0 277.021
395.482 0 342.924
394.897 0 341.565
397.736 0 348.355
387.877 0 326.581
388.559 0 327.946
375.729 0 304.662
374.892 0 303.287
370.571 0 296.4
-3.66735 8.91714 -0.31436
-3.70903 9.00753 -0.317693
-5.47024 8.29682 -0.467907
-5.53039 8.3775 -0.472749
-5.25219 8.53341 -0.449003
-3.30978 6.92556 -0.287335
-3.48366 6.74128 -0.302445
-4.92781 5.8985 -0.426038
-5.18874 5.8274 -0.448132
-4.99558 5.97374 -0.431713
9.19911 4.96487 0.785739
9.03148 5.22813 0.771398
-2.84769 4.83326 -0.249235
-5.05769 -7.26145 -0.435357
-5.11908 -7.34132 -0.440397
-5.29294 -7.11273 -0.455443
-4.79259 5.74776 -0.414697
-4.53779 5.80493 -0.393082
-4.72515 5.67224 -0.40903
-9.64881 4.14837 -0.824238
-3.21768 -9.48234 -0.275005
-3.52787 -9.38483 -0.301498
-3.66736 -8.91714 -0.31436
-3.86845 -8.62914 -0.332035
-3.62579 -8.8267 -0.31103
-3.09605 -4.5816 -0.270569
-3.15391 4.66387 -0.275525
-3.09605 4.5816 -0.270569
6.40097 -7.93715 0.546743
-3.19102 -5.7778 -0.278297
-3.09882 -6.04071 -0.27018
-3.35546 -7.01425 -0.29113
-3.5809 -6.9159 -0.310535
-3.53224 -6.82861 -0.306489
-3.21873 -6.74803 -0.279751
-3.2642 -6.83682 -0.283542
-3.38685 -6.56645 -0.294364
-3.53619 5.93954 -0.307738
-3.58981 6.02425 -0.312254
-3.3935 6.1231 -0.295378
-2.90012 4.91867 -0.253722
-3.32799 -4.91036 -0.290406
-3.16787 -5.00225 -0.27668
-3.22334 -5.08595 -0.281411
10.5966 0.610293 0.90553
10.6116 -0.305261 0.90682
10.3721 -2.1215 0.886257
10.2976 -2.41905 0.879863
5.86642 8.2923 0.501127
-5.02355 8.76532 -0.429195
-5.30962 8.61582 -0.45361
-10.2976 -2.41905 -0.879863
-10.2134 -2.71439 -0.872634
-10.016 -3.29733 -0.855701
-10.1195 -3.00724 -0.864578
-6.12742 -5.68647 -0.527304
280.322 0 193.553
275.508 0 189.224
270.608 0 184.886
268.955 0 183.438
257.122 0 173.276
255.394 0 171.82
328.771 0 242.03
331.27 0 244.849
330.025 0 243.44
323.657 0 236.382
318.386 0 230.72
317.044 0 229.302
308.787 0 220.775
311.578 0 223.621
310.187 0 222.199
304.526 0 216.5
297.23 0 209.355
342.035 0 257.491
337.347 0 251.881
336.151 0 250.476
346.568 0 263.087
348.777 0 265.88
347.677 0 264.484
353.08 0 271.457
354.132 0 272.849
360.244 0 281.186
361.23 0 282.573
362.206 0 283.959
398.81 0 351.068
399.334 0 352.424
400.357 0 355.134
399.85 0 353.779
394.303 0 340.205
392.468 0 336.123
393.088 0 337.484
389.233 0 329.31
389.898 0 330.674
382.093 0 315.641
382.847 0 317.011
374.046 0 301.911
367.867 0 292.259
366.947 0 290.878
7.62657 6.92027 0.651351
-2.95263 5.00403 -0.258212
9.35798 4.69698 0.799335
-3.00198 4.75085 -0.262499
9.03148 -5.22813 0.771398
-5.97205 -5.55395 -0.514305
-5.89453 -5.48751 -0.507809
-7.03555 6.07617 -0.603216
-5.35703 7.1907 -0.460712
-5.05769 7.26145 -0.435358
-5.29295 7.11272 -0.455443
-8.85523 5.4865 -0.756324
-9.03148 5.22812 -0.771398
-9.50792 4.42473 -0.812172
-6.87392 5.95047 -0.589795
-6.79328 5.88742 -0.583088
-1.62765 -9.83301 -0.139143
-2.2703 -9.72038 -0.194064
-3.69112 -8.27207 -0.317712
-3.64709 -8.18266 -0.314139
-6.67472 -6.14651 -0.572886
-6.5962 -6.08116 -0.566366
0.326743 -9.94602 0.0279343
0.653184 -9.93187 0.0558421
-3.83478 -9.27839 -0.327707
-6.83792 -7.48127 -0.584327
-7.08094 -7.27991 -0.605063
-3.04014 -5.51828 -0.265509
7.3951 -7.13761 0.631589
-3.09035 -5.60484 -0.26977
-6.67472 6.14651 -0.572886
-6.393 6.26894 -0.549112
-6.5962 6.08116 -0.566366
8.27645 -6.22981 0.706856
6.13661 -8.1186 0.524184
-4.60268 -5.88238 -0.398531
-4.34652 -5.93194 -0.37677
-4.40881 -6.01125 -0.381996
2.90449 -9.57081 0.248251
-3.17335 -6.65919 -0.275963
2.5886 -9.65018 0.221262
-3.30978 -6.92556 -0.287335
2.2703 -9.72038 0.194064
-3.11069 5.25981 -0.271693
-3.40125 7.1029 -0.294928
0.326745 9.94602 0.0279342
-6.65926 -7.74814 -0.568785
-3.97342 5.8094 -0.345136
-4.0327 5.89073 -0.350125
-3.83971 6.0027 -0.333602
-3.95882 -7.06801 -0.34255
-4.18671 -6.9519 -0.362096
-4.13189 -6.86791 -0.357551
-10.3721 -2.12151 -0.886257
-3.67856 -7.09029 -0.318636
-5.68367 -6.33705 -0.489417
-5.40467 -6.42312 -0.465818
-5.47327 -6.49767 -0.471513
-4.37861 -7.7504 -0.377063
-4.17373 -7.95873 -0.359301
-4.43162 -7.8354 -0.38139
251.91 0 168.906
258.841 0 174.73
324.95 0 237.796
319.718 0 232.137
298.709 0 210.786
300.178 0 212.216
338.533 0 253.285
343.182 0 258.891
355.175 0 274.241
356.207 0 275.631
363.173 0 285.344
359.249 0 279.798
398.277 0 349.712
393.7 0 338.845
396.059 0 344.282
383.593 0 318.38
384.329 0 319.748
381.329 0 314.271
387.185 0 325.216
386.485 0 323.85
385.775 0 322.483
-8.67053 5.73973 -0.740533
-6.83214 6.27682 -0.585934
-6.62236 6.47136 -0.5681
-6.54578 6.40401 -0.561767
-3.49314 7.28003 -0.302532
-3.34198 7.55545 -0.289198
-6.12846 7.63762 -0.52464
-5.87451 7.81099 -0.502973
-5.89758 6.55387 -0.507152
-5.67979 6.7207 -0.488612
-5.61082 6.64646 -0.482909
-3.05719 4.8347 -0.267224
9.90294 -3.58441 0.846013
-10.6116 0.30529 -0.90682
-10.5966 0.61029 -0.90553
-5.1128 5.10214 -0.441976
-5.03846 -5.03254 -0.435696
-10.6116 -0.305289 -0.90682
-4.72189 6.4066 -0.408164
-4.57109 6.61932 -0.395147
-4.51081 6.53868 -0.390134
-7.73203 6.22926 -0.66134
-4.41101 -6.82917 -0.381306
-4.24165 -7.03583 -0.366643
-4.14905 -8.51388 -0.356055
-3.91306 -8.71828 -0.335622
-3.95783 -8.80735 -0.339213
-0.65318 -9.93187 -0.0558416
-0.979025 -9.90831 -0.0836966
-9.64881 -4.14837 -0.824238
-6.79328 -5.88742 -0.583088
-3.05791 -5.1746 -0.267197
-6.16473 -6.06541 -0.53015
-6.71274 -5.82425 -0.576383
-6.63232 -5.76094 -0.569682
-5.30465 5.60417 -0.458041
-5.04835 5.68087 -0.436361
-5.23211 5.53294 -0.45195
-5.66259 5.28754 -0.488336
-5.7398 5.35431 -0.494825
-4.12285 -4.98879 -0.35814
-4.12284 4.9888 -0.35814
-4.05642 -4.91245 -0.352497
-4.99442 6.34524 -0.43128
-5.06012 6.42206 -0.436747
-4.84793 6.56415 -0.41865
-4.11534 -7.32441 -0.355472
-3.92468 -7.52527 -0.338934
-4.16774 -7.40975 -0.359784
-5.61467 -7.50167 -0.481816
-5.42806 -7.73927 -0.465643
-5.67942 -7.57916 -0.4871
-5.47024 -8.29682 -0.467907
-5.53038 -8.37751 -0.472749
-5.74046 -8.1348 -0.490971
-4.96906 -8.68117 -0.424833
-4.73276 -8.90645 -0.404373
-5.02356 -8.76532 -0.429195
4.73276 -8.90645 0.404373
-3.19443 -6.21616 -0.278232
5.02356 -8.76532 0.429195
4.4375 -9.03909 0.379169
-3.90689 -6.98241 -0.33825
-3.72756 -7.1774 -0.32269
-0.326742 -9.94602 -0.0279343
-4.06305 -7.23901 -0.351162
1.62766 -9.83301 0.139144
1.94989 -9.78133 0.166682
-3.40125 -7.1029 -0.294928
-3.17335 6.65919 -0.275963
-3.38684 6.56645 -0.294364
-3.43521 6.65389 -0.298403
-3.59758 6.46753 -0.312496
-4.49107 5.09103 -0.389376
-3.54631 4.89403 -0.30906
-3.60729 4.97429 -0.314255
-3.44449 5.0744 -0.300337
-3.29206 5.95056 -0.286833
-3.2415 5.8642 -0.282564
-5.05322 7.7294 -0.434108
-4.9942 7.64798 -0.429293
-5.24227 7.50078 -0.450486
-3.53223 6.82862 -0.306489
-3.67857 7.09029 -0.318636
-3.44714 7.19149 -0.298729
4.73276 8.90645 0.404373
5.02356 8.76532 0.429195
-5.48608 5.44858 -0.473409
-5.56105 5.51756 -0.479704
-5.08736 -5.39018 -0.439775
-5.26181 -5.24102 -0.454542
-5.01513 -5.31866 -0.433692
-5.33647 -5.31031 -0.460829
-5.15968 -5.46161 -0.445861
-4.92884 -6.26832 -0.425814
-5.13147 -6.12393 -0.44307
-4.86337 -6.19132 -0.420352
-8.06746 -6.46615 -0.689003
-8.27646 -6.22979 -0.706856
-7.98343 -6.40714 -0.682082
-8.85523 -5.48651 -0.756324
-8.67053 -5.73974 -0.740533
-9.03148 -5.22813 -0.771398
379.775 0 311.529
380.556 0 312.9
385.057 0 321.116
-5.03846 5.03254 -0.435696
-8.27646 6.22979 -0.706856
-5.41025 8.21604 -0.463069
-5.67769 8.05589 -0.485899
-4.96718 8.12005 -0.426023
-5.23112 7.97313 -0.448574
-5.0239 8.2029 -0.430612
-3.77955 8.45071 -0.324868
-3.73528 8.36142 -0.321289
-3.95928 8.16251 -0.340707
-2.9045 9.57081 -0.248251
-2.5886 9.65018 -0.221262
-3.62579 8.8267 -0.31103
-5.32411 6.72841 -0.458647
-5.0379 6.79981 -0.434401
-5.25793 6.65197 -0.453168
-3.96812 6.61549 -0.343935
-4.0226 6.6997 -0.348471
-3.80335 6.81102 -0.329655
-5.54168 6.19195 -0.477607
-5.47086 6.11925 -0.471707
-5.74219 6.02936 -0.494641
-7.39847 5.99004 -0.633722
-7.48168 6.05005 -0.640622
-6.11261 6.76968 -0.524915
-6.40642 6.6596 -0.549729
-6.18454 6.84139 -0.530842
-6.77588 6.60567 -0.580773
-6.85283 6.67263 -0.587114
-6.55539 6.79834 -0.562004
-7.3951 7.13761 -0.631589
-7.15656 7.34816 -0.611228
-6.99003 6.4066 -0.598994
-7.06916 6.47129 -0.605528
-4.51817 7.45438 -0.389421
-4.70103 7.2396 -0.405262
-4.75941 7.32144 -0.410062
-4.09282 -9.07426 -0.350002
-4.29269 -8.77677 -0.367599
-4.04769 -8.98535 -0.346403
-2.5886 -9.65018 -0.221262
-2.90449 -9.57081 -0.248251
-6.31679 -6.20122 -0.542788
-6.10999 -6.38066 -0.525217
-6.04969 -5.62026 -0.520803
-5.86199 -5.79239 -0.504905
-5.41122 -5.3795 -0.467118
-5.7398 -5.35431 -0.494825
-5.56105 -5.51756 -0.479703
-5.81712 -5.42097 -0.501316
-6.20527 -5.75255 -0.533808
-10.5966 -0.610292 -0.90553
-10.5366 -1.21838 -0.900377
-10.5716 0.914751 -0.903382
-5.18726 5.17163 -0.448258
-4.9642 4.96286 -0.429419
-3.62967 -7.00313 -0.314584
-6.3613 5.88436 -0.546823
-6.16473 6.06541 -0.53015
-6.08888 5.99732 -0.523834
-5.26181 5.24102 -0.454542
-4.72728 -5.03161 -0.409382
8.85524 -5.48649 0.756324
-4.1968 -8.60158 -0.3599
-6.11261 -6.76968 -0.524915
-6.04081 -6.69786 -0.518991
-5.81811 -6.86884 -0.500027
-4.47668 -8.47672 -0.383839
-4.69868 -8.25924 -0.403072
-5.49025 -7.81857 -0.470702
-5.29069 -8.05419 -0.453402
-5.5526 -7.89778 -0.475764
-3.42924 -5.76994 -0.298713
-3.55808 -5.58691 -0.309844
-3.37591 -5.68506 -0.294204
-3.58981 -6.02426 -0.312254
-3.78318 -5.91967 -0.328845
-3.72676 -5.83657 -0.324091
-3.14657 -6.12847 -0.274205
-3.05115 -5.95292 -0.266157
-1.30394 -9.87534 -0.111473
-3.51566 -7.91415 -0.303434
-4.02394 -7.69884 -0.347072
-4.27293 -7.58021 -0.368418
-4.22028 -7.49501 -0.364099
-3.4286 -7.7349 -0.296311
-5.66259 -5.28754 -0.488336
-6.08888 -5.99733 -0.523834
-6.3613 -5.88436 -0.546823
-6.28324 -5.81852 -0.540315
-3.96812 -6.61549 -0.343935
-4.18114 -6.49944 -0.362192
-4.12395 -6.41683 -0.357421
-4.07376 -7.78553 -0.351146
-3.8259 -7.35146 -0.330807
-3.77667 -7.26446 -0.326747
-6.58841 -7.67552 -0.563037
-6.26443 -7.78762 -0.535685
-6.33262 -7.86245 -0.541212
1.62767 9.833 0.139143
-4.86339 6.19131 -0.420353
-4.92884 6.26832 -0.425815
-4.65904 6.3277 -0.402925
-3.00523 5.08934 -0.262704
-3.5809 6.9159 -0.310535
-6.69905 -6.53858 -0.574435
-6.99003 -6.4066 -0.598994
-6.91103 -6.34178 -0.592463
-7.64847 -6.16966 -0.654431
-5.10147 -6.87817 -0.439657
-5.25792 -6.65197 -0.453168
-5.03789 -6.79981 -0.4344
-5.72389 -7.18494 -0.491587
-5.65693 -7.1091 -0.486089
-5.42124 -7.2686 -0.465983
-7.68675 -6.57348 -0.657016
-6.02657 -7.09024 -0.517173
-6.09631 -7.16382 -0.522894
-6.32879 -6.98445 -0.542705
-4.87428 7.0213 -0.420256
-4.9353 7.10144 -0.425287
-8.06746 6.46615 -0.689002
-5.26783 6.27372 -0.454439
-4.81791 7.4032 -0.414865
-4.62964 7.62127 -0.398553
-4.57383 7.53787 -0.393985
-5.18062 7.42109 -0.44544
-5.42123 7.2686 -0.465983
-5.49025 7.81858 -0.470702
-5.29069 8.05419 -0.453402
-6.91121 7.55174 -0.590286
-6.65926 7.74814 -0.568785
-6.40098 7.93715 -0.546744
-6.13662 8.11859 -0.524184
-6.37667 7.45694 -0.545813
-6.6189 7.2691 -0.566469
-6.00527 7.96501 -0.513571
-4.73276 8.90645 -0.404374
-4.4375 9.03909 -0.379169
-4.68127 8.82065 -0.40026
-4.12368 7.87216 -0.355222
-3.91214 8.07451 -0.336877
-3.55937 8.0037 -0.307
-1.62767 9.833 -0.139143
-0.653174 9.93187 -0.055842
-3.38524 7.6452 -0.292754
7.62658 -6.92027 0.651352
7.85077 -6.69638 0.670495
-3.42464 4.73333 -0.298677
-3.42463 -4.73333 -0.298677
9.19911 -4.96487 0.78574
-3.16355 -5.34496 -0.276191
-3.21649 -5.43007 -0.280691
4.13807 -9.16311 0.353606
-3.24239 -6.30381 -0.282262
-3.50287 -5.15632 -0.305305
-3.44449 -5.0744 -0.300337
-3.33455 -5.25317 -0.29088
-5.61262 6.26455 -0.48351
-5.33619 6.34848 -0.460127
-3.19102 5.7778 -0.278297
-4.78485 6.48542 -0.413405
-4.97832 5.60746 -0.430479
-5.72389 7.18494 -0.491587
-5.65693 7.10911 -0.486089
-5.95695 7.01656 -0.511455
-6.51778 6.01569 -0.559849
-5.82616 6.48171 -0.501237
-6.10999 6.38066 -0.525217
-7.11653 6.13881 -0.609932
-7.19763 6.20132 -0.616649
-7.64847 6.16966 -0.654431
-6.32879 6.98445 -0.542705
-6.25661 6.91297 -0.536772
-6.91103 6.34178 -0.592463
-4.13806 -9.16312 -0.353605
-4.3891 -8.95172 -0.375309
-4.34083 -8.86428 -0.371452
-3.70902 -9.00753 -0.317693
-3.58434 -8.73622 -0.307703
-3.77955 -8.45071 -0.324868
-3.91213 -8.07451 -0.336877
-3.95928 -8.16251 -0.340707
-4.64278 -7.15767 -0.400465
-4.46261 -7.37082 -0.38486
-4.70104 -7.23959 -0.405262
-3.86512 -7.98646 -0.33305
-5.88895 -6.17022 -0.506863
-6.51778 -6.01569 -0.559849
-6.43948 -5.95009 -0.553335
-6.55201 -5.69751 -0.562983
-5.30465 -5.60417 -0.458041
-5.48608 -5.44858 -0.473409
-5.23211 -5.53294 -0.45195
-6.01313 -5.92913 -0.517522
-5.81551 -6.09984 -0.500751
-4.871 5.17532 -0.421533
-5.93751 -5.86082 -0.511212
-3.22334 5.08595 -0.281411
-3.32799 4.91036 -0.290406
-3.38619 4.99241 -0.29537
-4.62977 5.23903 -0.401108
-5.45005 5.74632 -0.47023
-5.7113 5.6552 -0.492299
-5.52292 5.81724 -0.476329
-5.25909 5.90052 -0.454022
-4.56036 -5.16508 -0.395241
-3.03827 4.49926 -0.265615
-2.99003 -5.43169 -0.261252
-3.11069 -5.25981 -0.271693
-4.57871 -8.64883 -0.392043
-4.86049 -8.51264 -0.416119
-4.79782 -7.87102 -0.412274
-5.05323 -7.72939 -0.434107
-4.99421 -7.64797 -0.429292
-5.08075 -8.28566 -0.435205
-5.35039 -8.13517 -0.458233
-5.17169 -7.89197 -0.443748
-5.23111 -7.97313 -0.448573
-6.07087 -8.04186 -0.518876
-5.86642 -8.2923 -0.501126
-5.48559 -7.34638 -0.471257
-5.24227 -7.50078 -0.450486
-5.55006 -7.42408 -0.476535
-3.34273 -6.03686 -0.291104
-3.3935 -6.1231 -0.295377
-3.53619 -5.93954 -0.307738
-5.11849 -5.75419 -0.442245
-5.37729 -5.6753 -0.464134
-5.74219 -6.02936 -0.494641
-5.66898 -5.95876 -0.488534
-5.47086 -6.11925 -0.471707
-4.692 -6.78037 -0.405182
-4.52665 -6.99357 -0.390879
-4.75265 -6.86075 -0.410204
-3.49533 -6.29543 -0.303932
-4.29671 -7.11969 -0.371193
-4.59146 -8.08993 -0.39439
-4.85414 -7.95412 -0.416853
-4.01088 -7.15354 -0.346855
-3.5464 -6.38151 -0.308213
-5.10147 6.87817 -0.439657
-3.80535 6.36248 -0.330342
-3.64886 6.55349 -0.316782
2.27029 9.72038 0.194064
2.5886 9.65018 0.221262
4.4375 9.03909 0.379169
-4.9642 -4.96286 -0.429419
-5.80933 -7.73383 -0.497678
-5.74431 -7.65654 -0.492387
-5.19492 -8.45091 -0.4444
-5.25219 -8.53341 -0.449003
-6.44711 -7.52992 -0.551551
-6.51769 -7.60278 -0.557292
-6.76477 -7.41069 -0.578371
-7.38692 -6.7287 -0.631695
-7.30729 -6.66455 -0.625148
-7.48168 -6.05006 -0.640622
-6.25795 -6.52037 -0.537467
-6.33212 -6.59005 -0.543597
-6.54578 -6.40401 -0.561767
-6.70488 -6.93658 -0.574291
-6.9299 -6.73947 -0.593458
-6.63007 -6.86753 -0.568146
-6.83214 -6.27682 -0.585935
-6.75337 -6.21173 -0.579409
-5.95695 -7.01656 -0.511455
-6.77588 -6.60567 -0.580773
-7.06916 -6.47129 -0.605528
-5.3241 -6.72841 -0.458647
-7.7687 -6.635 -0.663754
-5.17169 7.89197 -0.443748
-4.48478 7.92031 -0.38572
-4.27421 8.13166 -0.367469
-4.43162 7.83539 -0.38139
-3.69113 8.27206 -0.317713
-3.58546 7.45696 -0.310145
-3.53925 7.36853 -0.306337
-3.72756 7.17741 -0.32269
-5.19187 6.57543 -0.447692
-6.70488 6.93658 -0.574291
-7.00711 6.80616 -0.599806
-6.77983 7.00551 -0.580439
-4.17373 7.95873 -0.359301
-4.3786 7.7504 -0.377063
-6.33263 7.86244 -0.541213
-4.93531 7.56647 -0.42448
-5.52342 6.95713 -0.475103
-7.16191 6.93915 -0.61251
-6.8549 7.07431 -0.58659
-7.08445 6.87272 -0.606156
-7.08094 7.2799 -0.605063
-6.83792 7.48127 -0.584327
-6.44711 7.52992 -0.551551
-6.19637 7.71268 -0.530161
-5.74046 8.1348 -0.490971
-4.91471 8.59694 -0.420474
-3.83477 9.27839 -0.327707
-4.13808 9.16311 -0.353605
-4.14904 8.51389 -0.356055
-4.19679 8.60158 -0.3599
-3.95783 8.80735 -0.339213
-3.60317 8.09321 -0.310568
-4.27293 7.58021 -0.368418
-4.32571 7.66534 -0.372739
-1.30394 9.87534 -0.111473
-0.979011 9.90831 -0.0836971
-3.63179 7.54535 -0.313956
-3.42861 7.7349 -0.296311
-3.47208 7.82455 -0.299872
8.06749 -6.46612 0.689003
-3.2789 -5.16959 -0.286145
5.30962 -8.61581 0.45361
-4.9084 5.53396 -0.4246
-3.76713 4.86932 -0.327887
-3.76713 -4.86932 -0.327886
-3.83081 -4.9477 -0.333307
-5.40015 6.04644 -0.465809
-5.32957 5.97353 -0.459914
-5.59589 5.88805 -0.48243
-5.19959 6.19887 -0.448753
-7.56502 6.10993 -0.647525
-7.27886 6.2637 -0.62337
-7.36019 6.32594 -0.630093
-4.32463 -8.21803 -0.371557
-4.53805 -8.00515 -0.390054
-4.48476 -7.92032 -0.38572
-3.82395 -8.53995 -0.32845
-4.37519 -8.30432 -0.375647
-4.74162 -7.78786 -0.407697
-4.00654 -8.25044 -0.34454
-4.12369 -7.87216 -0.355222
-3.73528 -8.36141 -0.321289
-5.52291 -5.81724 -0.476329
-5.25909 -5.90052 -0.454022
-5.32957 -5.97353 -0.459914
-5.61082 -6.64646 -0.482909
-5.89758 -6.55387 -0.507152
-5.82616 -6.4817 -0.501238
-3.4352 -6.6539 -0.298403
-10.5716 -0.914752 -0.903382
-3.48543 4.81371 -0.303868
-4.02243 5.18241 -0.349581
-4.08649 5.2605 -0.35501
-3.85211 5.29465 -0.335056
-3.15391 -4.66387 -0.275525
-5.13148 6.12392 -0.44307
-5.06347 6.04888 -0.43739
-5.11849 5.75419 -0.442245
-5.63612 5.58643 -0.486
-3.26988 4.82826 -0.285444
-3.21185 4.74609 -0.280484
-4.28374 -4.86839 -0.371796
-4.35275 4.94269 -0.377654
-4.18937 5.06506 -0.363785
-4.25599 5.14125 -0.369432
-3.26954 -5.51512 -0.285193
-4.25599 -5.14125 -0.369432
-4.08648 -5.26051 -0.35501
-4.32271 -5.21736 -0.375082
-3.70354 -4.79087 -0.322468
-3.54631 -4.89404 -0.30906
-4.05642 4.91245 -0.352497
-4.52763 -8.5628 -0.38794
-5.1124 -7.81073 -0.438926
-5.30407 -7.58037 -0.455535
-5.80337 -8.2136 -0.496047
-5.59066 -8.4581 -0.477594
-3.47208 -7.82455 -0.299871
-5.19186 -6.57543 -0.447691
-5.59011 -7.03317 -0.480595
-5.35702 -7.19071 -0.460711
-3.48367 -6.74128 -0.302444
-3.95846 -5.10425 -0.344154
-4.18936 -5.06507 -0.363785
-4.99441 -6.34524 -0.431279
-5.19959 -6.19887 -0.448753
-3.49534 6.29542 -0.303932
-3.3386 6.47895 -0.290328
-3.29045 6.3914 -0.286294
-3.19444 6.21616 -0.278232
-3.24239 6.3038 -0.282262
-4.16034 5.69352 -0.361109
-4.27929 5.49431 -0.371312
-4.34376 5.57208 -0.376751
-4.73281 6.03702 -0.409436
-4.86015 5.82317 -0.420366
-4.66769 5.95975 -0.403982
1.30394 9.87534 0.111473
3.52788 9.38483 0.301499
3.21769 9.48233 0.275005
-3.44437 6.20929 -0.299654
-6.28323 5.81852 -0.540315
-6.25795 6.52037 -0.537467
-5.96913 6.62592 -0.51307
-6.18391 6.45058 -0.531341
-5.1128 -5.10214 -0.441976
-5.93981 -7.88806 -0.50827
-6.00527 -7.96502 -0.513571
-6.25661 -6.91297 -0.536772
-5.8745 -7.811 -0.502972
-5.67768 -8.0559 -0.485898
-5.30962 -8.61581 -0.45361
-8.47754 -5.98759 -0.724038
-7.73203 -6.22926 -0.66134
-7.81572 -6.2887 -0.668251
-7.27886 -6.2637 -0.62337
-7.36019 -6.32594 -0.630093
-6.18391 -6.45058 -0.53134
-6.46933 -6.33654 -0.555438
-6.393 -6.26894 -0.549112
-5.96913 -6.62592 -0.51307
-4.75941 -7.32144 -0.410062
-4.99643 -7.18149 -0.43032
-4.93529 -7.10144 -0.425287
-5.52342 -6.95713 -0.475103
-5.74889 -6.79482 -0.494318
-5.45685 -6.88099 -0.469614
-5.39041 -6.80476 -0.464129
-5.22898 -7.03464 -0.450178
-6.40642 -6.6596 -0.549729
-6.55539 -6.79835 -0.562004
-6.18454 -6.84139 -0.530842
-5.88746 -6.94276 -0.505739
-6.62236 -6.47136 -0.5681
-5.75485 -6.40943 -0.495325
-7.00711 -6.80616 -0.599806
-7.08444 -6.87272 -0.606156
-7.22779 -6.60027 -0.618605
-7.00545 -7.21151 -0.598902
-7.31723 -7.0716 -0.625226
-7.54656 -6.85655 -0.644796
-4.42588 8.39055 -0.379742
-4.645 8.17462 -0.398729
-4.69868 8.25924 -0.403072
-3.58435 8.73622 -0.307703
-3.82394 8.53995 -0.32845
-5.11909 7.34131 -0.440397
-4.74162 7.78786 -0.407697
-5.12593 6.49879 -0.442218
-5.40466 6.42313 -0.465818
-5.75486 6.40943 -0.495326
-5.96251 6.24048 -0.512978
-6.03619 6.31063 -0.519096
-6.69905 6.53858 -0.574435
-6.48084 6.72903 -0.555865
-5.55006 7.42408 -0.476535
-5.8582 7.33627 -0.502592
-5.61467 7.50167 -0.481816
-5.67943 7.57916 -0.4871
-5.42805 7.73928 -0.465643
-5.74431 7.65654 -0.492388
-5.5526 7.89778 -0.475764
-6.09632 7.16381 -0.522894
-6.40112 7.05579 -0.548641
-7.62657 6.92028 -0.651351
-7.85077 6.69637 -0.670495
-6.26443 7.78762 -0.535685
-6.5884 7.67552 -0.563037
-5.61507 7.97689 -0.48083
-5.59066 8.45809 -0.477594
-5.80934 7.73382 -0.497679
-4.91058 8.03713 -0.421436
-3.52788 9.38483 -0.301499
-3.79274 9.18815 -0.324366
-4.10141 8.42613 -0.352214
-4.32464 8.21802 -0.371557
-4.07375 7.78554 -0.351146
-4.02395 7.69884 -0.347072
-3.97426 7.61209 -0.343002
-4.22028 7.49501 -0.3641
-3.51567 7.91415 -0.303435
-3.26988 -4.82826 -0.285444
-4.99558 -5.97374 -0.431713
-4.9278 -5.89851 -0.426038
-4.7328 -6.03703 -0.409436
-4.07719 -6.78384 -0.35301
-4.0226 -6.6997 -0.348471
-3.85507 -6.89674 -0.333951
-4.84793 -6.56415 -0.418649
-5.06011 -6.42207 -0.436747
-4.78484 -6.48543 -0.413405
-4.35276 -4.94269 -0.377654
-4.63149 6.69988 -0.400163
-8.19055 6.17321 -0.699764
-4.24468 -8.68921 -0.363747
-3.48912 -9.2933 -0.298423
-4.42587 -8.39055 -0.379742
-5.16516 -6.95645 -0.444916
-4.91059 -8.03713 -0.421437
-4.64501 -8.17461 -0.398729
-3.58547 -7.45696 -0.310145
-4.32571 -7.66534 -0.372739
-3.97426 -7.61209 -0.343001
-3.81823 -7.89834 -0.329226
-3.77143 -7.81019 -0.325404
-6.4718 -5.63395 -0.556287
-5.78659 -5.72385 -0.498601
-5.59589 -5.88805 -0.48243
-5.7113 -5.6552 -0.492299
-4.07719 6.78383 -0.35301
-4.29584 6.66445 -0.371743
-4.1319 6.8679 -0.357551
-3.77667 7.26446 -0.326747
-5.66899 5.95876 -0.488534
-5.37729 5.6753 -0.464134
-4.83859 5.46036 -0.418723
-5.862 5.79239 -0.504905
-4.65781 5.59665 -0.403366
-4.40833 5.64978 -0.382192
-4.59058 5.52096 -0.397704
-4.62977 -5.23903 -0.401108
-4.42186 -5.0169 -0.383514
-4.49107 -5.09103 -0.389376
-3.16787 5.00226 -0.27668
-3.60729 -4.97429 -0.314255
-3.79273 -9.18816 -0.324366
-4.0027 -8.89638 -0.342807
-5.61506 -7.97689 -0.48083
-5.41025 -8.21604 -0.463069
-4.91471 -8.59694 -0.420474
-4.96718 -8.12005 -0.426023
-4.46876 -6.91141 -0.386091
-5.366 -7.65987 -0.460588
-5.12593 -6.4988 -0.442218
-4.91113 -6.6428 -0.423897
-4.21115 -6.13428 -0.365109
-5.26783 -6.27372 -0.454439
-5.54168 -6.19195 -0.477607
-3.75174 -6.72524 -0.325361
-3.80335 -6.81102 -0.329655
-3.67043 5.75341 -0.31934
-3.48266 5.85477 -0.303225
-3.05792 5.1746 -0.267197
-3.34274 6.03686 -0.291104
-4.41101 6.82916 -0.381306
-4.35337 6.74685 -0.376524
-3.67822 7.63368 -0.317769
-4.23844 6.58198 -0.366967
-4.18115 6.49943 -0.362192
2.9045 9.57081 0.248251
-5.93751 5.86082 -0.511212
-6.69176 -7.33996 -0.572419
-6.93011 -7.14297 -0.592745
-6.77983 -7.00551 -0.580439
-6.54617 -7.19812 -0.560524
-6.8549 -7.07431 -0.58659
-6.1662 -7.23727 -0.528619
-5.85819 -7.33628 -0.502591
-5.92556 -7.41177 -0.508099
-7.60493 -6.5118 -0.650281
-7.52323 -6.45 -0.643549
-7.44165 -6.38804 -0.63682
-7.19763 -6.20133 -0.616649
-7.56502 -6.10993 -0.647525
-7.11653 -6.13881 -0.609931
-7.39847 -5.99004 -0.633722
-5.6798 -6.7207 -0.488613
-6.48084 -6.72904 -0.555865
-5.54198 -6.57212 -0.477209
-7.89952 -6.34799 -0.675165
-7.46668 -6.7927 -0.638244
-4.05391 8.33832 -0.348375
-3.86844 8.62914 -0.332035
-4.24468 8.68921 -0.363748
-3.81822 7.89835 -0.329226
-3.87523 7.43839 -0.334869
-4.53805 8.00515 -0.390054
-4.22391 8.04522 -0.363384
-3.91308 8.71827 -0.335623
-5.30406 7.58038 -0.455535
-5.48558 7.34639 -0.471257
-4.85413 7.95412 -0.416854
-5.13777 8.36833 -0.439801
-4.8605 8.51264 -0.416119
-4.40719 7.28718 -0.380301
-4.16775 7.40974 -0.359784
-4.3519 7.20347 -0.375745
-5.81811 6.86885 -0.500027
-5.59011 7.03317 -0.480594
-5.74889 6.79482 -0.494318
-5.45685 6.881 -0.469615
-6.33212 6.59005 -0.543597
-6.02657 7.09024 -0.517173
-6.1662 7.23727 -0.528619
-6.23623 7.31061 -0.534347
-5.92555 7.41178 -0.508099
-5.88746 6.94276 -0.505739
-7.31723 7.0716 -0.625226
-7.54656 6.85655 -0.644796
-6.47358 7.12702 -0.554581
-7.00546 7.21151 -0.598903
-5.93982 7.88806 -0.50827
-6.51768 7.60278 -0.557292
-4.57871 8.64882 -0.392043
-4.80642 8.42825 -0.411766
-4.96907 8.68117 -0.424833
-4.0477 8.98535 -0.346403
-3.48912 9.2933 -0.298423
-4.0027 8.89638 -0.342807
-3.75082 9.09786 -0.321028
-3.72477 7.72196 -0.321585
-3.92468 7.52527 -0.338934
-3.24149 -5.86421 -0.282564
-3.70024 -6.6394 -0.32107
-4.91113 6.64279 -0.423897
-6.75337 6.21173 -0.579409
-6.9299 6.73947 -0.593458
-6.63007 6.86753 -0.568146
-6.69177 7.33995 -0.572419
-6.93011 7.14297 -0.592745
-7.14842 6.53585 -0.612065
-3.75082 -9.09787 -0.321028
-4.3519 -7.20347 -0.375745
-4.47301 5.7274 -0.387636
-3.91375 6.53122 -0.339402
-4.12396 6.41682 -0.35742
-4.45066 6.45796 -0.385124
-4.79805 6.11421 -0.414893
-6.01313 5.92913 -0.517522
-4.9084 -5.53396 -0.4246
-4.86014 -5.82318 -0.420366
-4.02242 -5.18241 -0.349581
-3.8521 -5.29466 -0.335056
-4.69927 -5.3129 -0.406977
-4.76888 -5.38668 -0.412849
-4.94302 -5.24703 -0.427611
-5.18874 -5.8274 -0.448132
-5.18726 -5.17163 -0.448258
-4.15156 6.05317 -0.360112
-4.34653 5.93194 -0.37677
-3.83082 4.9477 -0.333307
-3.99009 4.83603 -0.346856
-3.00198 -4.75085 -0.262498
-3.39029 -5.33669 -0.295618
-3.44612 -5.42016 -0.300358
-3.38619 -4.99241 -0.29537
-3.48543 -4.81372 -0.303868
-3.70354 4.79087 -0.322469
-3.56135 5.23818 -0.310276
-3.50288 5.15632 -0.305305
-3.66835 5.05448 -0.319452
-5.13776 -8.36834 -0.439801
-3.72479 -7.72195 -0.321585
-4.63149 -6.69988 -0.400163
-4.57384 -7.53787 -0.393985
-4.81791 -7.4032 -0.414865
-4.8134 -6.94107 -0.415229
-4.87429 -7.02129 -0.420256
-4.47119 -6.09049 -0.387224
-4.66769 -5.95975 -0.403982
-5.61262 -6.26455 -0.483511
-4.16034 -5.69352 -0.361109
-4.22229 -5.77307 -0.366327
-4.34375 -5.57209 -0.376751
-3.8397 -6.0027 -0.333601
-3.69737 -6.19349 -0.321293
-3.89634 -6.08566 -0.33836
-3.73736 -5.48339 -0.325202
-3.6786 -5.40172 -0.320224
-4.0327 -5.89073 -0.350125
-3.97342 -5.8094 -0.345135
-3.11249 4.91851 -0.271951
-3.39029 5.33669 -0.295618
-3.05115 5.95292 -0.266157
-5.16517 6.95645 -0.444916
-5.22898 7.03464 -0.450178
-4.99643 7.18148 -0.430321
-4.69201 6.78037 -0.405182
-3.85506 6.89675 -0.333951
-3.54641 6.38151 -0.308213
-3.75175 6.72524 -0.325361
-6.04081 6.69786 -0.518991
-6.31679 6.20122 -0.542788
-5.68367 6.33705 -0.489417
-6.2407 6.13337 -0.536467
-5.81551 6.09984 -0.500751
-6.37668 -7.45693 -0.545813
-6.30637 -7.38384 -0.540078
-6.06068 -7.56245 -0.519123
-6.12845 -7.63763 -0.52464
-6.6189 -7.2691 -0.566469
-5.99304 -7.48718 -0.513609
-7.2395 -7.00545 -0.618866
-6.85283 -6.67263 -0.587114
-7.14842 -6.53585 -0.612065
-6.40112 -7.0558 -0.548641
-7.03555 -6.07617 -0.603216
-3.86512 7.98646 -0.33305
-4.64278 7.15766 -0.400465
-4.46262 7.37082 -0.384859
-4.01089 7.15354 -0.346855
-4.18672 6.9519 -0.362096
-4.24166 7.03583 -0.366643
-4.37519 8.30432 -0.375648
-4.79781 7.87103 -0.412274
-4.59146 8.08992 -0.39439
-4.06306 7.239 -0.351162
-4.11535 7.32441 -0.355472
-5.47326 6.49768 -0.471513
-5.39042 6.80475 -0.464129
-5.79097 7.26066 -0.497087
-6.54617 7.19812 -0.560524
-5.54198 6.57212 -0.477209
-7.52323 6.45 -0.643549
-7.22779 6.60027 -0.618605
-7.44165 6.38804 -0.63682
-7.81572 6.2887 -0.668251
-5.19491 8.45091 -0.444401
-4.62993 8.73477 -0.39615
-5.3504 8.13516 -0.458234
-4.38909 8.95172 -0.375309
-4.34083 8.86428 -0.371452
-4.52763 8.5628 -0.38794
-4.47669 8.47671 -0.383839
-4.09283 9.07426 -0.350003
-4.29269 8.77677 -0.367598
-3.77145 7.81018 -0.325404
-7.89952 6.34799 -0.675165
-4.68556 -7.70461 -0.403123
-4.4072 -7.28718 -0.380301
-4.58465 -7.07566 -0.395671
-3.64354 6.1089 -0.316772
-3.37591 5.68506 -0.294205
-3.2165 5.43007 -0.280691
-3.26954 5.51512 -0.285193
-3.8595 6.44688 -0.334871
-4.28436 5.85254 -0.371547
-4.21492 5.41645 -0.365876
-4.45644 5.36933 -0.386388
-3.61992 -5.31999 -0.315249
-5.40016 -6.04644 -0.465809
-4.65782 -5.59664 -0.403366
-4.83859 -5.46036 -0.418723
-4.38952 -5.29339 -0.380734
-3.48266 -5.85477 -0.303224
-4.871 -5.17532 -0.421532
-3.89459 5.02601 -0.338729
-3.99009 -4.83603 -0.346857
-3.7295 -5.13461 -0.324651
-3.79075 -5.21467 -0.329852
-3.11249 -4.9185 -0.271951
-5.79099 -7.26065 -0.497087
-4.93531 -7.56647 -0.42448
-5.33619 -6.34847 -0.460127
-4.79804 -6.11421 -0.414893
-5.06348 -6.04887 -0.437391
-4.72189 -6.4066 -0.408163
-4.57108 -6.61933 -0.395147
-3.61993 5.31999 -0.315249
-3.50205 5.50357 -0.3051
-3.44613 5.42016 -0.300358
-3.16355 5.34497 -0.276191
-3.7513 6.27802 -0.325816
-4.58465 7.07566 -0.395671
-4.75264 6.86076 -0.410204
-4.81341 6.94107 -0.415229
-4.97445 6.72134 -0.429147
-3.89634 6.08566 -0.33836
-3.69737 6.19349 -0.321293
-3.70025 6.63939 -0.32107
-3.62968 7.00312 -0.314584
-6.23622 -7.31061 -0.534347
-6.47358 -7.12702 -0.554581
-7.16191 -6.93915 -0.612509
-6.19637 -7.71268 -0.530161
-8.19055 -6.17321 -0.699764
-7.31535 -5.92988 -0.626824
-4.75248 8.34378 -0.407417
-5.36599 7.65987 -0.460588
-5.11239 7.81073 -0.438926
-7.30729 6.66455 -0.625148
-7.38692 6.7287 -0.631695
-7.68675 6.57348 -0.657016
-7.98344 6.40714 -0.682082
-6.76477 7.41068 -0.578371
-5.08076 8.28566 -0.435205
-3.8259 7.35146 -0.330806
-3.44436 -6.20929 -0.299654
-7.7687 6.635 -0.663754
-7.60493 6.5118 -0.650281
-4.51817 -7.45438 -0.389421
-4.22391 -8.04522 -0.363383
-3.33455 5.25317 -0.29088
-3.95308 6.16856 -0.343122
-4.09208 5.97198 -0.355117
-4.59631 6.24871 -0.397688
-4.39061 6.37715 -0.380116
-4.5337 6.16964 -0.392455
-4.27087 6.21531 -0.370109
-4.33068 6.29627 -0.375111
-4.45644 -5.36933 -0.386388
-4.21492 -5.41645 -0.365876
-3.89459 -5.02601 -0.338729
-5.45005 -5.74632 -0.47023
-4.52346 -5.44519 -0.392045
-4.59059 -5.52096 -0.397704
-4.40833 -5.64978 -0.382192
-5.18061 -7.4211 -0.44544
-4.97446 -6.72134 -0.429147
-5.04835 -5.68087 -0.436361
-4.72515 -5.67224 -0.40903
-4.97832 -5.60746 -0.430479
-5.63612 -5.58643 -0.486
-4.79259 -5.74776 -0.414697
-4.53779 -5.80493 -0.393082
-3.29207 -5.95055 -0.286833
-4.23843 -6.58198 -0.366967
-4.29585 -6.66445 -0.371744
-4.03674 5.53419 -0.350681
-3.85519 5.64653 -0.335164
-3.79622 5.565 -0.330182
-4.87655 7.48488 -0.419671
-4.46877 6.91141 -0.386091
-3.95883 7.068 -0.342551
-3.90689 6.98241 -0.338249
-5.88896 6.17022 -0.506863
-4.00653 8.25044 -0.34454
-3.78318 5.91967 -0.328845
-3.42924 5.76995 -0.298713
-3.72675 5.83657 -0.324091
-4.4712 6.09049 -0.387224
-4.473 -5.7274 -0.387636
-4.06689 -6.33414 -0.352651
-4.00993 -6.25138 -0.347885
-3.8595 -6.44688 -0.33487
-4.62963 -7.62128 -0.398553
-3.64354 -6.1089 -0.316772
-3.32267 -5.60012 -0.289698
-3.50206 -5.50356 -0.3051
-3.97509 -5.45442 -0.34547
-3.85519 -5.64653 -0.335164
-4.03674 -5.53419 -0.35068
-4.59631 -6.24872 -0.397688
-3.91355 -5.37458 -0.340262
-4.35338 -6.74684 -0.376523
-4.65903 -6.32771 -0.402924
-4.45065 -6.45796 -0.385123
-4.51081 -6.53868 -0.390134
-3.79076 5.21466 -0.329852
-3.95846 5.10424 -0.344154
-3.91426 5.728 -0.340148
-3.72951 5.1346 -0.324651
-3.32268 5.60012 -0.289698
-4.68557 7.70461 -0.403123
-4.29672 7.11968 -0.371193
-6.46933 6.33653 -0.555438
-4.52666 6.99357 -0.39088
-7.46668 6.7927 -0.638244
-7.2395 7.00544 -0.618866
-4.87655 -7.48487 -0.419671
-3.55808 5.58691 -0.309844
-3.67859 5.40172 -0.320224
-4.40881 6.01125 -0.381996
-4.69928 5.3129 -0.406977
-4.52346 5.44518 -0.392045
-4.2223 5.77307 -0.366327
-3.56135 -5.23819 -0.310276
-3.66835 -5.05448 -0.319452
-3.64886 -6.5535 -0.316782
-3.59758 -6.46753 -0.312496
-4.27086 -6.21532 -0.370108
-4.09207 -5.97199 -0.355117
-4.28436 -5.85254 -0.371547
-4.27928 -5.49431 -0.371312
-4.15156 -6.05317 -0.360112
-3.95308 -6.16856 -0.343121
-4.39061 -6.37715 -0.380116
-4.09849 -5.61389 -0.355893
-3.67043 -5.75342 -0.31934
-3.6142 -5.6702 -0.314591
-4.15066 -5.33851 -0.360442
-4.15065 5.33851 -0.360442
-4.0985 5.61389 -0.355894
-3.2789 5.16958 -0.286145
-3.91425 -5.72801 -0.340149
-4.53369 -6.16965 -0.392455
-3.80534 -6.36249 -0.330342
-3.91375 -6.53122 -0.339401
-3.7513 -6.27802 -0.325816
-3.79622 -5.565 -0.330181
-3.9751 5.45442 -0.34547
-4.60269 5.88238 -0.398531
-3.91356 5.37457 -0.340262
-4.33068 -6.29627 -0.375111
-3.73736 5.48339 -0.325202
-3.61421 5.67019 -0.314591
3  0 1 2
3  3 4 5
3  0 2 6
3  7 8 9
3  10 1 11
3  12 13 14
3  15 0 6
3  16 17 18
3  19 20 21
3  22 23 24
3  25 22 26
3  27 28 29
3  30 3 31
3  32 4 33
3  34 35 36
3  27 37 38
3  39 23 40
3  41 28 42
3  16 43 44
3  43 23 7
3  45 26 46
3  47 26 48
3  49 0 50
3  51 52 53
3  54 17 55
3  56 57 58
3  59 54 55
3  60 59 55
3  61 62 63
3  64 65 66
3  1 10 6
3  67 68 69
3  70 35 71
3  72 28 73
3  74 20 75
3  26 22 46
3  23 22 7
3  7 22 25
3  76 45 11
3  77 0 78
3  1 76 11
3  79 45 46
3  17 54 59
3  17 70 56
3  70 17 59
3  80 60 81
3  17 16 82
3  81 17 82
3  83 84 85
3  56 86 57
3  83 87 88
3  89 90 91
3  20 41 92
3  93 42 94
3  95 12 96
3  97 12 98
3  11 99 100
3  101 52 51
3  102 47 48
3  22 103 104
3  83 105 39
3  105 24 39
3  106 107 108
3  43 16 18
3  87 109 110
3  111 112 113
3  15 6 114
3  2 1 6
3  60 77 115
3  60 80 47
3  116 1 117
3  118 116 117
3  20 19 109
3  70 109 119
3  115 77 78
3  15 3 120
3  121 32 122
3  123 124 125
3  35 70 59
3  126 20 65
3  80 81 82
3  7 25 8
3  43 7 9
3  44 43 9
3  86 43 127
3  57 127 18
3  128 56 85
3  87 83 109
3  20 109 129
3  130 131 132
3  24 105 13
3  24 23 39
3  45 79 133
3  41 93 134
3  103 24 135
3  136 137 138
3  139 101 51
3  72 32 140
3  37 27 72
3  141 142 143
3  144 32 145
3  60 35 59
3  37 146 147
3  72 140 148
3  22 24 103
3  12 103 135
3  84 39 40
3  84 86 85
3  46 22 104
3  95 149 150
3  102 76 116
3  76 1 116
3  151 104 152
3  45 76 26
3  133 79 153
3  99 133 153
3  114 6 51
3  139 154 155
3  47 156 26
3  156 25 26
3  60 47 77
3  0 77 50
3  1 0 49
3  118 49 50
3  77 47 50
3  102 50 157
3  109 21 110
3  109 19 21
3  121 158 159
3  160 4 161
3  5 4 162
3  20 163 143
3  3 164 165
3  3 60 164
3  164 0 165
3  0 15 120
3  166 32 167
3  20 35 163
3  60 55 168
3  55 17 168
3  80 82 9
3  16 44 169
3  156 47 9
3  44 9 169
3  25 156 9
3  127 43 18
3  47 80 9
3  8 25 9
3  86 127 57
3  17 57 18
3  86 56 128
3  86 128 85
3  42 28 94
3  93 41 42
3  136 110 170
3  171 136 172
3  138 137 173
3  13 137 14
3  4 3 33
3  3 15 33
3  28 141 73
3  174 32 175
3  115 176 177
3  6 10 139
3  124 178 67
3  12 14 179
3  114 51 53
3  180 181 182
3  12 183 96
3  104 79 184
3  24 13 135
3  13 12 135
3  86 84 40
3  84 83 39
3  45 99 11
3  10 11 100
3  26 76 48
3  76 102 48
3  118 50 116
3  50 102 116
3  185 186 187
3  99 45 133
3  50 47 157
3  47 102 157
3  31 3 188
3  189 3 190
3  191 3 192
3  192 3 193
3  0 120 165
3  3 165 194
3  174 195 196
3  163 35 143
3  35 195 143
3  141 143 73
3  17 81 197
3  81 60 197
3  57 17 58
3  17 56 58
3  56 119 198
3  109 83 85
3  119 109 198
3  56 70 119
3  35 109 199
3  109 70 199
3  35 129 200
3  20 129 201
3  202 97 203
3  204 205 206
3  207 208 209
3  210 211 212
3  41 213 214
3  125 215 216
3  87 110 171
3  83 88 172
3  14 137 217
3  110 136 171
3  105 172 173
3  136 138 172
3  28 72 29
3  72 27 29
3  32 33 140
3  33 15 140
3  218 32 219
3  32 72 220
3  141 28 142
3  28 41 142
3  139 153 154
3  139 10 153
3  221 222 223
3  178 224 67
3  23 43 40
3  43 86 40
3  99 153 100
3  153 10 100
3  1 49 117
3  49 118 117
3  225 226 227
3  228 229 230
3  79 46 184
3  46 104 184
3  151 152 231
3  232 233 234
3  148 140 235
3  52 235 53
3  176 115 78
3  60 115 177
3  0 164 236
3  164 60 236
3  3 237 238
3  34 3 239
3  240 3 241
3  241 3 242
3  243 3 244
3  3 245 244
3  246 3 247
3  247 3 248
3  165 120 194
3  120 3 194
3  142 41 143
3  41 20 143
3  249 4 250
3  195 35 158
3  158 35 251
3  144 195 252
3  197 168 253
3  197 60 168
3  9 82 169
3  16 169 254
3  109 85 198
3  85 56 198
3  35 199 71
3  199 70 71
3  129 109 200
3  109 35 200
3  129 35 201
3  20 201 255
3  256 257 258
3  224 178 259
3  260 52 261
3  262 110 263
3  148 264 185
3  215 265 266
3  225 153 226
3  153 79 226
3  267 268 269
3  270 271 207
3  272 28 273
3  21 274 275
3  68 67 276
3  277 28 278
3  88 171 172
3  88 87 171
3  172 138 173
3  105 83 172
3  137 13 173
3  13 105 173
3  72 279 280
3  281 72 282
3  153 225 154
3  154 225 155
3  283 284 285
3  286 287 288
3  104 103 95
3  103 12 95
3  152 149 289
3  79 104 151
3  6 139 51
3  140 15 114
3  264 290 291
3  37 72 148
3  0 236 78
3  236 176 78
3  176 236 177
3  236 60 177
3  3 292 293
3  35 60 36
3  243 244 251
3  294 35 295
3  296 240 251
3  241 242 251
3  297 246 251
3  247 248 251
3  4 298 162
3  245 3 5
3  299 243 251
3  193 300 251
3  246 247 251
3  188 301 251
3  240 241 251
3  302 296 251
3  143 195 174
3  303 195 304
3  4 305 306
3  307 4 308
3  309 195 310
3  311 32 312
3  122 32 313
3  158 314 315
3  168 17 253
3  17 197 253
3  169 82 254
3  82 16 254
3  201 35 255
3  35 20 255
3  41 316 317
3  316 41 134
3  134 93 124
3  20 318 287
3  20 286 319
3  98 179 320
3  321 322 323
3  324 321 325
3  326 225 327
3  37 328 146
3  329 330 331
3  264 52 260
3  332 20 333
3  334 226 335
3  336 337 338
3  339 340 341
3  94 28 342
3  343 93 94
3  178 343 259
3  28 344 224
3  38 37 147
3  93 343 178
3  28 277 68
3  345 346 347
3  281 73 348
3  349 73 350
3  287 351 288
3  352 353 354
3  95 96 339
3  96 183 355
3  104 149 152
3  149 95 356
3  149 104 150
3  104 95 150
3  148 185 357
3  231 152 289
3  226 79 358
3  79 151 358
3  225 101 155
3  101 139 155
3  52 264 235
3  264 148 235
3  60 3 36
3  3 34 36
3  292 35 293
3  3 293 239
3  359 191 251
3  3 238 190
3  35 292 295
3  3 189 294
3  3 301 188
3  237 302 251
3  360 361 251
3  3 30 362
3  3 360 242
3  301 363 251
3  364 365 251
3  3 240 296
3  4 366 367
3  160 251 368
3  245 5 251
3  244 245 251
3  300 3 299
3  3 243 299
3  3 300 193
3  248 364 251
3  364 3 365
3  363 297 251
3  3 364 248
3  242 360 251
3  238 237 251
3  3 246 297
3  369 32 370
3  303 32 371
3  372 72 280
3  218 143 373
3  307 251 374
3  249 251 375
3  376 32 377
3  311 195 378
3  379 195 380
3  309 32 381
3  314 4 315
3  314 158 382
3  195 383 384
3  166 195 385
3  386 387 388
3  389 390 391
3  392 52 393
3  125 124 215
3  394 395 396
3  397 398 399
3  20 92 400
3  20 74 333
3  401 402 403
3  404 405 406
3  28 343 342
3  343 94 342
3  332 407 408
3  28 224 409
3  343 28 410
3  343 410 259
3  277 278 69
3  185 264 186
3  344 28 276
3  28 411 276
3  72 73 282
3  73 281 282
3  73 279 350
3  73 349 412
3  413 20 414
3  414 319 415
3  416 417 418
3  96 355 340
3  95 339 419
3  420 421 422
3  423 226 424
3  151 425 426
3  235 140 53
3  140 114 53
3  293 35 239
3  35 34 239
3  192 193 251
3  300 299 251
3  292 3 295
3  3 294 295
3  189 190 251
3  190 238 251
3  360 3 361
3  3 362 361
3  362 30 251
3  31 188 251
3  237 3 302
3  3 296 302
3  160 161 251
3  251 298 368
3  427 4 428
3  366 251 367
3  191 192 251
3  365 359 251
3  365 3 359
3  3 191 359
3  30 31 251
3  361 362 251
3  301 3 363
3  3 297 363
3  32 196 371
3  32 174 196
3  32 304 370
3  32 303 304
3  429 143 430
3  431 143 432
3  73 143 433
3  32 220 434
3  308 4 435
3  251 436 375
3  4 437 428
3  251 437 438
3  439 195 440
3  441 195 442
3  443 195 444
3  445 195 446
3  447 195 448
3  449 195 450
3  195 451 380
3  195 452 453
3  454 4 455
3  456 4 306
3  4 32 315
3  457 158 458
3  195 459 460
3  195 122 313
3  383 32 384
3  32 383 461
3  170 462 463
3  464 465 466
3  467 130 468
3  469 470 471
3  41 472 473
3  213 125 474
3  123 317 124
3  213 41 123
3  475 476 477
3  93 178 124
3  478 479 480
3  207 271 202
3  179 481 405
3  397 14 398
3  482 101 483
3  484 485 486
3  487 488 489
3  421 204 206
3  187 490 491
3  291 290 492
3  493 494 495
3  496 497 498
3  319 286 415
3  499 500 501
3  502 472 474
3  503 504 505
3  272 273 506
3  273 507 409
3  410 28 259
3  409 259 506
3  224 344 276
3  67 224 276
3  411 28 508
3  28 68 509
3  349 72 412
3  73 412 348
3  279 72 350
3  72 349 350
3  20 413 510
3  136 511 512
3  151 513 514
3  515 516 517
3  226 423 227
3  358 322 321
3  35 294 251
3  294 189 251
3  298 251 162
3  251 5 162
3  298 4 368
3  4 160 368
3  251 161 367
3  161 4 367
3  196 195 371
3  195 303 371
3  304 195 370
3  195 369 370
3  143 518 432
3  32 518 175
3  143 519 430
3  143 520 521
3  220 143 434
3  32 434 219
3  522 72 523
3  72 433 523
3  195 524 442
3  525 32 526
3  195 527 440
3  195 528 529
3  195 530 446
3  531 32 532
3  195 533 444
3  376 195 534
3  195 535 450
3  195 536 537
3  195 538 448
3  539 32 540
3  452 32 453
3  541 195 542
3  543 195 544
3  195 545 544
3  546 158 547
3  548 4 549
3  4 550 455
3  551 158 552
3  553 158 554
3  555 158 556
3  195 158 122
3  158 121 122
3  459 32 460
3  195 557 385
3  383 195 461
3  32 461 167
3  195 558 559
3  558 32 559
3  318 20 560
3  20 332 560
3  92 473 561
3  286 20 287
3  562 214 474
3  472 41 562
3  563 502 474
3  92 41 473
3  213 123 125
3  123 41 317
3  317 316 124
3  316 134 124
3  564 421 420
3  565 513 566
3  398 567 399
3  568 569 570
3  404 179 405
3  179 14 481
3  14 571 572
3  573 574 575
3  576 101 345
3  577 578 579
3  580 323 581
3  52 582 583
3  101 225 584
3  585 423 586
3  587 588 589
3  590 591 592
3  264 490 186
3  148 593 205
3  594 264 291
3  595 596 597
3  598 599 331
3  598 52 600
3  392 393 601
3  600 602 496
3  408 407 603
3  75 20 400
3  28 507 273
3  507 28 409
3  224 259 409
3  273 409 506
3  412 72 348
3  72 281 348
3  402 604 605
3  225 606 327
3  607 608 609
3  339 96 340
3  12 97 271
3  610 611 612
3  355 183 228
3  183 270 228
3  151 231 613
3  107 614 108
3  615 616 617
3  618 619 620
3  251 366 427
3  366 4 427
3  437 4 438
3  251 438 374
3  4 436 435
3  251 307 308
3  436 4 375
3  4 249 375
3  518 143 175
3  143 174 175
3  32 519 431
3  519 143 431
3  520 32 521
3  143 521 373
3  32 520 429
3  520 143 429
3  434 143 219
3  143 218 219
3  372 73 621
3  73 433 621
3  522 143 622
3  143 220 622
3  32 524 526
3  32 525 145
3  441 32 623
3  32 527 623
3  528 32 529
3  195 529 378
3  439 32 624
3  32 528 624
3  32 530 532
3  32 531 312
3  32 533 445
3  533 195 445
3  195 625 534
3  32 369 377
3  443 32 626
3  32 625 626
3  536 32 537
3  195 537 252
3  449 32 627
3  32 536 627
3  32 538 540
3  32 539 381
3  447 32 628
3  32 535 628
3  195 629 542
3  195 541 310
3  453 32 630
3  32 629 630
3  379 32 631
3  32 545 631
3  543 32 632
3  32 452 632
3  549 4 547
3  4 548 250
3  456 158 633
3  158 546 633
3  158 550 634
3  158 551 382
3  454 158 635
3  158 305 635
3  636 158 637
3  555 32 638
3  457 32 639
3  640 32 641
3  32 459 313
3  459 195 313
3  557 32 385
3  32 166 385
3  32 557 460
3  557 195 460
3  461 195 167
3  195 166 167
3  32 558 384
3  558 195 384
3  32 451 559
3  451 195 559
3  571 14 642
3  643 644 645
3  511 466 512
3  262 646 647
3  648 649 210
3  650 651 652
3  502 563 653
3  562 41 214
3  146 328 266
3  472 562 474
3  68 276 508
3  276 411 508
3  278 28 654
3  215 124 69
3  655 656 657
3  356 658 659
3  270 207 209
3  97 98 203
3  12 179 98
3  179 404 320
3  14 397 573
3  574 397 399
3  660 661 662
3  573 397 574
3  14 217 642
3  642 217 663
3  664 611 665
3  666 667 668
3  346 345 579
3  669 101 670
3  322 671 672
3  206 205 673
3  269 268 674
3  675 671 676
3  95 656 655
3  677 678 679
3  680 340 681
3  340 680 341
3  682 683 684
3  685 686 687
3  688 689 690
3  691 692 693
3  694 695 696
3  697 698 699
3  490 264 594
3  147 265 215
3  700 701 702
3  700 264 703
3  704 614 705
3  706 181 107
3  614 181 705
3  232 688 707
3  52 598 330
3  598 600 599
3  52 602 600
3  392 497 708
3  260 261 329
3  602 709 496
3  393 52 583
3  583 582 710
3  259 28 506
3  28 272 506
3  132 711 712
3  467 401 403
3  713 712 714
3  20 510 65
3  332 333 407
3  715 354 221
3  716 717 718
3  719 66 720
3  721 722 723
3  467 468 724
3  725 646 726
3  604 726 605
3  727 20 728
3  20 126 728
3  340 355 681
3  677 729 730
3  270 183 271
3  183 12 271
3  271 97 202
3  731 732 733
3  734 731 735
3  732 731 734
3  736 737 738
3  513 151 613
3  739 740 741
3  606 225 227
3  739 226 740
3  226 358 740
3  358 742 743
3  358 324 744
3  437 251 428
3  251 427 428
3  438 4 374
3  4 307 374
3  436 251 435
3  251 308 435
3  518 32 432
3  32 431 432
3  521 32 373
3  32 218 373
3  519 32 430
3  32 429 430
3  279 73 280
3  73 372 280
3  433 72 621
3  72 372 621
3  433 143 523
3  143 522 523
3  220 72 622
3  72 522 622
3  525 195 145
3  195 144 145
3  524 195 526
3  195 525 526
3  524 32 442
3  32 441 442
3  527 195 623
3  195 441 623
3  529 32 378
3  32 311 378
3  527 32 440
3  32 439 440
3  528 195 624
3  195 439 624
3  531 195 312
3  195 311 312
3  530 195 532
3  195 531 532
3  530 32 446
3  32 445 446
3  369 195 377
3  195 376 377
3  625 32 534
3  32 376 534
3  533 32 444
3  32 443 444
3  625 195 626
3  195 443 626
3  537 32 252
3  32 144 252
3  535 32 450
3  32 449 450
3  536 195 627
3  195 449 627
3  539 195 381
3  195 309 381
3  538 195 540
3  195 539 540
3  538 32 448
3  32 447 448
3  535 195 628
3  195 447 628
3  541 32 310
3  32 309 310
3  629 32 542
3  32 541 542
3  629 195 630
3  195 453 630
3  451 32 380
3  32 379 380
3  545 195 631
3  195 379 631
3  545 32 544
3  32 543 544
3  452 195 632
3  195 543 632
3  548 251 250
3  251 249 250
3  4 546 547
3  251 548 549
3  305 158 306
3  158 456 306
3  546 4 633
3  4 456 633
3  551 4 382
3  4 314 382
3  550 4 634
3  158 634 552
3  550 158 455
3  158 454 455
3  305 4 635
3  4 454 635
3  745 158 746
3  158 745 159
3  158 747 637
3  158 636 556
3  158 315 554
3  158 553 458
3  32 747 641
3  32 640 639
3  356 655 748
3  217 137 749
3  750 751 464
3  752 753 754
3  755 756 757
3  758 110 759
3  759 756 755
3  170 760 462
3  125 563 474
3  561 502 653
3  28 509 508
3  509 68 508
3  28 27 654
3  27 38 654
3  761 762 763
3  764 765 766
3  14 573 481
3  767 768 769
3  770 572 771
3  772 773 774
3  567 398 770
3  398 14 572
3  775 776 777
3  778 137 779
3  775 780 781
3  782 783 784
3  101 584 483
3  785 786 787
3  577 101 788
3  101 482 789
3  790 267 791
3  517 792 793
3  794 734 735
3  795 796 797
3  151 516 515
3  425 515 798
3  671 426 676
3  322 358 671
3  149 659 799
3  800 734 794
3  656 801 802
3  353 352 803
3  108 614 804
3  582 106 108
3  805 806 807
3  656 95 801
3  801 419 808
3  339 341 419
3  417 416 715
3  352 354 809
3  38 147 215
3  564 810 421
3  811 666 668
3  812 813 814
3  815 387 816
3  817 818 819
3  820 821 822
3  823 824 825
3  492 290 826
3  594 291 827
3  52 101 706
3  101 669 706
3  828 576 829
3  830 831 832
3  493 583 710
3  669 670 833
3  834 231 794
3  835 836 837
3  52 330 261
3  838 839 840
3  709 497 496
3  841 831 830
3  602 52 709
3  497 709 708
3  610 704 705
3  842 843 233
3  261 330 329
3  700 703 701
3  710 582 108
3  393 583 493
3  844 845 846
3  467 847 130
3  126 65 64
3  848 849 850
3  74 75 851
3  414 20 319
3  726 263 605
3  726 604 852
3  646 263 726
3  646 262 263
3  226 334 424
3  226 739 335
3  853 854 855
3  743 742 856
3  857 858 859
3  860 861 862
3  739 741 863
3  864 865 866
3  158 251 547
3  251 549 547
3  634 4 552
3  4 551 552
3  745 32 159
3  32 121 159
3  158 638 746
3  158 555 638
3  636 32 556
3  32 555 556
3  747 32 637
3  32 636 637
3  553 32 458
3  32 457 458
3  315 32 554
3  32 553 554
3  640 158 639
3  158 457 639
3  747 158 641
3  158 640 641
3  783 867 868
3  137 869 749
3  686 685 870
3  871 872 873
3  723 874 875
3  753 876 877
3  878 137 879
3  283 880 881
3  882 212 883
3  283 285 884
3  885 886 887
3  888 757 889
3  170 110 758
3  890 90 891
3  262 647 892
3  647 893 892
3  148 894 895
3  896 394 897
3  328 37 898
3  148 205 204
3  186 490 187
3  899 587 900
3  703 901 902
3  903 904 905
3  906 907 767
3  414 415 908
3  909 685 687
3  678 910 679
3  911 912 913
3  575 574 914
3  650 915 916
3  574 590 592
3  567 770 917
3  398 572 770
3  917 771 918
3  571 642 919
3  920 921 777
3  643 922 644
3  923 924 925
3  225 923 584
3  345 577 579
3  668 667 926
3  101 789 788
3  482 484 486
3  789 927 788
3  927 928 788
3  929 930 619
3  931 932 933
3  101 577 345
3  579 578 934
3  935 269 674
3  268 936 937
3  937 675 676
3  425 938 426
3  792 516 514
3  516 151 514
3  516 792 517
3  425 151 515
3  671 358 426
3  358 151 426
3  939 940 941
3  835 942 943
3  944 353 748
3  356 95 655
3  701 703 902
3  942 798 945
3  946 947 948
3  38 215 69
3  222 221 949
3  801 95 419
3  950 951 952
3  470 953 471
3  657 944 748
3  655 657 748
3  416 354 715
3  354 416 418
3  352 809 954
3  354 418 809
3  125 216 955
3  956 899 957
3  958 959 388
3  960 961 962
3  818 963 964
3  692 965 966
3  963 818 386
3  326 967 968
3  185 187 589
3  490 594 491
3  703 264 901
3  264 260 901
3  670 101 828
3  576 345 347
3  969 970 971
3  387 958 388
3  972 973 974
3  939 975 976
3  977 978 979
3  980 981 982
3  330 598 331
3  599 600 496
3  709 52 708
3  52 392 708
3  582 52 106
3  52 706 106
3  710 108 804
3  329 331 983
3  101 576 828
3  984 665 707
3  960 985 986
3  611 987 665
3  331 498 988
3  393 493 601
3  561 473 502
3  75 400 851
3  867 762 989
3  990 991 714
3  604 402 401
3  402 21 403
3  263 110 605
3  852 604 724
3  110 21 605
3  21 402 605
3  132 992 993
3  130 847 131
3  20 727 994
3  64 66 719
3  992 21 993
3  130 713 468
3  207 202 208
3  406 405 914
3  352 658 995
3  658 356 995
3  817 996 997
3  606 227 844
3  844 227 585
3  996 817 819
3  326 327 846
3  998 697 999
3  1000 1001 1002
3  1003 863 1004
3  742 744 1005
3  1006 1007 1008
3  1009 1010 1011
3  1012 1013 1008
3  1014 860 864
3  854 1015 1016
3  854 853 1015
3  1017 858 857
3  739 863 1018
3  863 1003 1018
3  638 32 746
3  32 745 746
3  1019 753 752
3  1020 1021 1022
3  756 759 1023
3  1024 1025 1026
3  762 1027 763
3  1028 1029 1030
3  1031 888 1032
3  880 283 1033
3  874 722 1034
3  1035 568 570
3  1036 1037 1038
3  137 878 779
3  1039 779 1040
3  648 1041 1042
3  285 1043 884
3  284 283 881
3  511 136 885
3  1044 885 887
3  136 1045 1046
3  1047 1048 1049
3  90 890 1050
3  1051 782 1052
3  110 89 759
3  110 90 89
3  110 1053 891
3  110 892 1054
3  1055 1056 1024
3  1056 893 1024
3  90 110 891
3  1056 1057 1054
3  587 894 588
3  894 148 588
3  810 204 421
3  593 148 1058
3  1058 956 957
3  898 564 420
3  37 810 564
3  957 899 1059
3  290 264 1060
3  702 701 826
3  337 1061 338
3  1062 1063 1064
3  767 907 870
3  1065 1066 1067
3  685 1068 870
3  909 660 685
3  405 481 575
3  481 573 575
3  572 571 771
3  771 571 1069
3  1070 919 1071
3  919 642 663
3  776 775 781
3  780 1070 1071
3  923 389 924
3  1072 1073 1074
3  923 225 389
3  225 698 389
3  667 112 485
3  928 927 1075
3  1072 1076 985
3  1073 1077 1074
3  928 1078 930
3  1079 929 619
3  665 987 707
3  929 1079 841
3  577 788 578
3  929 578 1080
3  1081 1082 1083
3  1084 1085 1086
3  426 938 676
3  798 517 945
3  517 793 945
3  515 517 798
3  792 514 565
3  498 497 1087
3  289 149 800
3  149 1088 800
3  1089 896 897
3  1090 1091 1092
3  956 587 899
3  488 487 1093
3  1065 1068 1094
3  680 681 729
3  953 1066 1095
3  1096 678 677
3  229 1097 230
3  229 209 951
3  353 803 748
3  803 356 748
3  657 802 61
3  657 656 802
3  394 1098 1099
3  683 1100 1101
3  809 418 954
3  1102 1103 1090
3  589 187 1104
3  1105 1106 1107
3  124 67 69
3  68 277 69
3  1063 1108 1109
3  684 683 1110
3  473 472 502
3  216 487 489
3  815 786 1111
3  961 1112 1113
3  698 225 699
3  968 1114 1115
3  693 817 997
3  112 1072 113
3  901 260 902
3  260 329 902
3  233 1116 234
3  669 833 180
3  1116 833 828
3  833 670 828
3  616 1117 617
3  862 1118 1119
3  817 692 966
3  862 861 1118
3  601 495 1120
3  682 1121 1122
3  736 1123 1124
3  858 1117 859
3  1088 149 799
3  987 611 610
3  494 493 710
3  106 706 107
3  107 181 614
3  842 233 232
3  842 987 843
3  843 987 610
3  601 493 495
3  497 392 601
3  1125 1126 1127
3  287 318 351
3  994 1128 1129
3  728 126 64
3  1130 1131 1132
3  469 471 1133
3  1134 469 1135
3  354 353 221
3  467 403 1136
3  403 21 1136
3  847 21 131
3  21 992 131
3  21 1137 1138
3  131 992 132
3  1139 1125 1127
3  728 64 1128
3  320 404 1140
3  1141 1142 1143
3  231 289 794
3  800 1088 732
3  799 659 1144
3  149 356 659
3  356 803 995
3  803 352 995
3  1145 1146 845
3  864 866 1147
3  1145 1148 1149
3  699 1150 999
3  936 323 672
3  324 358 321
3  1151 1152 1153
3  1154 854 1155
3  1156 1157 1158
3  1085 1159 1156
3  1160 1161 1162
3  1163 1164 1165
3  1166 1167 1165
3  1084 1017 1166
3  1007 813 812
3  1159 813 1006
3  1007 812 1168
3  866 1169 1147
3  1014 1170 1171
3  1007 1168 1172
3  267 1086 791
3  267 269 1173
3  1154 1155 856
3  1003 1174 1175
3  1010 1174 1176
3  325 323 580
3  1177 586 1178
3  334 1179 1178
3  1180 1181 1182
3  759 89 1023
3  170 758 760
3  1183 755 1184
3  1185 874 1034
3  722 1186 1034
3  1027 1187 1188
3  1189 1190 1191
3  780 775 1192
3  773 1192 1193
3  1194 1195 1196
3  1197 1198 1196
3  876 1199 1200
3  1197 876 1198
3  1201 920 1202
3  753 1019 1198
3  137 778 1203
3  1204 137 1203
3  884 1205 1033
3  1033 1205 1206
3  750 1207 751
3  754 753 877
3  284 136 1208
3  1043 285 465
3  210 649 1209
3  1207 649 751
3  880 136 881
3  136 284 881
3  136 886 885
3  1019 752 1210
3  1045 136 1211
3  136 170 1211
3  1045 1211 1212
3  1047 1213 1214
3  1215 888 889
3  1023 89 91
3  756 1023 889
3  1216 1217 1218
3  1025 646 1026
3  1057 1053 1054
3  1056 1055 1057
3  1053 1057 1219
3  1024 893 1025
3  893 647 1025
3  1053 110 1054
3  110 262 892
3  890 891 1219
3  891 1053 1219
3  503 1220 504
3  588 148 357
3  328 898 420
3  1058 148 895
3  1058 895 956
3  205 593 673
3  810 37 204
3  37 148 204
3  37 564 898
3  215 487 216
3  1221 1222 1223
3  1224 1225 1226
3  588 357 589
3  357 185 589
3  1060 264 702
3  264 700 702
3  1227 1228 1229
3  1230 1100 1122
3  404 406 805
3  1142 650 1143
3  1231 909 687
3  1187 686 870
3  1068 685 849
3  685 660 849
3  1070 922 918
3  770 771 917
3  1070 780 922
3  780 1071 781
3  919 663 1071
3  1232 217 749
3  786 1233 787
3  482 483 1234
3  391 959 958
3  389 698 390
3  112 111 485
3  1076 1235 985
3  485 111 1075
3  485 1075 486
3  1167 1236 1161
3  1072 112 666
3  1237 1238 816
3  113 1072 1074
3  928 930 1080
3  930 929 1080
3  833 233 1239
3  234 1116 829
3  841 1079 1240
3  689 1241 690
3  346 1242 1243
3  690 1241 830
3  578 788 1080
3  788 928 1080
3  935 674 835
3  674 836 835
3  937 936 672
3  323 322 672
3  836 676 837
3  837 938 1244
3  792 565 1245
3  514 513 565
3  1246 793 1245
3  565 566 1247
3  1248 1249 1250
3  1055 1024 1251
3  413 414 908
3  394 896 1098
3  1252 768 1065
3  768 1068 1065
3  337 341 679
3  953 470 950
3  950 470 1253
3  62 1254 63
3  729 681 730
3  1097 229 951
3  208 1255 1067
3  208 202 1255
3  808 419 336
3  470 469 1096
3  470 1096 1253
3  341 680 729
3  944 657 61
3  802 801 808
3  353 944 949
3  1256 1257 1258
3  352 954 1259
3  418 417 1260
3  1101 1100 1230
3  954 418 1261
3  682 1100 683
3  1102 683 1101
3  278 654 69
3  654 38 69
3  1062 717 716
3  946 1262 947
3  1059 899 905
3  1064 1063 1263
3  488 563 489
3  563 125 489
3  1264 584 787
3  811 1265 1233
3  584 785 787
3  584 923 785
3  924 389 391
3  785 923 925
3  1266 964 1267
3  1150 695 999
3  959 390 1268
3  390 698 697
3  1237 1269 965
3  818 817 966
3  1266 996 819
3  968 967 1114
3  843 181 1239
3  833 1116 233
3  233 843 1239
3  669 180 182
3  1236 857 1162
3  984 981 1270
3  965 692 1271
3  692 691 1271
3  1117 1272 1273
3  597 596 1274
3  1228 1275 1123
3  1173 269 615
3  943 977 1276
3  943 942 977
3  599 496 498
3  331 599 498
3  1277 494 1278
3  494 710 804
3  1279 499 1280
3  333 74 1281
3  65 510 66
3  499 1282 1280
3  275 274 1129
3  1282 719 1280
3  660 909 661
3  661 1283 1284
3  1219 1057 1285
3  1286 765 1287
3  849 660 850
3  953 1095 471
3  21 847 1136
3  847 467 1136
3  727 728 1128
3  1288 21 1138
3  274 21 994
3  21 20 994
3  1255 202 1289
3  405 575 914
3  203 98 1140
3  98 320 1140
3  1290 1177 1291
3  692 817 693
3  327 606 846
3  1290 1000 1002
3  1292 1293 1294
3  227 423 585
3  1295 1296 1297
3  1295 865 1296
3  1145 1149 696
3  695 1150 1115
3  325 580 1013
3  321 323 325
3  1176 1298 1299
3  740 358 1151
3  1153 1152 1300
3  1005 1301 1302
3  1303 1005 1304
3  742 358 744
3  1166 1017 1236
3  1117 858 617
3  969 860 862
3  860 1014 861
3  1085 1305 1159
3  1085 1084 1305
3  1157 580 1158
3  1015 853 1306
3  936 268 790
3  268 267 790
3  1164 1163 814
3  813 1164 814
3  1305 1164 1159
3  1164 813 1159
3  1173 615 617
3  1084 1086 1307
3  863 741 1298
3  741 740 1308
3  1309 1179 335
3  1179 334 335
3  1310 1213 1311
3  1180 1312 1048
3  1313 1217 1216
3  1285 1055 1314
3  1020 1186 1315
3  1021 1316 1022
3  1310 1311 1184
3  462 1317 463
3  752 1182 1210
3  1194 1318 1319
3  1181 1320 1210
3  1321 1044 1322
3  1323 1324 1325
3  1035 1326 1327
3  651 1328 1329
3  1328 1035 1329
3  773 772 1330
3  921 920 1331
3  1332 1333 1334
3  1207 1200 1209
3  649 1207 1209
3  1199 211 210
3  874 568 875
3  1326 772 1335
3  1327 1326 1335
3  773 1193 774
3  1332 1201 1202
3  1333 211 1334
3  1203 1336 1337
3  1338 1028 1030
3  1339 1336 1039
3  137 136 879
3  136 880 879
3  283 884 1033
3  1208 136 512
3  751 1043 464
3  751 649 1340
3  1341 1205 1042
3  1342 1343 1322
3  466 511 1344
3  1345 1045 1212
3  170 463 1346
3  1347 1312 1345
3  886 136 1046
3  1212 1211 1348
3  1211 463 1348
3  647 646 1025
3  646 725 1026
3  892 893 1054
3  893 1056 1054
3  1285 1314 1349
3  1324 1217 1350
3  895 894 956
3  894 587 956
3  827 291 492
3  491 594 1351
3  1120 495 1352
3  495 494 1277
3  1187 907 1188
3  1187 1027 1353
3  848 1095 849
3  1068 849 1094
3  644 922 1192
3  399 567 1354
3  571 919 1069
3  919 1070 1069
3  1029 1028 1355
3  1356 1028 1202
3  643 917 922
3  922 917 918
3  1357 883 1358
3  776 781 1359
3  1234 483 926
3  668 926 1360
3  112 667 666
3  482 1234 926
3  667 485 484
3  1075 927 486
3  111 1078 1075
3  1078 928 1075
3  811 1235 1076
3  786 815 1233
3  1238 1235 816
3  1235 815 816
3  960 1077 1073
3  1238 1237 986
3  1240 1079 619
3  1078 111 113
3  578 929 934
3  1242 346 579
3  690 830 832
3  929 841 934
3  831 932 832
3  981 984 1361
3  1116 828 829
3  689 688 232
3  836 674 937
3  674 268 937
3  676 938 837
3  942 945 977
3  938 425 1244
3  836 937 676
3  798 942 837
3  942 835 837
3  1362 1257 1256
3  1363 1364 764
3  678 1096 1134
3  1096 469 1134
3  1365 1249 1286
3  471 848 1366
3  907 1187 870
3  769 1289 1367
3  1068 768 870
3  768 767 870
3  849 1095 1094
3  208 1067 952
3  950 1097 951
3  951 208 952
3  681 230 730
3  1096 677 1253
3  229 228 209
3  228 270 209
3  681 355 230
3  355 228 230
3  202 203 1289
3  768 1252 769
3  419 341 336
3  910 1061 337
3  808 338 62
3  1061 1254 338
3  731 1368 735
3  975 1369 1222
3  587 589 900
3  1106 1370 1371
3  1372 1373 1374
3  976 975 1375
3  1373 733 1374
3  733 732 1376
3  1260 1101 1230
3  417 1101 1260
3  257 1377 1378
3  1134 1135 478
3  1110 1379 1380
3  904 903 1263
3  1106 1105 1122
3  417 1102 1101
3  420 422 1381
3  328 420 266
3  206 673 504
3  1382 1104 1383
3  488 1093 1099
3  1384 1385 503
3  1379 1062 1064
3  1108 1386 1109
3  1387 1388 1389
3  896 1089 947
3  216 489 955
3  489 125 955
3  926 483 1360
3  1265 811 668
3  483 1264 1360
3  483 584 1264
3  815 1235 1233
3  1235 811 1233
3  1233 1265 787
3  1265 1264 787
3  390 959 391
3  387 815 1111
3  1148 1266 1149
3  964 963 1390
3  225 1150 699
3  697 699 999
3  386 818 966
3  1269 387 386
3  1271 691 971
3  1112 1237 965
3  818 964 819
3  964 1266 819
3  1242 830 1243
3  689 232 1391
3  181 180 1239
3  180 833 1239
3  181 706 182
3  706 669 182
3  688 984 707
3  665 984 1270
3  980 1227 1392
3  1112 1271 1113
3  985 1238 986
3  1118 477 1119
3  961 970 962
3  1160 1393 1394
3  1271 971 1113
3  1112 965 1271
3  981 980 1270
3  857 1395 1396
3  1227 1229 1392
3  1117 616 1272
3  737 736 1124
3  595 1397 1398
3  943 1276 1399
3  935 835 943
3  793 978 945
3  945 978 977
3  289 800 794
3  939 796 940
3  800 732 734
3  1400 1401 1402
3  732 1088 1376
3  799 1144 1376
3  181 843 705
3  843 610 705
3  1403 1404 1405
3  1406 1407 821
3  1382 900 1104
3  1403 1408 1409
3  804 614 1226
3  494 804 1278
3  851 561 1410
3  1281 74 851
3  947 1089 948
3  415 286 288
3  318 560 351
3  1388 1387 1411
3  66 510 1412
3  510 413 1412
3  132 993 711
3  993 1288 711
3  500 1139 501
3  1137 21 275
3  274 994 1129
3  711 1288 1126
3  765 1286 1248
3  661 909 1231
3  1413 1414 1415
3  687 1353 1416
3  765 1417 766
3  712 1126 1418
3  604 401 724
3  852 1419 766
3  1095 848 471
3  1135 469 1133
3  1095 1066 1094
3  1066 1065 1094
3  406 806 805
3  1289 203 1367
3  772 1326 1420
3  1421 916 1191
3  1188 906 1422
3  1421 1191 1423
3  769 1367 1424
3  1424 1367 807
3  1425 1426 1427
3  1428 1425 1427
3  1145 1428 1148
3  1428 996 1148
3  606 844 846
3  845 1146 846
3  1293 1426 1429
3  424 334 1178
3  1426 1430 1427
3  693 997 1430
3  1174 1292 1175
3  1177 1431 1291
3  1292 1174 1009
3  1016 1432 1433
3  1009 1011 1434
3  1306 1170 1147
3  1114 695 1115
3  225 326 968
3  998 694 1267
3  963 959 1390
3  1012 1008 1172
3  1005 744 1304
3  671 675 672
3  675 937 672
3  1152 1151 743
3  1151 358 743
3  1306 853 1168
3  1298 741 1308
3  1005 1303 1301
3  1301 1154 1302
3  1009 1174 1010
3  1152 1155 1300
3  744 324 1304
3  1303 1304 1435
3  814 1163 1118
3  861 1014 1171
3  1300 1016 1433
3  1155 854 1016
3  1303 1012 1301
3  323 936 581
3  1169 1306 1147
3  1169 1015 1306
3  581 790 1158
3  1156 1159 1006
3  267 1173 1086
3  1173 617 1307
3  269 935 615
3  616 615 1399
3  617 858 1307
3  1086 1173 1307
3  1018 1003 1309
3  1003 1175 1309
3  739 1018 335
3  1018 1309 335
3  1215 889 1436
3  1213 1317 1311
3  1317 462 1311
3  760 758 1184
3  1323 1437 1438
3  1439 1440 1441
3  1312 1347 1048
3  1442 1181 1180
3  1048 1347 1049
3  1443 1320 1444
3  1195 1332 1334
3  1199 876 1197
3  722 721 1443
3  876 753 1198
3  1442 1214 1315
3  784 871 873
3  569 568 1185
3  568 874 1185
3  569 871 1415
3  1314 1445 1446
3  763 1027 1447
3  989 761 1448
3  1332 1195 1201
3  1201 1195 1449
3  1331 1201 1449
3  722 874 723
3  1333 1450 212
3  882 1357 1041
3  1041 1341 1042
3  1043 465 464
3  1200 1199 1209
3  1199 210 1209
3  569 1414 570
3  1414 1035 570
3  912 568 1327
3  568 1035 1327
3  1413 989 1448
3  1189 915 1451
3  921 1331 913
3  1331 911 913
3  212 1450 883
3  1333 1332 1338
3  1359 1452 1453
3  1454 663 1455
3  920 777 1356
3  137 1204 869
3  1356 776 1355
3  1029 1355 1453
3  1205 1341 1206
3  648 210 882
3  1450 1037 883
3  1204 1203 1337
3  750 464 1456
3  511 885 1344
3  465 285 1208
3  285 284 1208
3  779 878 1040
3  879 880 1033
3  884 1043 1340
3  1043 751 1340
3  1342 1322 1457
3  750 1321 1458
3  1342 1459 1460
3  1343 1342 1461
3  1180 1182 1462
3  1182 1181 1210
3  463 1211 1346
3  1211 170 1346
3  1045 1463 1046
3  886 1046 1459
3  1461 1460 1464
3  1463 1045 1345
3  1348 463 1049
3  1347 1345 1212
3  1347 1348 1049
3  1347 1212 1348
3  1057 1055 1285
3  1349 1350 1465
3  1060 702 826
3  290 1060 826
3  771 1069 918
3  1069 1070 918
3  777 776 1356
3  1028 1356 1355
3  781 1071 1454
3  1232 1466 1455
3  927 789 486
3  789 482 486
3  1072 666 1076
3  666 811 1076
3  387 1269 816
3  1269 1237 816
3  1235 1238 985
3  1237 1112 986
3  618 1240 619
3  1074 1077 1467
3  830 1241 1243
3  1242 579 934
3  1242 934 830
3  934 841 830
3  690 1468 1361
3  1468 931 1469
3  425 798 1244
3  798 837 1244
3  1470 1139 500
3  407 333 603
3  764 1364 1287
3  720 908 1471
3  288 1472 1473
3  1102 417 1103
3  1283 1440 1284
3  1249 1365 662
3  256 1474 990
3  1362 479 1475
3  1255 1252 1067
3  1252 1065 1067
3  209 208 951
3  1067 1066 952
3  230 1097 730
3  1097 950 1253
3  61 802 62
3  1131 1476 1477
3  1097 1253 730
3  1253 677 730
3  769 1252 1289
3  1252 1255 1289
3  336 341 337
3  910 337 679
3  418 1260 1261
3  1260 1105 1261
3  1100 682 1122
3  1371 1478 1407
3  1479 978 1246
3  1081 1246 1245
3  1480 1368 1481
3  954 1482 1259
3  1483 972 974
3  352 1259 1484
3  659 658 1144
3  1374 1144 1484
3  1389 1379 1485
3  684 1110 1486
3  684 1486 1064
3  1486 1379 1064
3  265 147 266
3  147 146 266
3  614 704 1226
3  1121 1487 1488
3  673 1058 957
3  904 1059 905
3  1220 395 1489
3  1384 1109 1385
3  717 1389 718
3  1063 1109 1263
3  667 484 926
3  484 482 926
3  1111 786 925
3  387 1111 958
3  1390 959 1268
3  697 998 1390
3  695 694 999
3  694 998 999
3  965 1269 966
3  1269 386 966
3  1391 234 829
3  1391 232 234
3  1391 829 1243
3  829 347 1243
3  987 842 707
3  842 232 707
3  1224 704 612
3  664 665 1270
3  864 860 1490
3  860 969 971
3  1160 1162 933
3  970 969 862
3  1167 1163 1165
3  1305 1084 1166
3  477 476 1119
3  1077 1491 1467
3  1112 961 986
3  961 960 986
3  1077 962 1491
3  1077 960 962
3  857 859 1395
3  1017 857 1236
3  1228 1272 1492
3  1272 616 1492
3  736 1229 1123
3  1229 1228 1123
3  664 1270 1392
3  1270 980 1392
3  1221 1223 1493
3  1370 1121 1488
3  737 1479 1083
3  1123 1275 1124
3  834 794 940
3  794 735 941
3  613 231 795
3  231 834 795
3  1479 1246 1083
3  1221 1494 1082
3  497 601 1087
3  601 1120 1087
3  983 331 988
3  495 1277 1352
3  1229 1495 1496
3  1278 1225 838
3  704 1224 1226
3  1225 839 838
3  851 400 561
3  400 92 561
3  1130 608 607
3  257 256 1377
3  946 1281 1262
3  1281 851 1262
3  351 560 408
3  560 332 408
3  1497 1498 1499
3  351 408 1500
3  21 1288 993
3  1501 990 714
3  1288 1138 1126
3  994 727 1128
3  1502 1437 1323
3  1051 1218 1438
3  1502 1503 1504
3  1353 1027 1505
3  1027 762 1505
3  1353 1505 1503
3  1506 1501 1507
3  468 991 1508
3  1440 1283 1441
3  1417 725 1509
3  1363 1419 1508
3  711 1126 712
3  725 726 1509
3  726 852 1509
3  1419 724 1508
3  401 467 724
3  767 769 1424
3  1191 1190 1423
3  922 780 1192
3  1192 775 1193
3  1326 1328 1420
3  1328 651 1142
3  916 591 1143
3  574 399 590
3  997 996 1430
3  1510 1293 1511
3  865 864 1490
3  860 971 1490
3  844 585 1001
3  1001 585 1002
3  586 424 1178
3  1175 1294 1512
3  1430 1426 1510
3  1175 1292 1294
3  1428 1000 1425
3  1000 1290 1425
3  996 1266 1148
3  1267 694 1149
3  1145 845 1513
3  845 1001 1513
3  1011 866 1434
3  866 865 1434
3  1490 971 1296
3  693 1430 1297
3  967 1146 1114
3  1266 1267 1149
3  1150 225 1115
3  225 968 1115
3  964 1390 1267
3  1390 998 1267
3  1155 1152 856
3  1152 743 856
3  740 1151 1514
3  1151 1153 1514
3  854 1154 855
3  1154 856 1302
3  1015 1169 1432
3  1433 1176 1299
3  1304 324 1515
3  324 325 1515
3  1170 812 1171
3  812 814 1171
3  861 1171 1118
3  1171 814 1118
3  1169 1011 1432
3  1011 1010 1432
3  1012 1303 1013
3  580 1157 1013
3  1154 1301 855
3  1301 1012 855
3  812 1170 1168
3  1170 1306 1168
3  1086 1085 791
3  1085 1156 791
3  813 1007 1006
3  1156 1006 1157
3  858 1017 1307
3  1017 1084 1307
3  1183 758 755
3  758 759 755
3  725 1417 1026
3  1024 1026 1251
3  661 1231 1283
3  1231 687 1416
3  1182 752 1516
3  1516 1343 1461
3  1047 1317 1213
3  462 760 1311
3  1047 1442 1048
3  1442 1180 1048
3  1019 1517 1198
3  1517 1194 1196
3  211 1199 1334
3  1199 1197 1334
3  911 1194 1319
3  1320 721 1518
3  1213 1021 1214
3  1213 1310 1021
3  1186 722 1443
3  721 1320 1443
3  1414 569 1415
3  762 867 1504
3  907 906 1188
3  1189 1451 1447
3  1331 920 1201
3  920 1356 1202
3  911 1331 1449
3  1198 1517 1196
3  915 652 1451
3  652 761 1451
3  1326 1035 1328
3  652 651 1448
3  1035 1414 1329
3  1414 1413 1329
3  913 912 1335
3  912 1327 1335
3  1028 1338 1202
3  1338 1332 1202
3  211 1333 212
3  1333 1338 1450
3  1029 1519 1520
3  869 1521 1522
3  1203 778 1336
3  1355 776 1359
3  1037 1450 1030
3  1450 1338 1030
3  883 1037 1358
3  882 210 212
3  1340 649 1042
3  1040 1341 1523
3  1339 1039 1523
3  1336 778 1039
3  885 1044 1344
3  464 466 1456
3  466 465 512
3  465 1208 512
3  1044 887 1322
3  1524 754 877
3  1200 1207 1458
3  1207 750 1458
3  1458 1524 877
3  1458 1321 1524
3  1459 1046 1460
3  1046 1463 1460
3  1439 1445 1525
3  1445 1314 1525
3  890 1219 1349
3  1219 1285 1349
3  826 701 972
3  329 983 1526
3  1355 1359 1453
3  1521 1527 1520
3  1452 1466 1528
3  1466 1452 1455
3  1521 1528 1522
3  778 779 1039
3  1071 663 1454
3  1452 1454 1455
3  663 217 1455
3  217 1232 1455
3  1072 985 1073
3  985 960 1073
3  831 1240 1529
3  831 841 1240
3  930 1078 619
3  1530 1074 620
3  932 1468 832
3  1468 690 832
3  984 688 1361
3  688 690 1361
3  1500 1531 1472
3  1128 64 1282
3  417 715 1103
3  1501 1506 1532
3  1475 1377 1533
3  608 1506 609
3  1133 1366 1534
3  1535 1536 1534
3  1364 258 1537
3  1135 1133 1536
3  1365 1286 1535
3  1538 1364 1537
3  765 764 1287
3  1364 1363 258
3  1066 953 952
3  953 950 952
3  341 729 679
3  729 677 679
3  802 808 62
3  808 336 338
3  1539 1482 1540
3  1482 954 1107
3  682 1541 1121
3  682 684 1541
3  1246 1081 1083
3  1081 1247 1542
3  1479 1124 979
3  978 1479 979
3  1373 1543 1544
3  1372 1374 1484
3  1372 1259 1539
3  1545 1480 1544
3  1088 799 1376
3  1259 1372 1484
3  1144 1374 1376
3  1374 733 1376
3  1105 1107 1261
3  1107 954 1261
3  1105 1260 1122
3  1260 1230 1122
3  1262 1410 1098
3  904 1384 1059
3  1384 503 505
3  593 1058 673
3  1108 1063 1386
3  1063 1062 1386
3  1264 1265 1360
3  1265 668 1360
3  786 785 925
3  924 391 958
3  390 697 1268
3  697 1390 1268
3  576 347 829
3  347 346 1243
3  1241 689 1243
3  689 1391 1243
3  971 970 1113
3  970 961 1113
3  1491 962 1546
3  1118 1163 477
3  932 831 1529
3  1240 618 1393
3  475 1167 1161
3  1167 1166 1236
3  1395 982 1469
3  1273 982 1547
3  1275 1492 1276
3  1275 1228 1492
3  1124 1275 979
3  1479 737 1124
3  1229 736 1495
3  733 1373 1481
3  1369 975 1548
3  975 939 1548
3  1368 1549 1550
3  940 794 941
3  796 795 940
3  795 834 940
3  513 613 566
3  976 1542 1551
3  796 976 1551
3  1221 1082 1375
3  972 701 973
3  823 973 1526
3  1372 1539 1543
3  595 1552 1553
3  492 826 1554
3  1225 1555 839
3  704 610 612
3  1224 612 1556
3  1225 1278 1226
3  1278 804 1226
3  214 213 474
3  563 488 653
3  1062 1379 1389
3  1557 1558 1559
3  1089 716 948
3  1262 851 1410
3  947 1262 1098
3  896 947 1098
3  333 1281 603
3  1281 946 603
3  871 1560 872
3  1231 1416 1561
3  757 756 889
3  1215 1313 1216
3  1286 1249 1248
3  1562 1563 1250
3  686 1187 687
3  1187 1353 687
3  256 258 1474
3  258 1363 1474
3  1126 1138 1127
3  1139 1470 1125
3  1419 764 766
3  1419 1363 764
3  662 661 1284
3  1502 1323 1325
3  468 713 991
3  1419 852 724
3  1377 256 1532
3  724 468 1508
3  590 399 1354
3  914 574 592
3  203 1140 1367
3  1140 404 805
3  806 1424 807
3  1190 1422 1564
3  913 1335 774
3  644 1192 773
3  650 652 915
3  761 763 1451
3  906 1424 1564
3  906 767 1424
3  1430 1510 1297
3  865 1490 1296
3  1001 1000 1513
3  845 844 1001
3  423 424 586
3  1177 1290 1002
3  1179 1309 1431
3  1291 1431 1512
3  1426 1425 1429
3  1425 1290 1429
3  1146 967 846
3  967 326 846
3  1000 1428 1513
3  1428 1145 1513
3  1169 866 1011
3  865 1295 1434
3  1170 1014 1147
3  1014 864 1147
3  1426 1293 1510
3  1295 1510 1511
3  1149 694 696
3  695 1114 696
3  856 742 1302
3  742 1005 1302
3  740 1514 1308
3  1514 1153 1308
3  1174 1003 1004
3  1300 1155 1016
3  863 1298 1004
3  1432 1010 1433
3  936 790 581
3  580 581 1158
3  1013 1157 1008
3  1157 1006 1008
3  1304 1515 1435
3  1515 325 1435
3  1310 1565 1316
3  1565 1031 1316
3  1311 760 1184
3  758 1183 1184
3  1562 1026 1563
3  1440 1439 1562
3  1019 1210 1518
3  1210 1320 1518
3  1524 1343 754
3  1182 1516 1461
3  463 1317 1049
3  1317 1047 1049
3  1320 1181 1444
3  1442 1047 1214
3  871 569 1560
3  569 1185 1560
3  1181 1442 1444
3  1186 1443 1315
3  1503 1505 1504
3  1505 762 1504
3  762 761 989
3  761 652 1448
3  1413 1415 868
3  868 1415 784
3  783 868 784
3  1051 1215 1218
3  1422 906 1564
3  1190 1189 1422
3  1195 1334 1196
3  1334 1197 1196
3  721 723 1318
3  1318 723 1319
3  1195 1194 1449
3  1194 911 1449
3  1451 763 1447
3  1027 1188 1447
3  651 650 1142
3  650 916 1143
3  651 1329 1448
3  1329 1413 1448
3  1037 1036 1358
3  1357 882 883
3  1528 1466 1522
3  1466 1232 749
3  1521 869 1527
3  869 1204 1527
3  1519 1521 1520
3  1339 1357 1358
3  649 648 1042
3  648 882 1041
3  878 879 1206
3  879 1033 1206
3  1039 1040 1523
3  1341 1041 1523
3  1044 1321 1456
3  1321 750 1456
3  887 886 1457
3  1322 887 1457
3  1343 1516 754
3  1516 752 754
3  876 1200 877
3  1200 1458 877
3  1345 1312 1464
3  1342 1460 1461
3  1026 1562 1251
3  1562 1439 1251
3  1313 91 1050
3  1350 1217 1465
3  781 1454 1359
3  1454 1452 1359
3  1521 1519 1528
3  1452 1528 1453
3  1528 1519 1453
3  1519 1029 1453
3  113 1074 1530
3  619 1530 620
3  1138 1137 1127
3  1137 275 1127
3  1470 500 1566
3  64 719 1282
3  66 1412 720
3  1280 719 1567
3  479 1362 480
3  1536 1133 1534
3  63 1254 1258
3  715 221 223
3  500 499 1568
3  1566 1568 607
3  1126 1125 1418
3  1125 1470 1507
3  1287 1538 1535
3  1133 471 1366
3  1535 1538 1536
3  1536 1538 1569
3  1506 608 1533
3  1135 1536 1569
3  338 1254 62
3  1476 222 1477
3  1541 1487 1121
3  1487 1478 1488
3  1276 1492 1399
3  1492 616 1399
3  978 793 1246
3  793 792 1245
3  797 796 1551
3  976 1375 1542
3  1259 1482 1539
3  1570 1480 1545
3  1144 658 1484
3  658 352 1484
3  1121 1370 1122
3  1370 1106 1122
3  1379 1486 1380
3  1486 1110 1380
3  1487 1541 1064
3  1541 684 1064
3  1089 897 1385
3  1109 904 1263
3  900 589 1104
3  1571 1572 1573
3  1089 1386 716
3  1386 1062 716
3  959 963 388
3  963 386 388
3  924 958 925
3  958 1111 925
3  476 1491 1546
3  1393 1574 1394
3  1240 1393 1529
3  1393 1160 1529
3  1163 1167 477
3  1167 475 477
3  1164 1305 1165
3  1305 1166 1165
3  1272 1228 1273
3  859 1117 1547
3  1468 932 931
3  1161 1236 1162
3  1228 1227 1273
3  1227 980 1273
3  1548 1550 1552
3  1548 939 941
3  566 613 797
3  613 795 797
3  566 797 1551
3  796 939 976
3  565 1247 1245
3  1247 1081 1245
3  983 988 1404
3  1403 1575 1404
3  187 491 1576
3  1383 1576 1577
3  1369 1548 1552
3  1578 1579 1580
3  1581 738 1493
3  1225 1224 1555
3  1548 941 1550
3  1550 1549 1552
3  1106 1371 1582
3  1371 1406 1582
3  612 611 1583
3  1584 1585 1586
3  1587 1588 1092
3  1558 1557 1589
3  1098 1410 1099
3  1410 561 653
3  1410 653 1099
3  653 488 1099
3  1389 1485 1590
3  1388 1411 1531
3  1387 1497 1499
3  1498 1471 1591
3  1032 872 1022
3  872 1560 1592
3  888 1031 757
3  1032 888 1052
3  1593 1325 1446
3  1445 1441 1593
3  1217 1313 1465
3  1349 1314 1350
3  1325 1324 1446
3  1314 1055 1525
3  713 130 712
3  130 132 712
3  1364 1538 1287
3  1286 1287 1535
3  1417 1509 766
3  1509 852 766
3  1563 1248 1250
3  1249 662 1284
3  991 1474 1508
3  1474 1363 1508
3  1474 991 990
3  991 713 714
3  567 917 1354
3  590 1354 1594
3  917 643 1354
3  591 590 1594
3  1367 1140 807
3  1140 805 807
3  775 777 1193
3  644 773 1330
3  1424 806 1564
3  806 1190 1564
3  1430 996 1427
3  996 1428 1427
3  1009 1434 1511
3  1434 1295 1511
3  971 691 1296
3  1510 1295 1297
3  1177 1002 586
3  1002 585 586
3  1293 1429 1294
3  1294 1291 1512
3  1179 1431 1178
3  1431 1177 1178
3  1114 1146 696
3  1146 1145 696
3  1174 1004 1176
3  1016 1015 1432
3  1004 1298 1176
3  1153 1300 1299
3  1303 1435 1013
3  1435 325 1013
3  790 791 1158
3  791 1156 1158
3  1008 1007 1172
3  1168 853 1172
3  1031 1565 757
3  1565 755 757
3  1031 1032 1022
3  1021 1310 1316
3  755 1565 1184
3  1565 1310 1184
3  1026 1417 1563
3  1440 1562 1250
3  1194 1517 1318
3  1517 1019 1518
3  1312 1461 1464
3  1182 1461 1462
3  1560 1034 1592
3  1560 1185 1034
3  1214 1021 1315
3  1021 1020 1315
3  1353 1503 1416
3  1416 1595 1561
3  867 1437 1504
3  1437 1502 1504
3  1218 1323 1438
3  1437 867 783
3  568 912 875
3  912 911 875
3  1517 1518 1318
3  1518 721 1318
3  1188 1422 1447
3  1422 1189 1447
3  1328 1142 1420
3  1142 1141 1420
3  1466 749 1522
3  749 869 1522
3  1527 1596 1520
3  1339 1358 1597
3  1205 884 1042
3  884 1340 1042
3  878 1206 1040
3  1206 1341 1040
3  1044 1456 1344
3  1456 466 1344
3  1343 1524 1322
3  1524 1321 1322
3  1460 1463 1464
3  1463 1345 1464
3  1055 1251 1525
3  1251 1439 1525
3  91 90 1050
3  890 1349 1465
3  1217 1324 1218
3  1215 1216 1218
3  890 1465 1050
3  1465 1313 1050
3  475 1394 1598
3  1393 618 1574
3  619 1078 1530
3  1078 113 1530
3  1139 1127 1129
3  1127 275 1129
3  1498 1591 1499
3  1599 1498 1600
3  1139 1129 501
3  1129 1128 501
3  720 1412 908
3  1412 413 908
3  910 478 480
3  1537 257 1601
3  1130 1132 1257
3  1602 63 1603
3  1103 223 1091
3  715 223 1103
3  221 353 949
3  944 61 1602
3  1498 1497 1600
3  500 1568 1566
3  258 257 1537
3  1365 1535 1534
3  660 662 850
3  662 1365 850
3  1475 1533 1604
3  1362 1475 1604
3  256 990 1532
3  990 1501 1532
3  1377 1532 1533
3  1532 1506 1533
3  1275 1276 979
3  1276 977 979
3  615 935 1399
3  935 943 1399
3  1082 1494 1083
3  1494 737 1083
3  1382 1383 1605
3  1383 1478 1605
3  1109 1384 904
3  1382 903 905
3  1478 1487 1605
3  1487 1064 1606
3  1093 487 1381
3  487 215 1381
3  422 1093 1381
3  422 395 1093
3  1478 1383 1577
3  1549 1480 1570
3  1394 1574 1598
3  1467 1491 1598
3  962 970 1546
3  970 862 1546
3  476 1546 1119
3  1546 862 1119
3  1160 1394 1161
3  1394 475 1161
3  931 1395 1469
3  982 981 1469
3  1117 1273 1547
3  1273 980 982
3  941 735 1550
3  735 1368 1550
3  975 1222 1375
3  1222 1221 1375
3  1375 1082 1542
3  1082 1081 1542
3  1542 1247 1551
3  1247 566 1551
3  1575 983 1404
3  1087 1120 1607
3  1087 1607 1608
3  1609 1397 1274
3  1104 187 1576
3  1576 491 822
3  1401 1610 1611
3  1383 1104 1576
3  1581 1585 1584
3  1369 595 1398
3  1397 597 1274
3  1539 1540 1612
3  1613 1610 1614
3  1277 1278 838
3  1585 1581 1615
3  1556 1583 1586
3  1616 1400 1612
3  1549 1368 1480
3  1549 1570 1553
3  595 1369 1552
3  1478 1371 1488
3  1371 1370 1488
3  1483 1617 1618
3  1106 1578 1619
3  223 1620 1091
3  1131 1130 1621
3  1389 1388 718
3  717 1062 1389
3  1093 395 1099
3  395 394 1099
3  946 948 1622
3  718 1388 1531
3  1090 1103 1091
3  1587 1590 1588
3  408 603 1500
3  1411 1499 1473
3  782 784 873
3  1316 1031 1022
3  1034 1186 1592
3  1186 1020 1592
3  1324 1323 1218
3  1437 783 1438
3  1416 1503 1595
3  1503 1502 1595
3  1441 1561 1593
3  1445 1439 1441
3  1125 1507 1418
3  1507 1501 1418
3  1538 1537 1569
3  1366 848 1534
3  591 916 1421
3  1141 1594 645
3  406 914 1423
3  914 1421 1423
3  1594 1354 645
3  1354 643 645
3  772 1420 1330
3  1420 1141 1330
3  777 921 1193
3  1335 772 774
3  1293 1292 1511
3  1292 1009 1511
3  1296 691 1297
3  691 693 1297
3  1294 1429 1291
3  1429 1290 1291
3  1431 1309 1512
3  1309 1175 1512
3  1010 1176 1433
3  1300 1433 1299
3  1298 1308 1299
3  1308 1153 1299
3  853 855 1172
3  855 1012 1172
3  889 1023 1436
3  1023 91 1436
3  1563 1417 1248
3  1417 765 1248
3  1461 1312 1462
3  1312 1180 1462
3  1442 1315 1444
3  1315 1443 1444
3  867 989 868
3  989 1413 868
3  1415 871 784
3  872 1032 873
3  783 782 1438
3  782 1051 1438
3  723 875 1319
3  875 911 1319
3  1204 1337 1596
3  1337 1036 1596
3  1358 1036 1597
3  1036 1337 1597
3  1037 1030 1038
3  1030 1029 1038
3  1041 1357 1523
3  1357 1339 1523
3  886 1459 1457
3  1459 1342 1457
3  1574 1467 1598
3  1574 618 620
3  1574 620 1467
3  620 1074 1467
3  499 501 1282
3  501 1128 1282
3  910 678 478
3  678 1134 478
3  1130 1257 1604
3  1257 1362 1604
3  223 222 1620
3  1131 1621 1557
3  1387 1389 1590
3  1379 1110 1485
3  1254 1061 1256
3  1602 61 63
3  944 1602 949
3  63 1258 1603
3  1470 1566 609
3  1566 607 609
3  1568 499 1279
3  351 1500 1472
3  1569 1537 1601
3  1135 1569 1601
3  1406 1371 1407
3  1487 1606 1605
3  1606 903 1605
3  903 1382 1605
3  395 897 396
3  897 394 396
3  1109 1386 1385
3  1386 1089 1385
3  903 1606 1263
3  1606 1064 1263
3  1385 897 503
3  206 504 1489
3  215 266 1381
3  266 420 1381
3  1059 1384 505
3  957 1059 505
3  492 1554 1351
3  491 1351 822
3  1491 476 1598
3  476 475 1598
3  1395 931 1396
3  931 933 1396
3  932 1529 933
3  1529 1160 933
3  981 1361 1469
3  1361 1468 1469
3  982 1395 1547
3  1395 859 1547
3  1609 1274 1571
3  1607 1120 1352
3  988 498 1608
3  498 1087 1608
3  1483 1554 972
3  1554 826 972
3  1575 823 1526
3  1617 974 825
3  1617 1623 1579
3  973 823 974
3  1223 1624 1493
3  1585 1556 1586
3  1495 736 1584
3  1555 1585 1615
3  839 1555 1615
3  1397 1223 1398
3  1403 1405 1408
3  1623 1616 1580
3  1405 1610 1408
3  1610 1401 1408
3  1608 1607 1625
3  1352 1626 1573
3  1274 1572 1571
3  988 1608 1627
3  611 664 1583
3  1583 664 1496
3  1368 731 1481
3  731 733 1481
3  1402 1545 1544
3  1373 1372 1543
3  1579 1578 1628
3  1578 1106 1582
3  1540 1482 1619
3  1578 1540 1619
3  1568 1558 1589
3  1621 1130 607
3  1629 1620 1557
3  1557 1621 1589
3  1110 683 1485
3  1102 1090 1588
3  716 718 948
3  718 1531 1622
3  1531 1500 1622
3  948 718 1622
3  1471 908 1591
3  1498 1599 1471
3  872 1592 1022
3  1592 1020 1022
3  888 1215 1052
3  1215 1051 1052
3  1032 1052 873
3  1052 782 873
3  1441 1283 1561
3  1283 1231 1561
3  1561 1595 1593
3  1445 1593 1446
3  712 1418 714
3  1418 1501 714
3  591 1594 1143
3  1594 1141 1143
3  916 915 1191
3  915 1189 1191
3  591 1421 592
3  1421 914 592
3  1190 806 1423
3  806 406 1423
3  644 1330 645
3  1330 1141 645
3  1193 921 774
3  921 913 774
3  91 1313 1436
3  1313 1215 1436
3  1249 1284 1250
3  1284 1440 1250
3  1337 1336 1597
3  1336 1339 1597
3  1596 1036 1520
3  1527 1204 1596
3  1036 1038 1520
3  1038 1029 1520
3  479 478 1630
3  478 1135 1630
3  1254 1256 1258
3  1061 910 480
3  1533 608 1604
3  608 1130 1604
3  1620 1629 1631
3  1590 1485 1588
3  1620 222 1476
3  222 949 1477
3  1497 1587 1600
3  1629 1557 1559
3  1506 1507 609
3  1507 1470 609
3  848 850 1534
3  850 1365 1534
3  1377 1475 1378
3  1475 479 1378
3  1351 820 822
3  1406 821 1618
3  503 897 1220
3  897 395 1220
3  504 1220 1489
3  395 422 1489
3  899 900 905
3  900 1382 905
3  821 820 1618
3  1617 1579 1628
3  594 827 1351
3  827 492 1351
3  933 1162 1396
3  1162 857 1396
3  1626 1571 1573
3  1352 1277 1626
3  701 902 973
3  983 1575 1526
3  823 1575 824
3  1575 1403 824
3  974 823 825
3  1617 1483 974
3  1616 1612 1580
3  1623 1400 1616
3  1579 1623 1580
3  820 1483 1618
3  1223 1222 1398
3  1222 1369 1398
3  737 1494 738
3  1624 1581 1493
3  612 1583 1556
3  1495 1584 1586
3  596 1611 1613
3  1397 595 597
3  1223 1397 1624
3  1615 1624 1632
3  1610 1405 1614
3  1401 1400 1408
3  1611 1610 1613
3  1607 1352 1573
3  1405 1627 1614
3  1401 1611 1570
3  1408 1400 1409
3  1400 1623 1409
3  1611 596 1570
3  1552 1549 1553
3  1482 1107 1619
3  1107 1106 1619
3  1568 1279 1558
3  1558 1279 1559
3  1599 1600 1633
3  1631 1559 1633
3  1587 1497 1590
3  1497 1387 1590
3  1500 603 1622
3  603 946 1622
3  1599 1634 1567
3  1279 1280 1634
3  908 415 1591
3  1531 1411 1472
3  1593 1595 1325
3  1595 1502 1325
3  1324 1350 1446
3  1350 1314 1446
3  1061 480 1256
3  480 1362 1256
3  1600 1092 1633
3  1588 1090 1092
3  1485 683 1588
3  683 1102 1588
3  1620 1476 1557
3  1476 1131 1557
3  479 1630 1601
3  1630 1135 1601
3  504 673 505
3  673 957 505
3  422 421 1489
3  421 206 1489
3  821 1407 1577
3  1407 1478 1577
3  1351 1554 820
3  1554 1483 820
3  1609 1571 840
3  1626 1277 838
3  1571 1626 840
3  1626 838 840
3  1572 1613 1614
3  1608 1625 1627
3  973 902 1526
3  902 329 1526
3  824 1623 825
3  1623 1617 825
3  1401 1570 1545
3  1543 1539 1612
3  1612 1540 1580
3  1540 1578 1580
3  1578 1582 1628
3  1582 1406 1628
3  738 1494 1493
3  1494 1221 1493
3  736 738 1584
3  738 1581 1584
3  664 1392 1496
3  1392 1229 1496
3  1585 1555 1556
3  1555 1224 1556
3  1581 1624 1615
3  839 1615 1632
3  1572 1274 1613
3  1274 596 1613
3  1623 824 1409
3  824 1403 1409
3  1570 596 1553
3  596 595 1553
3  1543 1402 1544
3  1401 1545 1402
3  1621 607 1589
3  607 1568 1589
3  1634 1280 1567
3  719 720 1567
3  1629 1559 1631
3  1600 1587 1092
3  1279 1634 1559
3  1092 1631 1633
3  720 1471 1567
3  1471 1599 1567
3  1499 1591 1473
3  288 351 1472
3  1472 1411 1473
3  1411 1387 1499
3  1257 1132 1258
3  949 1602 1477
3  479 1601 1378
3  1601 257 1378
3  1617 1628 1618
3  1628 1406 1618
3  821 1577 822
3  1577 1576 822
3  1609 840 1632
3  840 839 1632
3  1405 1404 1627
3  1404 988 1627
3  1572 1625 1573
3  1625 1607 1573
3  1583 1496 1586
3  1496 1495 1586
3  1543 1612 1402
3  1612 1400 1402
3  1480 1481 1544
3  1481 1373 1544
3  1092 1091 1631
3  1091 1620 1631
3  1559 1634 1633
3  1634 1599 1633
3  1591 415 1473
3  415 288 1473
3  1258 1132 1603
3  1132 1131 1603
3  1624 1397 1632
3  1397 1609 1632
3  1627 1625 1614
3  1625 1572 1614
3  1602 1603 1477
3  1603 1131 1477
