OFF
1421 2838 0
196.211 76.9639 113.249
135.239 29.0347 67.7509
90.0149 53.871 49.0698
323.142 127.108 435.896
-425.777 45.5862 435.896
-59.141 -355.366 435.896
140.221 358.209 301.22
31.4598 369.433 259.427
87.0934 377.609 309.322
-206.858 -269.132 224.413
-323.569 -206.017 260.237
-131.887 -167.653 122.539
244.243 -288.366 435.896
299.92 -238.631 265.526
245.517 -281.259 263.521
124.171 -222.971 141.918
131.076 -323.356 435.896
69.1602 81.2238 48.0416
317.129 -154.51 235.925
422.86 -141.765 362.011
-204.841 -47.4967 117.044
-107.641 -6.24839 48.182
-107.288 -10.7133 48.1819
299.76 93.6495 205.545
285.109 204.704 262.202
316.041 87.0446 219.628
136.432 10.007 66.3262
232.138 23.1346 139.928
261.034 -117.522 167.924
-281.993 -340.434 392.162
-123.475 -388.47 301.161
-349.232 -280.166 384.423
-352.928 -233.929 427.883
-151.902 357.092 433.19
-175.007 326.382 434.534
-138.617 351.156 434.538
-258.624 343.358 369.397
-354.9 250.665 374.87
-201.199 388.268 404.042
-107.4 357.173 258.291
-111.329 283.718 192.886
-147.719 294.117 219.681
-359.078 180.562 430.505
217.799 59.8278 128.833
245.176 311.38 312.385
123.521 303.546 231.558
6.63523 7.55542 0.393337
6.39353 7.75127 0.379012
334.057 -27.7614 221.617
-377.338 -203.136 418.561
311.862 -279.918 434.559
223.103 -332.322 361.894
-296.836 -104.807 205.545
138.712 -385.344 410.393
-102.247 -430.69 434.57
-12.0295 -425.707 410.548
-400.407 -116.906 427.86
-378.88 107.938 240.353
-103.811 -70.2214 58.8371
-156.01 -85.3851 99.6984
170.248 173.086 145.938
-393.937 129.684 350.332
85.8769 -63.8933 50.5624
99.9161 -84.7194 64.4522
66.5157 -83.2991 48.0318
-92.6537 57.0632 48.2989
-121.418 120.747 92.7312
-118.436 123.13 92.6494
140.759 312.409 435.896
247.476 248.896 435.896
-13.4754 412.736 427.849
229.034 356.874 431.889
191.321 376.721 370.56
389.302 142.174 366.28
-63.5818 396.487 429.168
-103.069 423.741 388.067
349.531 240.037 421.21
428.682 81.2316 423.951
83.8778 145.535 89.8044
-69.1486 253.466 160.693
-4.89226 276.599 176.23
10.8371 198.014 113.304
100.524 28.7709 49.0295
95.0416 -44.1827 49.0591
9.39265 -3.87727 0.556763
9.51065 -3.5933 0.563758
156.411 -151.572 116.51
402.642 54.1211 434.551
-155.754 -164.816 135.464
-123.686 -157.134 112.175
174.499 -301.2 246.169
-282.826 -233.529 435.896
-225.562 -316.366 434.542
-413.392 -78.9777 401.144
-376.384 -61.5901 303.802
-390.45 -177.638 387.943
-4.1308 -8.77311 -0.245146
-3.89304 -8.9831 -0.230964
-3.93393 -9.07315 -0.233308
5.09894 8.61678 0.302282
5.36853 8.4594 0.318261
-102.375 -36.9512 48.3017
-8.67144 -5.23685 -0.514016
-6.63523 -7.55541 -0.393337
-6.87063 -7.35239 -0.407288
-6.56773 -7.48221 -0.38943
-225.388 326.982 304.51
-149.183 -327.919 435.896
31.0637 -403.272 363.474
-50.7755 -405.641 327.659
139.48 -353.702 311.623
437.665 -51.9003 430.593
-75.2616 426.564 365.488
254.874 339.704 391.889
-256.033 247.043 435.896
-254.878 269.431 433.174
-268.836 269.936 430.473
-322.323 203.795 433.186
-56.4725 340.064 435.896
-17.9601 118.694 55.7638
7.5369 -6.70234 0.446776
7.32169 -6.92566 0.434021
-2.92698 -5.40027 -0.175334
-59.7379 82.0692 47.4198
98.174 268.299 179.655
8.32435 -5.74775 0.493445
9.26572 4.15758 0.54924
8.13889 5.99514 0.482453
51.3638 95.1103 49.4426
36.1231 101.237 48.1428
10.1223 -1.22229 0.600018
10.0789 -1.52571 0.597444
-2.88754 -4.62952 -0.173063
101.687 -24.1382 49.0241
98.32 -7.10281 45.8393
184.579 -360.091 378.135
-6.66818 -6.72777 -0.395787
-6.59647 -6.65847 -0.39161
-6.31372 -6.78204 -0.374941
34.9161 -223.346 121.198
46.4027 -96.891 48.1358
14.4719 -335.079 222.785
-98.2498 -283.164 192.488
-343.391 -135.379 435.896
-34.3681 -283.783 167.902
-49.4427 -114.519 61.2055
-51.5598 -82.7779 46.9842
7.9457 6.23685 0.471003
304.976 -199.102 435.896
40.4872 333.289 435.896
-17.7584 366.047 434.533
-5.07176 -5.48815 -0.302237
-5.24247 -5.33328 -0.312316
-5.00316 -5.41589 -0.2982
-3.02282 5.57369 -0.180999
7.09953 7.14242 0.420854
-2.97489 5.48698 -0.178166
141.706 -35.0719 73.5755
-196.453 199.851 183.066
-7.09934 -6.72516 -0.421096
-6.88362 -6.93532 -0.408319
-7.17341 -6.79205 -0.425403
98.4296 0.0804762 45.8225
10.0259 -1.82767 0.594303
189.772 -94.7906 118.475
366.854 39.9667 283.13
345.614 -11.312 240.573
119.013 -331.789 266.138
106.616 -382.53 360.537
8.67144 -5.23685 0.514016
8.50194 -5.49488 0.503969
-7.12041 -5.97342 -0.422667
-7.04253 -5.91077 -0.418113
-6.77665 -6.05469 -0.402445
-3.04684 -4.8809 -0.182515
-2.89255 -4.96941 -0.173341
-2.94304 -5.05472 -0.176334
314.337 148.443 435.896
408.628 -58.8432 434.555
319.968 -97.3643 435.896
-365.917 134.858 434.543
2.79065 9.57061 0.16545
3.09138 9.48215 0.183278
-3.20953 6.36532 -0.191888
-3.1 -4.96466 -0.185666
-2.99356 -5.14003 -0.179327
-2.89255 4.96941 -0.173341
9.13001 4.43395 0.541195
-2.84209 4.88408 -0.170349
-3.16683 5.83368 -0.1895
-3.11879 5.74704 -0.186666
-8.50193 -5.4949 -0.50397
-9.39265 -3.87727 -0.556763
-9.51066 -3.5933 -0.563759
-6.32263 -5.66363 -0.375862
7.74499 -6.47264 0.459107
118.807 -377.904 423.756
-5.40833 -5.17325 -0.3221
-5.17163 -5.26312 -0.308145
9.39264 3.87727 0.556764
-10.0789 -1.52571 -0.597444
0.314029 9.94602 0.0186181
0.627745 9.93185 0.0372189
422.716 -40.5383 383.826
374.624 -202.537 405.201
12.0786 129.085 64.2929
5.8922 8.12074 0.349299
-3.07079 5.66037 -0.183833
10.1948 -0.306271 0.604316
93.2142 -30.0044 45.7706
-10.0259 -1.82767 -0.594303
96.7674 12.6502 45.7296
-4.26222 9.03931 -0.252685
-4.54552 8.90687 -0.269478
3.38919 9.38469 0.200933
5.63303 8.294 0.333938
7.32169 6.92566 0.43402
-3.32522 7.72034 -0.198182
-0.627746 9.93185 -0.0372189
-3.47996 7.43914 -0.207494
-48.0331 156.666 89.3736
-7.9457 -6.23685 -0.471003
-8.13889 -5.99514 -0.482453
-7.86555 -6.17701 -0.46633
-7.74497 -6.47267 -0.459107
-7.53691 -6.70233 -0.446776
-6.95554 -7.00441 -0.412497
-6.73109 -7.21011 -0.3992
-7.0275 -7.07344 -0.416675
12.8344 107.107 49.3984
95.2233 22.229 45.7546
8.98563 -4.70612 0.532638
-7.09953 7.14242 -0.420854
9.96341 2.12791 0.590598
10.0259 1.82767 0.594303
-2.88754 4.62952 -0.173063
10.0789 1.52571 0.597444
10.1223 1.2223 0.600018
9.81014 -2.72207 0.581512
9.89147 -2.42613 0.586333
8.50194 5.4949 0.50397
8.32436 5.74774 0.493445
8.83272 4.97384 0.523575
8.67144 5.23685 0.514016
9.13 -4.43395 0.541196
3.68378 9.27833 0.218396
-3.16409 6.27735 -0.189217
6.14578 7.93977 0.364328
-3.14267 -4.70561 -0.18821
-3.19842 -4.78775 -0.191516
-3.34713 -4.69003 -0.200337
7.74497 6.47266 0.459107
7.5369 6.70234 0.446775
6.87063 7.3524 0.407288
-20.812 -98.5175 47.3298
-25.6166 -98.079 47.4041
-7.32168 -6.92567 -0.434021
-7.09952 -7.14242 -0.420854
-5.4814 -5.24122 -0.326401
-5.33531 -5.10525 -0.317799
-5.10082 -5.19291 -0.303975
-10.1223 -1.22231 -0.600018
9.51066 3.5933 0.563758
9.7195 3.01542 0.576139
-9.96341 -2.12791 -0.590598
-5.62765 -5.37703 -0.335004
4.26222 9.03931 0.252685
1.25312 9.87526 0.0742962
1.56417 9.83289 0.0927379
-3.22229 6.90426 -0.192452
10.8539 -105.542 50.4486
-2.84209 -4.88408 -0.170349
10.1996 0 0.604602
10.1948 0.306299 0.604316
9.81014 2.72206 0.581512
9.61964 3.30592 0.57022
9.61964 -3.30593 0.570219
9.7195 -3.01541 0.576139
8.98563 4.70612 0.532638
-2.94304 5.05472 -0.176334
-4.76385 5.48909 -0.284075
-4.5249 5.55297 -0.269962
-4.69765 5.41472 -0.280177
10.1561 0.917738 0.602022
-2.94061 4.71333 -0.176213
-3.09999 4.96466 -0.185666
-3.19842 4.78775 -0.191516
-3.2542 4.86987 -0.194822
-34.9313 -103.153 51.9853
-46.3622 -92.957 50.1531
-5.89219 -8.12074 -0.349299
-6.70087 -5.98963 -0.398014
-3.09139 9.48215 -0.183279
-3.38919 9.38469 -0.200933
-7.24753 -6.85887 -0.429712
-8.32436 -5.74774 -0.493445
-10.1803 -0.612308 -0.603455
-10.1561 -0.917745 -0.602022
-2.99356 5.14002 -0.179327
-4.95931 5.05239 -0.295635
-4.88862 4.98207 -0.291466
-4.95931 -5.05239 -0.295635
0.940879 9.90826 0.0557842
-1.56418 9.83289 -0.0927379
-3.26514 6.99345 -0.194958
3.97489 9.16317 0.235653
-3.42173 -5.11609 -0.204743
-3.20641 -5.13211 -0.191969
-3.31296 -5.29947 -0.198272
-3.42173 5.11609 -0.204743
-3.58072 5.01149 -0.214172
-3.47764 5.19811 -0.20805
1.87375 -9.78119 0.111091
1.56416 -9.83289 0.0927385
29.4309 -104.429 49.472
-3.90157 -6.21833 -0.232961
-4.03876 -6.01702 -0.241136
-3.84787 -6.13493 -0.229806
-2.97488 -5.48699 -0.178166
6.63524 -7.5554 0.393337
-3.07078 -5.66037 -0.183833
-3.25967 5.2158 -0.19512
-3.0947 5.31055 -0.185314
-3.04412 5.2253 -0.182321
-2.92698 5.40027 -0.175334
10.1803 0.612308 0.603455
-5.5545 -5.30914 -0.330702
-5.38428 -5.4735 -0.320658
-3.47305 -5.55036 -0.20773
-3.52648 -5.63394 -0.210883
-3.64559 -5.44405 -0.217973
-3.40549 4.77042 -0.203795
-3.40548 -4.77043 -0.203796
-3.46386 4.8508 -0.207254
-3.28883 4.6096 -0.196879
-3.34714 4.69002 -0.200337
-3.14267 4.70561 -0.18821
-3.40582 7.90096 -0.202861
-3.56616 7.61728 -0.21251
-3.60933 7.70631 -0.215019
-8.83272 4.97384 -0.523575
-8.67144 5.23685 -0.514016
-7.04253 5.91076 -0.418113
-6.08307 -7.86261 -0.360708
-5.83201 -8.04169 -0.345827
-6.80084 -7.28128 -0.403244
-6.50028 -7.40897 -0.385523
-6.43289 -7.33566 -0.381617
-100.888 33.0007 49.2118
-4.33266 -6.88466 -0.25821
-4.11417 -7.01108 -0.245239
-4.16557 -7.09585 -0.248238
-3.79471 -6.95818 -0.226361
-3.74618 -6.87181 -0.223524
-3.57445 -7.06832 -0.213267
-4.71676 -6.15472 -0.28116
-4.52085 -6.2931 -0.269552
-4.57996 -6.37294 -0.273015
-9.89147 -2.42613 -0.586333
-10.1948 -0.306303 -0.604316
-5.03004 -5.12267 -0.299805
-5.26231 -5.03721 -0.313498
-4.22598 -5.89338 -0.252238
-4.47076 -5.84229 -0.266713
-4.40936 -5.7641 -0.263102
-0.94088 9.90826 -0.0557842
-1.25312 9.87526 -0.0742962
7.09952 -7.14242 0.420854
-3.53358 -5.28012 -0.211357
-3.36629 -5.38313 -0.201425
-3.41966 -5.46675 -0.204577
6.14578 -7.93976 0.364328
5.89219 -8.12074 0.349299
4.82452 -8.76598 0.286016
-3.48659 -8.08151 -0.207542
-1.56416 -9.83289 -0.0927382
-3.52704 -8.17176 -0.209883
-3.98928 -7.30341 -0.237713
-3.75788 -7.41932 -0.223963
-3.80385 -7.50702 -0.226638
8.83272 -4.97385 0.523576
9.96341 -2.1279 0.590598
9.26572 -4.15758 0.54924
10.1803 -0.612303 0.603455
-2.8345 -4.54569 -0.169912
9.89147 2.42613 0.586333
3.97487 -9.16318 0.235653
3.68379 -9.27833 0.218396
-3.16408 -6.27736 -0.189218
-5.38428 5.4735 -0.320658
-5.62765 5.37703 -0.335003
-5.45524 5.54355 -0.324829
-4.71745 6.99603 -0.280876
-4.9355 6.85134 -0.293803
-4.99492 6.93096 -0.297269
4.54552 8.90687 0.269478
-3.07331 6.10137 -0.183876
-2.83451 4.54568 -0.169912
-5.81067 5.89318 -0.34569
-5.99395 5.7158 -0.356515
-6.06734 5.78342 -0.360818
-6.95554 7.0044 -0.412497
-7.32168 6.92567 -0.434021
-7.0275 7.07344 -0.416675
-9.61964 3.30592 -0.57022
-9.7195 3.01542 -0.576139
-7.46067 -6.63782 -0.442341
-6.81176 -6.86618 -0.404141
-6.73995 -6.797 -0.399964
-6.45264 -6.92492 -0.383026
-6.03646 -6.49571 -0.358775
-6.3816 -6.45032 -0.379083
-6.31008 -6.38084 -0.374907
-3.43691 -7.35004 -0.204986
-0.314024 -9.94602 -0.0186183
-3.47996 -7.43913 -0.207494
-5.55305 -5.99294 -0.330498
-5.48417 -5.92095 -0.32646
-5.29487 -6.08274 -0.315267
-5.20906 -5.63257 -0.31031
-5.27778 -5.70473 -0.314347
-5.52624 -5.61357 -0.329001
-6.62514 -5.92453 -0.393583
-6.36129 -6.05346 -0.378034
-6.14076 -5.851 -0.365122
-6.4738 -5.79418 -0.384722
-6.3982 -5.72893 -0.380292
-5.42805 -6.23077 -0.323068
-5.16485 -6.3147 -0.307535
-5.4947 -6.30473 -0.326969
-5.87009 -5.2709 -0.349289
-5.94542 -5.33647 -0.353717
-6.21422 5.91853 -0.369426
-6.14076 5.851 -0.365122
-6.3982 5.72893 -0.380292
-5.77188 7.96261 -0.342357
-6.02045 7.78539 -0.357089
-5.83201 8.04169 -0.345828
-0.31403 9.94602 -0.0186182
3.38919 -9.38469 0.200933
7.94569 -6.23686 0.471004
7.82958 -102.461 48.8056
-2.99371 -4.79713 -0.179364
-3.08696 -4.62345 -0.184904
10.1561 -0.917745 0.602022
-3.36585 -5.03404 -0.201435
-3.52228 -4.93116 -0.210713
-3.81386 -5.68977 -0.227899
-3.70164 -5.52598 -0.221281
-3.57995 -5.7175 -0.214036
3.09138 -9.48216 0.183279
-3.14533 5.39579 -0.188308
-4.34961e-07 9.95074 -2.63491e-08
-3.52648 5.63394 -0.210883
-3.70164 5.52598 -0.221281
-3.57995 5.7175 -0.214036
2.18154 9.7202 0.12934
1.87375 9.78119 0.111091
-3.02797 6.01335 -0.181205
-3.04684 4.88091 -0.182515
-3.95232 4.8646 -0.23617
-3.88888 -4.78797 -0.232417
-3.95232 -4.8646 -0.23617
-9.81014 -2.72207 -0.581512
-6.02078 -5.40199 -0.358146
-9.7195 -3.01542 -0.576139
-3.91955 -5.13753 -0.234225
-3.75625 -5.25233 -0.224551
-3.98064 -5.21596 -0.237834
-5.5545 5.30914 -0.330702
-5.87009 5.2709 -0.349289
-3.73649 4.90208 -0.2234
-3.67553 4.82355 -0.219792
-3.73648 -4.90209 -0.2234
-3.61461 4.74499 -0.216184
-3.52305 7.52822 -0.210002
-6.80356 6.45708 -0.403867
-7.1562 6.37917 -0.424606
-6.87744 6.52418 -0.408174
-5.40833 5.17325 -0.3221
-10.1561 0.917744 -0.602022
-10.1223 1.2223 -0.600018
-9.96341 2.12791 -0.590598
-7.38448 -6.57324 -0.437907
-7.66675 -6.41045 -0.454551
-7.51042 -6.28586 -0.44544
-7.23225 -6.44392 -0.429039
-7.30834 -6.5086 -0.433473
-7.43233 -6.22349 -0.440885
-7.78546 -6.1171 -0.461657
-6.29827 -7.18892 -0.373806
-6.59177 -7.06761 -0.391112
-6.52218 -6.99629 -0.387068
-4.57843 -7.77301 -0.272244
-4.52666 -7.68847 -0.269241
-4.28247 -7.82052 -0.25475
-4.59368 -5.99857 -0.273935
-4.34381 -6.05336 -0.259163
-4.40278 -6.1333 -0.262625
-6.16717 -6.24174 -0.366558
-6.09578 -6.17212 -0.362384
-5.89812 -6.35228 -0.350695
-5.29336 -6.46662 -0.315053
-5.5614 -6.37865 -0.33087
-6.24711 -5.59829 -0.371433
-6.28773 -5.98602 -0.37373
-6.54946 -5.85938 -0.389152
-3.11869 6.18937 -0.186546
-3.30053 6.54119 -0.197232
-3.5041 6.43963 -0.209343
-3.34609 6.6291 -0.199904
-3.39392 7.26092 -0.202479
-3.35095 7.17178 -0.199972
-4.58871 5.6293 -0.273718
-4.65255 5.7056 -0.277474
-4.40936 5.7641 -0.263102
-2.48728 -9.64998 -0.147465
-4.73405 -8.02647 -0.281251
-4.52812 -8.25069 -0.268956
-4.57738 -8.33665 -0.271799
-2.18155 -9.7202 -0.12934
-3.58071 -5.01149 -0.214172
-3.47764 -5.19812 -0.20805
-3.31115 -6.0935 -0.198002
-3.35933 -6.18007 -0.200837
4.54553 -8.90687 0.269478
4.26222 -9.03931 0.252686
-3.26301 6.00691 -0.195168
2.48727 9.64998 0.147465
-3.29739 5.65138 -0.197291
-1.87375 9.78119 -0.111092
-4.71645 5.78186 -0.281231
-4.78038 5.85808 -0.284988
-4.5322 5.92045 -0.270324
4.82451 8.76599 0.286016
-4.66076 -5.05401 -0.278022
-4.49929 -5.19141 -0.268486
-4.72917 -5.12646 -0.282058
-3.2149 5.92031 -0.192334
-9.89147 2.42613 -0.586333
-4.30128 -4.9678 -0.256797
-4.0793 -5.01779 -0.243678
-4.14285 -5.09433 -0.247432
-4.27004 -5.24734 -0.254941
-4.36725 -5.04237 -0.260693
-4.20643 -5.17085 -0.251186
-6.50028 7.40896 -0.385523
-6.73109 7.21011 -0.3992
-6.80084 7.28128 -0.403244
-5.57541 8.21316 -0.330619
-9.39265 3.87727 -0.556764
-9.51066 3.5933 -0.563759
-6.24711 5.59829 -0.371433
-6.02444 6.10244 -0.35821
-6.09578 6.17212 -0.362384
-5.82902 6.2805 -0.346655
-10.0789 1.52571 -0.597444
-5.4814 5.24122 -0.326401
-5.17163 5.26312 -0.308145
-5.00316 5.41589 -0.2982
-4.93461 5.34358 -0.294164
-6.85248 -6.11968 -0.406877
-7.19832 -6.03601 -0.427221
-6.66141 -7.13889 -0.395155
-6.92834 -6.18463 -0.411309
-6.58222 -6.2555 -0.390949
-8.83272 -4.97384 -0.523575
-7.97497 -5.8802 -0.472881
-6.19831 -7.52547 -0.367718
-6.26333 -7.60078 -0.371482
-4.08709 -8.68434 -0.242633
-4.31242 -8.47011 -0.256081
-6.23103 -7.11549 -0.369901
-6.06841 -7.37473 -0.36019
-6.10571 -6.56736 -0.362816
-5.47201 -7.56658 -0.325008
-5.77043 -7.47613 -0.342614
-5.70806 -7.3987 -0.338996
-5.45524 -5.54355 -0.324829
-4.348 -5.68589 -0.259492
-4.10832 -5.73329 -0.245315
-4.16713 -5.81335 -0.248776
6.39353 -7.75127 0.379012
-5.48647 -6.6942 -0.326333
-5.69495 -6.52636 -0.338674
-5.42205 -6.61838 -0.322572
-5.34653 -5.77684 -0.318385
-5.41533 -5.84891 -0.322422
-5.59729 -5.68353 -0.333172
-9.61964 -3.30592 -0.570219
-6.73146 -5.65966 -0.399902
-6.80917 -5.72251 -0.404454
-6.14578 -7.93977 -0.364328
-4.17316 -8.20774 -0.248048
-3.99982 -8.50671 -0.23761
-4.21953 -8.29522 -0.250725
-3.98815 -7.85756 -0.23734
-3.7391 -7.97331 -0.222547
-3.78243 -8.06227 -0.225056
-1.87375 -9.78119 -0.111091
-3.2223 -6.90426 -0.192452
-3.26514 -6.99345 -0.194958
-3.43733 -6.80484 -0.205248
-4.23534 -4.89321 -0.2529
0.940897 -9.90826 0.0557836
1.25312 -9.87526 0.0742965
8.13889 -5.99514 0.482453
-4.20786 -6.26217 -0.251067
-4.00908 -6.38508 -0.239272
-4.06291 -6.46841 -0.242427
-3.19598 5.481 -0.191302
-3.15319 5.0484 -0.188817
-3.41965 5.46675 -0.204577
-3.58957 5.3621 -0.214665
-3.47305 5.55035 -0.20773
-3.72993 8.6227 -0.221592
-3.53212 8.91319 -0.209707
-2.79066 9.57061 -0.16545
-3.48659 8.08151 -0.207542
-2.18155 9.7202 -0.12934
-3.56753 8.26198 -0.212224
-3.60807 8.35219 -0.214566
-4.4988 8.81957 -0.266798
-3.97489 9.16317 -0.235653
-3.68378 9.27833 -0.218396
-3.93394 9.07314 -0.233308
-4.16558 7.09584 -0.248238
-3.98928 7.30341 -0.237713
-4.11418 7.01107 -0.245239
-3.39168 6.71698 -0.202576
-3.43731 6.80485 -0.205248
-3.69771 5.17207 -0.221091
-3.79748 4.98059 -0.227008
-3.8585 5.05907 -0.230616
-10.1996 -8.91679e-07 -0.604602
-10.1948 0.306304 -0.604316
-5.26231 5.03721 -0.313498
-3.99981 8.50672 -0.23761
-3.95625 8.41787 -0.235099
-4.17316 8.20774 -0.248048
-3.6392 5.09179 -0.217631
-5.69095 6.1368 -0.338576
-5.42805 6.23077 -0.323068
-5.62198 6.06489 -0.334537
-5.88189 5.96298 -0.349863
-5.05438 7.01054 -0.300736
-5.3349 6.93333 -0.317298
-5.17347 7.16959 -0.307669
-5.23307 7.24906 -0.311136
-5.52125 7.1662 -0.328145
-5.29273 7.3285 -0.314603
-4.30128 4.9678 -0.256797
-4.23534 4.89321 -0.2529
-3.98065 5.21595 -0.237833
-4.04178 5.29435 -0.241442
-3.87346 5.41275 -0.231471
-7.53691 6.70233 -0.446776
-7.24753 6.85887 -0.429712
-5.36852 8.45941 -0.318261
-5.09893 8.61678 -0.302282
-5.31355 8.37683 -0.315097
-6.73146 5.65966 -0.399902
-6.80917 5.72251 -0.404454
-6.4738 5.79418 -0.384722
-5.94542 5.33647 -0.353717
-6.02079 5.40199 -0.358146
-5.70083 5.44486 -0.339305
-9.81014 2.72207 -0.581512
-4.3337 5.32379 -0.258696
-4.4993 5.19141 -0.268486
-4.56538 5.26588 -0.272383
-6.09619 5.46747 -0.362574
-10.1803 0.612307 -0.603455
-4.79761 -5.19887 -0.286093
-10.0259 1.82767 -0.594303
-9.13 -4.43395 -0.541196
-8.98563 -4.70612 -0.532638
-6.88691 -5.78531 -0.409007
-6.80356 -6.45708 -0.403867
-6.5248 -6.58913 -0.387434
-6.87744 -6.52418 -0.408174
-7.58856 -6.34819 -0.449995
-8.05691 -5.9377 -0.477667
-7.70539 -6.05714 -0.456984
-6.09671 -6.96847 -0.362092
-5.87398 -7.14827 -0.348901
-6.16385 -7.042 -0.365997
-6.36556 -7.26232 -0.377712
-4.87613 -6.7717 -0.290338
-4.9355 -6.85134 -0.293803
-5.14897 -6.70013 -0.306452
-4.12683 -8.12024 -0.24537
-3.91273 -8.32899 -0.232587
-5.36852 -8.45941 -0.318261
-4.82111 -7.63204 -0.286639
-4.76663 -7.54912 -0.283479
-6.02964 -6.89489 -0.358188
-6.72974 -6.38994 -0.399561
-6.45318 -6.51975 -0.383258
-6.65379 -5.59676 -0.39535
-6.65596 -6.32274 -0.395255
-5.1139 -7.09009 -0.304202
-5.17346 -7.1696 -0.307668
-5.39697 -7.011 -0.320913
-5.22834 -6.00867 -0.311367
-4.83008 -5.56342 -0.287973
-4.43389 -6.58864 -0.264313
-4.54719 -6.75169 -0.270937
-4.69829 -6.53254 -0.279943
-5.70083 -5.44486 -0.339305
-6.43489 -6.12086 -0.382339
-4.5249 -5.55297 -0.269962
-4.76384 -5.48909 -0.284075
-4.69765 -5.41472 -0.280177
-4.10295 -5.37271 -0.245052
-4.3337 -5.3238 -0.258696
-9.26572 -4.15758 -0.54924
-5.81067 -5.89318 -0.34569
-6.06734 -5.78342 -0.360818
-3.25502 6.45326 -0.19456
-3.30803 7.08263 -0.197465
-4.60355 7.30017 -0.274001
-4.42326 7.51929 -0.263239
-4.37163 7.43465 -0.260238
-4.83804 -8.19529 -0.287258
-4.89011 -8.27966 -0.290262
-4.94223 -8.36399 -0.293267
-4.67608 -8.50848 -0.277484
-4.04343 -8.59554 -0.240121
-3.8114 -8.80293 -0.226277
-4.37163 -7.43465 -0.260238
-4.13567 -7.56208 -0.24623
-4.18457 -7.64825 -0.249069
-5.63303 -8.294 -0.333938
-5.17361 -7.64615 -0.307396
-5.23086 -7.72726 -0.310712
-3.62025 -7.1561 -0.215941
-3.84328 -7.04453 -0.229198
-3.56752 -8.26199 -0.212224
-2.79065 -9.57061 -0.165451
-3.64864 -8.44238 -0.216907
0.627755 -9.93185 0.0372187
0.314024 -9.94602 0.0186183
-4.63149 -5.34032 -0.27628
-4.46113 -5.47661 -0.266206
-4.52407 -4.90902 -0.269953
-4.59241 4.98153 -0.273988
-4.52407 4.90902 -0.269953
-3.52227 4.93116 -0.210713
-3.69771 -5.17208 -0.221091
-3.63919 -5.0918 -0.217631
-3.98247 -5.93525 -0.237826
-3.79421 -6.05149 -0.226651
-3.16682 -5.83368 -0.1895
-3.0733 -6.10138 -0.183876
-3.26301 -6.00692 -0.195168
-3.04412 -5.2253 -0.182321
-3.14532 -5.39579 -0.188308
-3.09471 -5.31055 -0.185314
-3.31296 5.29947 -0.198272
-3.36629 5.38312 -0.201425
-3.68926 8.53255 -0.219249
-3.86925 8.24011 -0.230077
-3.91272 8.329 -0.232587
-3.73909 7.97331 -0.222546
-3.52704 8.17176 -0.209883
-3.69579 7.88433 -0.220037
-2.48727 9.64998 -0.147465
-4.08709 8.68434 -0.242634
-3.89305 8.9831 -0.230964
-3.8522 8.89303 -0.228621
-4.28248 7.82051 -0.25475
-4.08056 8.0327 -0.242693
-4.03433 7.94515 -0.240016
-3.31116 6.0935 -0.198002
-3.44979 5.90677 -0.206276
-4.14285 5.09433 -0.247432
-3.91956 5.13753 -0.234225
-3.34815 5.73653 -0.200286
-3.53359 5.28012 -0.211357
-4.39739 -5.40022 -0.262451
-4.56538 -5.26588 -0.272383
-4.66077 5.05401 -0.278022
-4.01579 4.94121 -0.239923
-4.07931 5.01778 -0.243677
-4.22599 5.89338 -0.252238
-4.47076 5.84229 -0.266713
-4.28489 5.97338 -0.2557
-3.64559 5.44405 -0.217973
-4.77431 7.07741 -0.28419
-7.19832 6.03601 -0.427221
-7.46549 5.8769 -0.442968
-7.54542 5.93704 -0.44764
-4.71223 7.46617 -0.280319
-4.76664 7.54912 -0.283479
-4.52666 7.68847 -0.269242
-6.56773 7.48221 -0.38943
-6.63523 7.55541 -0.393337
-6.3284 7.67605 -0.375247
-3.62025 7.1561 -0.215941
-3.43692 7.35004 -0.204986
-4.54719 6.75168 -0.270937
-4.75753 6.61229 -0.283408
-4.6039 6.83316 -0.27425
-6.38316 6.8535 -0.378983
-6.16385 7.042 -0.365997
-6.09671 6.96847 -0.362092
-5.65178 7.80431 -0.335416
-5.83285 7.55351 -0.346232
-5.89533 7.63084 -0.34985
-6.36555 7.26232 -0.377711
-6.06842 7.37473 -0.36019
-6.29827 7.18892 -0.373806
-4.82451 8.76599 -0.286016
-9.13001 4.43395 -0.541196
-9.26572 4.15758 -0.54924
-8.98563 4.70612 -0.532638
-5.34653 5.77684 -0.318385
-5.52624 5.61357 -0.329001
-5.59729 5.68353 -0.333172
-6.96471 5.84807 -0.41356
-6.32264 5.66363 -0.375862
-5.55093 6.76998 -0.330093
-5.27287 6.85564 -0.313682
-5.48647 6.6942 -0.326332
-4.348 5.68589 -0.259492
-5.18936 4.96912 -0.309198
-5.03005 5.12267 -0.299805
-7.46549 -5.87691 -0.442968
-5.76179 -6.60015 -0.342576
-7.27628 -6.09855 -0.431775
-7.00425 -6.24954 -0.415741
-7.02532 -6.65822 -0.416788
-6.24434 -6.71053 -0.370899
-5.9626 -6.82127 -0.354285
-6.95136 -6.59123 -0.41248
-7.62539 -5.99712 -0.452312
-7.35428 -6.16104 -0.43633
-7.1562 -6.37918 -0.424606
-7.0802 -6.31438 -0.420173
-6.32841 -7.67605 -0.375247
-5.83285 -7.55351 -0.346232
-4.96347 -6.4666 -0.295611
-5.02526 -6.54448 -0.299225
-3.84986 -7.59469 -0.229313
-4.03803 -7.38966 -0.240551
-5.89532 -7.63085 -0.34985
-5.59179 -7.72512 -0.331946
-6.13334 -7.45012 -0.363954
-5.29275 -7.32849 -0.314603
-5.05928 -7.48383 -0.300764
-5.35245 -7.4079 -0.318071
-5.52125 -7.1662 -0.328145
-6.38316 -6.8535 -0.378983
-5.80927 -7.07269 -0.345139
-5.82868 -6.6739 -0.346479
-5.89561 -6.74761 -0.350381
-5.36144 -6.15677 -0.319167
-5.62198 -6.06489 -0.334537
-6.21423 -5.91853 -0.369426
-5.75996 -6.20867 -0.342615
-5.74461 -6.99708 -0.341377
-5.45909 -7.08861 -0.324529
-6.175 -6.63896 -0.366857
-4.27863 -6.80146 -0.255053
-5.08709 -6.62233 -0.302838
-4.75752 -6.61229 -0.283408
-4.90173 -6.38868 -0.291998
-4.89636 -5.63772 -0.291871
-4.71644 -5.78186 -0.281231
-4.96267 -5.71199 -0.29577
-4.15144 -6.18049 -0.247756
-5.69095 -6.1368 -0.338576
-5.84731 -5.58042 -0.347909
-6.09619 -5.46747 -0.362574
-5.7395 -5.82334 -0.341517
-5.92061 -5.64813 -0.352212
-6.17163 -5.5329 -0.367003
-5.10066 -6.23869 -0.303776
-5.03652 -6.16265 -0.300018
-3.90901 -6.67173 -0.233245
-3.96023 -6.75661 -0.236243
-3.94057 -7.21715 -0.234875
-5.31335 -5.40342 -0.316486
-6.9647 -5.84807 -0.41356
-3.50065 5.99186 -0.209271
-4.20643 5.17085 -0.251186
-4.36725 5.04237 -0.260693
-4.88815 -7.24008 -0.290818
-4.83121 -7.15876 -0.287504
-4.63026 -7.85752 -0.275245
-4.87562 -7.71492 -0.289799
-4.03432 -7.94516 -0.240017
-4.2335 -7.73439 -0.251909
-3.94201 -7.76997 -0.234664
-3.60806 -8.35219 -0.214565
-5.20375 -8.21156 -0.30877
-5.25862 -8.29421 -0.311934
-3.09137 -9.48216 -0.183279
-3.72993 -8.6227 -0.221591
-5.09894 -8.61678 -0.302282
-5.03944 -7.9634 -0.299283
-3.40582 -7.90096 -0.202861
-3.65254 -7.79534 -0.217528
-3.56618 -7.61727 -0.21251
-0.940892 -9.90826 -0.0557834
-0.62775 -9.93185 -0.0372184
-3.52304 -7.52822 -0.210002
-3.3655 -7.81066 -0.200521
-3.38918 -9.3847 -0.200933
-3.68926 -8.53255 -0.219249
1.18661e-07 -9.95074 7.18828e-09
-4.58871 -5.6293 -0.273718
-4.86609 -5.27125 -0.290128
-4.16415 -5.45105 -0.248661
-3.61461 -4.74499 -0.216184
-3.46386 -4.85081 -0.207254
-3.36586 5.03404 -0.201436
-3.31001 4.95197 -0.198129
-3.19597 -5.48101 -0.191302
-3.15319 -5.0484 -0.188817
-3.80668 -6.50191 -0.22725
-3.9553 -6.30172 -0.236116
-3.70451 -6.33199 -0.221256
-3.55243 -6.52612 -0.212178
-3.24666 -5.56621 -0.194296
-3.2974 -5.65137 -0.197291
-3.34816 -5.73653 -0.200286
-3.6025 -6.16197 -0.215263
-3.45581 -6.35314 -0.206507
-3.65349 -6.24699 -0.218259
-3.25502 -6.45326 -0.19456
2.79065 -9.57061 0.165451
-3.30803 -7.08263 -0.197464
6.87062 -7.35241 0.407289
-3.67553 -4.82355 -0.219792
-3.08695 4.62345 -0.184904
-2.99371 4.79713 -0.179364
-3.44619 7.99124 -0.205201
-3.35933 6.18007 -0.200837
-4.04955 5.65319 -0.241853
-4.2254 5.52936 -0.252271
-4.10833 5.73328 -0.245315
-4.65786 7.38319 -0.27716
-4.47494 7.60389 -0.26624
-4.18457 7.64825 -0.249069
-3.77064 8.71282 -0.223934
-4.17456 8.86187 -0.247659
-4.1308 8.77311 -0.245146
-4.35894 8.55752 -0.25876
-4.47889 8.16471 -0.266114
-4.42971 8.07871 -0.263272
-4.63025 7.85753 -0.275246
-4.26596 8.38268 -0.253403
-4.04342 8.59555 -0.240122
-4.21954 8.29522 -0.250725
-3.39895 5.82166 -0.203281
-3.20642 5.13211 -0.191968
-3.85849 -5.05907 -0.230616
-4.10295 5.37271 -0.245052
-4.27005 5.24734 -0.254941
-3.99082 5.57307 -0.238392
-3.87003 5.77162 -0.231208
-4.43325 -5.11691 -0.264589
-4.88862 -4.98207 -0.291465
-4.93461 -5.34358 -0.294164
-4.43325 5.11691 -0.264589
-5.33531 5.10525 -0.317799
-5.10082 5.19291 -0.303975
-6.87064 7.35239 -0.407288
-7.9457 6.23685 -0.471003
-7.74497 6.47267 -0.459107
-7.66675 6.41045 -0.454551
-8.13889 5.99514 -0.482453
-7.00425 6.24954 -0.415741
-6.65595 6.32274 -0.395255
-6.92834 6.18463 -0.411309
-5.00219 7.40261 -0.297448
-4.94514 7.32136 -0.294133
-4.88815 7.24008 -0.290819
-4.77498 8.68017 -0.283171
-4.94224 8.36398 -0.293266
-4.72551 8.59434 -0.280327
-4.67608 8.50847 -0.277484
-5.10066 6.23869 -0.303776
-4.84004 6.31072 -0.288385
-5.03652 6.16264 -0.300018
-5.61543 6.84572 -0.333854
-5.89562 6.74761 -0.350382
-5.68 6.92142 -0.337615
-6.31008 6.38084 -0.374908
-6.3816 6.45032 -0.379083
-5.22907 6.39069 -0.311294
-5.0871 6.62232 -0.302839
-5.02527 6.54447 -0.299225
-6.45318 6.51975 -0.383258
-6.5248 6.58913 -0.387434
-6.24434 6.71053 -0.370899
-5.42205 6.61838 -0.322572
-5.14898 6.70013 -0.306453
-5.35768 6.54252 -0.318812
-4.83008 5.56342 -0.287973
-5.07176 5.48815 -0.302237
-4.93017 7.79778 -0.29296
-4.98479 7.8806 -0.296122
-4.73405 8.02647 -0.281251
-5.28814 7.80834 -0.314029
-5.3455 7.88937 -0.317346
-5.09416 8.04615 -0.302446
-5.95786 7.70814 -0.35347
-5.8922 8.12073 -0.349299
-6.14578 7.93976 -0.364328
-6.88691 5.78531 -0.409007
-5.92061 5.64813 -0.352212
-5.7395 5.82334 -0.341517
-5.66838 5.75346 -0.337344
-6.70087 5.98963 -0.398014
-6.77666 6.05468 -0.402445
-4.90174 6.38867 -0.291998
-4.84435 5.93428 -0.288745
-5.02903 5.78621 -0.299669
-5.09542 5.8604 -0.303568
-4.83121 7.15876 -0.287504
-5.20906 5.63257 -0.31031
-4.96267 5.71199 -0.29577
-6.65379 5.59675 -0.39535
-5.56141 6.37864 -0.330871
-5.29336 6.46662 -0.315053
-5.4947 6.30473 -0.326969
-4.72917 5.12646 -0.282058
-4.79762 5.19886 -0.286093
-7.54541 -5.93704 -0.44764
-6.2386 -6.31131 -0.370733
-5.96727 -6.42402 -0.354735
-6.39353 -7.75127 -0.379012
-4.47493 -7.60389 -0.26624
-4.4789 -8.16471 -0.266114
-5.23308 -7.24906 -0.311136
-5.93874 -7.2238 -0.352664
-5.64573 -7.32125 -0.335379
-5.99395 -5.71579 -0.356515
-5.61544 -6.84572 -0.333854
-4.26431 -6.34383 -0.254377
-5.2109 -6.77791 -0.310067
-4.99492 -6.93096 -0.297269
-5.05438 -7.01054 -0.300735
-4.77431 -7.07741 -0.28419
-5.68 -6.92142 -0.337615
-4.6391 -6.45276 -0.276479
-4.77839 -6.23273 -0.284772
-4.3208 -6.42546 -0.257689
-4.09508 -6.09877 -0.244446
-4.66066 -6.91461 -0.277563
-4.04955 -5.65319 -0.241853
-3.99081 -5.57308 -0.238392
-4.2254 -5.52936 -0.252271
-4.65255 -5.7056 -0.277474
-5.66838 -5.75346 -0.337344
-4.5322 -5.92045 -0.270324
-4.97241 -6.08657 -0.29626
-5.16186 -5.93456 -0.307467
-3.942 7.76997 -0.234664
-3.89591 7.68234 -0.231988
-4.13567 7.56208 -0.24623
-3.60786 -9.09581 -0.214051
-3.8522 -8.89303 -0.228621
-4.68214 -7.94201 -0.278248
-4.93018 -7.79778 -0.29296
-4.42326 -7.51929 -0.263239
-4.60355 -7.30018 -0.274001
-4.42971 -8.07871 -0.263272
-3.34608 -6.6291 -0.199904
-3.89191 -7.13085 -0.232036
-3.71196 -7.33161 -0.221289
-3.68379 -9.27833 -0.218396
-4.54553 -8.90687 -0.269478
-4.49879 -8.81958 -0.266799
-4.26222 -9.03931 -0.252686
-5.95786 -7.70814 -0.353469
-5.77187 -7.96261 -0.342356
-5.71179 -7.88349 -0.338886
-5.51786 -8.13227 -0.3273
-5.09416 -8.04615 -0.302445
-3.77063 -8.71283 -0.223934
-3.56996 -9.00451 -0.211879
-3.64579 -9.18708 -0.216223
-4.26596 -8.38268 -0.253403
-3.50411 -6.43963 -0.209342
-3.5287 -6.98052 -0.210594
-3.35096 -7.17178 -0.199972
-3.87346 -5.41276 -0.231471
-3.81484 -5.33256 -0.228011
-3.2542 -4.86987 -0.194822
-3.31001 -4.95197 -0.198129
-4.11678 -6.55171 -0.245583
-3.687 -5.88454 -0.220343
-3.74058 -5.96803 -0.223497
-3.87003 -5.77162 -0.231207
-4.0115 -6.84146 -0.239241
2.18155 -9.7202 0.12934
-3.48299 -6.89269 -0.207921
2.48728 -9.64998 0.147465
5.63304 -8.294 0.333938
5.36852 -8.45941 0.318261
-3.82582 8.1512 -0.227566
-3.57446 7.06832 -0.213267
-3.64864 8.44238 -0.216907
-4.52811 8.2507 -0.268956
-3.71197 7.3316 -0.221289
-3.66609 7.24387 -0.218614
-3.8114 8.80294 -0.226277
-3.60787 9.0958 -0.214051
-3.03127 4.54127 -0.181599
-3.03127 -4.54127 -0.181598
-3.84986 7.59469 -0.229313
-3.80385 7.50702 -0.226638
-4.6983 6.53254 -0.279943
-4.46113 5.47661 -0.266206
-4.63149 5.34032 -0.27628
-4.28668 5.60764 -0.255881
-7.46067 6.63782 -0.442341
-7.17341 6.79205 -0.425403
-7.86555 6.17701 -0.46633
-6.72974 6.38994 -0.399561
-5.58347 7.24374 -0.331762
-5.80927 7.07269 -0.345139
-5.87398 7.14826 -0.348901
-5.41221 7.48726 -0.32154
-5.35245 7.4079 -0.318071
-4.54928 7.21713 -0.270842
-4.32005 7.34999 -0.257238
-4.49506 7.13405 -0.267683
-5.63303 8.294 -0.333938
-4.57738 8.33665 -0.271798
-4.6267 8.42258 -0.274641
-4.78602 8.11089 -0.284254
-5.03944 7.96339 -0.299284
-4.83804 8.19529 -0.287258
-5.84731 5.58042 -0.34791
-6.85248 6.11968 -0.406877
-6.58222 6.2555 -0.390949
-5.62816 6.45252 -0.334772
-6.45264 6.92492 -0.383026
-6.66818 6.72777 -0.395787
-6.02964 6.89489 -0.358188
-5.74461 6.99708 -0.341377
-5.75996 6.20867 -0.342615
-5.82868 6.67391 -0.346479
-5.76179 6.60015 -0.342576
-6.31373 6.78204 -0.374941
-5.45908 7.08862 -0.324529
-6.39353 7.75127 -0.379012
-7.12041 5.97341 -0.422667
-6.62514 5.92453 -0.393583
-6.17164 5.5329 -0.367003
-5.14039 5.56038 -0.306273
-3.48299 6.89269 -0.207921
-5.24247 5.33328 -0.312316
-5.95314 -6.03274 -0.354036
-5.88189 -5.96298 -0.349863
-5.53188 -7.64586 -0.328477
-5.40289 -7.97038 -0.320664
-5.3455 -7.88937 -0.317346
-4.38675 -6.96782 -0.261367
-4.22465 -6.71823 -0.251896
-4.17069 -6.63499 -0.248739
-4.65786 -7.38319 -0.27716
-4.94513 -7.32137 -0.294133
-5.41221 -7.48726 -0.321539
-6.00355 -7.29928 -0.356426
-5.82901 -6.2805 -0.346655
-4.49505 -7.13406 -0.267684
-4.71747 -6.99602 -0.280876
-5.27288 -6.85563 -0.313682
-4.32004 -7.34999 -0.257238
-4.28488 -5.97338 -0.2557
-4.84435 -5.93428 -0.288745
-4.65521 -6.07665 -0.277547
-3.93212 -5.49293 -0.234931
-5.09542 -5.8604 -0.303568
-5.02903 -5.78621 -0.299669
-6.02444 -6.10244 -0.35821
-5.77405 -5.51266 -0.343607
-5.14039 -5.56038 -0.306273
-4.28668 -5.60764 -0.255881
-3.55156 6.07693 -0.212267
-4.16713 5.81335 -0.248776
-3.86926 -8.24011 -0.230076
-3.82582 -8.1512 -0.227566
-4.98479 -7.8806 -0.296121
-1.25312 -9.87526 -0.0742963
-3.6958 -7.88433 -0.220037
-3.97487 -9.16318 -0.235653
-4.35895 -8.55751 -0.25876
-4.77498 -8.68018 -0.283172
-4.7255 -8.59434 -0.280328
-4.82452 -8.76598 -0.286016
-5.04665 -8.53255 -0.299276
-5.14892 -8.12888 -0.305608
-4.78602 -8.11089 -0.284254
-4.17456 -8.86187 -0.247659
-4.16944 4.81857 -0.249005
-3.39895 -5.82166 -0.20328
-3.85782 -6.58683 -0.230247
-3.44978 -5.90677 -0.206276
-3.50065 -5.99187 -0.209271
-3.64922 -6.69901 -0.217851
-3.69768 -6.78542 -0.220687
-3.63346 -5.80103 -0.217189
-3.92624 -5.85345 -0.234516
-3.17949 -6.81504 -0.189946
-3.11879 -5.74704 -0.186666
5.09894 -8.61678 0.302282
-3.40755 -6.26661 -0.203672
-4.15145 6.18048 -0.247756
-4.20786 6.26217 -0.251067
-4.00909 6.38508 -0.239271
-3.78243 8.06226 -0.225056
-3.98814 7.85757 -0.23734
-3.40756 6.26661 -0.203672
-4.12684 8.12023 -0.24537
-4.8211 7.63204 -0.286639
-5.05928 7.48383 -0.300763
-4.8756 7.71493 -0.2898
-5.17361 7.64615 -0.307396
-4.21836 8.95061 -0.250172
-2.97561 -4.45906 -0.178293
-5.31335 5.40342 -0.316486
-4.86609 5.27125 -0.290129
-7.38448 6.57324 -0.437907
-8.32436 5.74773 -0.493445
-7.70539 6.05714 -0.456984
-7.62539 5.99712 -0.452312
-7.30834 6.5086 -0.433473
-7.58856 6.34818 -0.449995
-7.51042 6.28586 -0.44544
-8.50193 5.4949 -0.50397
-5.23085 7.72727 -0.310712
-4.43391 6.58863 -0.264313
-4.63911 6.45275 -0.276479
-4.87613 6.77169 -0.290338
-4.99442 8.44828 -0.296271
-5.04665 8.53255 -0.299276
-5.16485 6.31471 -0.307535
-3.96023 6.75661 -0.236243
-4.17069 6.63499 -0.248739
-4.22464 6.71824 -0.251896
-6.175 6.63896 -0.366857
-5.96727 6.42402 -0.354735
-5.89812 6.35227 -0.350695
-6.2386 6.31131 -0.370733
-6.26333 7.60079 -0.371482
-5.9626 6.82127 -0.354285
-6.03646 6.49571 -0.358775
-6.66141 7.13888 -0.395155
-6.88362 6.93532 -0.408319
-4.33267 6.88465 -0.25821
-5.2109 6.7779 -0.310067
-5.39697 7.01099 -0.320913
-6.08308 7.8626 -0.360708
-5.55305 5.99294 -0.330499
-6.36129 6.05346 -0.378034
-6.43489 6.12086 -0.382339
-5.95314 6.03273 -0.354036
-5.48417 5.92094 -0.32646
-5.77405 5.51266 -0.343607
-4.71678 6.15471 -0.28116
-4.59369 5.99856 -0.273936
-6.02045 -7.78539 -0.357088
-5.65177 -7.80432 -0.335416
-5.35768 -6.54252 -0.318812
-5.62816 -6.45252 -0.334772
-5.55094 -6.76997 -0.330093
-4.4618 -6.21321 -0.266088
-4.78037 -5.85809 -0.284988
-4.08683 -7.47588 -0.24339
-4.26851 -7.2653 -0.254237
-4.84004 -6.31072 -0.288384
-4.90837 -6.01043 -0.292502
-4.52086 6.29309 -0.269552
-4.4618 6.21321 -0.266088
-3.63346 5.80103 -0.217189
-3.75774 5.60789 -0.22459
-4.3974 5.40022 -0.262451
-3.81485 5.33255 -0.228011
-3.95625 -8.41787 -0.235098
-4.38058 -7.99267 -0.260431
-3.89591 -7.68234 -0.231988
-5.28815 -7.80833 -0.314029
-4.62672 -8.42257 -0.274641
-4.21837 -8.9506 -0.250172
-4.45213 -8.73225 -0.264118
-3.58958 -5.3621 -0.214665
-3.60081 -6.61258 -0.215014
-4.03876 6.01702 -0.241136
-3.90157 6.21833 -0.232961
-3.84787 6.13493 -0.229806
-3.60081 6.61257 -0.215014
-3.70452 6.33199 -0.221256
-3.75558 6.41696 -0.224253
-4.2335 7.7344 -0.251909
-3.45656 8.73052 -0.205364
-5.11642 7.56501 -0.30408
-4.57843 7.77301 -0.272243
-4.45214 8.73224 -0.264118
-5.40289 7.97037 -0.320664
-4.89636 5.63772 -0.291871
-7.09934 6.72516 -0.421096
-7.27628 6.09855 -0.431775
-8.05691 5.9377 -0.477667
-7.43233 6.22348 -0.440885
-7.23225 6.44392 -0.42904
-4.89011 8.27966 -0.290262
-4.68213 7.94201 -0.278248
-5.47202 7.56658 -0.325008
-5.93874 7.2238 -0.352664
-5.20374 8.21156 -0.30877
-5.46035 8.05134 -0.323982
-5.25862 8.29421 -0.311933
-3.89191 7.13084 -0.232036
-4.97242 6.08656 -0.29626
-4.77839 6.23273 -0.284772
-5.29487 6.08274 -0.315267
-6.16717 6.24173 -0.366558
-6.43289 7.33566 -0.381617
-6.1983 7.52548 -0.367718
-6.13333 7.45012 -0.363954
-5.77043 7.47613 -0.342614
-5.70806 7.39871 -0.338996
-7.02532 6.65822 -0.416788
-6.73995 6.797 -0.399964
-6.10571 6.56736 -0.362816
-6.28773 5.98603 -0.37373
-5.27778 5.70472 -0.314347
-5.36144 6.15678 -0.319167
-4.40278 6.1333 -0.262626
-4.90836 6.01044 -0.292502
-5.41533 5.84891 -0.322422
-5.16186 5.93456 -0.307468
-4.06281 -6.92628 -0.24224
-4.21703 -7.18059 -0.251238
-4.54929 -7.21712 -0.270842
-5.00218 -7.40262 -0.297448
-5.3349 -6.93334 -0.317297
-4.44088 -7.05095 -0.264525
-3.92623 5.85345 -0.234517
-3.98248 5.93524 -0.237826
-3.93212 5.49293 -0.234931
-4.16416 5.45105 -0.248661
-3.7942 6.05149 -0.226652
-3.74059 5.96803 -0.223497
-4.3315 -7.90661 -0.25759
-3.44618 -7.99124 -0.205201
-4.40551 -8.6449 -0.261439
-5.46034 -8.05134 -0.323981
-5.31354 -8.37683 -0.315097
-3.55156 -6.07693 -0.212267
-4.11678 6.55171 -0.245583
-3.90901 6.67173 -0.233245
-3.85782 6.58683 -0.230248
-3.79471 6.95818 -0.226361
-3.74617 6.87182 -0.223524
-4.57996 6.37294 -0.273015
-3.5287 6.98052 -0.210594
-4.66067 6.91461 -0.277563
-4.26431 6.34383 -0.254378
-3.17949 6.81505 -0.189946
-3.687 5.88454 -0.220343
-4.38059 7.99267 -0.260431
-4.40551 8.64489 -0.261439
-3.6458 9.18708 -0.216224
-6.95135 6.59123 -0.412481
-7.78546 6.1171 -0.461657
-5.59181 7.72511 -0.331946
-5.14893 8.12887 -0.305608
-5.53188 7.64586 -0.328477
-5.51786 8.13227 -0.3273
-5.7118 7.88348 -0.338886
-4.08683 7.47588 -0.24339
-4.44088 7.05095 -0.264525
-4.81681 6.69201 -0.286873
-4.96348 6.46659 -0.295611
-6.54946 5.85938 -0.389152
-6.59177 7.06761 -0.391112
-6.81176 6.86618 -0.404141
-6.52218 6.99629 -0.387068
-6.00356 7.29928 -0.356426
-5.69495 6.52636 -0.338674
-5.22834 6.00867 -0.311367
-5.57542 -8.21315 -0.330618
-3.45581 6.35313 -0.206507
-3.65349 6.24699 -0.218259
-3.60251 6.16197 -0.215263
-4.33151 7.9066 -0.25759
-7.0802 6.31438 -0.420173
-7.35429 6.16104 -0.43633
-5.64574 7.32124 -0.335379
-6.23103 7.11549 -0.369901
-4.21702 7.18059 -0.251238
-4.38676 6.96781 -0.261367
-4.03803 7.38966 -0.240552
-4.34381 6.05335 -0.259163
-3.95532 6.30171 -0.236116
-3.64923 6.69901 -0.21785
-4.31243 8.47011 -0.256081
-6.59647 6.65847 -0.39161
-4.37733 6.50706 -0.261001
-3.80668 6.50191 -0.22725
-4.09509 6.09876 -0.244446
-3.55244 6.52612 -0.212178
-4.49053 6.67017 -0.267624
-4.26851 7.2653 -0.254237
-3.94058 7.21714 -0.234874
-3.69768 6.78542 -0.220687
-4.27863 6.80146 -0.255053
-3.8433 7.04452 -0.229198
-4.06292 6.4684 -0.242427
-3.75789 7.41932 -0.223963
-4.01151 6.84145 -0.239241
-4.06282 6.92628 -0.24224
-4.3208 6.42546 -0.257689
3  0 1 2
3  3 4 5
3  6 7 8
3  9 10 11
3  3 5 12
3  13 14 15
3  12 5 16
3  17 0 2
3  13 18 19
3  20 21 22
3  23 24 25
3  26 27 28
3  29 9 30
3  31 29 32
3  33 34 35
3  36 37 38
3  39 40 41
3  37 4 42
3  27 26 43
3  6 44 45
3  0 26 1
3  17 46 47
3  27 48 28
3  48 27 43
3  31 32 49
3  13 50 51
3  20 10 52
3  53 54 55
3  49 32 56
3  29 54 32
3  20 57 21
3  20 58 59
3  24 60 44
3  37 57 61
3  62 63 64
3  65 66 67
3  43 0 23
3  68 3 69
3  70 71 72
3  24 44 73
3  38 33 74
3  70 75 38
3  0 17 60
3  76 77 73
3  60 17 78
3  79 80 81
3  2 1 82
3  1 26 82
3  83 84 85
3  83 86 63
3  26 0 43
3  76 71 87
3  86 28 13
3  13 28 18
3  88 58 89
3  15 14 90
3  31 10 29
3  10 9 29
3  91 32 92
3  4 57 93
3  93 57 94
3  93 94 95
3  96 97 98
3  11 10 88
3  10 57 52
3  57 20 52
3  99 17 100
3  58 101 102
3  57 4 61
3  4 37 61
3  103 104 105
3  57 37 106
3  91 54 107
3  108 109 110
3  77 87 111
3  48 43 23
3  7 112 8
3  77 76 87
3  7 6 45
3  72 71 113
3  114 33 115
3  75 112 38
3  116 42 117
3  4 3 118
3  71 76 113
3  70 112 75
3  37 42 38
3  106 37 36
3  119 79 81
3  120 121 122
3  112 72 8
3  112 70 72
3  119 123 67
3  7 124 80
3  83 62 125
3  2 82 126
3  17 2 127
3  78 128 129
3  130 131 132
3  26 133 134
3  0 60 23
3  60 24 23
3  50 135 51
3  136 137 138
3  15 139 140
3  86 13 15
3  109 141 110
3  54 29 30
3  30 9 142
3  54 30 109
3  5 4 91
3  91 4 143
3  32 4 56
3  49 56 95
3  57 10 94
3  94 10 95
3  15 141 139
3  144 89 145
3  58 10 59
3  10 20 59
3  103 146 104
3  17 127 147
3  58 20 101
3  101 20 22
3  106 112 39
3  112 7 39
3  54 50 12
3  12 50 148
3  28 48 18
3  44 76 73
3  72 6 8
3  124 60 78
3  44 60 124
3  6 72 44
3  4 118 114
3  114 118 35
3  68 71 149
3  118 3 68
3  71 150 149
3  71 70 150
3  112 106 38
3  106 36 38
3  38 42 116
3  70 38 74
3  65 57 66
3  151 152 153
3  40 39 79
3  80 124 81
3  154 155 156
3  26 28 157
3  128 17 129
3  78 17 128
3  57 41 158
3  159 160 161
3  162 26 134
3  131 134 163
3  83 157 164
3  157 28 164
3  165 19 166
3  18 48 19
3  90 110 167
3  141 15 90
3  108 110 168
3  110 135 168
3  30 141 109
3  90 14 110
3  30 142 144
3  9 11 144
3  32 54 92
3  54 91 92
3  54 5 107
3  5 91 107
3  4 32 143
3  32 91 143
3  4 93 56
3  56 93 95
3  10 31 95
3  31 49 95
3  10 58 88
3  11 88 89
3  169 83 170
3  171 172 173
3  89 58 145
3  174 175 176
3  57 106 41
3  106 39 41
3  5 54 16
3  54 12 16
3  3 87 177
3  3 12 148
3  178 50 111
3  24 73 25
3  87 3 178
3  3 148 179
3  148 50 178
3  25 165 166
3  76 44 113
3  44 72 113
3  115 116 117
3  114 115 117
3  42 4 117
3  4 114 180
3  34 114 35
3  33 114 34
3  87 71 69
3  71 68 69
3  118 150 35
3  150 70 35
3  150 118 149
3  118 68 149
3  33 35 74
3  35 70 74
3  44 124 45
3  124 7 45
3  124 78 129
3  81 124 129
3  79 39 80
3  39 7 80
3  26 157 133
3  157 83 133
3  181 182 183
3  184 176 185
3  186 187 188
3  134 133 163
3  189 100 190
3  58 102 191
3  41 40 158
3  192 193 194
3  2 126 187
3  62 83 63
3  195 64 120
3  15 140 64
3  28 86 164
3  86 83 164
3  14 135 110
3  135 50 53
3  135 14 51
3  14 13 51
3  50 54 196
3  108 168 55
3  142 9 144
3  11 89 144
3  139 141 144
3  141 30 144
3  152 197 198
3  126 82 199
3  101 22 200
3  201 129 202
3  57 158 66
3  123 65 67
3  77 19 203
3  48 23 25
3  25 73 165
3  73 77 165
3  50 19 204
3  87 178 111
3  19 77 111
3  50 13 19
3  115 33 116
3  33 38 116
3  4 180 117
3  180 114 117
3  87 69 177
3  69 3 177
3  119 81 205
3  190 206 207
3  162 134 208
3  133 83 209
3  101 200 210
3  158 40 67
3  82 26 211
3  26 162 211
3  119 212 213
3  182 129 214
3  99 100 189
3  17 206 215
3  17 216 155
3  217 218 219
3  40 79 220
3  79 119 220
3  110 141 167
3  141 90 167
3  135 53 168
3  168 53 55
3  54 53 196
3  53 50 196
3  54 109 55
3  109 108 55
3  221 222 223
3  58 224 225
3  148 178 179
3  178 3 179
3  19 48 166
3  48 25 166
3  19 165 203
3  165 77 203
3  226 227 228
3  205 129 229
3  47 46 207
3  66 158 67
3  82 211 230
3  231 169 176
3  83 125 170
3  65 123 232
3  233 82 234
3  235 236 237
3  133 238 239
3  2 240 241
3  2 242 243
3  83 231 244
3  214 245 246
3  247 47 207
3  248 249 250
3  206 17 247
3  17 251 252
3  174 176 184
3  46 253 154
3  46 17 253
3  254 139 255
3  139 144 255
3  145 58 146
3  58 256 257
3  210 200 258
3  146 58 104
3  58 257 104
3  224 58 221
3  197 259 260
3  261 197 258
3  262 263 188
3  264 210 265
3  19 111 204
3  111 50 204
3  81 129 205
3  119 205 229
3  129 17 266
3  267 268 269
3  63 86 64
3  86 15 64
3  139 254 270
3  169 170 176
3  85 84 271
3  231 175 271
3  162 272 273
3  272 208 273
3  263 82 274
3  263 262 275
3  133 276 277
3  187 186 278
3  175 231 176
3  243 242 279
3  280 281 282
3  100 17 215
3  162 283 237
3  247 17 47
3  187 126 188
3  188 263 284
3  285 286 287
3  251 17 147
3  234 236 235
3  216 17 252
3  100 215 190
3  253 17 155
3  144 145 255
3  255 145 288
3  145 146 289
3  288 289 290
3  172 291 173
3  119 292 293
3  256 226 228
3  256 58 225
3  256 225 294
3  222 58 295
3  22 296 297
3  298 240 279
3  40 220 67
3  220 119 67
3  22 21 296
3  299 300 301
3  129 302 202
3  119 229 303
3  267 269 304
3  129 266 305
3  306 307 308
3  309 310 311
3  312 140 313
3  140 139 314
3  140 314 313
3  315 316 317
3  318 319 320
3  238 277 132
3  235 263 274
3  321 322 323
3  252 251 324
3  272 162 208
3  215 206 190
3  162 325 283
3  265 326 327
3  328 329 330
3  211 236 234
3  126 262 188
3  331 332 333
3  334 335 336
3  155 216 324
3  240 2 243
3  241 240 298
3  206 247 207
3  337 338 339
3  340 341 342
3  145 289 288
3  290 343 344
3  345 346 105
3  104 257 345
3  346 227 347
3  226 256 294
3  21 57 348
3  57 65 348
3  349 350 351
3  352 353 354
3  355 356 357
3  101 264 358
3  359 360 361
3  362 363 364
3  229 365 366
3  303 229 366
3  121 64 367
3  368 369 370
3  371 64 372
3  64 140 373
3  374 375 376
3  314 139 270
3  377 378 379
3  248 174 249
3  231 271 244
3  83 169 380
3  381 239 132
3  133 381 163
3  133 209 276
3  84 382 271
3  208 134 383
3  384 383 132
3  242 278 279
3  325 162 273
3  283 325 237
3  325 235 237
3  82 262 199
3  262 126 199
3  262 82 275
3  82 263 275
3  385 82 233
3  278 186 279
3  386 387 388
3  389 390 391
3  392 393 394
3  266 395 396
3  2 187 278
3  325 273 397
3  398 399 400
3  401 402 403
3  65 341 340
3  65 404 405
3  257 227 345
3  345 227 346
3  225 224 406
3  407 408 409
3  227 257 228
3  257 256 228
3  410 411 412
3  161 225 406
3  413 414 415
3  416 417 418
3  419 420 421
3  291 422 423
3  424 425 426
3  427 428 429
3  264 265 430
3  265 431 430
3  200 261 258
3  264 101 210
3  297 197 261
3  197 152 258
3  432 433 434
3  435 436 437
3  365 229 218
3  229 438 218
3  140 439 387
3  62 64 440
3  314 270 441
3  270 254 441
3  169 231 380
3  231 83 380
3  239 238 132
3  163 381 132
3  132 442 443
3  381 133 239
3  276 209 85
3  209 83 85
3  277 271 132
3  238 133 277
3  444 134 130
3  134 131 130
3  82 230 234
3  230 211 234
3  131 163 132
3  445 306 446
3  175 174 271
3  84 83 382
3  447 448 449
3  388 439 450
3  253 155 154
3  46 154 207
3  129 245 214
3  451 154 156
3  438 229 452
3  229 129 201
3  453 454 455
3  129 456 457
3  99 189 458
3  366 365 337
3  266 17 395
3  305 266 396
3  397 273 384
3  235 325 397
3  251 147 324
3  127 2 241
3  285 279 459
3  242 2 278
3  460 461 462
3  463 464 465
3  466 467 468
3  469 470 390
3  471 472 473
3  472 333 474
3  217 219 475
3  476 477 478
3  479 480 481
3  470 469 482
3  483 224 484
3  485 486 487
3  488 485 489
3  490 491 492
3  493 494 495
3  441 254 375
3  496 497 498
3  499 500 501
3  429 502 503
3  101 193 192
3  193 504 194
3  505 422 506
3  200 22 261
3  22 297 261
3  305 507 246
3  508 509 510
3  511 201 512
3  513 514 515
3  254 255 516
3  517 518 519
3  520 254 516
3  521 306 522
3  439 140 450
3  523 388 524
3  277 276 271
3  276 85 271
3  134 444 383
3  444 130 383
3  271 382 244
3  382 83 244
3  525 140 526
3  386 140 387
3  216 252 324
3  507 396 527
3  528 181 508
3  189 190 529
3  65 232 402
3  119 303 530
3  268 129 457
3  218 438 219
3  456 129 528
3  129 182 181
3  245 129 305
3  531 532 533
3  395 17 534
3  17 99 534
3  385 233 235
3  233 234 235
3  535 536 537
3  460 471 473
3  396 458 538
3  65 539 482
3  540 541 542
3  543 544 545
3  546 547 548
3  435 437 549
3  65 550 551
3  404 551 552
3  553 554 555
3  481 556 557
3  558 559 560
3  479 481 557
3  171 561 562
3  171 102 172
3  227 226 563
3  226 294 160
3  564 561 565
3  102 101 566
3  58 191 295
3  191 567 295
3  346 568 569
3  570 96 571
3  572 573 490
3  561 173 565
3  411 410 574
3  575 576 577
3  578 419 421
3  579 580 581
3  582 371 320
3  583 584 585
3  101 463 465
3  210 326 265
3  586 587 588
3  101 465 589
3  590 425 591
3  102 566 172
3  290 289 592
3  593 594 595
3  596 597 598
3  375 254 599
3  542 541 468
3  600 601 602
3  333 332 474
3  541 540 603
3  314 604 605
3  176 170 185
3  62 440 606
3  64 195 440
3  607 608 609
3  318 122 367
3  610 154 451
3  529 190 207
3  529 207 610
3  240 243 279
3  298 611 323
3  612 613 614
3  615 616 617
3  365 338 337
3  530 303 618
3  619 620 621
3  213 212 622
3  623 624 625
3  626 627 628
3  269 629 630
3  507 305 396
3  527 396 538
3  236 211 237
3  211 162 237
3  273 208 384
3  208 383 384
3  235 384 132
3  383 130 132
3  631 632 633
3  249 332 250
3  82 385 274
3  385 235 274
3  634 21 635
3  634 635 636
3  637 638 639
3  632 631 640
3  641 642 643
3  398 644 643
3  645 646 647
3  648 649 650
3  603 651 652
3  653 654 655
3  656 402 657
3  658 659 660
3  432 644 433
3  661 662 663
3  664 665 666
3  665 664 667
3  470 539 664
3  668 669 670
3  470 664 666
3  665 405 671
3  21 480 672
3  537 673 301
3  556 21 674
3  21 348 674
3  101 675 676
3  675 677 676
3  159 408 407
3  160 294 161
3  678 679 680
3  223 222 489
3  681 221 223
3  484 681 487
3  222 295 682
3  682 295 683
3  160 407 491
3  104 345 105
3  684 685 686
3  687 227 563
3  688 689 690
3  691 692 593
3  255 288 693
3  493 694 695
3  696 684 138
3  679 697 698
3  425 590 699
3  697 411 698
3  700 564 565
3  701 702 703
3  417 704 418
3  151 153 705
3  706 707 708
3  464 431 709
3  265 327 578
3  710 423 500
3  711 712 713
3  543 714 715
3  254 520 599
3  522 306 308
3  265 578 709
3  431 464 358
3  152 326 258
3  326 210 258
3  464 463 358
3  463 101 358
3  101 716 675
3  716 101 192
3  716 590 675
3  717 424 718
3  302 129 267
3  129 268 267
3  508 181 719
3  202 720 512
3  129 181 528
3  245 305 246
3  286 285 459
3  721 722 723
3  724 519 725
3  726 725 727
3  728 594 729
3  730 731 732
3  733 290 344
3  575 734 735
3  352 736 737
3  314 441 375
3  597 738 598
3  516 739 740
3  313 314 605
3  741 314 742
3  711 743 744
3  745 746 747
3  472 471 748
3  749 750 368
3  317 751 752
3  753 754 755
3  195 122 756
3  174 184 249
3  440 195 606
3  757 307 758
3  64 121 120
3  319 64 582
3  170 125 185
3  122 121 367
3  64 371 582
3  319 582 320
3  207 154 610
3  610 759 760
3  324 147 323
3  127 241 298
3  759 321 309
3  613 612 760
3  761 762 763
3  764 765 766
3  338 365 217
3  365 218 217
3  765 530 618
3  119 767 617
3  119 619 767
3  620 619 765
3  768 769 770
3  771 772 773
3  304 269 630
3  774 527 775
3  132 271 442
3  235 397 384
3  248 250 336
3  334 250 335
3  776 653 777
3  453 778 614
3  298 279 285
3  760 311 779
3  535 745 544
3  651 540 544
3  634 299 301
3  780 743 781
3  535 782 746
3  783 652 784
3  785 786 787
3  454 788 655
3  789 392 394
3  790 791 792
3  793 794 795
3  796 797 798
3  268 457 269
3  511 799 800
3  801 802 803
3  804 805 806
3  807 808 809
3  810 811 812
3  544 540 542
3  460 462 783
3  119 813 659
3  813 119 213
3  65 814 815
3  814 65 816
3  817 818 819
3  340 342 820
3  552 550 821
3  404 65 551
3  822 823 824
3  515 785 825
3  405 404 671
3  299 826 827
3  664 539 667
3  539 65 667
3  469 390 389
3  153 152 198
3  296 21 359
3  21 634 359
3  635 672 636
3  21 672 635
3  480 21 481
3  21 556 481
3  539 470 482
3  469 674 482
3  191 102 828
3  102 171 828
3  584 583 829
3  830 564 831
3  294 225 161
3  159 161 406
3  159 483 832
3  483 484 487
3  833 834 138
3  486 835 832
3  226 160 563
3  160 159 407
3  683 836 837
3  489 682 683
3  58 222 221
3  488 838 485
3  678 838 839
3  838 488 839
3  838 486 485
3  681 485 487
3  567 836 683
3  567 191 836
3  103 105 840
3  105 346 569
3  841 573 576
3  227 687 347
3  428 842 843
3  379 844 845
3  846 841 847
3  687 573 848
3  849 850 851
3  849 851 852
3  835 486 680
3  853 409 136
3  685 684 854
3  574 855 856
3  416 857 858
3  425 859 505
3  860 429 503
3  852 861 862
3  696 834 861
3  411 574 863
3  349 706 864
3  865 688 690
3  866 842 867
3  868 869 870
3  362 579 581
3  607 497 871
3  857 428 427
3  872 427 429
3  464 873 874
3  417 416 875
3  876 504 877
3  874 876 877
3  878 418 879
3  743 711 713
3  880 353 881
3  350 882 351
3  151 327 883
3  327 326 883
3  431 358 430
3  358 264 430
3  192 194 699
3  194 424 426
3  172 566 884
3  677 884 676
3  425 677 591
3  411 700 565
3  182 214 183
3  214 246 183
3  885 774 775
3  613 760 779
3  886 653 776
3  651 544 887
3  707 706 349
3  888 701 889
3  694 890 891
3  892 893 732
3  894 597 596
3  520 895 738
3  896 726 897
3  739 898 899
3  289 146 592
3  840 569 343
3  900 255 693
3  735 734 901
3  902 903 904
3  599 520 738
3  314 905 906
3  904 907 908
3  898 255 909
3  692 910 899
3  742 314 911
3  314 741 604
3  579 912 711
3  913 360 673
3  318 320 757
3  320 371 372
3  715 714 914
3  545 542 468
3  915 332 916
3  917 918 748
3  369 308 919
3  184 185 920
3  921 608 922
3  921 923 924
3  925 753 926
3  329 328 927
3  373 140 525
3  140 386 526
3  928 929 930
3  387 439 388
3  931 388 932
3  601 604 933
3  122 757 758
3  195 120 122
3  367 64 934
3  319 318 367
3  448 329 449
3  935 915 916
3  185 606 756
3  925 328 370
3  753 755 927
3  925 369 919
3  936 336 937
3  336 286 459
3  303 366 938
3  366 337 938
3  246 774 939
3  940 941 942
3  638 615 763
3  721 943 722
3  771 722 944
3  772 762 773
3  722 945 723
3  619 119 530
3  767 761 617
3  761 615 617
3  946 615 638
3  947 948 949
3  950 951 952
3  953 954 955
3  395 534 396
3  956 527 538
3  250 334 336
3  335 286 336
3  611 917 957
3  279 186 459
3  331 333 287
3  309 321 917
3  541 462 958
3  521 750 473
3  472 935 473
3  749 467 958
3  668 959 960
3  961 940 962
3  535 544 963
3  544 543 963
3  535 537 300
3  537 301 964
3  153 198 965
3  913 743 713
3  198 197 260
3  359 634 360
3  747 746 887
3  745 535 746
3  746 782 966
3  636 967 968
3  232 123 969
3  970 971 972
3  65 970 973
3  974 975 976
3  648 977 978
3  943 979 793
3  813 213 980
3  981 982 983
3  959 654 960
3  984 985 986
3  987 988 989
3  990 975 991
3  992 993 994
3  995 996 997
3  998 999 1000
3  1001 559 1002
3  1003 1004 1005
3  1006 1007 1008
3  435 1009 436
3  123 1010 1011
3  814 816 1012
3  816 65 340
3  1013 1014 1015
3  550 65 815
3  342 1016 820
3  1016 342 1017
3  556 674 557
3  674 469 557
3  1018 985 984
3  1019 1020 1021
3  645 979 1022
3  1023 1020 1024
3  665 667 405
3  667 65 405
3  551 550 552
3  550 815 1025
3  480 479 967
3  1026 1027 1028
3  672 480 636
3  636 480 967
3  1029 299 1030
3  634 636 826
3  674 348 482
3  348 65 482
3  562 830 1031
3  561 564 562
3  499 710 500
3  423 422 505
3  499 1032 710
3  1033 584 829
3  224 483 406
3  483 159 406
3  224 221 484
3  221 681 484
3  487 486 832
3  483 487 832
3  173 710 565
3  564 830 562
3  833 679 698
3  679 678 697
3  486 838 680
3  838 678 680
3  564 697 831
3  697 678 831
3  485 223 489
3  485 681 223
3  222 682 489
3  488 489 683
3  1034 840 343
3  105 569 840
3  568 848 846
3  568 346 347
3  572 490 492
3  835 680 136
3  573 841 848
3  573 687 490
3  1035 494 695
3  518 517 1036
3  1037 849 852
3  850 849 1037
3  853 684 686
3  1038 685 1039
3  680 679 137
3  684 853 138
3  834 696 138
3  680 137 136
3  684 696 854
3  853 136 138
3  425 505 506
3  291 172 884
3  1040 876 875
3  859 425 424
3  856 855 1041
3  574 410 855
3  428 502 429
3  1042 607 609
3  1043 1044 1045
3  1046 1044 689
3  834 856 1047
3  834 833 863
3  497 607 498
3  1048 1049 357
3  1050 706 356
3  316 1051 362
3  688 866 1052
3  707 866 708
3  536 715 781
3  780 715 914
3  447 1053 1054
3  1053 1055 1054
3  869 705 1056
3  428 857 878
3  327 419 578
3  587 417 875
3  876 873 588
3  194 504 1040
3  587 1057 588
3  1057 587 875
3  504 193 589
3  193 101 589
3  578 421 709
3  151 868 870
3  912 712 711
3  869 363 1058
3  1059 704 1060
3  1057 876 588
3  326 152 883
3  152 151 883
3  590 716 699
3  716 192 699
3  458 189 538
3  1061 1062 1063
3  189 529 778
3  956 778 453
3  460 783 632
3  632 783 633
3  495 892 691
3  1064 909 1065
3  1066 517 1067
3  730 1068 1069
3  850 694 891
3  1066 890 1070
3  929 931 1071
3  1072 737 1073
3  520 516 895
3  516 255 739
3  255 1074 909
3  1075 1076 1077
3  1078 568 846
3  1079 1080 1081
3  1082 724 725
3  724 1082 901
3  892 596 598
3  599 738 376
3  255 898 739
3  739 910 740
3  1083 898 1084
3  909 1074 1085
3  895 516 740
3  728 1086 595
3  924 923 1087
3  354 353 1088
3  314 414 911
3  1089 741 742
3  935 521 473
3  462 541 783
3  541 466 468
3  714 543 468
3  540 651 603
3  541 603 652
3  633 783 777
3  310 632 640
3  369 522 308
3  447 1090 448
3  467 330 1091
3  750 522 368
3  332 249 1092
3  249 184 1092
3  185 125 606
3  125 62 606
3  184 920 1093
3  920 307 1093
3  923 921 922
3  880 1094 609
3  316 315 1051
3  1095 1096 1097
3  903 379 904
3  352 1098 881
3  754 388 755
3  386 388 754
3  140 312 1099
3  312 313 600
3  933 1089 1100
3  1101 140 1099
3  64 319 934
3  319 367 934
3  753 1102 1103
3  1102 64 1103
3  753 373 754
3  373 525 754
3  388 523 755
3  316 751 317
3  606 195 756
3  122 318 757
3  322 321 451
3  324 322 451
3  612 529 760
3  529 610 760
3  762 1104 773
3  938 337 339
3  619 530 765
3  1105 799 511
3  229 201 452
3  456 528 508
3  202 302 720
3  457 456 508
3  303 938 618
3  767 621 1106
3  1107 953 950
3  1107 950 1005
3  1108 219 1109
3  338 217 475
3  119 624 623
3  625 948 947
3  954 1110 637
3  1111 292 946
3  292 616 946
3  616 615 946
3  396 534 458
3  534 99 458
3  235 132 1112
3  1113 132 443
3  271 174 442
3  174 248 442
3  250 332 335
3  332 331 335
3  248 336 936
3  186 188 459
3  322 324 323
3  917 321 957
3  935 474 915
3  935 472 474
3  918 285 287
3  333 918 287
3  1093 445 916
3  750 521 522
3  611 918 917
3  471 310 748
3  1114 339 1115
3  1116 802 801
3  543 536 963
3  536 535 963
3  743 673 781
3  743 913 673
3  782 535 1029
3  535 300 1029
3  197 297 259
3  712 153 965
3  712 912 705
3  153 712 705
3  673 360 301
3  360 634 301
3  297 296 361
3  296 359 361
3  544 747 887
3  544 745 747
3  281 1117 1118
3  1119 1117 825
3  746 966 887
3  966 886 887
3  65 656 971
3  1120 656 1121
3  970 1122 973
3  995 991 1123
3  1124 1125 1126
3  1124 1127 1128
3  978 979 647
3  1129 1130 1131
3  1132 123 658
3  123 119 658
3  1133 1134 949
3  1135 1136 1137
3  532 1020 1019
3  1138 665 671
3  1139 976 1140
3  1026 555 1141
3  476 996 1123
3  1142 804 1143
3  1144 1125 1145
3  393 999 394
3  1146 553 555
3  1147 822 1148
3  997 996 1149
3  649 648 1150
3  123 1151 797
3  969 797 796
3  123 1132 1010
3  437 1132 549
3  342 341 1152
3  790 1152 791
3  1153 1012 1016
3  816 340 820
3  404 552 1154
3  470 666 390
3  1146 1026 1028
3  1024 1002 1155
3  720 1156 512
3  785 515 786
3  557 469 1157
3  390 666 391
3  479 558 968
3  967 479 968
3  826 636 827
3  299 634 826
3  1158 424 1159
3  424 717 1159
3  412 411 565
3  291 710 173
3  291 423 710
3  423 505 500
3  409 408 136
3  408 159 832
3  710 1032 565
3  561 171 173
3  411 697 700
3  697 564 700
3  411 863 698
3  863 833 698
3  830 831 837
3  828 171 562
3  828 562 1031
3  295 567 683
3  488 683 837
3  831 678 839
3  1031 830 837
3  836 1031 837
3  569 568 1078
3  103 840 1034
3  847 841 1160
3  1161 847 1162
3  687 491 490
3  491 407 492
3  160 491 563
3  491 687 563
3  572 409 686
3  409 853 686
3  568 347 848
3  347 687 848
3  1052 707 1163
3  1164 706 1165
3  495 1068 893
3  1166 1068 1035
3  702 1037 703
3  1037 702 1167
3  850 734 851
3  1039 851 1168
3  572 1038 1169
3  1038 576 1169
3  408 832 136
3  832 835 136
3  137 679 138
3  679 833 138
3  685 854 1039
3  576 1038 577
3  1158 872 860
3  717 416 858
3  410 1033 829
3  500 1170 501
3  872 858 427
3  858 857 427
3  1052 1171 1172
3  1043 1045 1173
3  1174 731 730
3  888 1166 1167
3  497 1175 1051
3  1051 1175 362
3  608 871 922
3  608 607 871
3  1049 355 357
3  355 1176 1177
3  1048 706 708
3  689 1043 690
3  881 1098 1165
3  866 707 1052
3  715 780 781
3  536 543 715
3  714 1054 914
3  579 711 744
3  673 537 781
3  537 536 781
3  1055 1053 580
3  580 1053 1097
3  447 1054 1178
3  1054 714 1178
3  1179 420 1180
3  868 705 869
3  355 1049 1059
3  418 704 879
3  1170 500 1181
3  859 1158 1181
3  872 1158 1159
3  1158 859 424
3  704 587 586
3  873 464 1182
3  1040 717 718
3  873 876 874
3  587 704 417
3  704 1059 879
3  419 327 1183
3  327 151 1183
3  1184 579 744
3  780 1055 1184
3  1175 497 363
3  363 497 1058
3  873 1182 421
3  431 265 709
3  425 699 426
3  699 194 426
3  677 675 591
3  675 590 591
3  677 422 884
3  422 291 884
3  884 566 676
3  566 101 676
3  1185 939 885
3  939 774 885
3  774 246 527
3  246 507 527
3  614 613 788
3  527 956 775
3  1186 942 825
3  653 886 654
3  310 471 632
3  471 460 632
3  691 892 1187
3  1188 892 598
3  1066 1067 891
3  694 493 890
3  901 734 1189
3  890 1066 891
3  911 414 413
3  375 902 1190
3  374 376 1191
3  375 599 376
3  1089 911 413
3  377 379 845
3  1192 255 1077
3  571 96 1193
3  595 1086 1036
3  594 728 595
3  734 1067 1189
3  1078 846 1080
3  1194 726 1195
3  1196 900 1197
3  725 726 1198
3  1194 1196 1197
3  724 1199 519
3  1199 517 519
3  910 739 899
3  899 898 1083
3  1193 96 1200
3  97 96 570
3  570 728 1065
3  729 1064 1065
3  604 600 605
3  600 313 605
3  354 1089 413
3  1089 742 911
3  462 461 473
3  461 460 473
3  462 473 958
3  544 542 545
3  652 651 784
3  541 652 1201
3  651 887 776
3  887 886 776
3  369 925 370
3  522 369 368
3  307 757 308
3  308 757 919
3  330 329 448
3  927 755 1202
3  467 1091 468
3  958 467 466
3  307 445 1093
3  307 306 445
3  332 1092 1093
3  1092 184 1093
3  608 1203 609
3  1203 880 609
3  923 315 317
3  1095 1204 1205
3  1206 1088 1207
3  608 921 1203
3  447 1208 1095
3  1208 1204 1095
3  751 316 362
3  1097 1096 1209
3  600 604 601
3  604 741 933
3  312 600 1210
3  523 524 1205
3  140 1101 932
3  1101 931 932
3  1089 1088 1100
3  312 1210 1071
3  320 1102 1211
3  1102 753 1211
3  64 1102 372
3  1102 320 372
3  64 373 1212
3  373 753 1212
3  386 754 526
3  754 525 526
3  523 1204 755
3  753 927 926
3  931 929 1213
3  923 929 1087
3  449 329 1202
3  329 927 1202
3  307 920 756
3  920 185 756
3  321 759 451
3  759 610 451
3  147 127 323
3  127 298 323
3  760 759 311
3  759 309 311
3  1214 1215 1216
3  945 1063 723
3  621 762 1106
3  767 619 621
3  620 765 764
3  1217 1218 1104
3  508 719 1219
3  719 939 1219
3  452 201 511
3  799 219 800
3  1220 762 772
3  1104 1218 773
3  1221 1222 1223
3  1224 1003 1223
3  1107 1135 1133
3  953 955 950
3  768 948 769
3  624 119 293
3  212 623 1225
3  212 119 623
3  625 624 769
3  954 953 768
3  637 946 638
3  954 637 955
3  616 292 617
3  292 119 617
3  189 778 538
3  778 956 538
3  132 1226 1112
3  132 1113 1226
3  1226 1113 1112
3  263 235 284
3  918 611 285
3  611 298 285
3  474 332 915
3  332 1093 916
3  286 335 287
3  335 331 287
3  310 309 748
3  309 917 748
3  935 916 446
3  916 445 446
3  918 333 748
3  333 472 748
3  913 965 260
3  965 198 260
3  705 912 1056
3  868 151 705
3  712 965 713
3  965 913 713
3  301 300 964
3  300 537 964
3  297 361 259
3  361 360 259
3  513 281 280
3  1227 389 1002
3  1228 280 282
3  966 782 1029
3  972 971 1229
3  656 65 402
3  1230 1231 1232
3  970 65 971
3  972 1229 1233
3  1122 1234 1235
3  1152 341 791
3  341 65 1236
3  1004 1224 1237
3  793 978 794
3  1136 1006 1008
3  1136 1004 1237
3  977 1222 1221
3  977 648 1222
3  793 979 978
3  648 978 647
3  1116 1238 1239
3  393 392 1240
3  646 645 823
3  979 645 647
3  980 982 1241
3  658 119 659
3  659 813 1242
3  813 980 1241
3  982 980 622
3  980 213 622
3  642 992 1243
3  1244 1245 1246
3  991 995 1247
3  1248 1249 1250
3  436 1009 1251
3  1144 1145 1252
3  650 649 1124
3  1248 1250 1253
3  996 995 1123
3  401 1254 1255
3  993 992 1027
3  801 803 1256
3  646 823 822
3  822 1147 987
3  823 645 1257
3  646 1258 647
3  123 797 969
3  796 546 548
3  1151 123 1011
3  436 1259 437
3  1260 1014 398
3  1153 1016 1261
3  342 1152 1017
3  1025 815 661
3  1017 1152 1139
3  1262 1016 1017
3  662 1012 663
3  644 432 1263
3  1014 1260 1264
3  433 644 398
3  818 1138 819
3  552 399 1013
3  666 818 391
3  1002 559 1157
3  818 666 1265
3  666 665 1265
3  1024 532 531
3  1266 1267 1019
3  1267 532 1019
3  513 515 825
3  559 558 1157
3  479 557 1157
3  1228 968 560
3  669 966 1029
3  872 429 860
3  584 1033 501
3  422 677 506
3  677 425 506
3  1032 412 565
3  1032 410 412
3  836 191 1031
3  191 828 1031
3  831 839 837
3  839 488 837
3  146 1034 592
3  146 103 1034
3  569 1078 1268
3  343 1268 1079
3  848 841 846
3  1161 1269 847
3  407 409 492
3  409 572 492
3  685 1038 686
3  1038 572 686
3  1269 846 847
3  1269 1161 1080
3  1098 1164 1165
3  353 352 881
3  882 1072 1073
3  378 882 1073
3  1045 1046 889
3  1166 1035 695
3  494 493 695
3  701 1045 889
3  731 892 732
3  892 495 893
3  851 1039 852
3  854 696 861
3  1039 854 852
3  575 1039 1168
3  576 573 1169
3  573 572 1169
3  861 834 1047
3  703 1037 862
3  410 1032 1033
3  1270 585 1271
3  829 583 1272
3  855 410 829
3  865 690 1270
3  1181 1158 860
3  865 502 843
3  1043 583 585
3  1044 1043 689
3  1043 585 690
3  1044 1046 1045
3  1046 1069 889
3  871 1051 922
3  871 497 1051
3  1042 356 1273
3  356 355 1273
3  1050 356 1042
3  355 498 1273
3  428 878 867
3  842 428 867
3  867 878 879
3  1176 1180 1274
3  502 428 843
3  842 866 843
3  1171 1046 1172
3  689 688 1052
3  845 1275 1276
3  707 349 1163
3  1055 580 1184
3  580 579 1184
3  1054 1055 914
3  1055 780 914
3  1175 363 362
3  912 364 1056
3  714 1090 1178
3  1090 447 1178
3  419 870 1180
3  1183 151 870
3  496 1177 1274
3  419 1183 870
3  1179 1059 1060
3  867 879 1277
3  878 857 418
3  857 416 418
3  355 1059 1278
3  1059 1179 1278
3  504 876 1040
3  876 1057 875
3  717 858 1159
3  858 872 1159
3  421 1182 709
3  1182 464 709
3  504 589 877
3  465 464 874
3  743 780 744
3  780 1184 744
3  912 579 364
3  579 362 364
3  421 420 586
3  420 1179 586
3  1266 1279 1280
3  515 514 786
3  778 529 614
3  529 612 614
3  1281 1282 962
3  654 959 655
3  668 1283 941
3  654 886 960
3  775 956 455
3  788 613 1284
3  777 653 1284
3  777 783 784
3  631 311 640
3  311 310 640
3  594 593 1285
3  1286 593 1070
3  894 731 1287
3  731 1174 1275
3  1188 895 740
3  892 1188 1187
3  1067 734 891
3  734 850 891
3  376 597 1191
3  902 904 908
3  905 314 1190
3  314 375 1190
3  414 314 906
3  1287 844 903
3  736 354 413
3  736 352 354
3  907 1073 415
3  907 378 1073
3  1074 255 1192
3  1194 1075 1196
3  519 518 571
3  1086 728 570
3  1199 724 901
3  1288 575 735
3  896 1161 1198
3  517 1199 901
3  725 519 1289
3  1075 255 1196
3  693 288 733
3  288 290 733
3  1161 896 897
3  726 896 1198
3  518 1086 571
3  1086 570 571
3  1192 1290 1200
3  1076 1291 1290
3  1064 729 1084
3  729 594 1083
3  728 729 1065
3  729 1083 1084
3  473 750 958
3  750 749 958
3  1091 1090 468
3  543 545 468
3  652 783 1201
3  783 541 1201
3  328 330 1292
3  467 749 368
3  330 448 1091
3  448 1090 1091
3  1203 921 1206
3  924 1071 1293
3  1051 315 922
3  315 923 922
3  1099 312 1071
3  1088 353 1207
3  1204 1208 449
3  1208 447 449
3  1204 523 1205
3  1096 751 1209
3  1053 447 1097
3  447 1095 1097
3  751 1096 752
3  317 928 930
3  741 1089 933
3  1088 1206 1100
3  140 932 450
3  932 388 450
3  1210 600 1071
3  1101 1099 1071
3  64 1212 1103
3  1212 753 1103
3  929 928 1213
3  524 388 1213
3  320 1211 925
3  1211 753 925
3  755 1204 1202
3  1204 449 1202
3  307 756 758
3  756 122 758
3  155 324 156
3  324 451 156
3  311 631 779
3  631 613 779
3  338 475 1108
3  475 219 1108
3  618 339 766
3  1062 766 1114
3  938 339 618
3  765 618 766
3  1294 1295 1296
3  629 1297 630
3  509 1298 1299
3  956 453 455
3  201 202 512
3  219 438 800
3  1220 772 771
3  1218 945 1300
3  762 761 1106
3  1106 761 1301
3  1224 1223 1302
3  1221 1303 794
3  982 622 983
3  622 1225 1304
3  622 212 1225
3  1007 1305 1008
3  948 625 769
3  293 292 1111
3  1111 1110 770
3  1110 954 770
3  955 637 639
3  955 951 950
3  637 1110 946
3  1110 1111 946
3  615 761 763
3  951 955 639
3  936 1112 443
3  1112 1113 443
3  459 188 937
3  336 459 937
3  321 323 957
3  323 611 957
3  306 521 446
3  521 935 446
3  259 360 260
3  360 913 260
3  669 1029 670
3  1002 389 1155
3  1306 514 1001
3  514 513 1001
3  968 558 560
3  1228 1118 1030
3  971 656 1120
3  1120 1307 1229
3  1308 790 792
3  1236 1230 1232
3  1230 1309 1231
3  476 1123 974
3  477 1310 1235
3  1234 1311 1235
3  65 973 1230
3  973 1309 1230
3  1127 1224 1302
3  1222 648 650
3  983 1134 1312
3  1223 1313 952
3  1237 1127 1314
3  805 1315 1126
3  549 658 660
3  1316 1305 1317
3  1318 1241 1316
3  1132 658 549
3  1258 1150 647
3  1150 648 647
3  771 1300 722
3  1108 1109 1319
3  993 999 1240
3  999 393 1240
3  721 789 1022
3  789 645 1022
3  982 981 1241
3  1241 981 1316
3  983 622 1304
3  1107 1133 949
3  1266 1320 1321
3  1320 985 1321
3  1018 802 1116
3  984 986 1322
3  991 975 1123
3  1247 995 997
3  1323 1249 554
3  1150 1258 987
3  1323 1262 1250
3  1249 1323 1250
3  657 402 401
3  971 1120 1229
3  1324 1325 1326
3  656 657 1121
3  1327 1314 1328
3  823 1257 998
3  1329 1307 1330
3  402 232 403
3  1125 806 1126
3  650 1124 1128
3  990 1331 1253
3  1125 649 1145
3  999 1257 394
3  1257 999 998
3  1151 1259 798
3  1259 1011 437
3  1011 1010 437
3  1259 1151 1011
3  341 1236 791
3  791 1236 792
3  644 641 643
3  554 1249 555
3  399 552 400
3  554 1332 1261
3  985 1320 986
3  1020 1023 1333
3  1334 984 1322
3  1027 992 1028
3  1020 532 1024
3  1267 1335 533
3  1266 1019 1336
3  817 1337 1338
3  558 479 1157
3  1227 469 389
3  1024 1306 1002
3  1306 1001 1002
3  469 1227 1157
3  1227 1002 1157
3  636 968 827
3  968 1228 827
3  500 505 1181
3  505 859 1181
3  1034 343 592
3  343 290 592
3  1268 1078 1080
3  343 569 1268
3  576 575 1160
3  841 576 1160
3  706 1050 1165
3  1094 880 881
3  882 350 1339
3  1098 352 737
3  377 1340 351
3  882 378 377
3  1275 1174 1276
3  882 377 351
3  1069 1046 1341
3  1068 1166 1069
3  695 850 1342
3  850 1037 1342
3  1046 1171 1341
3  1174 730 1069
3  1068 495 1035
3  495 494 1035
3  694 850 695
3  1166 695 1167
3  893 1068 732
3  1068 730 732
3  1038 1039 577
3  1039 575 577
3  851 734 1168
3  734 575 1168
3  703 1041 1343
3  855 829 1272
3  834 863 856
3  863 574 856
3  1033 1032 501
3  1032 499 501
3  501 1170 1271
3  1170 1181 860
3  1170 503 1271
3  1170 860 503
3  498 607 1273
3  607 1042 1273
3  1094 1050 609
3  1050 1042 609
3  356 706 357
3  706 1048 357
3  866 867 708
3  867 1048 708
3  496 498 1177
3  498 355 1177
3  690 585 1270
3  503 1270 1271
3  866 688 843
3  688 865 843
3  1046 689 1172
3  689 1052 1172
3  1052 1163 1344
3  1163 1340 1344
3  864 1164 1339
3  706 1164 864
3  580 751 581
3  751 362 581
3  869 1058 1274
3  420 419 1180
3  364 363 1056
3  363 869 1056
3  497 496 1058
3  1177 1176 1274
3  1059 1049 879
3  1048 867 1277
3  704 586 1060
3  586 1179 1060
3  1179 1176 1278
3  1176 355 1278
3  416 717 875
3  717 1040 875
3  424 194 718
3  194 1040 718
3  589 465 877
3  465 874 877
3  873 421 588
3  421 586 588
3  885 775 1281
3  1345 1186 1346
3  454 453 788
3  453 614 788
3  886 966 960
3  613 631 1284
3  966 669 960
3  669 668 960
3  1117 1119 1283
3  1283 1119 941
3  959 961 1347
3  959 668 1348
3  454 655 1282
3  655 959 1347
3  1349 1350 1345
3  1349 1345 1346
3  631 777 1284
3  631 633 777
3  691 593 1351
3  593 1286 1351
3  892 731 596
3  731 894 596
3  378 907 904
3  597 894 1287
3  910 692 1187
3  692 691 1187
3  738 895 598
3  895 1188 598
3  910 1187 740
3  1187 1188 740
3  738 597 376
3  597 1287 1191
3  374 903 1352
3  903 902 1352
3  1190 902 908
3  379 378 904
3  1194 1076 1075
3  255 1075 1077
3  97 1074 98
3  1074 1192 98
3  1082 1288 901
3  1288 735 901
3  1290 1291 1353
3  1082 725 1198
3  847 1288 1162
3  1288 1082 1162
3  846 1269 1080
3  897 1081 1354
3  1081 1080 1354
3  897 1197 1355
3  1291 727 1353
3  1353 1193 1200
3  1291 1076 727
3  726 727 1195
3  519 1353 1289
3  1290 1353 1200
3  899 1083 1285
3  1083 594 1285
3  1065 909 1085
3  97 570 1065
3  1090 714 468
3  541 958 466
3  330 467 1292
3  467 368 1292
3  1071 600 602
3  1203 1206 1207
3  388 931 1213
3  931 1101 1071
3  928 1096 1356
3  1096 1095 1356
3  751 580 1209
3  580 1097 1209
3  1096 928 752
3  928 317 752
3  929 923 930
3  923 317 930
3  927 328 926
3  328 925 926
3  328 1292 370
3  1292 368 370
3  757 320 919
3  320 925 919
3  1357 1358 1359
3  1360 1361 1244
3  985 1239 1362
3  1105 512 1363
3  621 620 1217
3  620 764 1217
3  1218 1217 1061
3  1217 764 1061
3  1062 1061 766
3  1061 764 766
3  246 939 183
3  181 183 719
3  1240 1364 803
3  1335 1280 1365
3  269 457 1366
3  269 1366 510
3  1349 1185 1350
3  1345 1350 1367
3  940 942 962
3  1281 962 1367
3  1300 945 722
3  1357 1245 1244
3  1223 1003 1005
3  794 1303 795
3  761 767 1301
3  767 1106 1301
3  1004 1136 1005
3  951 1368 952
3  1221 1223 952
3  1313 950 952
3  1134 983 1369
3  1137 1134 1133
3  769 624 1370
3  954 768 770
3  762 1220 763
3  951 639 1368
3  1220 639 763
3  639 638 763
3  442 248 443
3  248 936 443
3  936 937 284
3  937 188 284
3  559 1001 280
3  1001 513 280
3  300 299 1029
3  1118 1029 1030
3  559 280 560
3  280 1228 560
3  477 1311 478
3  1307 1329 1229
3  1017 1139 1140
3  1123 975 974
3  1311 477 1235
3  1233 1329 1371
3  1308 792 1232
3  792 1236 1232
3  1122 970 1234
3  970 972 1234
3  1309 973 1372
3  973 1122 1372
3  1309 1372 1231
3  1236 65 1230
3  1223 1222 1302
3  1222 650 1302
3  1003 1224 1004
3  1224 1127 1237
3  1373 1305 1007
3  1305 1374 1008
3  1374 1305 1316
3  1135 1137 1133
3  1008 1374 1312
3  1134 1137 1312
3  1373 1375 808
3  1375 1327 808
3  1318 1316 1317
3  1305 1373 807
3  1010 1132 437
3  1318 1376 660
3  981 1374 1316
3  1305 807 1377
3  1062 1378 1063
3  1364 1379 803
3  993 1380 994
3  993 1240 1380
3  1257 645 394
3  645 789 394
3  979 943 1022
3  943 721 1022
3  813 1241 1242
3  1241 1318 1242
3  1225 623 947
3  623 625 947
3  1239 1238 1362
3  1279 1266 1321
3  1380 802 994
3  992 994 1381
3  1250 990 1253
3  990 991 1331
3  976 975 1140
3  1331 1147 1253
3  1382 1153 1332
3  1262 1323 554
3  1229 1329 1233
3  1311 1233 1371
3  1383 810 812
3  1307 1120 1121
3  1254 1383 1255
3  1384 1307 1255
3  1385 1142 1384
3  804 1142 805
3  1327 1315 1386
3  1124 649 1125
3  797 1151 798
3  1259 436 798
3  649 1150 1145
3  1147 988 987
3  1127 1302 1128
3  1302 650 1128
3  1146 1028 641
3  1027 1026 1000
3  824 998 1387
3  998 1000 1141
3  1248 1148 1387
3  823 998 824
3  1016 1012 820
3  1012 816 820
3  1152 790 1139
3  1308 974 976
3  555 1249 1141
3  1026 1146 555
3  432 553 1263
3  553 1146 1263
3  1012 1153 1382
3  1332 1153 1261
3  1023 818 1333
3  818 817 1333
3  1028 992 642
3  1334 642 1243
3  1018 984 1243
3  984 1334 1243
3  1337 1388 1338
3  1336 1019 1021
3  821 1025 434
3  815 814 661
3  818 1265 1138
3  1265 665 1138
3  817 819 1337
3  819 1138 1015
3  1014 399 398
3  433 398 400
3  1260 1388 1264
3  1014 1264 1337
3  514 1306 531
3  1306 1024 531
3  1320 1336 1338
3  1320 1266 1336
3  818 1023 391
3  1023 389 391
3  389 1023 1155
3  1023 1024 1155
3  575 1288 1160
3  1288 847 1160
3  737 1072 1339
3  1072 882 1339
3  903 844 379
3  1287 731 1275
3  1340 845 1276
3  1340 377 845
3  1340 1163 351
3  1163 349 351
3  1069 1166 889
3  1166 888 889
3  1171 1174 1341
3  1174 1069 1341
3  702 701 1167
3  701 888 1167
3  854 861 852
3  1037 852 862
3  1041 855 1272
3  583 1043 1173
3  1045 701 1173
3  1272 583 1343
3  503 502 1270
3  502 865 1270
3  585 584 1271
3  584 501 1271
3  1340 1171 1344
3  1171 1052 1344
3  350 864 1339
3  350 349 864
3  1050 1094 1165
3  1094 881 1165
3  1058 496 1274
3  1176 1179 1180
3  1180 870 1274
3  870 869 1274
3  879 1049 1277
3  1049 1048 1277
3  885 1281 1367
3  775 455 1281
3  959 1348 961
3  1348 668 941
3  653 655 1284
3  655 788 1284
3  1348 941 961
3  941 940 961
3  1186 785 1294
3  941 1119 942
3  785 1186 825
3  942 1119 825
3  514 531 786
3  1267 1266 1335
3  651 776 784
3  776 777 784
3  1070 595 1036
3  1286 493 1351
3  890 493 1070
3  493 1286 1070
3  493 495 1351
3  495 691 1351
3  1287 903 1191
3  903 374 1191
3  902 375 1352
3  375 374 1352
3  737 736 1073
3  414 906 415
3  905 907 906
3  906 907 415
3  907 905 908
3  905 1190 908
3  1076 1290 1077
3  1290 1192 1077
3  255 900 1196
3  1197 900 1355
3  1067 517 1189
3  517 901 1189
3  1161 1162 1198
3  1162 1082 1198
3  343 1079 344
3  733 344 1389
3  897 1355 1081
3  1079 1268 1080
3  897 726 1197
3  726 1194 1197
3  900 693 1355
3  693 733 1355
3  727 1076 1195
3  1076 1194 1195
3  1353 727 1289
3  727 725 1289
3  1353 519 1193
3  519 571 1193
3  96 98 1200
3  98 1192 1200
3  898 909 1084
3  909 1064 1084
3  593 692 1285
3  692 899 1285
3  1074 97 1085
3  97 1065 1085
3  1206 602 1100
3  1089 354 1088
3  1206 921 1293
3  921 924 1293
3  929 1071 1087
3  1071 924 1087
3  928 1356 1213
3  1356 524 1213
3  1206 1293 602
3  1293 1071 602
3  524 1356 1205
3  1356 1095 1205
3  1109 799 1319
3  219 799 1109
3  762 621 1104
3  621 1217 1104
3  183 939 719
3  939 1185 1219
3  509 1390 1391
3  509 508 1390
3  1349 1391 1392
3  1391 1390 1392
3  1063 1378 1130
3  1349 1294 1296
3  1218 1300 773
3  1300 771 773
3  722 943 944
3  943 793 795
3  978 977 794
3  977 1221 794
3  1368 639 1393
3  1303 1368 1393
3  1313 1223 1005
3  950 1313 1005
3  1225 947 1369
3  948 768 949
3  1369 947 949
3  1134 1369 949
3  624 293 1370
3  293 1111 770
3  235 1112 284
3  1112 936 284
3  1117 1283 1118
3  1029 1118 670
3  1311 1371 478
3  1371 1143 478
3  476 974 1394
3  974 1395 1394
3  1310 1372 1235
3  1372 1122 1235
3  1372 1310 1231
3  1231 1310 1395
3  1006 1237 1314
3  1006 1136 1237
3  1127 1396 1328
3  1327 811 808
3  1006 1375 1007
3  1375 1373 1007
3  1137 1008 1312
3  1137 1136 1008
3  435 1376 1317
3  1376 1318 1317
3  1374 981 1312
3  981 983 1312
3  1314 1127 1328
3  1127 1124 1396
3  805 1142 1397
3  1383 1385 1384
3  807 1009 1377
3  1009 435 1377
3  1376 549 660
3  1376 435 549
3  1298 1295 1299
3  799 1105 1361
3  1240 392 1364
3  1379 1398 1399
3  766 339 1114
3  1400 1114 1115
3  994 802 1381
3  802 1018 1381
3  1150 987 989
3  1331 991 1247
3  1147 1148 1253
3  1148 1248 1253
3  554 553 1332
3  553 432 1332
3  1311 1234 1233
3  1234 972 1233
3  547 403 548
3  401 403 547
3  1324 810 547
3  401 547 1254
3  806 805 1126
3  1125 1144 806
3  798 436 1251
3  1324 546 1325
3  1315 1396 1126
3  1396 1124 1126
3  1331 1247 988
3  1147 1331 988
3  1148 824 1387
3  1148 822 824
3  999 993 1000
3  993 1027 1000
3  1000 1026 1141
3  1249 1248 1387
3  1250 1262 1140
3  1262 1017 1140
3  1334 1260 642
3  1028 642 641
3  1320 1388 986
3  986 1388 1322
3  992 1381 1243
3  1381 1018 1243
3  1388 1260 1322
3  1260 1334 1322
3  550 1025 821
3  433 821 434
3  1138 671 1154
3  671 404 1154
3  399 1014 1013
3  1138 1013 1015
3  661 814 662
3  432 434 663
3  1015 1014 1337
3  819 1015 1337
3  552 821 400
3  821 433 400
3  1020 1333 1021
3  1333 817 1021
3  1164 1098 1339
3  1098 737 1339
3  845 844 1275
3  844 1287 1275
3  1174 1171 1276
3  1171 1340 1276
3  1037 1167 1342
3  1167 695 1342
3  703 862 1047
3  862 861 1047
3  583 1173 1343
3  1041 1272 1343
3  1173 701 1343
3  701 703 1343
3  942 1345 962
3  962 1345 1367
3  1281 455 1282
3  455 454 1282
3  1186 1345 942
3  1282 961 962
3  1335 1401 533
3  532 1267 533
3  1117 281 825
3  281 513 825
3  1280 1279 1365
3  1335 1266 1280
3  1086 518 1036
3  1070 593 595
3  517 1066 1036
3  1066 1070 1036
3  1073 736 415
3  736 413 415
3  1355 1389 1081
3  1355 733 1389
3  353 880 1207
3  880 1203 1207
3  602 601 1100
3  601 933 1100
3  1295 1214 1402
3  630 1297 1403
3  438 452 800
3  452 511 800
3  512 1156 1363
3  1105 511 512
3  629 269 510
3  509 629 510
3  720 302 304
3  302 267 304
3  1390 1219 1392
3  1390 508 1219
3  509 1391 1298
3  1295 1298 1296
3  1219 1185 1392
3  1185 1349 1392
3  1186 1294 1346
3  1294 1349 1346
3  1335 1215 1214
3  786 1401 787
3  1298 1391 1296
3  1391 1349 1296
3  1378 1062 1400
3  1378 1400 1130
3  771 795 1393
3  795 1303 1393
3  1136 1135 1005
3  1135 1107 1005
3  1368 1303 952
3  1303 1221 952
3  1107 949 1404
3  949 768 1404
3  1225 1369 1304
3  1369 983 1304
3  293 770 1370
3  770 769 1370
3  1118 1283 670
3  1283 668 670
3  299 827 1030
3  827 1228 1030
3  281 1118 282
3  1118 1228 282
3  1142 1143 1330
3  1143 804 1405
3  1144 997 1149
3  1143 1405 478
3  1395 1310 1394
3  974 1308 1395
3  1310 477 1394
3  477 476 1394
3  1231 1395 1232
3  1395 1308 1232
3  1327 1375 1314
3  1375 1006 1314
3  1305 1377 1317
3  1377 435 1317
3  1396 1315 1328
3  1315 1327 1328
3  1009 809 1326
3  807 1373 808
3  1142 1385 1397
3  811 1327 1386
3  659 1242 660
3  1242 1318 660
3  1245 1357 1406
3  799 1361 1360
3  1299 1402 1407
3  785 787 1408
3  1321 985 1362
3  1018 1116 1239
3  1364 392 1379
3  392 1129 1131
3  996 1405 1149
3  1405 804 1149
3  988 1247 1252
3  988 1252 989
3  1016 1262 1261
3  1262 554 1261
3  546 796 1251
3  796 798 1251
3  657 401 1255
3  547 810 1254
3  811 1386 1397
3  1385 1383 812
3  403 232 548
3  546 1324 547
3  1258 646 987
3  646 822 987
3  1249 1387 1141
3  1387 998 1141
3  1139 790 976
3  790 1308 976
3  975 990 1140
3  990 1250 1140
3  644 1263 641
3  1263 1146 641
3  434 1025 663
3  1025 661 663
3  552 1013 1154
3  1013 1138 1154
3  814 1012 662
3  1012 1382 663
3  1264 1388 1337
3  1388 1320 1338
3  1336 1021 1338
3  1021 817 1338
3  856 1041 1047
3  1041 703 1047
3  961 1282 1347
3  1282 655 1347
3  1401 786 533
3  786 531 533
3  1389 344 1081
3  344 1079 1081
3  1366 457 510
3  457 508 510
3  720 304 630
3  1299 1297 1409
3  1116 801 1410
3  509 1299 1409
3  1401 1214 1408
3  1214 1295 1408
3  1062 1114 1400
3  1130 1400 1411
3  945 1218 1063
3  1218 1061 1063
3  943 795 944
3  795 771 944
3  639 1220 1393
3  1220 771 1393
3  768 953 1404
3  953 1107 1404
3  1405 996 478
3  996 476 478
3  1325 1009 1326
3  1009 807 809
3  812 811 1397
3  1385 812 1397
3  1108 1319 1412
3  1412 1319 628
3  1359 1361 1413
3  1361 1105 1363
3  1297 1299 1407
3  1215 1335 1365
3  787 1401 1408
3  1401 1335 1214
3  1358 1361 1359
3  801 1414 1410
3  799 1360 1415
3  1361 1358 1244
3  1238 1406 1362
3  985 1018 1239
3  1130 1411 1131
3  721 723 1129
3  804 806 1149
3  806 1144 1149
3  1247 997 1252
3  997 1144 1252
3  1251 1009 1325
3  546 1251 1325
3  1384 1142 1330
3  1307 1384 1330
3  810 1383 1254
3  1383 1384 1255
3  232 969 548
3  969 796 548
3  1252 1145 989
3  1145 1150 989
3  642 1260 643
3  1260 398 643
3  1382 1332 663
3  1332 432 663
3  1350 1185 1367
3  1185 885 1367
3  1080 1161 1354
3  1161 897 1354
3  1297 1359 1403
3  1156 720 630
3  1358 1357 1244
3  1214 1216 1402
3  1156 630 1403
3  1216 1215 1416
3  1297 629 1409
3  629 509 1409
3  339 338 1115
3  627 1115 1417
3  1386 1315 1397
3  1315 805 1397
3  1418 1244 1246
3  1360 1419 1415
3  1400 1115 627
3  1108 1412 1417
3  1279 1406 1420
3  1406 1357 1420
3  1295 1294 1408
3  1294 785 1408
3  802 1380 803
3  1380 1240 803
3  1419 1360 1418
3  1414 801 1256
3  1063 1130 723
3  723 1130 1129
3  1400 627 1398
3  627 626 1398
3  392 789 1129
3  789 721 1129
3  809 808 1326
3  808 811 1326
3  1143 1371 1330
3  1371 1329 1330
3  1307 1121 1255
3  1121 657 1255
3  1402 1216 1407
3  1299 1295 1402
3  1215 1365 1416
3  1365 1357 1416
3  1414 1419 1246
3  1238 1414 1246
3  1216 1416 1359
3  1416 1357 1359
3  1419 1414 628
3  1412 627 1417
3  1115 338 1417
3  338 1108 1417
3  1406 1279 1362
3  1279 1321 1362
3  1357 1365 1420
3  1365 1279 1420
3  1414 1238 1410
3  1238 1116 1410
3  1398 1256 1399
3  1398 626 1256
3  1400 1398 1411
3  1398 1379 1411
3  1411 1379 1131
3  1379 392 1131
3  811 810 1326
3  810 1324 1326
3  1319 1419 628
3  627 1412 628
3  1361 1363 1413
3  1363 1156 1413
3  1216 1359 1407
3  1359 1297 1407
3  1256 803 1399
3  803 1379 1399
3  1414 1256 628
3  1256 626 628
3  1419 1319 1415
3  1319 799 1415
3  1360 1244 1418
3  1419 1418 1246
3  1359 1413 1403
3  1413 1156 1403
3  1245 1406 1246
3  1406 1238 1246
