OFF
1156 2308 0
71.5473 102.261 56.3085
141.349 179.776 121.462
102.803 66.2717 53.5791
-287.493 -140.905 194.144
-165.713 -154.585 121.189
-245.766 -165.072 180.506
39.9452 133.509 65.3623
-316.98 -63.9829 187.978
-153.056 -84.4539 89.2904
374.215 175.913 435.896
-392.979 -266.42 435.896
363.955 -158.028 435.896
357.378 -300.769 383.521
471.51 -70.8953 352.633
420.432 -164.942 397.607
269.664 128.023 185.871
266.143 252.326 251.122
345.781 197.386 292.651
-453.501 34.9164 324.528
-335.259 -15.4787 203.157
106.889 35.176 48.7265
184.662 48.7714 94.7836
116.379 15.5464 51.7673
377.182 -236.802 244.951
222.21 -15.3134 118.186
274.961 34.4547 164.41
-322.385 -338.895 401.833
-444.511 -187.4 392.967
-37.7638 -193.917 99.1938
70.9223 -306.456 183.332
-40.1154 -268.647 153.662
-322.738 286.501 434.563
-444.218 -43.2916 434.572
-329.012 199.145 435.896
-245.379 177.521 187.424
-400.156 186.225 303.099
-272.355 231.752 228.462
-181.963 409.806 398.904
-219.726 359.875 429.204
-80.3265 410.781 430.539
-365.504 62.2703 435.896
351.892 282.675 370.012
392.017 170.399 434.563
475.257 -7.56639 404.578
399.525 205.358 418.702
354.573 24.5091 237.362
0.0821771 264.028 139.012
27.5493 146.039 70.1244
-15.393 111.087 49.9117
-84.1759 -81.7803 49.3619
-19.5229 -109.469 48.5655
181.295 -326.687 254.418
166.13 -432.174 430.64
360.71 -239.589 425.247
-51.2314 333.892 435.896
-311.976 309.814 390.792
-253.798 339.316 324.147
-288.278 318.797 421.228
-366.227 250.076 384.292
-220.093 -351.323 429.192
11.4859 -445.96 414.729
-46.0799 -407.647 429.178
391.631 94.2286 282.448
-95.061 192.43 113.58
-184.36 230.147 167.42
-59.3208 210.802 116.523
94.0386 270.167 170.473
172.242 301.962 226.125
191.349 121.618 127.524
112.992 -21.2305 51.4632
122.843 -24.3327 57.5545
97.6899 -65.0725 52.973
61.4572 -416.175 434.558
-138.514 -353.166 263.87
32.1025 -347.726 226.412
-63.8317 -410.422 338.481
-170.223 -392.683 406.58
-292.762 -206.34 237.486
-201.175 -325.682 260.116
-274.247 -301.354 303.662
203.592 -374.262 435.896
-58.0359 -373.131 435.896
-55.1649 -307.524 193.551
-424.608 113.273 388.117
-220.103 199.724 179.265
-87.9401 395.181 435.896
27.3652 407.874 435.896
287.432 373.749 375.876
133.179 357.449 282.518
88.0294 441.733 392.334
-211.577 343.058 279.862
-163.287 370.962 273.503
-431.993 50.3567 423.917
-365.043 221.033 413.212
414.587 149.687 392.123
434.325 90.8732 388.239
346.853 264.746 427.92
216.14 414.738 430.647
353.849 283.736 404.254
138.104 46.8035 68.5684
-95.7613 62.9688 49.0138
-102.065 91.5 63.8396
229.303 362.833 333.716
-198.028 321.456 244.132
-109.901 -21.6839 49.8792
-201.681 -27.165 106.142
-123.079 3.25837 53.6873
-216.016 44.102 116.73
242.957 182.172 192.761
269.83 68.6523 168.485
-8.65111 -4.97469 -0.335414
-8.49312 -5.23764 -0.329291
52.2629 -89.7864 46.4558
25.7611 -125.187 59.1147
30.4632 -99.0402 46.4242
-134.523 -170.918 115.167
-201.889 -251.88 203.477
9.97167 0.612548 0.386579
9.99064 0 0.387314
-2.80599 4.52682 -0.109294
-144.883 -403.039 361.339
-147.08 -408.921 388.11
94.7752 -393.87 306.152
211.454 -383.857 355.02
-225.027 -11.937 118.509
-178.665 24.9741 89.7944
92.7349 -143.514 85.0236
-6.0197 -7.93967 -0.233404
-5.77138 -8.1206 -0.223777
-94.2083 418.442 344.229
12.3427 431.872 349.642
-52.2364 100.038 49.9977
-77.2932 120.942 69.5388
3.32011 -9.38448 0.128729
9.94797 -0.918099 0.385662
61.3907 259.887 153.274
2.73385 9.57044 0.105997
54.9297 87.9462 46.426
3.02842 9.48196 0.117418
373.823 240.038 375.061
3.32012 9.38448 0.128728
-6.7295 7.35248 -0.260924
2.13719 9.72009 0.0828624
2.43668 9.64984 0.0944745
-120.529 -407.962 407.879
-88.3641 -379.519 433.19
33.0186 -374.914 270.275
43.4372 -436.16 374.841
287.631 -292.744 431.865
423.455 50.5224 433.229
-118.809 29.5091 54.7881
-88.6469 -243.862 152.528
425.041 -42.6093 433.228
376.447 -7.92079 435.896
378.97 157.236 311.599
76.5097 337.544 240.674
-93.5758 120.449 75.5267
-9.82034 -1.82833 -0.380717
0.921777 9.90824 0.0357387
1.22767 9.87522 0.0475984
-3.30311 7.16181 -0.128421
8.80091 4.70702 0.341219
1.5324 9.83283 0.0594132
-2.96155 -5.12255 -0.115322
8.32709 -5.49561 0.322855
-2.89561 -5.38441 -0.112753
9.07533 4.15853 0.351853
9.1997 3.87824 0.356672
8.94236 4.43488 0.3467
9.65507 -115.037 50.326
24.3202 -203.989 110.142
101.014 -31.8547 47.9231
9.9859 0.30642 0.387131
-183.725 -333.098 435.896
198.046 -385.883 434.565
9.97167 -0.612547 0.386579
28.0089 438.568 415.966
-44.7627 424.934 421.219
175.876 343.012 435.896
-2.96213 4.77812 -0.115352
9.82034 1.82833 0.380717
-2.91008 4.69436 -0.113333
-6.19374 -6.36763 -0.240379
-6.26278 -6.43813 -0.243039
-6.45886 -6.24299 -0.250635
9.1997 -3.87823 0.356672
9.07533 -4.15853 0.351853
-8.49312 5.23764 -0.329291
-8.65111 4.97469 -0.335414
-8.32708 5.49563 -0.322856
-9.9859 -0.306423 -0.387131
-5.40423 4.9165 -0.20993
-5.40423 -4.91651 -0.20993
-99.5906 -31.5389 46.5236
-0.615002 9.93184 -0.0238448
-0.921777 9.90824 -0.0357387
9.91483 -1.22275 0.384378
-3.27456 -5.28062 -0.127462
-3.10995 -5.37845 -0.121072
-3.15942 -5.46375 -0.122988
4.72585 8.76573 0.183236
4.99459 8.61654 0.193656
9.68856 -2.42695 0.375613
9.52001 -3.01633 0.369083
-2.86266 -4.95192 -0.111488
9.68856 2.42695 0.375612
9.60884 2.72293 0.372525
7.78229 6.23735 0.301739
7.9715 5.99571 0.309073
7.58571 6.47307 0.294118
-6.81491 6.58457 -0.264346
-6.88616 6.65285 -0.267088
-6.53902 6.72003 -0.253674
3.60865 9.2781 0.139916
4.45263 8.90662 0.172641
-3.08289 5.73149 -0.120004
-3.12972 5.81825 -0.121816
-9.31534 -3.59427 -0.361153
-9.42214 -3.30687 -0.365291
-6.72949 -7.35248 -0.260924
-6.49898 -7.55543 -0.251987
-6.49898 7.55543 -0.251987
8.65111 4.97469 0.335414
-3.25762 6.52842 -0.126724
-9.91482 1.22277 -0.384378
-9.94797 0.918098 -0.385662
-4.99689 8.04142 -0.193867
-5.04922 8.12499 -0.195873
-4.79569 8.27605 -0.186041
-3.60866 9.2781 -0.139916
-7.5857 -6.47308 -0.294119
-7.38195 -6.70266 -0.286219
-9.1997 -3.87823 -0.356672
-104.098 24.8374 46.8323
-9.9859 0.306424 -0.387131
-9.97167 0.612548 -0.386579
-6.15527 5.2601 -0.238965
-9.60884 2.72294 -0.372525
-9.52001 3.01633 -0.369083
-3.83288 -7.11926 -0.148962
-4.00139 -6.91316 -0.155516
-3.78596 -7.03256 -0.147154
-1.53238 -9.83283 -0.0594138
-1.22767 -9.87522 -0.0475985
0.307655 9.94601 0.0119277
0.615001 9.93184 0.0238447
7.38194 6.70266 0.286219
7.17119 6.9259 0.278049
-9.87227 1.52627 -0.382729
-2.80598 -4.52682 -0.109294
-7.705 6.17594 -0.298763
-7.35966 6.2818 -0.285418
-7.28433 6.21803 -0.282518
-6.95363 7.14258 -0.269614
-2.86265 4.95192 -0.111488
9.91483 1.22277 0.384378
9.87227 1.52627 0.382729
-2.9121 5.03723 -0.113405
-4.57863 7.37267 -0.177804
-4.2494 7.3392 -0.165065
-4.52639 7.28905 -0.175794
5.77139 8.12059 0.223776
6.0197 7.93967 0.233404
-2.98924 5.55795 -0.116379
1.83567 9.7811 0.0711715
-3.69214 6.85913 -0.143538
-3.52274 7.05717 -0.136949
-3.59834 6.68569 -0.139921
-9.97167 -0.612549 -0.386579
-9.94797 -0.918099 -0.385662
-6.05568 -6.22661 -0.235059
-5.92713 -6.48197 -0.230065
-9.75908 -2.12865 -0.378344
9.31534 -3.59427 0.361153
-4.34961e-07 9.95074 -1.70133e-08
9.52001 3.01633 0.369083
-9.68856 2.42695 -0.375612
-3.46899 7.51951 -0.134806
-3.55195 7.69834 -0.137997
-3.6998 -8.70992 -0.143556
-3.81616 -8.98173 -0.148007
-3.96725 -8.59225 -0.15393
3.02841 -9.48197 0.117419
-5.95979 -7.86133 -0.231108
-6.07545 -7.52179 -0.235641
-5.84004 -7.7046 -0.226514
-2.43668 -9.64984 -0.0944742
-2.73385 -9.57044 -0.105997
-7.0886 6.43849 -0.274933
-6.74369 6.51627 -0.261605
-4.21307 -6.78721 -0.163728
-4.10869 -6.61988 -0.159704
-3.30863 -4.66806 -0.128794
-3.10827 -4.68511 -0.121023
-3.21753 -4.84935 -0.125259
9.82034 -1.82833 0.380717
9.75908 -2.12865 0.378345
-7.16193 6.50455 -0.277755
-7.5857 6.47308 -0.294119
-7.78229 6.23734 -0.301738
-7.51036 6.40932 -0.291219
-4.73885 6.6767 -0.184095
-4.5303 6.81884 -0.176007
-4.47553 6.73683 -0.173896
-9.91482 -1.22277 -0.384378
-5.55055 -5.04903 -0.215589
-5.1075 4.94296 -0.198453
-5.02118 5.16789 -0.195113
-4.95226 5.09726 -0.192447
-7.39591 5.9302 -0.286857
-7.47317 5.99165 -0.289834
-7.1337 6.09043 -0.276715
8.49312 5.23764 0.329291
8.32708 5.49562 0.322856
-5.62373 5.11528 -0.218418
-3.42751 7.43009 -0.13321
6.72949 7.35249 0.260924
6.95363 7.14258 0.269614
-3.06048 5.29315 -0.119156
9.31534 3.59426 0.361153
9.42214 3.30687 0.365292
-4.63987 6.98283 -0.180228
-4.80429 7.22876 -0.186556
-9.87227 -1.52627 -0.382729
-5.69691 -5.18152 -0.221247
-2.94242 -5.47118 -0.114566
-7.70499 -6.17594 -0.298763
-7.28433 -6.21803 -0.282518
-7.35966 -6.2818 -0.285418
2.73385 -9.57044 0.105997
7.58572 -6.47306 0.294118
6.95363 -7.14258 0.269614
-7.97149 5.99571 -0.309073
-9.82034 1.82833 -0.380717
-9.75908 2.12865 -0.378345
-7.02865 6.7894 -0.272569
-7.30859 6.63664 -0.283398
-7.17118 6.92591 -0.278049
-7.38195 6.70266 -0.286219
-7.23526 6.5706 -0.280577
-6.9574 6.72113 -0.269829
-8.15315 5.74839 -0.316114
9.94797 0.918093 0.385662
9.75908 2.12865 0.378345
3.89377 9.16292 0.150971
4.17518 9.03905 0.161883
8.15315 5.74839 0.316115
5.77138 -8.12059 0.223777
6.0197 -7.93966 0.233404
3.60867 -9.2781 0.139916
2.43668 -9.64984 0.0944742
6.26231 7.75122 0.242811
-7.4967 -5.64147 -0.290775
-3.2515 4.58765 -0.126578
-3.36578 4.74846 -0.131009
-3.1629 4.76723 -0.123141
5.25859 8.45919 0.203893
5.51761 8.29382 0.213936
-3.01419 -4.86188 -0.117371
-3.39016 6.79281 -0.131838
-5.5949 6.51144 -0.217221
-5.3288 6.60335 -0.206923
-5.46587 6.36216 -0.212248
-0.307656 9.94601 -0.0119277
-5.6051 -5.42225 -0.217691
-5.91648 -5.38021 -0.229731
-5.53399 -5.3538 -0.214944
-6.38096 5.45185 -0.247681
-6.13612 5.57881 -0.238213
-6.0629 5.51262 -0.235386
-7.41759 -5.58239 -0.287724
-3.75358 6.48699 -0.145958
-3.80313 6.57223 -0.14787
-9.99064 -8.73409e-07 -0.387314
-6.30573 -5.38795 -0.244776
-6.15527 -5.2601 -0.238965
-6.0629 -5.51262 -0.235386
-9.60884 -2.72293 -0.372525
-8.15315 -5.74839 -0.316114
-8.32708 -5.49563 -0.322856
-8.07221 -5.69183 -0.312995
-7.39591 -5.93021 -0.286857
-6.79539 6.17415 -0.263641
-7.05839 6.02661 -0.273813
-5.91648 5.3802 -0.229731
-5.77009 5.24776 -0.224075
-9.07533 -4.15853 -0.351853
-4.65897 5.10125 -0.181098
-4.79235 5.24671 -0.186258
-6.40088 6.57909 -0.248357
-6.67247 6.44796 -0.258863
-7.9715 -5.99571 -0.309073
-7.89234 -5.9367 -0.306024
-7.55043 -6.05309 -0.292811
8.15315 -5.7484 0.316114
8.80091 -4.70701 0.341219
8.49312 -5.23763 0.329291
6.72948 -7.35249 0.260925
6.26231 -7.75122 0.242811
-3.50591 -6.06071 -0.136392
-3.45639 -5.97544 -0.134478
-3.36395 -6.25202 -0.130872
-3.12515 -6.264 -0.121607
-6.0197 7.93966 -0.233404
-5.77139 8.12059 -0.223776
-4.36969 7.03815 -0.169763
-4.15019 7.1688 -0.161246
-3.74385 7.49769 -0.145461
-3.92675 7.29265 -0.152576
-3.7881 7.58578 -0.147163
-3.67647 7.96656 -0.142781
-3.83234 7.67387 -0.148864
-5.7642 7.13925 -0.223682
-5.70198 7.06272 -0.221289
-5.98215 6.95907 -0.23213
-3.43435 6.88094 -0.133542
-3.17655 5.90501 -0.123628
-3.50456 -6.51224 -0.136303
-3.65449 -6.31649 -0.142133
-3.55543 -6.14597 -0.138306
-4.40826 -8.8186 -0.170946
-4.63172 -8.59251 -0.179635
-4.31957 -8.64253 -0.167553
-5.57755 -6.90964 -0.216502
-5.85304 -6.80989 -0.227162
-5.78849 -6.73529 -0.224677
-3.40689 5.89016 -0.132564
-3.58718 5.78298 -0.139562
-3.4564 5.97544 -0.134478
-4.36969 -7.03815 -0.169763
-4.42191 -7.12179 -0.171774
-4.58508 -6.90084 -0.178117
-2.96214 -4.77812 -0.115352
9.9859 -0.306392 0.387131
9.60884 -2.72294 0.372525
-3.17039 -5.11314 -0.123426
-3.38144 -5.09568 -0.131612
-3.27216 -4.93146 -0.127377
-3.11832 -5.02939 -0.121408
9.87227 -1.52628 0.382729
-3.27456 5.28062 -0.127462
-3.49075 5.25988 -0.135846
-3.32665 5.36436 -0.129479
6.49898 7.55543 0.251987
-6.38096 -5.45185 -0.247681
-9.68856 -2.42695 -0.375612
-8.80091 -4.70702 -0.341219
-8.94236 -4.43488 -0.346701
-6.8553 -5.49974 -0.266008
-6.53145 -5.57965 -0.253491
-9.1997 3.87823 -0.356672
-9.31534 3.59426 -0.361153
-8.94236 4.43488 -0.346701
-6.53145 5.57965 -0.253491
-9.07533 4.15853 -0.351853
-2.99905 4.52085 -0.116786
-7.91036 5.57867 -0.306756
-5.55056 5.04903 -0.215589
-9.42214 3.30686 -0.365291
8.94236 -4.43488 0.346701
7.17119 -6.9259 0.278049
-3.01102 -5.20785 -0.117239
6.49899 -7.55542 0.251987
-3.40689 -5.89017 -0.132564
-3.53506 -5.69926 -0.137546
-3.35739 -5.80489 -0.130649
4.45264 -8.90661 0.172641
4.72586 -8.76573 0.183236
0.307653 -9.94601 0.0119279
0.615013 -9.93184 0.0238444
-0.921796 -9.90824 -0.0357375
-4.21307 6.78721 -0.163729
-5.98969 5.44641 -0.232559
-5.74732 5.55912 -0.223185
-2.73385 9.57044 -0.105997
-3.66105 8.6193 -0.142072
-3.02842 9.48196 -0.117418
-6.26231 7.75122 -0.242811
-6.43435 7.48091 -0.249507
-5.54079 7.31266 -0.215021
-2.13719 9.72009 -0.0828624
-2.43668 9.64984 -0.0944745
-3.50605 8.2568 -0.136132
-3.75951 8.14535 -0.145968
-3.54479 8.34744 -0.137617
-4.24153 4.94265 -0.16494
-4.3703 5.09218 -0.169925
-4.14883 5.14705 -0.161348
-5.4269 7.63955 -0.210564
-5.60062 7.39107 -0.217321
-5.72031 7.54785 -0.221918
-5.1882 7.8024 -0.201308
-5.35286 8.04814 -0.207624
-5.82643 7.21578 -0.226075
-5.95092 7.36881 -0.230858
-8.07221 5.69182 -0.312995
-7.55043 6.05309 -0.292811
-3.01419 4.86188 -0.117371
-4.17517 -9.03905 -0.161884
-3.89375 -9.16293 -0.150972
-4.05039 -8.77098 -0.157113
-4.23092 -8.46646 -0.164158
-3.21347 -6.44029 -0.125018
-3.30179 -6.61656 -0.128429
-3.02841 -9.48197 -0.117419
-5.5991 -7.88011 -0.217172
-5.98215 -6.95907 -0.23213
-6.19445 -6.77229 -0.240358
-5.46587 -6.36216 -0.212248
-5.59316 -6.11889 -0.217191
-5.40137 -6.28751 -0.209761
-5.33688 -6.21285 -0.207274
-5.14234 -6.37356 -0.199735
-5.20448 -6.45017 -0.202131
-5.08272 -7.15825 -0.197336
-5.30155 -6.99898 -0.20582
-5.02539 -7.07801 -0.19513
-3.53722 -4.98965 -0.137654
-3.49074 -5.25988 -0.135846
-3.65155 -5.15041 -0.142083
9.42214 -3.30687 0.365291
-3.10828 4.68511 -0.121023
-6.08006 -5.19617 -0.236059
-5.40137 6.28751 -0.209761
-5.72673 6.26415 -0.222342
-8.80091 4.70702 -0.341219
-5.85303 6.80989 -0.227162
-5.63976 6.98618 -0.218896
-5.57755 6.90963 -0.216502
-4.95226 -5.09726 -0.192447
-5.17857 -5.01145 -0.201202
-5.1075 -4.94296 -0.198453
-6.03185 -5.83277 -0.234169
-5.71068 -5.87389 -0.221752
-5.77967 -5.94445 -0.224414
8.65111 -4.97469 0.335415
7.97149 -5.99572 0.309073
7.78228 -6.23736 0.301739
7.38194 -6.70267 0.28622
3.89376 -9.16293 0.150972
4.17517 -9.03905 0.161884
5.51761 -8.29381 0.213936
-3.03606 -5.64473 -0.118192
-3.41081 -6.33876 -0.132682
1.83567 -9.7811 0.0711713
2.13719 -9.72009 0.0828623
0.921801 -9.90824 0.0357377
-3.52274 -7.05717 -0.136949
-3.90225 -6.7427 -0.151694
-3.73905 -6.94584 -0.145346
-4.45263 8.90662 -0.172642
-4.72585 8.76574 -0.183236
-4.67878 8.67912 -0.181435
-4.40827 8.81859 -0.170946
-6.81539 7.00177 -0.264303
-6.74628 6.93135 -0.261646
-1.5324 9.83283 -0.0594132
-1.83567 9.7811 -0.0711716
-3.73859 8.80052 -0.14504
-3.92568 8.50288 -0.152339
-4.7877 7.7071 -0.185838
-5.02361 7.5566 -0.194988
-4.83999 7.79068 -0.187846
-3.31709 6.16528 -0.129062
-3.41081 6.33876 -0.132683
-3.65539 7.32149 -0.142057
-3.83289 7.11925 -0.148962
-3.56695 7.14528 -0.138652
-3.73905 6.94584 -0.145346
-4.59229 5.02851 -0.178518
-4.88335 5.02661 -0.189781
-4.34866 7.50959 -0.168882
-4.88318 6.44975 -0.189703
-4.94293 6.52823 -0.192006
-7.89234 5.9367 -0.306024
-3.63008 4.80027 -0.141254
-3.68969 4.87887 -0.143564
-3.48007 4.90925 -0.135439
-3.20891 5.54903 -0.124904
-3.15943 5.46374 -0.122988
-4.67878 -8.67912 -0.181436
-4.72585 -8.76573 -0.183236
-4.94458 -7.95785 -0.19186
-5.07847 -7.63853 -0.197095
-4.89229 -7.87427 -0.189853
-3.32011 -9.38448 -0.128729
-3.50605 -8.25681 -0.136132
-2.13719 -9.72009 -0.0828623
-5.95091 -7.36882 -0.230859
-5.54078 -7.31267 -0.215022
-5.72031 -7.54785 -0.221918
-6.8845 -7.07219 -0.266959
-6.66258 -7.28 -0.258355
-4.30251 -7.98605 -0.167018
-4.14229 -8.29035 -0.160762
-4.34952 -8.0727 -0.168821
-4.31748 -6.95451 -0.167752
-4.26526 -6.87087 -0.16574
-4.10058 -7.08359 -0.159337
-2.99822 -9.38816 -0.116267
-6.3051 -7.33186 -0.244544
-6.43435 -7.48092 -0.249507
-6.4619 -7.06247 -0.250645
-6.32815 -6.9174 -0.245502
-6.1759 -7.18277 -0.23958
-7.17118 -6.92591 -0.278049
-7.02865 -6.7894 -0.272569
-6.67719 -6.86091 -0.258989
-7.51035 -6.40932 -0.291219
-7.16418 -5.74577 -0.277923
-6.9078 -5.89896 -0.268008
-3.7493 -4.95747 -0.145874
-3.63007 -4.80027 -0.141254
-3.12971 -5.81826 -0.121816
-3.081 -6.17585 -0.119901
-6.01318 -7.44531 -0.23325
-4.28075 -6.0343 -0.16642
-4.14703 -6.2447 -0.161224
-4.33799 -6.11462 -0.16863
-5.32072 5.14841 -0.2067
-5.25478 -7.39893 -0.203951
-6.74369 -6.51627 -0.261605
-7.0886 -6.43849 -0.274933
-7.01529 -6.37242 -0.272111
-7.1337 -6.09043 -0.276715
-6.79539 -6.17415 -0.263641
-7.4967 5.64147 -0.290775
-5.77009 -5.24776 -0.224075
-5.84328 -5.31399 -0.226903
-5.17857 5.01145 -0.201202
-3.55145 6.59896 -0.138112
-3.36577 -4.74846 -0.131009
-3.42292 -4.82886 -0.133224
-3.32665 -5.36436 -0.129479
-3.2089 -5.54904 -0.124904
4.99459 -8.61654 0.193656
5.25859 -8.45919 0.203893
1.53239 -9.83283 0.059414
1.22767 -9.87522 0.0475987
-3.31709 -6.16527 -0.129061
-5.46268 8.21194 -0.211832
-5.65652 7.96027 -0.219374
-5.5991 7.8801 -0.217172
-5.51761 8.29381 -0.213936
-5.25859 8.45919 -0.203893
-4.99459 8.61654 -0.193656
-5.15389 8.2921 -0.199884
-6.67719 6.86091 -0.258989
-5.3918 5.21689 -0.209448
-6.20001 7.67476 -0.240421
-5.9598 7.86132 -0.231108
-6.07545 7.5218 -0.235641
-3.69962 7.40959 -0.143759
-1.22767 9.87522 -0.0475984
-4.44355 8.24599 -0.172427
-4.74599 8.1909 -0.184136
-4.53762 8.41926 -0.176032
-3.46732 8.16617 -0.134646
-4.8454 8.36118 -0.187945
-4.89512 8.44631 -0.189849
-4.30251 7.98605 -0.167018
-4.1866 8.37841 -0.16246
-4.1423 8.29035 -0.160762
-4.44794 7.67995 -0.172698
-4.16155 7.72606 -0.161605
-3.61117 7.23339 -0.140355
-3.8766 7.76195 -0.150565
-4.05099 6.99837 -0.157426
-5.42115 7.15584 -0.210421
-5.14007 7.23848 -0.199542
-4.96807 6.99776 -0.192924
-4.54726 7.85029 -0.176512
-4.73542 7.6235 -0.18383
-4.96877 7.47465 -0.19288
-4.63089 7.45629 -0.179813
-5.51535 6.83307 -0.214108
-5.78849 6.73529 -0.224677
-3.6545 6.31649 -0.142133
-3.45769 6.4255 -0.134493
-3.06625 4.94563 -0.11939
-5.40777 -8.13004 -0.209728
-4.49057 -8.33263 -0.17423
-4.58466 -8.50589 -0.177833
-4.84539 -8.36119 -0.187946
-4.99459 -8.61654 -0.193656
-5.86032 -6.40937 -0.227491
-3.60866 -9.2781 -0.139916
-3.38604 -7.34068 -0.131614
-3.58353 -8.43806 -0.139102
-3.32108 -8.544 -0.128919
-3.95182 -6.82794 -0.153605
1.18661e-07 -9.95074 4.64139e-09
-6.2405 -7.25732 -0.242062
-6.2623 -7.75123 -0.242811
-6.06077 -6.62715 -0.235212
-6.33182 -6.50861 -0.245698
-6.11131 -7.10822 -0.237097
-4.2494 -7.3392 -0.165065
-4.52639 -7.28905 -0.175794
-5.04921 -8.125 -0.195873
-5.29796 -7.96624 -0.205519
-3.67647 -7.96656 -0.142781
-4.57863 -7.37267 -0.177804
-4.69467 -7.06481 -0.182337
-4.19979 -7.254 -0.163156
-5.12219 -6.76364 -0.198915
-4.79614 -6.75698 -0.186303
-4.91075 -6.9175 -0.190717
-4.11458 -7.63939 -0.159799
-4.34866 -7.50959 -0.168882
-4.06761 -7.55271 -0.157994
-4.2555 -7.8994 -0.165214
-4.39829 -7.59477 -0.17079
-4.20852 -7.81273 -0.163409
-6.95363 -7.14258 -0.269614
-6.67247 -6.44796 -0.258863
-6.60126 -6.37964 -0.256121
-7.78229 -6.23734 -0.301739
-6.72211 -6.10804 -0.260817
-7.05839 -6.02662 -0.273813
-7.47317 -5.99166 -0.289834
-3.92818 -5.19323 -0.152802
-4.02475 -4.99363 -0.156545
-3.86855 -5.11464 -0.150493
-3.86856 5.11464 -0.150493
-3.98783 5.2718 -0.15511
-5.67621 -5.49069 -0.220438
-5.74732 -5.55912 -0.223185
-4.96877 -7.47465 -0.19288
-5.31214 -7.47914 -0.206156
-3.57047 4.72166 -0.138944
-3.01102 5.20785 -0.117239
-5.84866 -6.015 -0.227076
-5.91766 -6.08554 -0.229737
-6.17415 -5.96955 -0.239659
-5.45962 -5.9736 -0.212039
-5.36951 -7.55935 -0.20836
-5.1882 -7.80239 -0.201307
-5.39099 -6.67993 -0.209318
-5.45317 -6.7565 -0.211713
-6.53902 -6.72003 -0.253674
-6.2613 -6.84485 -0.24293
-5.51536 -6.83307 -0.214108
-4.45912 5.53051 -0.173353
-4.28612 5.66459 -0.166649
-4.39705 5.45383 -0.170953
-5.62373 -5.11528 -0.218418
-4.33499 -5.37714 -0.168552
-4.22645 -5.58604 -0.164342
-4.45913 -5.5305 -0.173353
-3.90225 6.7427 -0.151694
-3.85269 6.65747 -0.149782
-4.88335 -5.02661 -0.189781
-3.43435 -6.88094 -0.133542
-6.01318 7.44531 -0.23325
-6.1759 7.18277 -0.23958
-6.8845 7.07219 -0.266959
-5.84004 7.7046 -0.226514
-5.89992 7.78296 -0.228811
-5.30155 6.99897 -0.20582
-5.18197 6.84209 -0.201217
-5.31214 7.47914 -0.206156
-5.19742 7.31871 -0.201747
-4.94485 8.53143 -0.191753
-6.59568 7.2075 -0.255786
-6.66258 7.28 -0.258355
-3.62229 8.52868 -0.140587
-3.84258 8.32412 -0.149154
-3.57269 9.18635 -0.138543
-3.28702 9.29166 -0.127465
-4.4976 7.76513 -0.174605
-4.6466 8.02061 -0.180324
-4.31958 8.64253 -0.167553
-4.27524 8.55449 -0.165856
-4.09198 8.86035 -0.158703
-4.13357 8.94971 -0.160293
-3.89377 9.16292 -0.150971
-3.80104 8.23474 -0.147561
-4.06761 7.55271 -0.157994
-3.97369 7.37934 -0.154382
-4.62429 6.51613 -0.179678
-4.85344 6.83724 -0.18851
-4.94458 7.95785 -0.19186
-4.69629 8.10576 -0.18223
-5.36135 7.07741 -0.208121
-4.85911 7.31073 -0.188664
-4.69629 -8.10576 -0.18223
-4.74599 -8.1909 -0.184136
-5.51761 -8.29381 -0.213936
-4.79568 -8.27605 -0.186041
-4.45264 -8.90661 -0.172641
-4.68315 -7.5399 -0.181821
-4.8591 -7.31074 -0.188664
-4.13357 -8.94971 -0.160294
-1.83567 -9.7811 -0.0711712
-4.05651 -6.53622 -0.157691
-3.61117 -7.23339 -0.140355
-3.69961 -7.4096 -0.14376
-3.59344 -7.78776 -0.139592
-5.70197 -7.06272 -0.221289
-5.7642 -7.13925 -0.223682
-6.04672 -7.03365 -0.234614
-5.82643 -7.21578 -0.226075
-4.94485 -8.53143 -0.191753
-5.99395 -6.55457 -0.232639
-5.25858 -8.45919 -0.203893
-5.15389 -8.2921 -0.199884
-5.42115 -7.15584 -0.210421
-4.49759 -7.76513 -0.174605
-4.73543 -7.62349 -0.18383
-4.91393 -7.39269 -0.190772
-3.96513 -7.93811 -0.153966
-3.8766 -7.76195 -0.150564
-4.05369 -8.11425 -0.157365
-4.59694 -7.93545 -0.178418
-4.16155 -7.72606 -0.161604
-6.88616 -6.65285 -0.267088
-6.9574 -6.72113 -0.269829
-7.30859 -6.63664 -0.283398
-6.74628 -6.93135 -0.261646
-7.16192 -6.50455 -0.277755
-7.00973 -5.62278 -0.271966
-6.13611 -5.57881 -0.238213
-3.76409 -5.67031 -0.146426
-3.92817 -5.91651 -0.15277
-4.05187 -5.71296 -0.157574
-3.56695 -7.14528 -0.138652
-4.47553 -6.73684 -0.173896
-4.0923 -6.16266 -0.159111
-4.24153 -4.94265 -0.16494
-3.43084 -5.53182 -0.133513
-3.30789 -5.71961 -0.128734
-3.70872 -5.23079 -0.144297
-4.21087 -5.22376 -0.16375
-4.27293 -5.30045 -0.166151
-4.3458 -5.74313 -0.168956
-4.5212 -5.60717 -0.175753
-4.28612 -5.66459 -0.166649
-9.52001 -3.01633 -0.369083
-5.32881 -6.60335 -0.206923
-5.00267 -6.60671 -0.19431
-5.5949 -6.51144 -0.217221
-5.72673 -6.26415 -0.222342
-5.72395 -6.66068 -0.222192
-4.68156 -6.59642 -0.181886
-4.88318 -6.44975 -0.189703
-5.63976 -6.98618 -0.218896
-5.98667 -6.15608 -0.232398
-5.33688 6.21286 -0.207274
-5.59317 6.11889 -0.217191
-6.17415 5.96955 -0.239659
-6.24532 6.03792 -0.242403
-6.05568 6.2266 -0.235059
-6.04672 7.03364 -0.234614
-6.2613 6.84485 -0.24293
-6.32815 6.9174 -0.245502
-6.08006 5.19617 -0.236059
-5.4629 5.28535 -0.212196
-6.30573 5.38795 -0.244776
-3.69142 -5.9504 -0.143593
-4.65897 -5.10125 -0.181098
-4.4347 -5.16694 -0.172417
-4.5635 -5.31643 -0.1774
-4.31748 6.95451 -0.167752
-3.95183 6.82793 -0.153605
-4.20177 6.32674 -0.163337
-4.00434 6.45254 -0.155678
-4.14704 6.2447 -0.161224
-4.59229 -5.02851 -0.178518
-4.81445 -4.95596 -0.187115
-3.65473 -5.50615 -0.142194
-6.19445 6.77229 -0.240358
-5.07847 7.63854 -0.197095
-4.63172 8.59251 -0.179634
-6.3051 7.33186 -0.244544
-6.4619 7.06247 -0.250645
-3.32012 9.38448 -0.128728
-4.0504 8.77098 -0.157113
-3.85497 9.07233 -0.149489
-4.00882 8.68162 -0.155522
-4.17518 9.03905 -0.161883
-3.96513 7.9381 -0.153965
-4.00942 8.02617 -0.155665
-5.1222 6.76363 -0.198915
-4.1866 -8.3784 -0.16246
-3.80105 -8.23473 -0.147561
-3.25391 -9.19884 -0.126202
-0.615008 -9.93184 -0.0238441
-0.307653 -9.94601 -0.0119279
-4.44794 -7.67996 -0.172698
-3.46898 -7.51952 -0.134806
-4.366 -6.57281 -0.169674
-4.62429 -6.51613 -0.179678
-6.59568 -7.2075 -0.255785
-6.75724 -5.77126 -0.262202
-7.08696 -5.68428 -0.274945
-8.24443 -5.44157 -0.319669
-7.57581 -5.70054 -0.293825
-4.00433 -6.45255 -0.155678
-3.75358 -6.48699 -0.145958
-4.16629 -5.87364 -0.161997
-3.74356 -6.0341 -0.145608
-3.84785 -6.20149 -0.149637
-4.31125 -6.4908 -0.167562
-3.80313 -6.57223 -0.14787
-3.59833 -6.68569 -0.139921
-3.85269 -6.65747 -0.149782
-5.2724 -6.13819 -0.204786
-5.20792 -6.06352 -0.202298
-4.10713 -5.42893 -0.159726
-3.16931 6.35214 -0.123313
-5.57273 -5.73276 -0.216426
-5.50376 -5.66218 -0.213763
-5.32612 -5.82828 -0.206885
-5.01805 -6.22034 -0.194942
-4.96807 -6.99776 -0.192924
-5.52639 -6.04625 -0.214615
-6.40088 -6.57909 -0.248357
-6.35581 -5.77735 -0.246692
-6.50231 -5.90965 -0.252343
-5.39098 6.67993 -0.209318
-5.6417 5.80333 -0.219089
-5.45962 5.9736 -0.212039
-5.39287 5.90094 -0.209462
-7.41759 5.58239 -0.287724
-6.85531 5.49974 -0.266008
-5.6051 5.42225 -0.217691
-4.47415 7.20543 -0.173784
-4.10059 7.08359 -0.159336
-3.83868 -4.76346 -0.149337
-3.74931 4.95746 -0.145874
-3.3018 6.61656 -0.128429
-4.366 6.57281 -0.169674
-4.82344 6.37126 -0.187399
-6.60671 5.64353 -0.256395
-3.42292 4.82886 -0.133224
-3.3268 5.01357 -0.129495
-3.96272 4.91691 -0.154142
-4.3703 -5.09218 -0.169925
-3.81616 8.98173 -0.148006
-4.39653 8.15935 -0.170624
-5.36952 7.55935 -0.20836
-4.58467 8.50589 -0.177833
-4.02065 7.46603 -0.156188
-5.48428 -7.71975 -0.212767
-3.75952 -8.14535 -0.145968
-3.71798 -8.05596 -0.144374
-3.97368 -7.37935 -0.154382
-6.13773 -7.59828 -0.238031
-6.52879 -7.13499 -0.253215
-7.23526 -6.5706 -0.280577
-6.31649 -6.10628 -0.245147
-6.83252 -5.83512 -0.265105
-6.86868 -6.24025 -0.266464
-3.22339 -5.99177 -0.125439
-3.95216 -6.36887 -0.153665
-4.20177 -6.32673 -0.163337
-4.58328 -5.68385 -0.178153
-4.75676 -5.54062 -0.184873
-4.69233 -5.4659 -0.182382
-4.74948 -7.14679 -0.184446
-4.80429 -7.22877 -0.186555
-5.81844 -5.62755 -0.225931
-4.76957 5.91381 -0.18535
-4.58457 6.05724 -0.17818
-4.46517 5.9002 -0.173569
-5.3918 -5.21689 -0.209448
-5.22796 -5.37978 -0.203108
-5.6417 -5.80333 -0.219089
-6.103 -5.90116 -0.236914
-6.53006 -6.31132 -0.253378
-5.4348 -5.59159 -0.2111
-5.14232 6.37357 -0.199735
-5.20448 6.45017 -0.202132
-7.57581 5.70054 -0.293825
-5.4348 5.59159 -0.2111
-5.36585 5.52099 -0.208436
-4.27293 5.30045 -0.166151
-4.22645 5.58604 -0.164342
-4.00141 6.91315 -0.155516
-4.75676 5.54063 -0.184873
-4.82119 5.61535 -0.187363
-4.58328 5.68385 -0.178153
-3.60007 5.42406 -0.140079
-3.65155 5.15041 -0.142083
-3.65473 5.50615 -0.142195
-4.10869 6.61989 -0.159704
-6.60126 6.37965 -0.256121
-4.56702 6.43584 -0.177469
-4.64537 5.76051 -0.180552
-4.92576 5.39214 -0.191417
-4.62792 5.39117 -0.179891
-4.09799 8.2023 -0.159063
-4.0537 8.11424 -0.157364
-6.11131 7.10822 -0.237097
-3.27216 4.93146 -0.127377
-3.92675 -7.29265 -0.152576
-6.57557 -5.97579 -0.255168
-7.31866 -5.86873 -0.283879
-3.27024 -6.07853 -0.12725
-5.14345 -5.98884 -0.19981
-4.03759 -6.08062 -0.156998
-3.88027 -5.4719 -0.150937
-3.99467 -5.6326 -0.155362
-4.567 -6.43585 -0.177469
-4.76371 -6.29277 -0.185095
-4.64426 -6.13577 -0.180486
-3.9 -6.28519 -0.151651
-3.88027 5.47189 -0.150937
-3.76591 5.31116 -0.14651
-5.22796 5.37977 -0.203108
-5.15903 5.30915 -0.200443
-5.0901 -5.23853 -0.197778
-4.92576 -5.39214 -0.191417
-5.24965 -5.07993 -0.203951
-5.26664 -6.52676 -0.204527
-5.88957 -5.69596 -0.228677
-5.96071 -5.76437 -0.231423
-6.28257 -5.71118 -0.243866
-5.01805 6.22034 -0.194942
-7.00973 5.62277 -0.271966
-5.72395 6.66068 -0.222192
-5.00268 6.60671 -0.194309
-5.06244 6.68517 -0.196612
-6.72211 6.10804 -0.260817
-6.9078 5.89896 -0.268008
-5.50376 5.66218 -0.213763
-5.88957 5.69596 -0.228678
-4.81445 4.95595 -0.187115
-5.36585 -5.52099 -0.208436
-5.2969 -5.45038 -0.205772
-5.12591 -5.61024 -0.199152
-4.79235 -5.24671 -0.186258
-4.52486 -5.97873 -0.175874
-4.70746 -5.83717 -0.182951
-4.64537 -5.76051 -0.180552
-6.93252 5.56126 -0.268987
-4.99247 5.46485 -0.193996
-5.2969 5.45038 -0.205772
-4.56351 5.31643 -0.1774
-5.71068 5.87389 -0.221752
-5.77967 5.94445 -0.224414
-4.76371 6.29277 -0.185095
-4.50975 6.35554 -0.17526
-5.46269 -8.21193 -0.211832
-5.78017 -7.62624 -0.224216
-3.87981 -7.20596 -0.150769
-4.83999 -7.79068 -0.187845
-3.69215 -6.85912 -0.143538
-3.31246 -7.80362 -0.128699
-6.24532 -6.03792 -0.242403
-4.45248 -6.27524 -0.17305
-4.89379 -6.0671 -0.190147
-4.76957 -5.91381 -0.18535
-3.82308 -5.39153 -0.148724
-5.07898 -5.91416 -0.197321
-5.25938 -5.7556 -0.204308
-5.01452 -5.83947 -0.194832
-6.12761 -6.69973 -0.237785
-7.01529 6.37242 -0.272111
-6.57557 5.97579 -0.255168
-5.84866 6.015 -0.227076
-6.03185 5.83277 -0.234169
-6.103 5.90116 -0.236914
-5.99395 6.55457 -0.232639
-6.94198 6.30634 -0.269288
-6.28257 5.71117 -0.243866
-4.95008 -5.76476 -0.192343
-5.19264 -5.68293 -0.20173
-5.20792 6.06352 -0.202298
-5.14344 5.98884 -0.19981
-5.01452 5.83947 -0.194832
-4.83168 5.99045 -0.187748
-5.32612 5.82827 -0.206885
-6.31649 6.10628 -0.245147
-6.45886 6.24299 -0.250635
-4.10908 5.7933 -0.159786
-3.98288 5.99856 -0.154884
-3.92818 5.9165 -0.15277
-3.1704 5.11313 -0.123426
-4.95008 5.76476 -0.192343
-4.88563 5.69006 -0.189853
-5.78017 7.62623 -0.224216
-4.08679 5.07034 -0.158946
-3.7957 6.1178 -0.147623
-4.0376 6.08061 -0.156998
-3.21753 4.84935 -0.125259
-3.53506 5.69926 -0.137546
-3.43085 5.53181 -0.133513
-4.82344 -6.37126 -0.187399
-6.12761 6.69973 -0.237785
-6.33182 6.50861 -0.245698
-6.53006 6.31132 -0.253378
-6.26278 6.43813 -0.243039
-6.75724 5.77126 -0.262202
-6.50231 5.90965 -0.252343
-3.55543 6.14597 -0.138306
-5.67621 5.49069 -0.220438
-5.19264 5.68293 -0.20173
-5.25938 5.7556 -0.204308
-4.8938 6.06709 -0.190146
-4.95592 6.14372 -0.192544
-4.33799 6.11461 -0.16863
-4.25651 6.40877 -0.16545
-4.70399 6.21427 -0.18279
-3.99467 5.6326 -0.155362
-4.4347 5.16693 -0.172417
-4.3458 5.74313 -0.168956
-4.16679 -5.50749 -0.162034
-6.2405 7.25732 -0.242062
-3.81878 5.75237 -0.148541
-3.74356 6.0341 -0.145608
-3.69143 5.9504 -0.143593
-3.30789 5.71961 -0.128735
-5.91766 6.08554 -0.229737
-7.08696 5.68427 -0.274945
-7.16418 5.74577 -0.277923
-6.35581 5.77735 -0.246692
-4.40548 -5.82167 -0.171262
-5.12591 5.61024 -0.199152
-5.05919 5.53755 -0.196574
-5.57273 5.73276 -0.216426
-4.1663 5.87363 -0.161997
-4.28076 6.03429 -0.166419
-4.45249 6.27524 -0.17305
-4.39524 6.19493 -0.17084
-3.53723 4.98964 -0.137654
-3.37874 5.44809 -0.131496
-5.07898 5.91416 -0.197321
-3.50591 6.06071 -0.136392
-4.88563 -5.69006 -0.189853
-6.06077 6.62715 -0.235212
-5.86032 6.40937 -0.227491
-5.92713 6.48197 -0.230065
-6.83252 5.83512 -0.265105
-4.99247 -5.46485 -0.193996
-4.82119 -5.61535 -0.187363
-5.05919 -5.53755 -0.196574
-4.05651 6.53622 -0.157691
-4.31125 6.49079 -0.167562
-4.09231 6.16266 -0.159111
-3.90001 6.28518 -0.151651
-4.10713 5.42893 -0.159726
-4.16679 5.50749 -0.162034
-4.21088 5.22375 -0.16375
-4.70747 5.83716 -0.182951
-5.52639 6.04625 -0.214615
-3.22248 5.19688 -0.125444
-3.43609 5.17778 -0.133729
-3.38144 5.09568 -0.131612
-6.19374 6.36763 -0.240379
-6.12471 6.29712 -0.237719
-4.46517 -5.9002 -0.173568
-3.84785 6.20149 -0.149637
-4.04748 5.35037 -0.157418
-5.98667 6.15608 -0.232398
3  0 1 2
3  3 4 5
3  1 0 6
3  3 7 8
3  9 10 11
3  12 13 14
3  15 16 17
3  7 18 19
3  20 21 22
3  23 24 25
3  26 10 27
3  28 29 30
3  31 32 33
3  34 35 36
3  37 38 39
3  33 32 40
3  16 41 17
3  42 43 44
3  13 23 45
3  46 47 48
3  28 49 50
3  29 23 51
3  52 12 53
3  33 9 54
3  10 32 27
3  55 37 56
3  31 37 57
3  31 55 58
3  59 60 61
3  23 13 12
3  13 45 62
3  45 23 25
3  63 64 65
3  18 35 19
3  66 67 1
3  2 1 68
3  24 21 25
3  43 13 62
3  21 24 22
3  69 70 71
3  72 60 52
3  73 74 75
3  60 59 76
3  77 78 79
3  80 10 81
3  80 72 52
3  78 30 82
3  77 27 3
3  35 18 83
3  34 36 84
3  10 9 33
3  54 9 85
3  39 85 86
3  87 88 89
3  90 56 91
3  83 92 93
3  12 14 53
3  94 43 95
3  42 96 97
3  97 96 98
3  2 21 99
3  100 64 101
3  87 67 102
3  46 103 91
3  104 105 106
3  107 64 100
3  1 16 108
3  62 25 109
3  49 110 111
3  112 113 114
3  16 67 87
3  67 16 1
3  15 62 109
3  62 45 25
3  24 23 70
3  70 23 71
3  4 115 116
3  117 118 119
3  30 29 74
3  26 120 121
3  32 18 27
3  18 7 27
3  26 78 120
3  29 122 74
3  60 72 61
3  10 26 59
3  11 10 80
3  122 51 123
3  124 107 125
3  65 46 48
3  71 23 126
3  49 127 128
3  78 26 79
3  27 7 3
3  83 18 92
3  18 32 92
3  32 10 40
3  10 33 40
3  103 90 91
3  91 37 129
3  35 90 103
3  96 44 98
3  31 33 85
3  37 31 38
3  37 55 57
3  55 31 57
3  55 35 58
3  35 83 58
3  9 42 97
3  14 43 53
3  46 67 66
3  15 21 68
3  33 54 85
3  38 31 85
3  35 107 19
3  7 19 124
3  107 35 34
3  130 46 91
3  46 64 103
3  36 64 84
3  90 35 56
3  35 55 56
3  64 36 103
3  36 35 103
3  64 46 65
3  63 131 132
3  112 114 133
3  47 1 6
3  22 69 134
3  105 124 106
3  47 46 1
3  66 1 135
3  24 70 22
3  70 69 22
3  126 113 112
3  136 137 138
3  94 62 139
3  43 94 44
3  1 108 68
3  108 15 68
3  23 29 126
3  137 140 138
3  100 131 141
3  142 6 143
3  23 12 123
3  122 29 51
3  120 78 73
3  73 78 82
3  120 60 121
3  59 26 76
3  26 121 76
3  121 60 144
3  59 61 145
3  61 72 145
3  146 122 147
3  11 80 148
3  51 23 123
3  12 52 123
3  13 43 14
3  42 9 149
3  19 107 124
3  107 100 150
3  104 49 8
3  49 4 8
3  4 49 115
3  49 28 115
3  4 3 8
3  77 3 5
3  151 78 116
3  115 151 116
3  26 27 79
3  27 77 79
3  32 31 92
3  92 31 93
3  31 58 93
3  58 83 93
3  9 152 149
3  11 152 153
3  17 41 154
3  41 16 87
3  41 139 154
3  62 15 17
3  67 46 155
3  46 130 155
3  64 107 84
3  107 34 84
3  131 65 48
3  131 63 65
3  132 101 156
3  64 63 132
3  104 106 157
3  158 159 160
3  2 20 161
3  47 6 162
3  163 164 165
3  166 167 168
3  1 46 135
3  46 66 135
3  44 41 98
3  96 42 44
3  43 62 95
3  62 94 95
3  41 44 139
3  44 94 139
3  16 15 108
3  21 2 68
3  25 21 109
3  21 15 109
3  126 29 113
3  28 169 170
3  69 71 171
3  22 118 172
3  115 30 151
3  115 28 30
3  74 146 75
3  52 60 147
3  145 81 173
3  10 59 145
3  145 72 81
3  72 80 81
3  52 122 123
3  80 52 174
3  43 152 53
3  152 11 53
3  7 124 105
3  107 150 125
3  113 169 114
3  22 134 175
3  7 105 8
3  105 104 8
3  77 5 116
3  5 4 116
3  152 43 149
3  43 42 149
3  152 9 153
3  9 11 153
3  97 87 89
3  130 176 89
3  97 176 86
3  176 37 177
3  85 9 178
3  9 97 178
3  56 37 91
3  130 91 129
3  132 131 101
3  131 100 101
3  179 180 181
3  182 183 184
3  21 20 99
3  20 2 99
3  6 0 137
3  6 137 136
3  139 62 154
3  62 17 154
3  185 171 186
3  169 28 50
3  169 113 170
3  69 171 185
3  113 29 170
3  29 28 170
3  122 146 74
3  122 52 147
3  30 78 151
3  78 77 116
3  60 120 75
3  120 73 75
3  60 76 144
3  76 121 144
3  81 10 173
3  10 145 173
3  60 75 147
3  75 146 147
3  80 53 148
3  53 11 148
3  52 53 174
3  53 80 174
3  100 187 188
3  100 189 187
3  190 191 192
3  49 104 193
3  41 87 98
3  87 97 98
3  67 155 88
3  155 130 88
3  88 130 89
3  176 97 89
3  38 85 39
3  176 39 86
3  37 176 129
3  176 130 129
3  101 64 156
3  64 132 156
3  48 194 195
3  175 134 196
3  197 198 199
3  200 0 201
3  150 106 125
3  106 124 125
3  202 203 204
3  20 205 206
3  30 74 82
3  74 73 82
3  207 208 209
3  210 211 212
3  140 0 213
3  214 215 216
3  67 88 102
3  88 87 102
3  85 178 86
3  178 97 86
3  37 39 177
3  39 176 177
3  171 71 186
3  217 193 218
3  49 219 220
3  141 131 221
3  2 161 222
3  143 136 223
3  6 136 143
3  137 0 140
3  2 207 209
3  106 224 225
3  226 227 228
3  131 48 229
3  49 230 231
3  49 217 232
3  106 150 233
3  150 100 233
3  234 106 235
3  236 237 238
3  239 240 241
3  71 126 112
3  169 242 243
3  214 200 201
3  244 245 160
3  2 246 247
3  224 106 248
3  119 118 249
3  250 251 252
3  100 141 253
3  205 179 254
3  22 255 256
3  257 167 254
3  207 2 208
3  258 259 260
3  161 20 168
3  261 262 263
3  162 6 264
3  265 266 267
3  255 117 181
3  268 190 269
3  182 270 271
3  104 157 272
3  185 163 273
3  274 244 160
3  20 206 275
3  233 237 276
3  194 277 278
3  279 280 281
3  114 282 133
3  283 284 285
3  286 50 287
3  288 210 289
3  240 290 291
3  292 293 294
3  295 69 296
3  288 297 211
3  48 244 274
3  100 298 299
3  251 250 300
3  301 302 303
3  261 0 262
3  304 269 305
3  306 307 308
3  309 310 311
3  2 312 313
3  225 224 314
3  315 274 160
3  316 317 263
3  2 317 316
3  246 209 318
3  319 20 320
3  47 158 245
3  321 322 258
3  157 106 323
3  106 304 323
3  49 193 217
3  157 323 324
3  165 325 198
3  326 327 328
3  282 114 329
3  330 331 165
3  332 298 250
3  333 233 334
3  288 298 297
3  335 336 337
3  100 337 338
3  337 336 338
3  298 339 297
3  211 339 340
3  100 332 341
3  22 117 342
3  205 20 343
3  205 180 179
3  214 0 200
3  20 166 168
3  344 0 345
3  312 2 222
3  312 208 313
3  2 313 346
3  112 347 348
3  133 282 349
3  329 169 350
3  47 162 159
3  0 351 262
3  0 2 351
3  111 110 352
3  353 354 355
3  263 317 318
3  201 356 357
3  295 202 358
3  159 162 359
3  360 361 362
3  194 48 363
3  364 365 366
3  367 368 369
3  352 110 370
3  267 371 372
3  268 106 190
3  234 190 373
3  374 375 376
3  193 104 377
3  378 379 380
3  380 379 381
3  382 383 311
3  236 384 385
3  49 232 386
3  387 308 388
3  389 390 289
3  391 392 393
3  164 71 394
3  164 395 396
3  331 71 397
3  71 112 398
3  112 133 349
3  399 400 401
3  114 169 329
3  329 402 349
3  403 131 404
3  405 259 406
3  407 408 409
3  410 278 411
3  412 413 414
3  337 100 253
3  336 298 338
3  298 100 338
3  336 335 340
3  297 339 211
3  118 117 172
3  117 22 172
3  117 255 342
3  255 22 342
3  180 20 256
3  20 22 256
3  20 180 343
3  180 205 343
3  275 205 254
3  266 415 267
3  206 205 275
3  344 345 416
3  313 208 346
3  208 2 346
3  417 418 419
3  420 421 422
3  423 424 425
3  49 378 391
3  426 427 428
3  429 430 431
3  432 358 293
3  22 175 433
3  203 202 434
3  204 163 358
3  435 436 437
3  435 437 438
3  134 69 196
3  69 295 439
3  440 441 442
3  246 2 209
3  246 317 247
3  317 2 247
3  443 316 263
3  345 214 416
3  0 344 213
3  344 140 213
3  0 214 345
3  209 208 318
3  0 356 201
3  201 357 215
3  6 142 264
3  161 168 318
3  315 194 274
3  48 47 244
3  304 106 269
3  106 268 269
3  190 106 373
3  106 234 373
3  217 374 444
3  377 104 445
3  110 446 370
3  217 218 374
3  49 447 446
3  448 386 449
3  100 450 451
3  452 453 454
3  179 181 455
3  187 189 456
3  234 225 457
3  100 458 238
3  106 333 248
3  106 233 333
3  323 304 324
3  378 49 379
3  164 163 395
3  459 395 186
3  331 330 460
3  461 163 165
3  71 398 462
3  463 464 465
3  112 466 467
3  164 330 165
3  169 468 469
3  470 169 243
3  302 471 303
3  472 473 384
3  474 475 476
3  221 477 478
3  131 403 477
3  412 479 413
3  48 480 481
3  482 483 484
3  485 486 487
3  319 275 254
3  488 489 490
3  226 491 492
3  262 443 263
3  2 316 443
3  298 332 299
3  332 100 299
3  490 493 494
3  495 341 496
3  495 189 341
3  189 100 341
3  167 319 254
3  254 179 497
3  166 20 167
3  20 319 167
3  20 275 320
3  275 319 320
3  50 498 499
3  500 422 501
3  502 350 503
3  50 504 287
3  283 285 505
3  424 506 507
3  447 386 448
3  508 509 510
3  511 512 513
3  514 515 516
3  517 436 518
3  517 518 519
3  175 118 433
3  118 22 433
3  203 69 520
3  163 520 273
3  203 520 204
3  520 163 204
3  69 439 196
3  293 353 521
3  136 138 223
3  244 47 245
3  377 445 272
3  445 104 272
3  377 522 375
3  110 49 446
3  362 523 524
3  452 100 525
3  526 527 528
3  458 236 238
3  321 258 260
3  529 530 531
3  106 225 235
3  225 234 235
3  532 533 534
3  379 49 111
3  71 395 459
3  71 459 186
3  395 71 535
3  395 535 396
3  330 536 537
3  71 536 394
3  330 71 538
3  71 331 460
3  71 462 397
3  462 331 397
3  282 329 349
3  112 539 540
3  348 541 542
3  112 541 347
3  417 543 503
3  169 544 545
3  546 469 547
3  241 548 549
3  131 477 221
3  357 261 263
3  131 550 551
3  552 550 553
3  141 221 478
3  335 554 555
3  48 556 557
3  410 483 482
3  558 476 559
3  560 561 562
3  160 159 359
3  223 563 564
3  277 565 278
3  481 480 482
3  566 567 568
3  569 570 387
3  259 258 571
3  301 572 573
3  180 256 181
3  256 255 181
3  288 251 300
3  574 332 496
3  251 288 252
3  341 332 574
3  575 576 577
3  415 160 359
3  356 0 357
3  0 261 357
3  440 578 579
3  563 344 416
3  262 351 443
3  351 2 443
3  167 257 168
3  208 312 318
3  580 420 581
3  420 498 581
3  582 583 584
3  50 585 504
3  169 50 242
3  586 242 587
3  588 589 590
3  219 591 592
3  593 594 595
3  596 597 598
3  287 504 599
3  585 499 280
3  592 600 601
3  602 603 604
3  605 606 591
3  603 602 607
3  608 326 328
3  352 609 610
3  517 611 612
3  613 466 614
3  292 353 293
3  600 588 615
3  520 69 273
3  69 185 273
3  69 202 296
3  202 295 296
3  202 69 434
3  69 203 434
3  616 617 618
3  191 234 619
3  620 589 514
3  621 622 623
3  449 217 444
3  327 624 625
3  341 574 496
3  525 100 188
3  626 309 383
3  458 100 451
3  522 627 628
3  306 530 629
3  288 211 210
3  457 225 314
3  267 630 371
3  631 632 612
3  237 334 276
3  334 233 276
3  333 334 248
3  334 224 248
3  395 163 186
3  163 185 186
3  535 71 396
3  71 164 396
3  536 330 394
3  330 164 394
3  536 71 537
3  71 330 537
3  71 460 538
3  460 330 538
3  466 539 349
3  539 112 349
3  539 466 540
3  466 112 540
3  633 197 634
3  112 635 636
3  347 541 348
3  635 466 613
3  542 613 634
3  637 169 638
3  402 350 502
3  169 545 350
3  614 402 639
3  169 546 638
3  476 475 559
3  640 492 641
3  492 642 641
3  404 131 643
3  563 416 426
3  335 337 554
3  644 131 645
3  640 646 492
3  211 340 647
3  619 314 648
3  489 412 493
3  649 650 651
3  407 278 652
3  195 278 653
3  481 482 484
3  480 48 557
3  48 474 476
3  654 655 656
3  480 557 482
3  557 556 657
3  658 646 659
3  660 661 662
3  663 660 664
3  665 567 566
3  410 411 666
3  277 194 315
3  565 277 665
3  408 566 667
3  48 195 653
3  195 194 278
3  668 527 479
3  669 322 670
3  560 562 671
3  561 560 672
3  673 561 672
3  663 258 674
3  202 204 358
3  181 117 119
3  250 298 300
3  298 288 300
3  526 675 676
3  210 212 289
3  677 630 678
3  257 254 679
3  128 505 680
3  681 682 683
3  49 684 581
3  270 685 271
3  504 585 279
3  543 401 503
3  279 585 280
3  50 499 686
3  547 468 687
3  688 586 689
3  690 548 241
3  468 169 691
3  600 602 692
3  127 693 283
3  183 694 695
3  588 604 696
3  430 697 698
3  582 699 700
3  242 586 701
3  698 702 703
3  697 430 704
3  705 706 707
3  708 709 710
3  711 712 713
3  693 220 601
3  605 591 714
3  715 623 716
3  326 608 717
3  718 719 610
3  720 380 381
3  622 327 623
3  49 605 714
3  721 722 723
3  240 597 290
3  724 487 725
3  365 726 727
3  249 439 432
3  620 728 729
3  353 292 354
3  292 730 354
3  175 196 249
3  118 175 249
3  318 168 731
3  140 344 563
3  567 315 160
3  568 567 266
3  245 158 160
3  158 47 159
3  627 366 628
3  272 157 324
3  732 733 734
3  447 49 386
3  533 735 534
3  324 366 627
3  736 583 737
3  738 705 739
3  603 740 741
3  705 515 742
3  743 744 745
3  332 250 252
3  224 334 314
3  495 496 310
3  304 305 746
3  747 748 749
3  730 292 631
3  750 267 751
3  531 570 752
3  730 612 575
3  119 249 455
3  436 517 437
3  466 635 467
3  635 112 467
3  518 436 197
3  635 613 542
3  635 541 636
3  541 112 636
3  436 435 197
3  435 163 461
3  546 547 753
3  402 329 350
3  401 400 639
3  546 169 469
3  546 544 638
3  544 169 637
3  754 494 755
3  554 337 756
3  131 644 643
3  757 651 758
3  644 646 640
3  643 644 640
3  759 669 670
3  759 760 675
3  673 669 561
3  761 561 762
3  644 763 646
3  646 763 659
3  658 659 552
3  131 551 645
3  339 298 340
3  298 336 340
3  337 253 756
3  764 756 765
3  556 278 657
3  278 410 657
3  475 766 767
3  474 48 481
3  559 475 767
3  558 768 769
3  660 663 770
3  227 658 228
3  659 551 552
3  562 771 671
3  772 773 656
3  774 775 776
3  481 484 777
3  411 778 666
3  194 363 274
3  363 48 274
3  277 315 665
3  315 567 665
3  278 565 652
3  409 408 779
3  278 556 653
3  556 48 653
3  301 780 572
3  321 301 781
3  782 655 783
3  479 761 762
3  760 759 670
3  759 675 784
3  674 322 785
3  560 671 672
3  664 259 571
3  259 408 406
3  196 439 249
3  163 435 438
3  181 119 455
3  679 254 497
3  786 681 787
3  788 49 128
3  699 582 789
3  420 580 421
3  581 498 790
3  50 49 581
3  791 792 702
3  286 688 689
3  286 287 688
3  287 279 688
3  420 422 793
3  681 422 682
3  499 585 686
3  585 50 686
3  587 242 794
3  50 286 587
3  548 291 795
3  239 796 797
3  798 242 701
3  469 468 547
3  128 283 505
3  127 49 693
3  588 285 615
3  219 592 601
3  799 589 800
3  799 801 506
3  589 588 802
3  581 684 803
3  328 327 622
3  804 182 271
3  49 788 805
3  699 806 700
3  596 429 431
3  514 589 807
3  711 593 808
3  809 728 810
3  701 811 812
3  596 598 429
3  597 240 598
3  812 811 710
3  697 709 702
3  279 594 813
3  728 514 810
3  681 786 814
3  811 815 708
3  709 712 702
3  816 607 817
3  605 49 231
3  606 605 818
3  622 621 816
3  607 602 819
3  220 219 601
3  49 391 717
3  391 326 717
3  715 621 623
3  820 622 816
3  327 326 393
3  326 391 393
3  447 448 821
3  374 822 444
3  393 720 624
3  624 719 625
3  823 824 825
3  466 349 614
3  243 242 798
3  239 241 826
3  597 596 827
3  617 616 828
3  544 637 638
3  829 485 722
3  830 634 831
3  518 832 519
3  598 430 429
3  833 748 834
3  730 631 612
3  439 295 432
3  264 142 223
3  142 143 223
3  269 190 305
3  629 191 619
3  365 364 726
3  835 836 837
3  272 324 627
3  374 218 375
3  218 193 838
3  193 377 838
3  620 514 728
3  791 809 810
3  705 839 840
3  508 841 842
3  841 739 843
3  844 706 845
3  846 424 423
3  182 804 183
3  270 734 847
3  822 449 444
3  523 848 849
3  523 849 524
3  211 647 212
3  451 450 453
3  850 851 852
3  853 854 855
3  237 236 856
3  857 648 385
3  307 629 619
3  236 858 472
3  399 419 859
3  860 861 862
3  321 405 302
3  667 471 863
3  750 471 864
3  750 566 568
3  865 866 867
3  868 752 869
3  870 464 823
3  529 531 752
3  331 462 325
3  541 635 542
3  462 398 348
3  398 112 348
3  349 402 614
3  417 419 543
3  518 633 830
3  197 435 198
3  526 871 414
3  478 649 651
3  404 643 641
3  403 404 650
3  527 784 528
3  322 321 670
3  412 489 479
3  872 561 761
3  646 658 227
3  658 873 228
3  551 763 645
3  763 644 645
3  764 874 875
3  764 478 874
3  557 657 482
3  657 410 482
3  475 474 766
3  474 481 766
3  48 476 876
3  768 876 769
3  229 877 878
3  877 773 774
3  671 770 672
3  226 655 782
3  558 559 879
3  773 879 661
3  660 770 671
3  770 663 672
3  763 551 659
3  551 550 552
3  775 774 772
3  774 773 772
3  550 131 880
3  775 880 776
3  411 409 779
3  664 881 666
3  881 483 666
3  664 660 882
3  565 408 652
3  408 407 652
3  527 668 784
3  760 670 883
3  321 781 670
3  361 760 883
3  642 488 490
3  562 872 782
3  561 669 762
3  479 489 761
3  258 322 674
3  673 674 785
3  258 663 571
3  663 664 571
3  421 580 683
3  500 501 884
3  498 50 790
3  50 581 790
3  711 811 813
3  279 813 885
3  279 599 886
3  279 287 599
3  422 500 793
3  500 499 793
3  594 593 813
3  593 711 813
3  499 500 280
3  280 500 281
3  242 50 794
3  50 587 794
3  470 243 887
3  243 798 887
3  169 888 691
3  240 239 598
3  600 284 601
3  693 49 220
3  589 846 807
3  589 799 846
3  588 801 802
3  589 802 800
3  424 846 506
3  846 799 506
3  604 603 696
3  602 604 692
3  809 808 814
3  580 581 803
3  814 786 584
3  580 803 683
3  809 791 808
3  791 702 889
3  594 681 595
3  582 786 787
3  713 712 709
3  687 888 890
3  290 597 891
3  891 827 892
3  815 713 709
3  698 697 702
3  815 811 713
3  811 711 713
3  740 607 816
3  740 603 607
3  600 592 893
3  592 591 893
3  591 219 714
3  219 49 714
3  608 230 717
3  230 49 717
3  230 608 820
3  608 328 622
3  819 606 817
3  621 740 816
3  605 231 818
3  231 230 818
3  378 380 393
3  380 720 393
3  392 378 393
3  391 378 392
3  821 894 895
3  446 447 821
3  720 381 624
3  381 719 624
3  379 111 896
3  379 896 897
3  402 502 401
3  464 463 400
3  898 548 795
3  418 417 899
3  824 900 825
3  824 901 902
3  545 544 503
3  546 753 503
3  291 891 903
3  240 690 241
3  292 437 631
3  632 517 612
3  419 418 901
3  832 518 870
3  904 905 906
3  597 827 891
3  907 735 908
3  706 705 840
3  705 738 839
3  833 721 909
3  223 138 910
3  138 140 910
3  191 530 192
3  190 234 191
3  911 912 913
3  324 304 746
3  732 842 733
3  842 270 847
3  377 272 627
3  898 795 903
3  846 515 807
3  515 514 807
3  512 914 840
3  515 705 915
3  809 583 728
3  583 736 729
3  916 509 732
3  914 512 511
3  506 801 507
3  740 507 741
3  270 842 685
3  507 740 917
3  352 370 609
3  918 919 894
3  760 361 920
3  921 922 923
3  871 389 212
3  854 871 212
3  236 458 858
3  525 188 924
3  871 854 853
3  647 555 875
3  479 527 413
3  493 412 853
3  237 233 238
3  233 100 238
3  458 451 858
3  453 452 925
3  856 236 385
3  385 384 926
3  259 405 927
3  405 321 927
3  405 406 863
3  408 667 928
3  611 929 930
3  301 321 302
3  408 565 566
3  565 665 566
3  415 359 267
3  264 223 931
3  858 451 367
3  471 932 303
3  572 780 933
3  453 925 934
3  935 577 936
3  485 937 722
3  795 291 903
3  868 569 938
3  634 613 831
3  633 518 197
3  464 870 830
3  870 518 830
3  325 542 199
3  165 331 325
3  554 756 764
3  478 764 765
3  478 477 649
3  477 403 650
3  555 554 875
3  554 764 875
3  643 640 641
3  650 404 641
3  668 669 784
3  669 759 784
3  647 340 555
3  340 335 555
3  766 481 777
3  767 766 777
3  773 877 879
3  768 879 939
3  873 552 553
3  877 774 878
3  771 562 783
3  562 782 783
3  660 940 661
3  940 654 661
3  561 872 562
3  488 491 941
3  484 483 777
3  661 559 662
3  229 768 939
3  768 558 879
3  771 940 671
3  940 660 671
3  775 772 553
3  873 658 552
3  873 553 942
3  553 772 656
3  411 278 409
3  278 407 409
3  408 259 779
3  411 779 943
3  778 664 666
3  664 882 881
3  491 488 492
3  488 642 492
3  489 493 490
3  754 490 494
3  491 761 941
3  491 872 761
3  663 674 672
3  674 673 672
3  322 669 785
3  669 673 785
3  358 438 293
3  432 295 358
3  179 455 521
3  249 432 293
3  497 179 521
3  455 249 293
3  944 736 737
3  128 127 283
3  422 421 682
3  682 421 683
3  599 504 886
3  504 279 886
3  945 811 946
3  586 688 945
3  586 587 689
3  587 286 689
3  499 498 793
3  498 420 793
3  422 681 501
3  594 279 281
3  501 681 884
3  681 594 884
3  813 811 885
3  811 945 885
3  798 701 812
3  697 704 947
3  284 283 948
3  283 693 948
3  685 841 843
3  705 742 739
3  802 801 800
3  801 799 800
3  604 588 692
3  588 600 692
3  603 801 696
3  801 588 696
3  803 684 805
3  684 49 805
3  805 680 806
3  803 805 806
3  595 681 814
3  808 593 814
3  786 582 584
3  593 595 814
3  468 691 687
3  691 888 687
3  709 697 710
3  708 815 709
3  602 591 819
3  591 606 819
3  284 948 601
3  948 693 601
3  600 893 949
3  893 591 949
3  950 820 817
3  608 622 820
3  386 232 449
3  232 217 449
3  448 449 894
3  449 918 894
3  270 184 951
3  894 952 895
3  352 381 897
3  381 379 897
3  953 327 625
3  327 393 624
3  400 463 954
3  402 401 639
3  463 613 954
3  613 614 954
3  548 898 955
3  956 617 955
3  419 401 543
3  419 399 401
3  350 545 503
3  401 502 503
3  547 241 549
3  547 687 826
3  631 437 632
3  437 517 632
3  548 690 291
3  690 240 291
3  859 824 823
3  957 958 959
3  960 702 961
3  291 290 891
3  962 822 727
3  508 842 509
3  223 910 563
3  910 140 563
3  963 964 965
3  530 191 629
3  530 305 192
3  305 190 192
3  366 966 967
3  962 968 533
3  366 324 966
3  324 746 966
3  915 960 961
3  515 915 516
3  738 841 839
3  841 508 839
3  514 792 810
3  792 791 810
3  509 842 732
3  532 732 969
3  842 841 685
3  742 423 843
3  507 801 741
3  801 603 741
3  740 621 917
3  621 715 917
3  625 970 716
3  625 718 184
3  218 838 375
3  838 377 375
3  971 912 727
3  822 374 376
3  572 972 973
3  496 332 252
3  784 675 528
3  675 526 528
3  100 452 454
3  675 760 920
3  456 309 974
3  626 187 456
3  975 976 926
3  334 237 856
3  530 306 531
3  531 306 570
3  977 745 978
3  752 868 860
3  485 829 938
3  529 752 860
3  259 927 260
3  927 321 260
3  471 667 979
3  406 408 928
3  750 568 265
3  980 981 982
3  568 266 265
3  983 984 985
3  932 780 303
3  780 301 303
3  471 750 986
3  932 471 986
3  234 457 619
3  390 389 987
3  780 932 988
3  982 981 989
3  388 990 991
3  980 982 743
3  721 833 722
3  930 937 724
3  435 461 198
3  461 165 198
3  198 325 199
3  613 463 465
3  325 462 542
3  462 348 542
3  494 493 755
3  141 478 765
3  641 642 757
3  641 757 758
3  853 412 414
3  871 853 414
3  227 226 492
3  646 227 492
3  882 777 881
3  882 767 777
3  768 229 876
3  229 48 876
3  229 878 776
3  878 774 776
3  773 654 656
3  655 226 228
3  654 773 661
3  940 771 654
3  879 559 661
3  559 767 992
3  872 491 782
3  491 226 782
3  660 992 993
3  992 767 993
3  879 877 939
3  877 229 939
3  550 880 553
3  880 775 553
3  779 259 943
3  259 664 778
3  777 483 881
3  483 410 666
3  855 875 755
3  493 853 994
3  669 668 762
3  668 479 762
3  761 489 941
3  489 488 941
3  437 292 294
3  358 163 438
3  317 246 318
3  455 293 521
3  354 935 995
3  679 497 521
3  683 803 806
3  699 683 806
3  285 284 615
3  284 600 615
3  505 285 944
3  589 944 590
3  594 281 884
3  281 500 884
3  945 688 885
3  688 279 885
3  888 169 887
3  169 470 887
3  811 701 946
3  811 708 710
3  704 598 947
3  947 996 797
3  739 742 843
3  841 738 739
3  742 515 423
3  515 846 423
3  804 843 425
3  843 423 425
3  681 683 789
3  683 699 789
3  711 808 889
3  808 791 889
3  904 899 905
3  899 417 905
3  796 890 797
3  241 547 826
3  706 703 707
3  706 431 703
3  591 602 949
3  602 600 949
3  230 820 950
3  230 950 817
3  327 953 623
3  953 625 716
3  952 610 895
3  370 446 821
3  952 894 997
3  894 919 997
3  719 381 998
3  381 352 998
3  896 111 897
3  111 352 897
3  183 970 184
3  623 953 716
3  614 639 999
3  639 400 999
3  753 417 503
3  544 546 503
3  735 1000 908
3  900 824 1001
3  748 1002 1003
3  899 904 955
3  1004 1005 1006
3  1001 1007 828
3  509 511 510
3  509 916 511
3  578 263 579
3  724 1008 1009
3  1010 990 1011
3  307 306 629
3  914 511 907
3  511 916 735
3  364 366 971
3  746 305 966
3  366 365 628
3  522 377 627
3  967 1012 1013
3  966 305 1014
3  915 792 516
3  792 514 516
3  513 512 840
3  827 706 844
3  960 915 703
3  702 960 703
3  508 513 1015
3  513 840 1015
3  968 735 533
3  735 916 732
3  685 843 271
3  843 804 271
3  716 183 695
3  804 694 183
3  917 716 695
3  970 183 716
3  822 1016 1017
3  822 962 1016
3  449 822 1018
3  822 532 1018
3  375 365 376
3  726 971 727
3  572 933 1019
3  212 389 289
3  452 525 1020
3  675 360 1021
3  670 781 883
3  781 1022 1023
3  382 1024 383
3  1024 1025 383
3  1026 473 1027
3  453 368 367
3  453 450 454
3  450 100 454
3  569 868 1028
3  833 834 861
3  387 570 308
3  570 306 308
3  519 832 723
3  1029 1030 1031
3  529 1032 1012
3  1033 1034 1035
3  471 302 863
3  302 405 863
3  667 566 979
3  471 979 864
3  567 160 266
3  160 415 266
3  750 265 267
3  162 264 931
3  236 472 384
3  1036 1020 934
3  361 883 973
3  573 572 973
3  1037 1010 1038
3  1039 388 991
3  922 1040 1041
3  780 988 1042
3  932 1043 988
3  988 1043 1042
3  308 307 388
3  388 307 990
3  832 721 723
3  611 517 519
3  721 1002 909
3  937 929 722
3  930 929 937
3  929 611 722
3  613 465 831
3  830 633 634
3  477 650 649
3  754 651 757
3  756 253 765
3  253 141 765
3  413 527 414
3  527 526 414
3  854 212 855
3  212 647 855
3  876 476 769
3  476 558 769
3  880 131 776
3  131 229 776
3  655 654 783
3  654 771 783
3  655 228 656
3  553 656 942
3  559 992 662
3  992 660 662
3  767 882 993
3  882 660 993
3  259 778 943
3  778 411 943
3  293 438 294
3  438 437 294
3  354 730 935
3  935 730 577
3  679 521 355
3  521 353 355
3  128 680 1044
3  680 805 1044
3  588 590 1045
3  590 944 1045
3  944 589 736
3  728 583 729
3  583 582 737
3  806 680 700
3  701 586 946
3  586 945 946
3  996 598 1046
3  598 239 1046
3  430 598 704
3  598 996 947
3  424 694 425
3  694 804 425
3  681 789 787
3  789 582 787
3  814 584 1047
3  584 583 1047
3  702 712 889
3  712 711 889
3  547 905 753
3  905 417 753
3  547 549 1048
3  549 548 1048
3  905 548 906
3  616 900 1001
3  890 798 797
3  1046 239 797
3  888 887 890
3  887 798 1049
3  820 816 817
3  607 819 817
3  184 718 997
3  970 625 184
3  507 917 695
3  917 715 716
3  951 997 1050
3  625 719 718
3  400 954 999
3  954 614 999
3  1051 1004 1006
3  903 1051 956
3  748 747 834
3  1012 1032 1013
3  901 824 859
3  419 901 859
3  904 906 955
3  1052 1053 1006
3  1002 721 1054
3  1002 823 1003
3  836 748 837
3  464 859 823
3  968 911 913
3  1053 1034 1006
3  357 263 215
3  168 257 731
3  511 735 907
3  1055 1056 1057
3  968 727 911
3  822 376 727
3  364 971 726
3  376 365 727
3  365 375 628
3  375 522 628
3  305 530 1014
3  966 1014 1012
3  914 907 908
3  1004 892 845
3  706 827 431
3  827 596 431
3  431 430 703
3  430 698 703
3  702 792 961
3  792 915 961
3  511 513 510
3  513 508 510
3  184 997 951
3  919 734 997
3  532 822 1017
3  1016 962 533
3  694 424 1058
3  424 507 1058
3  449 1018 918
3  1018 532 918
3  288 289 1059
3  289 390 1059
3  1025 1024 1060
3  675 1021 676
3  361 360 920
3  360 675 920
3  1061 1062 1063
3  526 676 1064
3  1023 1022 973
3  781 301 1022
3  1020 525 924
3  188 187 626
3  1025 626 383
3  252 1059 1065
3  1066 1062 1027
3  368 453 1066
3  752 570 1028
3  570 569 1028
3  1067 1057 1068
3  1034 1053 1067
3  912 971 1056
3  749 836 959
3  966 1012 967
3  971 1029 1031
3  667 863 928
3  863 406 928
3  979 566 864
3  566 750 864
3  922 1069 1070
3  564 677 678
3  963 1071 1072
3  1073 921 923
3  619 1010 1011
3  457 314 619
3  1074 1075 852
3  780 1042 933
3  1076 1077 1078
3  318 679 1079
3  980 743 991
3  990 1037 980
3  933 1042 1019
3  1080 963 1081
3  833 938 722
3  938 829 722
3  870 823 1054
3  823 1002 1054
3  542 634 199
3  634 197 199
3  465 464 831
3  464 830 831
3  478 651 874
3  651 754 874
3  754 757 1082
3  757 642 1082
3  853 855 994
3  855 647 875
3  656 228 942
3  228 873 942
3  937 485 1083
3  1084 1077 1085
3  612 611 576
3  611 930 576
3  679 355 1086
3  355 354 1086
3  944 737 700
3  680 505 700
3  737 582 700
3  505 944 700
3  805 788 1044
3  788 128 1044
3  944 285 1045
3  285 588 1045
3  736 589 729
3  589 620 729
3  996 1046 797
3  798 812 947
3  583 809 1047
3  809 814 1047
3  548 905 1048
3  905 547 1048
3  687 796 826
3  796 239 826
3  798 947 797
3  796 687 890
3  887 1049 890
3  1049 798 890
3  606 818 817
3  818 230 817
3  610 609 895
3  821 448 894
3  997 734 1050
3  270 182 184
3  694 1058 695
3  1058 507 695
3  719 998 610
3  998 352 610
3  861 747 862
3  860 868 861
3  464 400 859
3  400 399 859
3  418 1007 902
3  906 548 955
3  898 956 955
3  898 903 956
3  616 1001 828
3  901 418 902
3  312 222 318
3  222 161 318
3  985 1087 1088
3  263 578 215
3  727 912 911
3  968 962 727
3  1056 1055 913
3  1055 1000 913
3  891 892 1004
3  892 827 844
3  903 891 1004
3  914 1089 845
3  1089 1004 845
3  892 844 845
3  840 839 1015
3  839 508 1015
3  703 915 707
3  915 705 707
3  919 918 734
3  732 734 969
3  734 733 847
3  733 842 847
3  735 732 534
3  732 532 534
3  1016 533 1017
3  533 532 1017
3  1065 390 987
3  252 288 1059
3  871 1090 1091
3  849 1061 524
3  1061 922 1041
3  1092 987 1093
3  361 973 362
3  973 523 362
3  648 314 385
3  1094 1095 934
3  1022 573 973
3  1022 301 573
3  883 1023 973
3  883 781 1023
3  1020 1094 934
3  925 1036 934
3  752 1028 869
3  1028 868 869
3  1010 1037 990
3  1037 981 980
3  834 747 861
3  1032 529 860
3  1032 860 862
3  900 616 835
3  912 1056 913
3  618 1051 1006
3  1014 530 1012
3  530 529 1012
3  359 630 267
3  564 1096 677
3  630 359 931
3  359 162 931
3  858 367 369
3  451 453 367
3  334 856 385
3  975 926 1097
3  1098 975 1099
3  975 473 1026
3  1042 1100 1101
3  972 1019 848
3  865 1102 1103
3  964 963 1104
3  1105 1008 978
3  223 564 678
3  569 387 1106
3  387 388 1106
3  982 965 1107
3  1076 1105 978
3  963 1080 1071
3  1070 1100 1072
3  1019 1069 848
3  972 572 1019
3  722 611 723
3  611 519 723
3  833 909 1108
3  909 1002 1108
3  721 832 1054
3  832 870 1054
3  754 755 1109
3  755 875 1109
3  651 650 758
3  650 641 758
3  642 490 1082
3  490 754 1082
3  744 743 1107
3  427 985 1110
3  214 201 215
3  318 440 579
3  612 576 575
3  730 575 577
3  679 1086 995
3  1086 354 995
3  697 947 710
3  947 812 710
3  609 370 895
3  370 821 895
3  718 610 997
3  610 952 997
3  1007 418 955
3  418 899 955
3  617 956 618
3  956 1051 618
3  257 679 731
3  679 318 731
3  1111 1112 1110
3  416 216 1113
3  914 1052 1005
3  1034 1033 1006
3  616 618 1006
3  1051 903 1004
3  706 840 845
3  840 914 845
3  734 918 969
3  918 532 969
3  382 987 1092
3  871 526 1090
3  1024 1075 1060
3  676 1021 1064
3  1069 922 848
3  1069 1019 1070
3  850 1060 851
3  1061 850 1114
3  456 189 309
3  189 495 309
3  1059 390 1065
3  382 1065 987
3  850 1095 1060
3  1024 382 1075
3  1094 1020 1115
3  925 452 1036
3  188 626 924
3  1115 924 1116
3  1060 1074 851
3  1066 1117 1062
3  990 307 1011
3  307 619 1011
3  868 938 861
3  938 833 861
3  957 835 1118
3  835 616 1118
3  749 748 836
3  836 957 959
3  366 967 1030
3  747 749 862
3  472 369 1027
3  472 858 369
3  314 334 385
3  976 1038 926
3  1010 857 1038
3  473 975 1097
3  975 1098 1119
3  1037 1038 1120
3  1073 1026 1121
3  473 472 1027
3  866 865 1103
3  1077 1122 1085
3  1100 1070 1101
3  1042 1043 1104
3  1085 1122 1123
3  964 1124 1125
3  1096 1084 677
3  564 563 1096
3  930 984 1126
3  983 1127 441
3  485 938 486
3  938 569 486
3  743 982 1107
3  964 1102 965
3  1073 1070 1099
3  1038 976 1119
3  976 975 1119
3  1071 1098 1099
3  1100 1042 1072
3  1072 1071 1128
3  523 973 848
3  973 972 848
3  1002 748 1108
3  748 833 1108
3  855 755 994
3  755 493 994
3  875 874 1109
3  874 754 1109
3  1084 1096 1111
3  427 1112 1129
3  1096 1112 1111
3  563 426 428
3  983 985 1127
3  263 318 579
3  1033 616 1006
3  1005 1052 1006
3  1007 1001 902
3  1001 824 902
3  1007 955 828
3  955 617 828
3  1055 1052 1000
3  1052 914 1000
3  1067 1053 1057
3  1067 1031 1130
3  1004 1089 1005
3  1089 914 1005
3  734 270 1050
3  270 951 1050
3  526 1064 1131
3  851 1074 852
3  922 1070 923
3  1070 1073 923
3  383 309 311
3  309 495 310
3  310 496 311
3  496 252 311
3  309 626 974
3  626 456 974
3  360 362 524
3  1131 1064 1093
3  1021 1132 1133
3  1091 1131 1093
3  452 1020 1036
3  1025 1060 1134
3  1075 1074 1060
3  1095 850 1117
3  1095 1094 1060
3  1060 1094 1134
3  862 749 959
3  1013 1032 959
3  1000 914 908
3  957 1033 1035
3  900 835 837
3  835 957 836
3  366 1030 1029
3  1013 958 1135
3  957 1136 958
3  1135 1130 1137
3  1062 1117 1063
3  1066 453 1117
3  1040 921 1027
3  1121 1026 1027
3  857 1010 648
3  1010 619 648
3  921 1121 1027
3  921 1073 1121
3  750 866 1138
3  1043 932 1139
3  964 1104 1124
3  1104 1043 1124
3  750 751 866
3  267 372 751
3  1140 866 1141
3  371 630 677
3  985 1008 1110
3  1077 1084 1078
3  984 724 1009
3  984 930 724
3  1008 1142 1143
3  1143 977 978
3  427 426 1087
3  216 215 1113
3  991 743 745
3  486 569 1106
3  1008 724 725
3  725 487 1144
3  1038 1119 1120
3  1119 1080 1081
3  1102 1085 1123
3  977 1106 745
3  1080 1098 1071
3  1070 1072 1128
3  1098 1080 1119
3  965 989 1145
3  1042 1104 1072
3  1104 963 1072
3  1070 1019 1101
3  1019 1042 1101
3  1061 849 1146
3  849 848 1146
3  823 825 1003
3  825 748 1003
3  1102 865 867
3  1077 1076 1122
3  576 1126 577
3  576 930 1126
3  984 983 441
3  215 578 1113
3  577 1126 936
3  1079 936 1147
3  984 1148 1149
3  440 1148 441
3  1000 735 913
3  735 968 913
3  1075 1092 1093
3  1132 524 852
3  252 1065 311
3  1065 382 311
3  1075 1150 1151
3  1021 360 1132
3  987 389 1091
3  389 871 1091
3  1095 1117 934
3  1117 453 934
3  1020 924 1115
3  1025 1115 1116
3  957 1118 1152
3  1118 616 1152
3  1034 1136 1035
3  1136 957 1035
3  748 825 837
3  825 900 837
3  1034 1067 1130
3  971 366 1029
3  958 1136 1135
3  1030 1135 1137
3  958 1013 959
3  1032 862 959
3  1117 850 1063
3  850 1061 1063
3  922 921 1040
3  1062 1040 1027
3  1038 857 926
3  857 385 926
3  372 371 866
3  1085 1140 1153
3  1139 932 986
3  1043 1139 1103
3  1102 1125 1103
3  1102 964 1125
3  751 372 866
3  1084 1085 1153
3  866 1103 1138
3  1103 1139 986
3  630 931 678
3  931 223 678
3  1112 427 1110
3  1084 1111 1078
3  1112 1096 1129
3  1096 563 1129
3  1142 1008 1154
3  485 487 1083
3  1008 985 1009
3  985 984 1009
3  1008 1105 1110
3  1105 1076 1110
3  1106 388 1039
3  990 980 991
3  486 1106 977
3  1076 744 1107
3  1008 1143 978
3  1143 1142 977
3  982 989 965
3  963 965 1145
3  989 981 1081
3  981 1037 1081
3  975 1026 1099
3  1026 1073 1099
3  1119 1081 1120
3  1081 1037 1120
3  1061 1114 524
3  1132 360 524
3  848 922 1146
3  922 1061 1146
3  1148 440 1149
3  440 936 1149
3  318 1079 1147
3  1079 679 936
3  441 1127 442
3  1148 984 441
3  679 995 936
3  995 935 936
3  850 852 1155
3  852 524 1155
3  1091 1090 1131
3  1090 526 1131
3  987 1091 1093
3  1075 382 1092
3  1094 1115 1134
3  1115 1025 1134
3  924 626 1116
3  626 1025 1116
3  616 1033 1152
3  1033 957 1152
3  1053 1052 1057
3  1052 1055 1057
3  971 1031 1068
3  1031 1067 1068
3  369 368 1027
3  368 1066 1027
3  1040 1062 1041
3  1062 1061 1041
3  926 384 1097
3  384 473 1097
3  1102 1140 1085
3  866 371 1141
3  866 1140 867
3  1140 1102 867
3  1141 371 1153
3  1140 1141 1153
3  1125 1124 1103
3  1124 1043 1103
3  427 1129 428
3  1129 563 428
3  487 724 1083
3  724 937 1083
3  1142 1154 1144
3  1008 725 1154
3  1111 1110 1078
3  1110 1076 1078
3  1106 1039 745
3  1039 991 745
3  1122 965 1123
3  965 1102 1123
3  989 1081 1145
3  1081 963 1145
3  745 744 978
3  744 1076 978
3  965 1122 1107
3  1122 1076 1107
3  1071 1099 1128
3  1099 1070 1128
3  578 1127 1113
3  416 214 216
3  1087 1113 1088
3  985 427 1087
3  1127 578 442
3  578 440 442
3  936 1126 1149
3  1126 984 1149
3  936 440 1147
3  440 318 1147
3  1132 852 1133
3  1150 1133 1151
3  524 1114 1155
3  1114 850 1155
3  1030 967 1135
3  967 1013 1135
3  1057 1056 1068
3  1056 971 1068
3  371 677 1153
3  677 1084 1153
3  1154 725 1144
3  487 486 1144
3  486 977 1144
3  977 1142 1144
3  1087 426 1113
3  426 416 1113
3  1064 1150 1093
3  1150 1075 1093
3  1150 1064 1133
3  1064 1021 1133
3  1135 1136 1130
3  1136 1034 1130
3  1103 986 1138
3  986 750 1138
3  1113 1127 1088
3  1127 985 1088
3  1133 852 1151
3  852 1075 1151
3  1130 1031 1137
3  1031 1030 1137
