OFF
1751 3498 0
-3.53585 -7.20921 -0.36909
-3.58466 -7.29719 -0.373851
-3.7229 -7.02339 -0.388669
10.7463 -2.1101 1.09918
10.6697 -2.4064 1.09126
10.5832 2.70064 1.08231
-351.139 41.6284 321.393
-281.139 189.317 303.264
-269.292 164.612 264.321
-3.23048 -5.03614 -0.341128
-3.11725 -5.20582 -0.329395
-3.28807 -5.11979 -0.346999
73.684 336.841 435.896
-26.4692 334.475 433.147
-113.646 319.227 433.149
8.00044 166.271 110.593
46.1558 230.673 166.494
59.6812 153.604 102.538
-6.90618 -7.74124 -0.70556
-7.16772 -7.54387 -0.73224
-6.83002 -7.67113 -0.698327
98.6731 -224.572 181.969
-38.3164 -385.142 324.044
107.672 -200.462 157.949
-325.827 -194.324 404.698
-331.084 -157.461 378.743
-300.426 -258.678 388.72
-128.754 128.302 115.845
-223.792 204.305 236.64
-124.794 230.057 181.748
79.854 235.531 435.896
227.628 -233.953 435.896
159.113 291.324 435.896
-42.4808 167.838 112.493
-90.8331 154.759 115.631
-82.45 187.042 137.545
-6.63803 7.93119 -0.678211
-6.36353 8.11353 -0.650218
-6.56445 7.85886 -0.671246
-62.4934 375.325 388.448
-206.314 273.671 434.524
170.576 186.537 175.819
324.952 0 190.782
323.098 0 189.331
-63.6611 270.702 205.588
-3.3458 -5.20334 -0.352875
-3.45654 -5.02879 -0.364298
10.0019 -4.13154 1.02237
10.2637 -3.5683 1.04934
10.1376 -3.85161 1.03635
-130.189 -252.048 216.645
-266.398 206.686 435.896
-191.122 245.723 250.592
-254.179 275.806 363.975
-134.677 340.284 358.301
77.9486 222.527 167.863
66.7246 164.306 114.169
-312.33 102.111 433.143
-331.143 21.4227 433.143
-321.807 -15.7839 435.896
8.49354 382.822 385.76
67.4864 375.055 322.459
272.429 -282.267 395.4
264.486 -162.81 245.088
432.042 0 299.87
-325.858 -88.8967 299.199
-220.028 -67.9139 172.839
-290.562 -127.801 271.216
131.711 98.1264 101.181
175.923 0 91.943
173.282 0 90.4008
-10.869 1.51235 -1.11188
-10.8127 1.81199 -1.10606
-5.56785 5.41937 -0.577765
-3.33582 -4.86472 -0.351981
-3.39611 -4.9468 -0.358137
-3.49618 -4.77226 -0.368392
115.38 -94.8986 95.9496
125.26 -92.311 100.444
154.818 -183.954 173.506
183.979 -217.349 215.406
328.621 0 193.679
87.7545 337.275 435.896
175.45 -352.356 373.899
-10.6697 2.4064 -1.09126
-159.315 57.0637 109.512
-10.5832 2.70064 -1.08231
-141.91 -288.796 435.896
-3.04815 -5.46008 -0.32207
7.90994 -6.90936 0.808001
-3.1003 -5.54657 -0.327359
-274.425 232.7 405.882
-357.271 126.627 418.263
-306.598 187.428 415.401
-4.45343 5.60998 -0.465389
-4.26296 5.7294 -0.445978
-4.38595 5.53273 -0.458619
-333.257 -57.3956 430.403
-358.952 3.84812 385.408
-3.17208 5.29095 -0.334976
-2.99613 5.3735 -0.316785
-3.11725 5.20582 -0.329395
165.48 242.16 215.945
251.7 184.218 253.282
243.876 307.52 381.892
10.869 1.51235 1.11188
10.9921 -0.303475 1.12463
10.869 -1.51234 1.11188
-196.299 11.0751 124.958
-10.7463 2.1101 -1.09918
-4.06913 -5.84313 -0.426165
-3.87214 -5.95113 -0.40597
-3.93141 -6.03372 -0.411895
73.7269 -157.274 115.171
3.97389 -9.27784 0.406438
4.2886 -9.16228 0.438567
-5.03116 -8.51509 -0.515842
-4.73882 -8.65134 -0.485978
-4.79429 -8.73594 -0.491164
-3.17209 -5.29095 -0.334976
10.7463 2.1101 1.09918
-281.544 25.9159 217.955
-21.2714 -212.352 144.909
-5.21499 -7.2794 -0.538897
-4.96628 -7.4202 -0.51348
-5.02888 -7.50062 -0.51951
304.187 -224.528 430.471
152.661 -317.363 430.426
297.784 3.62022 435.896
478.116 0 435.896
-14.9535 369.772 410.062
-258.418 238.403 326.817
-159.91 60.4757 110.96
192.233 304.967 419.53
287.3 244.48 418.251
-3.22706 -5.37601 -0.340562
478.112 0 434.592
-2.94457 -4.61666 -0.311836
-2.88779 4.53252 -0.30599
-2.88779 -4.53252 -0.30599
92.9412 0.083777 45.2422
84.3232 0 40.5343
12.9768 3.94516 2.59204
456.077 0 341.417
455.447 0 340.088
9.70188 -4.68007 0.991507
-3.00149 -4.70072 -0.317686
13.6053 -2.3843 2.66381
13.679 -2.12096 2.67234
61.0688 0 27.9484
12.2044 -5.2038 2.50609
9.36465 -5.21179 0.956879
12.3771 -4.95642 2.52512
1.68573 9.83308 0.17255
1.35039 9.8754 0.138235
-356.488 26.3344 351.389
-352.547 -34.2975 373.095
-10.1376 3.85161 -1.03635
-10.0019 4.13152 -1.02237
-6.64885 5.97513 -0.685266
-158.437 -100.793 117.668
-158.597 81.7944 116.868
-217.084 74.1247 160.733
-281.271 75.6234 227.883
7.16773 -7.54386 0.73224
6.90618 -7.74124 0.70556
5.50478 -8.61302 0.562647
-3.26429 -6.24036 -0.343296
5.79661 -8.45462 0.592408
8.42244 -169.469 114.843
16.6744 -175.862 120.733
4.59936 -9.03788 0.470283
-3.3146 -6.32769 -0.348317
13.3313 -3.16959 2.6323
13.4315 -2.90871 2.64378
72.731 0 34.2455
10.3801 -3.28186 1.06134
-3.20504 -5.71932 -0.337952
-3.33743 -5.54588 -0.351746
-3.15261 -5.63298 -0.332653
0.6764 -9.93189 0.0692473
1.01385 -9.90835 0.10379
-114.645 -139.118 111.827
8.367 -6.45329 0.854706
-2.99613 -5.37351 -0.316785
-4.08369 -4.87895 -0.428198
-4.08369 4.87895 -0.428198
-3.91803 -4.98851 -0.411371
-6.60285 -7.45965 -0.676669
-6.34505 -7.64074 -0.650393
-6.67835 -7.53034 -0.683881
-106.936 -357.872 404.625
-301.951 -179.966 434.528
-339.798 108.14 359.432
-257.48 -192.367 255.2
-158.689 -213.143 192.712
-3.21414 6.15294 -0.33828
6.08296 8.28806 0.621607
-3.16413 6.06545 -0.333268
118.324 -342.794 424.986
13.3313 3.16959 2.6323
10.2637 3.5683 1.04934
13.2221 3.42938 2.61984
-3.36508 -6.41494 -0.353343
-3.52288 -6.2356 -0.369844
13.7439 -1.85706 2.67988
55.2151 0 24.7972
13.9165 -0.797206 2.70002
34.6334 0 13.7567
37.5811 0 15.3348
-124.101 291.607 272.545
-30.423 130.378 85.4128
-2.8993 -4.86446 -0.307115
-3.05854 -4.7847 -0.32354
-7.50351 7.00121 -0.76751
-7.42064 6.93763 -0.759532
-7.73929 6.78765 -0.791555
-0.338352 9.94603 -0.03464
-4.34961e-07 9.95074 -4.77126e-08
-3.3856 7.48042 -0.353001
-10.2637 3.5683 -1.04934
-6.56627 5.91118 -0.677131
-6.48386 5.84704 -0.669003
-3.28217 -5.46099 -0.346151
-3.4617 -5.37018 -0.36464
-3.17303 -4.95241 -0.335261
10.4175 -129.608 86.4121
-3.1988 -6.59111 -0.335916
3.65549 -9.38452 0.373925
-3.24647 -6.67964 -0.34064
-3.55926 -4.8526 -0.374831
10.3801 3.28185 1.06134
-10.9921 -0.303497 -1.12463
-10.9972 -9.61407e-07 -1.12517
-3.21565 -4.70029 -0.339682
-3.27566 -4.78255 -0.345829
-3.21564 4.70029 -0.339682
110.005 -9.24505 57.229
8.58348 -6.21608 0.876849
-3.06256 -5.12059 -0.323819
-3.27566 4.78255 -0.34583
-3.43325 -4.6918 -0.361957
-3.43325 4.6918 -0.361957
10.4866 -2.99253 1.07234
13.5228 -2.64692 2.65429
-3.93121 -7.9107 -0.407327
-3.75774 -8.19227 -0.388771
-3.98144 -7.99799 -0.412133
-0.676396 -9.93189 -0.0692468
-1.01384 -9.90835 -0.103789
-3.47761 -7.65885 -0.36191
-3.5764 -6.32135 -0.375177
-3.21413 -6.15295 -0.338279
-3.36328 -5.97783 -0.353876
-3.16413 -6.06545 -0.333268
-6.56444 -7.85887 -0.671245
-3.38561 -7.48042 -0.353001
-3.33983 -7.39111 -0.348553
-0.338347 -9.94603 -0.0346399
2.01957 -9.78142 0.206704
1.68573 -9.83308 0.17255
-0.0491032 -237.662 174.703
-168.622 -26.1897 109.633
-5.88319 -5.69052 -0.609156
-5.8041 -5.62299 -0.6013
-5.61004 -5.78199 -0.581696
-9.36466 -5.21178 -0.956879
-9.53785 -4.94817 -0.974656
-7.36197 -6.15132 -0.755892
3.33377 -9.48219 0.34106
-61.5079 350.384 422.232
-78.682 331.914 430.404
-206.808 -223.112 435.896
-165.943 -285.013 435.896
326.793 0 192.231
-4.20638 -327.358 435.896
-112.407 -341.869 420.888
-3.00801 -5.03529 -0.318247
8.99141 -5.7245 0.918611
8.7917 -5.97305 0.898158
3.00901 -9.57078 0.307873
170.743 -104.901 137.211
299.853 0 171.805
301.86 0 173.273
297.833 0 170.335
4.90586 -8.9048 0.501555
-2.95359 4.94991 -0.312679
8.99142 5.72449 0.918612
9.18246 5.47064 0.938192
8.7917 5.97305 0.898158
109.754 9.33467 57.2037
10.4866 2.99254 1.07234
13.1039 -3.68797 2.60642
13.2221 -3.42937 2.61984
-3.00149 4.70072 -0.317686
9.53785 4.94817 0.974656
9.70187 4.68008 0.991507
-0.676391 9.93189 -0.069247
-5.30493 -5.50137 -0.551318
-5.56785 -5.41937 -0.577765
-5.48943 -5.35116 -0.56993
371.732 0 230.833
373.223 0 232.244
9.53784 -4.94817 0.974657
9.18247 -5.47063 0.938192
-2.95358 -4.94992 -0.312679
-3.15576 -4.61794 -0.333539
-3.28807 5.11979 -0.346999
-9.18246 -5.47064 -0.938192
-8.99142 -5.72448 -0.918612
-3.56 -5.88456 -0.374172
-3.41632 -6.06385 -0.359194
5.20775 -8.76313 0.532353
-4.92007 -6.5139 -0.511206
-4.69828 -6.64623 -0.488557
-4.76221 -6.72584 -0.494828
6.36353 -8.11353 0.650218
6.63803 -7.93119 0.678211
-9.8566 -4.40778 -1.00742
-10.0019 -4.13153 -1.02237
-6.73162 -6.03888 -0.693406
-6.85444 -7.27134 -0.702304
-6.93243 -7.33978 -0.709778
-7.17995 -7.14215 -0.735003
-248.608 -178.308 435.896
-49.9072 305.489 435.896
-211.213 235.847 435.896
-247.544 240.404 424.93
-82.0448 -258.767 209.264
-223.013 -251.474 434.521
-101.614 -315.819 434.52
-17.8404 -332.066 433.143
468.435 0 373.125
468.024 0 371.81
112.874 102.59 94.9132
5.50477 8.61303 0.562646
-4.15273 4.95513 -0.435203
-3.98441 5.06661 -0.418106
63.6183 -377.747 365.512
72.0673 -338.104 430.412
-1.68573 -9.83308 -0.17255
-3.57028 -7.83697 -0.370842
-1.35039 -9.8754 -0.138235
-4.53365 -6.85353 -0.471443
-4.47263 -6.77206 -0.465463
216.788 0 116.453
214.316 0 114.931
10.9921 0.303493 1.12463
12.5407 -4.70665 2.54324
63.9902 0 29.5234
66.9079 0 31.0979
10.9972 0 1.12517
13.8476 1.32781 2.69196
13.8001 1.59264 2.68642
13.5228 2.64691 2.65429
13.6053 2.3843 2.66381
58.1437 0 26.373
-4.1415 8.8988 -0.424912
-4.09286 8.81079 -0.420373
-4.33839 8.60636 -0.445942
-5.93466 6.43493 -0.613147
-5.64042 6.52384 -0.583526
-5.8593 6.36404 -0.605759
-6.68388 6.3558 -0.688028
-6.38534 6.47155 -0.658039
-6.60298 6.29013 -0.680114
8.14239 -6.68449 0.831749
-3.11427 -5.97789 -0.328262
-3.31038 -5.89175 -0.348563
6.08296 -8.28806 0.621608
-3.34228 -6.85647 -0.350103
-3.39043 -6.94478 -0.354842
-3.51744 -6.67622 -0.368451
-7.44794 6.21145 -0.764296
-9.18246 5.47064 -0.938192
-7.5341 6.27137 -0.772706
-3.57029 7.83697 -0.370842
-3.73211 7.56065 -0.388164
-3.78161 7.64829 -0.392946
9.36466 5.21178 0.956879
-2.8993 4.86446 -0.307116
-4.9273 5.14704 -0.513466
-4.85226 5.07573 -0.505911
-3.98442 -5.06661 -0.418106
-4.15273 -4.95513 -0.435203
-10.2637 -3.5683 -1.04934
-10.1376 -3.85161 -1.03635
-3.11571 -4.8686 -0.329398
9.8566 -4.40777 1.00742
-2.84514 -4.77893 -0.301556
-3.4872 -7.12115 -0.364335
-3.61984 -6.84997 -0.37855
-3.43873 -7.033 -0.359585
-4.57103 -6.48659 -0.476033
-4.78721 -6.35805 -0.498115
-4.72106 -6.27992 -0.491578
-9.70187 -4.68008 -0.991507
-5.42311 -6.30374 -0.562185
-5.49536 -6.37727 -0.569292
-5.70916 -6.22173 -0.591001
-4.68356 -8.56662 -0.4808
-4.91451 -8.34908 -0.504871
-4.62852 -8.48178 -0.475628
-81.0731 -153.105 113.802
-2.01957 -9.78142 -0.206704
-7.42235 -7.33928 -0.758222
-7.08907 -7.47604 -0.724745
2.68152 -9.65022 0.274397
-3.2943 -6.7681 -0.345368
-3.78571 -4.83197 -0.397915
-3.78572 4.83197 -0.397915
-3.71977 4.75354 -0.391194
-3.39284 -5.63069 -0.357345
-10.6697 -2.40641 -1.09126
-10.7463 -2.1101 -1.09918
-4.45824 -5.9661 -0.465487
-4.39298 -5.88733 -0.458978
-4.25603 -6.08532 -0.444824
-7.44794 -6.21145 -0.764296
-7.5341 -6.27137 -0.772706
6.32422 -371.643 391.021
187.168 255.569 256.253
-3.50413 -5.80002 -0.368558
-3.44842 -5.71539 -0.362949
95.8174 -0.0733773 46.8117
104.408 0 51.516
274.77 0 154.068
272.598 0 152.58
462.909 0 357.311
462.39 0 355.99
12.6952 -4.45468 2.56044
12.9768 -3.94515 2.59204
12.8405 -4.20079 2.57671
13.4315 2.90872 2.64378
10.6697 2.4064 1.09126
10.5831 -2.70064 1.08231
13.8476 -1.32781 2.69196
13.8864 -1.06264 2.69649
43.4697 0 18.4902
13.679 2.12098 2.67234
10.951 -0.909456 1.12038
10.9767 -0.606727 1.12304
13.8001 -1.59263 2.68642
10.8127 -1.812 1.10606
46.4103 0 20.0675
13.7439 1.85706 2.67988
10.8127 1.812 1.10606
2.3516 9.72045 0.240664
2.01957 9.78142 0.206704
-5.96245 5.75788 -0.617017
12.5407 4.70664 2.54324
12.6952 4.4547 2.56044
-3.88372 5.59993 -0.407553
-3.6953 5.70274 -0.388228
-3.82223 5.51865 -0.401359
7.66984 -7.12771 0.783484
-3.25764 -5.80557 -0.343255
-4.46146 -4.98661 -0.466463
-4.38954 4.91266 -0.459184
-4.38954 -4.91266 -0.459184
-5.64643 5.48741 -0.585604
-5.48943 5.35116 -0.56993
-5.30493 5.50137 -0.551319
-10.9767 0.606728 -1.12304
-10.9921 0.303497 -1.12463
-4.9273 -5.14705 -0.513466
-2.84514 4.77893 -0.301556
5.20776 8.76313 0.532352
-3.49619 4.77225 -0.368392
-3.33582 4.86473 -0.351981
8.14239 6.68448 0.831749
-3.04815 5.46007 -0.32207
7.90994 6.90936 0.808001
-3.008 5.03529 -0.318247
7.42235 7.33928 0.758222
7.16771 7.54387 0.732239
-3.28218 5.46099 -0.346152
-3.33744 5.54588 -0.351746
-3.15261 5.63298 -0.332653
-3.11572 4.8686 -0.329398
9.8566 4.40777 1.00742
-3.61602 -5.969 -0.379791
-4.49436 -8.86559 -0.460527
-5.84071 -5.99072 -0.604537
-5.76364 -5.92132 -0.596918
-5.55976 -6.07875 -0.576266
-6.52756 -7.38876 -0.669463
-6.77666 -7.2027 -0.694838
-10.9767 -0.60673 -1.12304
-4.22192 -5.0312 -0.442214
1.18661e-07 -9.95074 1.30164e-08
-4.17631 -7.25835 -0.434193
-3.98362 -7.45532 -0.414065
-4.23193 -7.34292 -0.439592
-5.09168 -7.58092 -0.525547
-5.28048 -7.35792 -0.545218
-4.04441 -8.7227 -0.41584
-4.09287 -8.81079 -0.420373
-4.28682 -8.51974 -0.441094
-3.97389 -9.27784 -0.406437
-4.28859 -9.16228 -0.438567
-4.23936 -9.07455 -0.434008
-5.20775 -8.76313 -0.532353
-4.90586 -8.9048 -0.501555
-5.80268 -7.51256 -0.596909
-5.54452 -7.67047 -0.570571
-5.61105 -7.74824 -0.576926
-7.66984 -7.12771 -0.783484
-5.07412 -8.0455 -0.522088
-5.13499 -8.12699 -0.527861
-5.34499 -7.90068 -0.549763
7.42234 -7.33929 0.758222
-3.55926 4.8526 -0.374832
-6.981 -6.22892 -0.717861
-7.27617 -6.09097 -0.747493
-6.89769 -6.16578 -0.709703
-7.19055 -6.0304 -0.7391
-8.09932 -6.28495 -0.82871
-7.70696 -6.39054 -0.789545
-7.79367 -6.44979 -0.797974
-5.1547 -7.66107 -0.531591
-5.41208 -7.51449 -0.557881
-5.34617 -7.43628 -0.551546
422.207 0 286.285
423.238 0 287.649
263.783 0 146.616
245.247 229.563 435.896
475.713 0 404.575
475.508 0 403.268
465.833 0 365.227
465.368 0 363.909
459.659 0 349.375
459.085 0 348.05
1.3504 -9.8754 0.138235
-3.46649 -6.58921 -0.36341
-3.41571 -6.50211 -0.358374
78.5366 0 37.391
13.1039 3.68796 2.60642
92.9412 -0.0838903 45.2422
92.9589 -0.042052 45.2441
13.9381 -0.531565 2.70254
13.8864 1.06264 2.69649
10.9151 1.21141 1.11666
13.9165 0.797201 2.70002
49.3482 0 21.6444
10.0019 4.13153 1.02237
-2.94458 4.61666 -0.311836
52.2832 0 23.221
4.90585 8.9048 0.501555
4.59936 9.03788 0.470283
-3.31461 6.32769 -0.348317
-4.07016 6.64104 -0.424929
-4.1277 6.72458 -0.430596
-3.90101 6.8339 -0.407284
-4.04442 8.72269 -0.415841
-3.83711 9.00981 -0.393768
-3.97388 9.27785 -0.406437
-4.28861 9.16227 -0.438567
-6.90618 7.74124 -0.70556
-4.22192 5.0312 -0.442214
-3.51712 -5.11068 -0.370463
-3.62247 -4.93285 -0.381275
-3.5782 -5.53665 -0.376424
-3.63667 -5.61975 -0.382323
-3.7609 -5.43726 -0.39517
-3.68585 -5.01299 -0.387724
-3.57784 -5.19248 -0.376633
-3.74935 -5.09303 -0.394177
-3.8518 -4.9103 -0.404641
-3.8518 4.9103 -0.404641
-10.3801 3.28185 -1.06134
-10.4866 2.99254 -1.07234
-10.9151 1.21142 -1.11666
-10.951 0.909459 -1.12038
-3.41632 6.06384 -0.359194
-3.36328 5.97784 -0.353876
-4.24332 6.89134 -0.441947
-4.3014 6.97455 -0.447631
-4.06566 7.08887 -0.423412
-5.88319 5.69052 -0.609156
-5.8041 5.62299 -0.6013
-3.05854 4.7847 -0.32354
6.63803 7.93119 0.678211
-3.11426 5.97789 -0.328262
6.36353 8.11353 0.650218
-3.25764 5.80557 -0.343255
8.58349 6.21608 0.876849
8.36698 6.45331 0.854706
-3.15576 4.61794 -0.333539
-3.63363 -7.3851 -0.378616
-3.43152 -7.56968 -0.357453
-5.01346 -7.96387 -0.516321
-4.74113 -8.09913 -0.488464
-4.79873 -8.18256 -0.493926
-2.3516 -9.72045 -0.240664
-3.71061 -8.10356 -0.384281
-3.87681 -5.2528 -0.407097
-4.05094 -5.1446 -0.424846
-3.813 -5.17297 -0.400635
-4.29126 -5.10715 -0.449229
-4.53354 -5.06042 -0.473747
-10.8127 -1.81199 -1.10606
-4.43041 -5.25865 -0.463275
-4.50021 -5.33421 -0.470305
-4.67816 -5.20765 -0.488329
-4.00716 -5.76218 -0.419956
-4.06565 -7.08888 -0.423411
-4.24331 -6.89134 -0.441946
-4.0106 -7.00399 -0.41803
-6.19988 -7.49441 -0.636528
-5.94157 -7.66383 -0.610193
-6.01134 -7.73922 -0.616846
-8.58349 -6.21607 -0.876849
-8.7917 -5.97305 -0.898158
-8.18836 -6.34131 -0.837369
-3.74686 -8.83072 -0.385351
-3.99617 -8.63451 -0.411314
-3.94811 -8.54623 -0.406793
-4.18425 -8.3462 -0.431415
-5.14866 -8.68059 -0.526842
-5.44259 -8.53237 -0.556831
-5.94701 -8.13465 -0.608805
-5.73141 -8.37595 -0.586294
-6.01487 -8.21144 -0.615202
-2.68152 -9.65022 -0.274397
-3.00901 -9.57078 -0.307873
-3.80505 -8.28088 -0.393267
-3.63871 -5.27417 -0.382807
-7.34134 -7.27379 -0.750475
-5.52745 -7.20806 -0.570422
-5.76955 -7.05115 -0.595097
-5.69855 -6.97668 -0.588215
-3.94077 -5.33252 -0.413565
-7.0645 -6.29186 -0.726025
444.856 0 320.071
444.072 0 318.73
386.095 0 244.879
387.465 0 246.277
261.548 0 145.121
477.517 0 420.244
477.412 0 418.939
472.693 0 388.874
472.386 0 387.564
467.174 0 369.178
466.736 0 367.862
464.412 0 361.271
463.92 0 359.952
461.325 0 353.346
460.779 0 352.023
457.91 0 345.399
457.308 0 344.072
2.3516 -9.72045 0.240664
75.636 0 35.8186
95.8173 0.0734851 46.8117
92.9589 0.0421262 45.2441
81.4323 0 38.963
101.556 0 49.9492
-3.09601 -4.53551 -0.3274
10.9151 -1.21141 1.11666
28.7324 0 10.5998
16.8993 -0.404879 4.28203
22.8225 -0.0788843 7.44177
13.951 0.265818 2.70406
13.951 -0.265798 2.70406
10.951 0.909456 1.12038
10.9767 0.60673 1.12304
87.2091 0 42.1051
10.1376 3.85161 1.03635
-3.2643 6.24035 -0.343296
-4.06917 5.49162 -0.426515
-4.13361 5.57099 -0.432997
-3.94536 5.68111 -0.413752
3.33377 9.48219 0.341059
3.00901 9.57078 0.307873
-3.77469 7.10996 -0.393737
-3.53584 7.20921 -0.36909
-3.7229 7.02339 -0.388669
-4.60577 -5.1341 -0.481036
-4.77736 -5.00427 -0.49836
-3.61983 6.84998 -0.378549
-3.43873 7.033 -0.359586
-3.56856 6.76314 -0.373498
-5.50478 8.61302 -0.562646
-6.04189 5.82506 -0.624884
-5.84071 5.99072 -0.604537
-5.76364 5.92131 -0.596918
-7.40036 6.5415 -0.75874
-7.70696 6.39054 -0.789545
-7.79367 6.44979 -0.797974
-4.7179 7.09715 -0.489422
-4.89059 6.88469 -0.507388
-4.95509 6.96391 -0.513678
-7.90993 6.90937 -0.808001
-7.66984 7.12771 -0.783484
0.67639 9.93189 0.0692469
0.338351 9.94603 0.0346399
-3.34228 6.85647 -0.350102
-3.29429 6.7681 -0.345368
-4.77736 5.00427 -0.49836
-4.85226 -5.07573 -0.505911
-3.40368 -5.28681 -0.358755
-4.92007 6.51389 -0.511207
-4.85355 6.43604 -0.504658
-5.0685 6.29926 -0.526563
7.66985 7.12771 0.783484
-5.78625 6.66975 -0.597783
-5.48678 6.75228 -0.567608
-5.71324 6.59688 -0.590651
-4.60578 5.1341 -0.481036
-4.67816 5.20765 -0.48833
-9.8566 4.40777 -1.00742
-6.23768 5.65346 -0.64465
-6.31957 5.71818 -0.652762
-5.33308 5.21424 -0.554277
-5.07787 5.28923 -0.528592
-5.12077 6.7466 -0.530889
-5.27678 6.52646 -0.547059
-5.34659 6.60188 -0.553903
-3.39611 4.9468 -0.358137
-3.06256 5.12059 -0.323819
-3.31039 5.89174 -0.348563
-3.20505 5.71931 -0.337952
-4.63457 6.56647 -0.482293
-4.78722 6.35805 -0.498115
6.90618 7.74124 0.70556
-3.87881 -7.28283 -0.40389
-3.7321 -7.56065 -0.388163
-3.93113 -7.36912 -0.408975
-4.19356 -6.00471 -0.438599
-4.13126 -5.92398 -0.432379
-3.99085 -6.1162 -0.417825
0.338347 -9.94603 0.0346399
-3.52385 -7.74795 -0.366373
-3.61688 -7.92591 -0.375316
-3.65737 -8.65132 -0.376959
-3.70203 -8.74106 -0.381153
-5.01976 -7.043 -0.519973
-4.7797 -7.17811 -0.495427
-4.8417 -7.25893 -0.501438
-4.59463 -7.3889 -0.476141
-4.53561 -7.30626 -0.470427
-3.69972 -5.35577 -0.388986
-4.5893 -6.12327 -0.478521
-4.4445 -6.32645 -0.463532
-4.65509 -6.20167 -0.485047
-10.9151 -1.21142 -1.11666
-5.64643 -5.48741 -0.585604
-3.68278 -7.47291 -0.383387
-4.68376 -8.01557 -0.483008
-4.62658 -7.93189 -0.477559
-4.46463 -8.2266 -0.460153
-4.63456 -6.56647 -0.482292
-4.85355 -6.43604 -0.504658
-5.74477 -7.90328 -0.589656
-5.81196 -7.98057 -0.596031
-5.62776 -6.90204 -0.58134
-5.85947 -6.74244 -0.604923
-5.55717 -6.82724 -0.574471
-6.04189 -5.82506 -0.624884
-6.1215 -5.89206 -0.632757
-5.18805 -6.82389 -0.537462
-5.25553 -6.90102 -0.544041
-4.77291 -7.63608 -0.493322
-4.45627 -7.68015 -0.46125
-4.24894 -7.88484 -0.439608
-4.30255 -7.97044 -0.444735
-3.33377 -9.48219 -0.341059
-3.65549 -9.38452 -0.373924
-5.66645 -8.29712 -0.580187
-7.01064 -7.40802 -0.717257
-7.26054 -7.20808 -0.742736
-6.12764 -7.42095 -0.629606
-6.45249 -7.31769 -0.662265
-4.84995 -8.82043 -0.496356
-5.08981 -8.5979 -0.521339
-4.03631 -7.54143 -0.419162
-3.8313 -7.73585 -0.397734
-3.85256 -8.36942 -0.397771
-3.61287 -8.56151 -0.372771
-4.44216 -8.77928 -0.455659
-4.19032 -8.98672 -0.429457
-5.20716 -6.45088 -0.54022
-5.05368 -6.66918 -0.524322
-5.27678 -6.52646 -0.547058
-7.10512 -5.96962 -0.730713
-4.41812 -7.14065 -0.459017
-4.35966 -7.05765 -0.453321
-5.13773 -6.37515 -0.533389
-4.98678 -6.59161 -0.517761
-10.869 -1.51235 -1.11188
450.774 0 330.767
450.068 0 329.433
439.159 0 310.668
438.305 0 309.322
357.765 0 218.079
359.366 0 219.501
411.296 0 272.598
412.436 0 273.971
295.8 0 168.863
319.352 0 186.424
317.459 0 184.969
270.413 0 151.091
268.215 0 149.601
240.883 0 131.604
238.526 0 130.095
477.966 0 428.071
477.912 0 426.766
476.766 0 412.412
476.611 0 411.107
474.357 0 396.73
474.101 0 395.421
470.721 0 381.007
470.362 0 379.694
467.603 0 370.494
466.289 0 366.545
464.894 0 362.59
463.419 0 358.632
461.862 0 354.668
460.223 0 350.699
458.502 0 346.725
456.697 0 342.744
107.254 0 53.082
-3.68584 5.01299 -0.387724
-3.74935 5.09303 -0.394177
12.3771 4.95642 2.52512
98.6982 0 48.3817
16.8825 -0.60754 4.27972
31.6838 0 12.1784
22.825 0 7.44216
19.8666 -0.135019 5.86266
19.8694 0 5.86308
19.8666 0.135023 5.86266
25.7794 0 9.02108
16.8993 0.404868 4.28203
16.8825 0.607538 4.27972
13.9381 0.531573 2.70254
40.5266 0 16.9127
5.79661 8.45462 0.592408
4.28861 9.16227 0.438567
3.97388 9.27785 0.406437
2.68151 9.65022 0.274397
-3.24647 6.67964 -0.34064
-3.84649 6.74871 -0.401919
-4.0128 6.55738 -0.419268
3.6555 9.38452 0.373924
-3.1988 6.59111 -0.335916
-3.90024 8.45787 -0.402279
-3.85256 8.36942 -0.397771
-4.08246 8.17229 -0.421762
1.01384 9.90835 0.10379
-1.35039 9.8754 -0.138235
-1.68573 9.83308 -0.17255
-3.33985 7.3911 -0.348554
-5.56779 6.45064 -0.576405
-5.49535 6.37727 -0.569292
-5.78414 6.29297 -0.598377
-9.53784 4.94817 -0.974656
-9.36466 5.21178 -0.956879
-7.36197 6.15132 -0.755892
-8.99142 5.72448 -0.918612
-7.62043 6.33107 -0.781123
-4.59937 9.03788 -0.470283
-5.79661 8.45462 -0.592408
-4.84169 7.25894 -0.501438
-4.7797 7.17811 -0.495427
-5.01976 7.043 -0.519973
-4.28681 8.51974 -0.441093
-4.23543 8.43303 -0.436251
-4.46464 8.2266 -0.460153
-3.39042 6.94478 -0.354841
-3.43152 7.56967 -0.357453
-5.28049 7.35791 -0.545219
-5.02888 7.50062 -0.519511
-5.215 7.2794 -0.538898
-7.17327 6.74558 -0.73564
-7.25553 6.80981 -0.743597
-6.93944 6.94309 -0.711845
-5.25514 5.14555 -0.546457
-4.26296 -5.7294 -0.445977
-4.1982 -5.65026 -0.439484
-4.64032 -5.48493 -0.48438
-4.38594 -5.53273 -0.458619
-4.45343 -5.60998 -0.465389
-4.11763 5.22246 -0.431591
-4.29126 5.10714 -0.449229
-5.0025 5.21821 -0.521026
-4.82341 5.35432 -0.502932
-5.15339 5.3601 -0.536162
-3.23048 5.03614 -0.341128
-3.10031 5.54656 -0.327359
-3.45654 5.02879 -0.364298
-3.09601 4.53551 -0.3274
-3.46952 -6.14977 -0.364516
-3.73794 -6.57805 -0.391206
-3.68393 -6.49258 -0.385858
-3.84648 -6.74872 -0.401919
-3.79213 -6.66343 -0.39656
-3.6953 -5.70274 -0.388227
-3.75408 -5.78564 -0.394137
-3.88371 -5.59994 -0.407552
-3.82223 -5.51864 -0.401359
-3.78162 -7.64829 -0.392946
-3.95572 -6.91899 -0.412654
-3.77469 -7.10996 -0.393737
-3.82666 -7.19644 -0.398811
-5.07787 -5.28923 -0.528592
-5.25514 -5.14555 -0.546457
-5.0025 -5.21821 -0.521026
-5.26314 -5.79083 -0.546866
-5.06464 -5.93377 -0.526735
-5.33703 -5.86305 -0.554208
-3.6722 -6.05335 -0.385414
-4.82341 -5.35432 -0.502932
-4.57019 -5.40964 -0.47734
-10.951 -0.909461 -1.12038
-5.72518 -5.55528 -0.593449
-5.45715 -5.64201 -0.566496
-5.53351 -5.71208 -0.574093
-4.8906 -6.88469 -0.507388
-4.65629 -7.01607 -0.483423
-4.7179 -7.09715 -0.489422
-5.93288 -6.81497 -0.612067
-5.87936 -8.05769 -0.602414
-5.60173 -8.21813 -0.574089
-5.87202 -7.58828 -0.603548
-8.01047 -6.22836 -0.820056
-7.62043 -6.33107 -0.781123
-7.82452 -6.84862 -0.799775
-8.14239 -6.68448 -0.831749
-7.73929 -6.78765 -0.791555
-6.75408 -7.60083 -0.6911
-6.41796 -7.71363 -0.657337
-6.49109 -7.78634 -0.664288
-5.64042 -6.52383 -0.583526
-5.85931 -6.36404 -0.605759
-5.56779 -6.45063 -0.576406
-4.83274 -7.71822 -0.499062
-3.8825 -9.09924 -0.397985
-3.9281 -9.18859 -0.402208
-4.1415 -8.8988 -0.424912
-5.40883 -7.98027 -0.555833
-5.19607 -8.20835 -0.533641
-5.47292 -8.0597 -0.561911
-4.85651 -8.26588 -0.499395
-4.89278 -7.80023 -0.504809
-4.57369 -8.39683 -0.470463
-5.50478 -8.61302 -0.562647
-6.08132 -7.81444 -0.623506
-3.61325 -9.29382 -0.370029
-3.8371 -9.00982 -0.393768
-4.54676 -8.95179 -0.465402
-10.3801 -3.28185 -1.06134
-10.4866 -2.99255 -1.07234
-6.40163 -5.7827 -0.66088
-6.31957 -5.71817 -0.652762
-3.67128 -6.93673 -0.383606
-4.05046 -6.19858 -0.42376
-3.89858 -6.38978 -0.407962
-4.11024 -6.28085 -0.429701
-4.50767 -6.40658 -0.46978
-4.23031 -6.44505 -0.441599
-4.29062 -6.52698 -0.447556
-5.48678 -6.75228 -0.567608
-5.78625 -6.66975 -0.597784
-5.71324 -6.59688 -0.590651
-4.78108 -5.63511 -0.498477
-4.58889 -5.76411 -0.478945
-4.85171 -5.70999 -0.505533
-6.84623 -6.48655 -0.703873
-6.76496 -6.42127 -0.695947
-6.54266 -6.60726 -0.67338
-6.20129 -5.95887 -0.640635
453.501 0 336.098
452.834 0 334.766
447.893 0 325.425
447.148 0 324.088
441.661 0 314.703
440.837 0 313.359
435.683 0 305.276
434.788 0 303.926
342.791 0 205.212
344.505 0 206.648
379.064 0 237.872
399.271 0 258.798
400.524 0 260.183
431.105 0 298.516
285.444 0 161.484
283.334 0 160.004
305.837 0 176.206
307.806 0 177.67
311.706 0 180.594
313.636 0 182.054
266.006 0 148.109
252.486 0 139.127
250.189 0 137.626
228.981 0 124.046
226.566 0 122.53
478.079 0 431.984
478.049 0 430.679
477.779 0 424.158
477.7 0 422.853
477.179 0 416.329
477.05 0 415.023
476.277 0 408.495
476.098 0 407.188
475.073 0 400.654
474.843 0 399.346
473.564 0 392.803
473.282 0 391.494
471.746 0 384.942
471.413 0 383.631
469.617 0 377.068
469.232 0 375.754
69.8215 0 32.672
196.696 0 104.238
194.135 0 102.705
143.607 0 73.3652
140.856 0 71.8104
159.929 0 82.6733
157.231 0 81.1245
12.2044 5.2038 2.50609
95.8344 0 46.8136
16.9094 -0.20238 4.28341
16.9094 0.202387 4.28341
13.9553 0 2.70456
16.9127 0 4.28387
12.8405 4.2008 2.57671
-3.51744 6.67621 -0.368451
-3.71061 8.10356 -0.384281
-2.01957 9.78142 -0.206704
-3.66366 8.01478 -0.379796
-7.31611 6.47941 -0.750552
-7.09122 6.68113 -0.727688
-7.00936 6.61647 -0.719744
-4.90586 8.9048 -0.501555
-5.20775 8.76313 -0.532352
-5.21791 7.74109 -0.537642
-5.01346 7.96388 -0.516321
-4.95301 7.88212 -0.510562
-7.58657 7.06458 -0.775493
-5.94701 8.13465 -0.608805
-5.66646 8.29712 -0.580188
-5.87938 8.05769 -0.602415
-4.54675 8.95179 -0.465401
-5.14867 8.68058 -0.526842
-5.08981 8.5979 -0.521339
-5.38063 8.45158 -0.551023
-4.35639 8.05593 -0.449868
-4.30256 7.97044 -0.444735
-4.56961 7.84809 -0.472116
-5.09168 7.58091 -0.525548
-4.83274 7.71822 -0.499062
-3.41571 6.50212 -0.358374
-3.36508 6.41494 -0.353343
-3.48721 7.12114 -0.364335
-5.34618 7.43628 -0.551547
-4.49436 8.86559 -0.460527
-4.53366 6.85352 -0.471444
-4.69829 6.64622 -0.488557
-4.7622 6.72585 -0.494828
-3.93142 6.03372 -0.411895
-3.72856 6.1376 -0.391043
-3.87214 5.95113 -0.405971
-3.3458 5.20334 -0.352875
-5.38096 5.57177 -0.558905
-5.45715 5.64201 -0.566496
-4.01059 7.00399 -0.41803
-3.98363 7.45532 -0.414066
-3.93113 7.36912 -0.408975
-4.17632 7.25834 -0.434193
-3.79213 6.66343 -0.39656
-3.91804 4.98851 -0.411371
-4.36076 -5.18296 -0.45625
-3.4617 5.37018 -0.36464
-3.63871 5.27417 -0.382807
-3.51987 5.45347 -0.37053
-4.7507 -5.28106 -0.495628
-4.89628 -5.42744 -0.510242
-5.15339 -5.3601 -0.536162
-4.50767 6.40658 -0.46978
-4.72107 6.27992 -0.491578
-4.57103 6.48659 -0.476033
-3.52288 6.2356 -0.369844
-3.67221 6.05335 -0.385414
-3.22706 5.37601 -0.340562
-5.72518 5.55528 -0.59345
-5.18943 5.71846 -0.539531
-5.41117 5.28278 -0.562101
-5.22908 5.43081 -0.543738
-6.073 6.19788 -0.627431
-5.99539 6.129 -0.619794
-3.63008 -6.40701 -0.380514
-3.72856 -6.1376 -0.391043
-3.88115 -7.82332 -0.402528
-4.08918 -7.62743 -0.424265
-3.66366 -8.01478 -0.379795
-3.90023 -8.45787 -0.402278
-4.13326 -8.2593 -0.426586
-4.03185 -8.08519 -0.416944
-4.3384 -8.60635 -0.445942
-4.39018 -8.69287 -0.450797
-3.79189 -8.92031 -0.389557
-4.34371 -7.51176 -0.450408
-4.14224 -7.71333 -0.429373
-4.39989 -7.59601 -0.455826
-4.47677 -7.22351 -0.464719
-4.41178 -6.69048 -0.459488
-4.71062 -5.56009 -0.491426
-4.96932 -5.50041 -0.517556
-4.52108 -5.68711 -0.472164
-4.32788 -5.80843 -0.452475
-4.53354 5.06042 -0.473747
-4.0049 5.41212 -0.420038
-4.75071 5.28105 -0.495629
-4.79337 -5.9943 -0.499318
-4.86188 -6.07075 -0.506121
-5.41117 -5.28278 -0.562101
-5.32321 -6.97801 -0.550627
-5.08464 -7.12194 -0.526274
-5.5372 -8.139 -0.567996
-5.31888 -8.37065 -0.545222
-7.90994 -6.90937 -0.808001
-6.68388 -6.3558 -0.688027
-7.14818 -6.35459 -0.734194
-8.36698 -6.45331 -0.854705
-6.27236 -7.56766 -0.643457
-5.66466 -7.36062 -0.583652
-5.73356 -7.43668 -0.590277
-5.91216 -7.19959 -0.608881
-5.7966 -8.45462 -0.592407
-6.08296 -8.28806 -0.621607
-6.15154 -7.88947 -0.630173
-6.05559 -7.34735 -0.62269
-5.59596 -7.28442 -0.577034
-7.17327 -6.74558 -0.735639
-6.85968 -6.87633 -0.704139
-6.93944 -6.94309 -0.711845
-4.71329 -7.55381 -0.487589
-4.65387 -7.47142 -0.481862
-4.90389 -7.33963 -0.507456
-5.6778 -7.82584 -0.583287
-4.97274 -8.43214 -0.510353
-5.25736 -8.28957 -0.539427
-5.45917 -7.13153 -0.563817
-4.95302 -7.88212 -0.510562
-4.59936 -9.03788 -0.470283
-6.64886 -5.97513 -0.685266
-6.56627 -5.91118 -0.677131
-6.81456 -6.10243 -0.701551
-5.63437 -6.15032 -0.583631
-10.5832 -2.70064 -1.08231
-5.96245 -5.75788 -0.617017
-4.31868 -6.16582 -0.451054
-3.94536 -5.68111 -0.413752
-3.81304 -5.86843 -0.400051
-3.78506 -6.22176 -0.396677
-3.84174 -6.30582 -0.402317
-4.99943 -6.22324 -0.519743
-4.8263 -6.80534 -0.501105
-5.20749 -6.08222 -0.540898
-5.27917 -6.15623 -0.547987
-4.52369 -6.04475 -0.472002
-4.3815 -6.2462 -0.457291
-4.93057 -6.14706 -0.512929
-5.13597 -6.00808 -0.533813
-5.14972 -7.20074 -0.532583
-5.39109 -7.05484 -0.557219
-6.44175 -6.15819 -0.664304
-6.36142 -6.09194 -0.656409
-6.70077 -6.74219 -0.688747
-6.46764 -6.92615 -0.665041
-6.78012 -6.80936 -0.696439
-6.4639 -6.53951 -0.665706
454.808 0 338.758
454.159 0 337.428
452.157 0 333.434
451.47 0 332.101
449.353 0 328.098
448.628 0 326.762
446.394 0 322.75
445.63 0 321.411
443.278 0 317.389
442.474 0 316.046
440.003 0 312.014
437.441 0 307.974
436.567 0 306.626
433.883 0 302.575
432.967 0 301.223
334.03 0 198.015
335.808 0 199.457
351.235 0 212.374
352.886 0 213.802
365.648 0 225.178
367.187 0 226.594
380.494 0 239.276
392.829 0 251.854
394.14 0 253.245
405.425 0 265.712
406.621 0 267.092
416.888 0 279.455
417.974 0 280.823
427.256 0 293.09
428.235 0 294.448
291.695 0 165.916
289.624 0 164.44
279.078 0 157.039
276.93 0 155.554
303.855 0 174.74
309.762 0 179.133
321.231 0 187.878
315.554 0 183.512
257.042 0 142.127
254.77 0 140.628
247.881 0 136.122
245.56 0 134.618
233.777 0 127.073
231.385 0 125.56
221.7 0 119.494
219.25 0 117.975
478.099 0 433.288
478.012 0 429.375
477.85 0 425.462
477.612 0 421.548
477.3 0 417.634
476.912 0 413.718
476.449 0 409.801
475.91 0 405.882
475.295 0 401.961
474.604 0 398.038
473.836 0 394.113
472.992 0 390.184
472.07 0 386.253
471.071 0 382.319
469.994 0 378.381
468.838 0 374.44
206.83 0 110.356
204.313 0 108.828
186.392 0 98.1
183.79 0 96.5625
154.523 0 79.5747
124.187 0 62.4617
121.382 0 60.9004
92.9648 0 45.2447
90.0896 0 43.6752
22.8225 0.0788925 7.44177
-3.46649 6.58921 -0.36341
-3.95571 6.91899 -0.412654
-1.01384 9.90835 -0.10379
-6.92769 6.55161 -0.711805
-6.84623 6.48654 -0.703873
-7.14818 6.35459 -0.734194
-7.23205 6.41711 -0.74237
-8.14239 6.68448 -0.831749
-8.36698 6.45331 -0.854705
-8.05493 6.62616 -0.823296
-6.0556 7.34734 -0.622691
-5.98377 7.27355 -0.615782
-6.30299 7.17496 -0.647889
-5.85946 6.74245 -0.604922
-5.93288 6.81497 -0.612067
-5.62776 6.90204 -0.58134
-7.16771 7.54387 -0.732239
-7.08907 7.47604 -0.724745
-7.42235 7.33928 -0.758222
-7.34134 7.27379 -0.750475
-7.01064 7.40802 -0.717258
-6.08296 8.28806 -0.621608
-5.44259 8.53238 -0.556831
-4.23937 9.07454 -0.434009
-4.19033 8.98672 -0.429458
-6.15154 7.88947 -0.630173
-6.22198 7.96433 -0.636848
-5.73142 8.37594 -0.586294
-4.13326 8.2593 -0.426586
-3.94811 8.54623 -0.406794
-2.3516 9.72045 -0.240664
-2.68151 9.65022 -0.274397
-3.61288 8.5615 -0.372772
-3.67128 6.93673 -0.383606
-6.22855 7.10333 -0.640712
-5.73356 7.43667 -0.590277
-5.54451 7.67048 -0.570571
-5.47819 7.59257 -0.564222
-4.39018 8.69287 -0.450797
-5.41208 7.5145 -0.557881
-5.15469 7.66107 -0.531591
-4.59464 7.3889 -0.476141
-6.16189 6.64655 -0.635349
-6.23803 6.71673 -0.642762
-3.44841 5.7154 -0.362949
-3.62248 4.93285 -0.381276
-4.18541 6.80801 -0.436268
-3.63667 5.61975 -0.382323
-3.57819 5.53666 -0.376424
-4.79872 8.18257 -0.493926
-4.57369 8.39683 -0.470463
-4.51906 8.31177 -0.465305
-3.87881 7.28283 -0.40389
-4.1209 7.17366 -0.4288
-4.35967 7.05765 -0.453321
-3.63009 6.40701 -0.380515
-3.68394 6.49257 -0.385858
-3.50413 5.80002 -0.368558
-4.35111 6.60879 -0.453519
-4.41177 6.69049 -0.459488
-4.23193 7.34292 -0.439592
-4.41813 7.14064 -0.459017
-3.57784 5.19247 -0.376633
-3.51987 -5.45347 -0.370529
-3.55999 5.88456 -0.374172
-3.39285 5.63068 -0.357345
-5.53351 5.71208 -0.574094
-5.61005 5.78199 -0.581696
-5.68676 5.85174 -0.589304
-5.70916 6.22173 -0.591001
-6.40163 5.7827 -0.66088
-3.40368 5.28681 -0.358755
-3.17303 4.95241 -0.335261
-3.56856 -6.76314 -0.373497
-3.95561 -6.47363 -0.413612
-3.90102 -6.8339 -0.407284
-4.1277 -6.72458 -0.430596
-4.07016 -6.64103 -0.424929
-4.12089 -7.17366 -0.428799
-4.30139 -6.97456 -0.44763
-4.1955 -7.79914 -0.434488
-4.18541 -6.80801 -0.436268
-4.28772 -7.4274 -0.444997
-5.04251 -5.57325 -0.524875
-5.11589 -5.64593 -0.5322
-4.72504 -5.9177 -0.492522
-4.92251 -5.78474 -0.512595
-4.65688 -5.84097 -0.485731
-5.33308 -5.21424 -0.554276
-7.42064 -6.93763 -0.759532
-7.09957 -7.07601 -0.727277
-7.23205 -6.41711 -0.74237
-7.58657 -7.06458 -0.775493
-6.63802 -7.9312 -0.678211
-5.38063 -8.45157 -0.551023
-6.22856 -7.10332 -0.640712
-6.54458 -6.99558 -0.67248
-5.34658 -6.60189 -0.553902
-5.41658 -6.67717 -0.560752
-5.84075 -7.12545 -0.601985
-5.28135 -7.82095 -0.543699
-5.47819 -7.59256 -0.564223
-4.56961 -7.84809 -0.472116
-4.51285 -7.76417 -0.46668
-4.95508 -6.96391 -0.513677
-4.23544 -8.43302 -0.436251
-4.08246 -8.17229 -0.421762
-5.21791 -7.74108 -0.537641
-5.41109 -5.93511 -0.561555
-5.68676 -5.85174 -0.589304
-4.59487 -6.93486 -0.47743
-5.12078 -6.7466 -0.530889
-4.35111 -6.60879 -0.45352
-5.0685 -6.29926 -0.526563
-5.35105 -6.23006 -0.555083
-5.48534 -6.00702 -0.568908
-5.38096 -5.57177 -0.558905
-6.23768 -5.65346 -0.64465
-6.28127 -6.0255 -0.648519
-6.48386 -5.84704 -0.669003
330.437 0 195.126
339.325 0 202.338
341.064 0 203.776
346.206 0 208.081
347.895 0 209.514
354.525 0 215.229
356.151 0 216.655
362.532 0 222.342
364.096 0 223.761
368.715 0 228.008
370.23 0 229.422
376.168 0 235.061
377.622 0 236.467
383.318 0 242.08
384.712 0 243.48
388.824 0 247.673
390.17 0 249.068
396.729 0 256.024
398.005 0 257.412
401.767 0 261.567
402.997 0 262.95
407.807 0 268.47
408.981 0 269.847
413.566 0 275.344
414.684 0 276.715
420.112 0 283.556
421.165 0 284.922
429.202 0 295.805
425.269 0 290.371
426.268 0 291.731
293.754 0 167.39
287.54 0 162.963
281.212 0 158.522
259.301 0 143.625
243.228 0 133.111
236.158 0 128.585
224.139 0 121.013
211.831 0 113.407
209.336 0 111.882
201.785 0 107.299
199.245 0 105.769
191.565 0 101.171
188.983 0 99.6363
181.178 0 95.0238
178.555 0 93.484
167.969 0 87.3131
165.298 0 85.7676
151.807 0 78.0239
149.082 0 76.472
115.751 0 57.7755
112.925 0 56.2118
132.557 0 67.1401
129.774 0 65.5815
-4.39989 7.59601 -0.455826
-4.14224 7.71333 -0.429373
-4.34372 7.51175 -0.450409
-3.61689 7.92591 -0.375316
-3.58465 7.29719 -0.37385
-6.30697 6.40341 -0.650378
-9.70187 4.68008 -0.991507
-7.27617 6.09097 -0.747493
-8.58349 6.21607 -0.876849
-5.59595 7.28442 -0.577034
-5.52747 7.20804 -0.570423
-5.76955 7.05114 -0.595097
-6.70077 6.74219 -0.688747
-8.27758 6.39742 -0.846034
-7.48479 6.60337 -0.766934
-7.88057 6.5088 -0.806408
-7.0194 7.00965 -0.719558
-6.01487 8.21144 -0.615203
-5.66465 7.36063 -0.583652
-6.29264 8.03902 -0.643529
-5.80268 7.51256 -0.59691
-5.61105 7.74824 -0.576925
-5.34499 7.90069 -0.549763
-5.40884 7.98027 -0.555834
-5.13499 8.12699 -0.527861
-4.84996 8.82043 -0.496356
-4.79429 8.73594 -0.491164
-5.03116 8.51509 -0.515842
-4.18424 8.34621 -0.431415
-3.33377 9.48219 -0.341059
-3.6555 9.38452 -0.373925
-3.7919 8.92031 -0.389557
-4.89277 7.80024 -0.504809
-4.28773 7.42739 -0.444997
-4.47677 7.22351 -0.464719
-4.5356 7.30627 -0.470427
-5.28134 7.82096 -0.543699
-5.87202 7.58828 -0.603548
-5.94157 7.66383 -0.610194
-5.6778 7.82584 -0.583287
-5.41109 5.93511 -0.561555
-5.48534 6.00702 -0.568908
-5.20748 6.08222 -0.540897
-5.35105 6.23006 -0.555083
-5.27917 6.15622 -0.547987
-5.55976 6.07875 -0.576266
-5.55717 6.82724 -0.574471
-5.39109 7.05485 -0.557219
-5.32322 6.97801 -0.550627
-4.29063 6.52697 -0.447557
-4.4445 6.32645 -0.463533
-5.13774 6.37514 -0.533389
-5.20716 6.45087 -0.540221
-4.39298 5.88732 -0.458979
-4.32789 5.80842 -0.452476
-4.58889 5.76411 -0.478945
-4.8263 6.80534 -0.501105
-4.98678 6.5916 -0.517761
-5.05368 6.66918 -0.524322
-4.9039 7.33963 -0.507456
-4.71329 7.55381 -0.487589
-4.65386 7.47142 -0.481862
-4.99945 6.22323 -0.519744
-4.96628 7.42019 -0.51348
-4.51284 7.76418 -0.46668
-4.24893 7.88484 -0.439608
-3.70203 8.74106 -0.381153
-3.83129 7.73585 -0.397734
-4.03631 7.54142 -0.419162
-3.88116 7.82332 -0.402528
-3.74686 8.83072 -0.385352
-3.00901 9.57078 -0.307873
-3.80506 8.28088 -0.393268
-3.82666 7.19644 -0.398811
-3.63363 7.3851 -0.378616
-4.59488 6.93485 -0.47743
-4.11024 6.28084 -0.429701
-3.95561 6.47363 -0.413612
-3.89859 6.38977 -0.407962
-3.84174 6.30582 -0.402317
-4.06913 5.84313 -0.426165
-4.47263 6.77206 -0.465463
-4.46146 4.98661 -0.466463
-4.18447 5.30021 -0.43834
-4.36076 5.18296 -0.45625
-4.00489 -5.41213 -0.420037
-4.11763 -5.22247 -0.431591
-4.06917 -5.49162 -0.426515
-3.57641 6.32135 -0.375177
-4.96932 5.50041 -0.517556
-4.78108 5.63511 -0.498477
-4.71061 5.56009 -0.491426
-5.42311 6.30374 -0.562184
-6.81456 6.10243 -0.701551
-6.73162 6.03888 -0.693406
-6.31436 6.78672 -0.650182
-6.54266 6.60726 -0.67338
-6.62162 6.67482 -0.68106
-5.63437 6.15032 -0.583631
-5.91795 6.05995 -0.612163
-3.71977 -4.75354 -0.391194
-4.1336 -5.571 -0.432997
-4.25147 -5.37784 -0.445095
-4.31863 -5.45534 -0.451854
-6.30299 -7.17497 -0.647889
-6.62173 -7.06482 -0.679926
-7.31611 -6.47941 -0.750552
-7.5035 -7.00121 -0.767509
-7.4848 -6.60337 -0.766934
-7.88057 -6.50881 -0.806408
-7.25553 -6.80981 -0.743597
-7.33799 -6.87383 -0.751561
-7.65426 -6.72645 -0.783342
-6.29264 -8.03902 -0.643529
-6.36353 -8.11353 -0.650218
-6.15432 -7.03151 -0.63354
-6.3909 -6.85653 -0.657608
-6.0803 -6.95951 -0.626376
-6.37764 -7.24642 -0.655074
-7.0194 -7.00965 -0.719557
-6.31436 -6.78673 -0.650182
-7.09122 -6.68114 -0.727688
-6.08595 -6.57619 -0.627942
-6.30697 -6.40341 -0.650378
-6.01021 -6.50565 -0.620542
-6.1508 -6.26657 -0.635074
-6.60298 -6.29013 -0.680114
-4.99349 -5.85933 -0.519662
-5.18943 -5.71846 -0.539531
-5.78414 -6.29297 -0.598377
-5.22908 -5.43081 -0.543737
332.24 0 196.571
337.572 0 200.898
349.571 0 210.945
360.955 0 220.923
374.701 0 233.653
381.912 0 240.679
391.506 0 250.462
395.44 0 254.635
404.217 0 264.332
410.144 0 271.223
415.792 0 278.086
419.048 0 282.19
430.159 0 297.161
424.259 0 289.01
170.63 0 88.8575
162.618 0 84.221
146.349 0 74.9191
110.093 0 54.6473
118.57 0 59.3384
138.098 0 70.2545
135.331 0 68.6978
126.984 0 64.022
-3.68278 7.47291 -0.383387
-4.08919 7.62742 -0.424265
-7.19055 6.0304 -0.7391
-7.10512 5.96962 -0.730713
-6.52227 6.22426 -0.672206
-8.7917 5.97306 -0.898157
-8.01047 6.22836 -0.820056
-6.27236 7.56766 -0.643458
-6.19989 7.4944 -0.636528
-8.18836 6.3413 -0.837369
-6.00648 6.88733 -0.619218
-6.0803 6.95951 -0.626376
-6.2288 6.33508 -0.642723
-7.96765 6.5676 -0.814849
-6.77666 7.2027 -0.694838
-6.69909 7.13386 -0.687379
-7.56943 6.66502 -0.775135
-6.93244 7.33978 -0.709778
-7.17995 7.14215 -0.735003
-7.26054 7.20808 -0.742736
-6.41796 7.71363 -0.657338
-6.75407 7.60084 -0.6911
-6.49109 7.78634 -0.664288
-5.84075 7.12545 -0.601986
-4.73882 8.65134 -0.485979
-4.97273 8.43215 -0.510353
-6.08133 7.81443 -0.623507
-6.01135 7.73922 -0.616847
-6.67835 7.53034 -0.683881
-6.34505 7.64074 -0.650394
-5.19607 8.20835 -0.533641
-5.47291 8.05971 -0.561912
-5.25737 8.28957 -0.539428
-5.31889 8.37064 -0.545222
-3.9281 9.18858 -0.402208
-3.88251 9.09924 -0.397985
-3.99617 8.63451 -0.411314
-3.75774 8.19226 -0.388772
-3.93119 7.9107 -0.407327
-3.98143 7.99799 -0.412133
-4.41041 8.14132 -0.455007
-5.45918 7.13152 -0.563818
-4.77291 7.63608 -0.493322
-4.62658 7.93189 -0.477559
-5.07411 8.0455 -0.522087
-4.91451 8.34908 -0.50487
-4.31863 5.45535 -0.451854
-4.25147 5.37784 -0.445095
-4.50021 5.33421 -0.470305
-3.51712 5.11068 -0.370463
-4.3815 6.24619 -0.457291
-4.5893 6.12327 -0.478522
-4.72504 5.9177 -0.492522
-4.52369 6.04475 -0.472002
-4.6563 7.01606 -0.483423
-5.14972 7.20074 -0.532583
-4.05046 6.19858 -0.42376
-4.25604 6.08532 -0.444824
-5.08464 7.12194 -0.526275
-4.19549 7.79914 -0.434488
-4.03185 8.08519 -0.416944
-3.46953 6.14977 -0.364516
-3.73795 6.57805 -0.391206
-4.13127 5.92398 -0.432379
-4.19357 6.0047 -0.438599
-5.41659 6.67716 -0.560752
-5.18806 6.82389 -0.537462
-6.28127 6.0255 -0.648519
-6.36142 6.09194 -0.656409
-6.01021 6.50565 -0.620542
-6.08595 6.57619 -0.627942
-6.76496 6.42127 -0.695947
-6.4639 6.53951 -0.665706
-6.1508 6.26657 -0.635074
-4.01279 -6.55739 -0.419267
-4.18447 -5.30022 -0.43834
-7.40036 -6.5415 -0.75874
-8.05493 -6.62616 -0.823296
-7.96765 -6.5676 -0.814849
-6.22197 -7.96434 -0.636847
-6.69909 -7.13386 -0.687379
-6.16189 -6.64655 -0.635349
-6.62161 -6.67482 -0.68106
-7.00936 -6.61648 -0.719744
-6.23803 -6.71673 -0.642763
-6.00649 -6.88733 -0.619218
-4.35638 -8.05593 -0.449867
-4.4104 -8.14133 -0.455007
-4.51906 -8.31177 -0.465304
-5.91795 -6.05995 -0.612162
-5.99539 -6.129 -0.619794
-6.073 -6.19788 -0.627431
-4.17019 -6.363 -0.435647
-3.52386 7.74795 -0.366373
-3.47761 7.65885 -0.361911
-7.06449 6.29186 -0.726024
-6.44175 6.15819 -0.664304
-6.981 6.22893 -0.717861
-6.78012 6.80936 -0.69644
-6.46764 6.92615 -0.665041
-6.54458 6.99558 -0.67248
-7.82452 6.84862 -0.799775
-6.85968 6.87633 -0.704139
-7.09957 7.076 -0.727277
-7.65426 6.72645 -0.783342
-6.12764 7.42096 -0.629606
-5.74477 7.90328 -0.589656
-6.52756 7.38876 -0.669463
-6.85444 7.27134 -0.702304
-6.37763 7.24642 -0.655074
-6.62173 7.06482 -0.679926
-4.44217 8.77928 -0.455659
-4.74113 8.09913 -0.488464
-4.62853 8.48178 -0.475628
-4.68376 8.01557 -0.483008
-3.65736 8.65132 -0.37696
-3.61325 9.29382 -0.370029
-4.45628 7.68015 -0.46125
-4.57018 5.40964 -0.47734
-3.81303 5.86843 -0.400051
-4.93058 6.14706 -0.51293
-5.04252 5.57325 -0.524875
-4.1702 6.363 -0.435647
-4.23032 6.44504 -0.441599
-5.25554 6.90102 -0.544041
-4.31869 6.16582 -0.451055
-3.87682 5.2528 -0.407098
-4.05095 5.14459 -0.424846
-4.64032 5.48493 -0.484381
-4.4304 5.25865 -0.463275
-4.19821 5.65025 -0.439485
-3.7609 5.43726 -0.39517
-6.1215 5.89206 -0.632757
-6.20129 5.95887 -0.640635
-6.89769 6.16578 -0.709703
-7.56943 -6.66502 -0.775135
-8.27758 -6.39742 -0.846034
-5.98378 -7.27354 -0.615782
-6.92769 -6.55161 -0.711805
-6.52227 -6.22426 -0.672206
-5.93466 -6.43493 -0.613147
-6.2288 -6.33509 -0.642723
-8.09932 6.28495 -0.82871
-6.15432 7.03151 -0.63354
-5.91216 7.19959 -0.60888
-6.45249 7.31768 -0.662265
-7.33799 6.87383 -0.751561
-6.3909 6.85653 -0.657608
-5.69856 6.97667 -0.588215
-6.83001 7.67114 -0.698327
-5.60172 8.21813 -0.574088
-6.60284 7.45965 -0.676669
-4.68357 8.56662 -0.4808
-4.85651 8.26588 -0.499395
-4.00716 5.76217 -0.419956
-4.65509 6.20166 -0.485047
-4.86189 6.07074 -0.506122
-5.13597 6.00807 -0.533813
-4.65688 5.84097 -0.485731
-4.92251 5.78473 -0.512595
-4.45825 5.9661 -0.465488
-3.78507 6.22176 -0.396677
-3.99085 6.1162 -0.417825
-3.81301 5.17297 -0.400635
-4.52108 5.68711 -0.472164
-3.75409 5.78564 -0.394137
-3.61602 5.969 -0.379791
-3.69973 5.35576 -0.388986
-5.33703 5.86305 -0.554208
-6.38534 -6.47155 -0.658039
-5.53721 8.13899 -0.567997
-5.81196 7.98057 -0.596032
-3.94078 5.33251 -0.413565
-5.11589 5.64593 -0.5322
-5.26314 5.79083 -0.546867
-4.89628 5.42744 -0.510242
-5.06464 5.93377 -0.526735
-4.79338 5.99429 -0.499319
-4.85171 5.70999 -0.505533
-4.9935 5.85932 -0.519662
3  0 1 2
3  3 4 5
3  6 7 8
3  9 10 11
3  12 13 14
3  15 16 17
3  18 19 20
3  21 22 23
3  24 25 26
3  27 28 29
3  30 31 32
3  33 34 35
3  36 37 38
3  39 40 14
3  41 42 43
3  44 33 29
3  11 45 46
3  47 48 49
3  7 28 8
3  50 22 26
3  51 30 32
3  52 53 54
3  17 55 56
3  57 58 59
3  39 60 61
3  62 63 64
3  65 66 67
3  68 69 70
3  71 72 73
3  27 29 34
3  39 53 40
3  28 53 52
3  74 75 76
3  77 78 79
3  63 80 81
3  12 32 82
3  80 83 21
3  84 85 86
3  31 51 87
3  88 89 90
3  91 92 93
3  94 95 96
3  28 52 29
3  97 92 98
3  51 92 57
3  99 100 101
3  102 103 41
3  104 60 82
3  105 106 107
3  108 85 84
3  108 109 72
3  110 111 112
3  113 114 115
3  116 117 118
3  9 75 74
3  11 10 119
3  120 3 5
3  23 113 77
3  121 66 65
3  23 122 113
3  121 108 66
3  123 124 125
3  58 92 97
3  126 31 127
3  31 30 51
3  32 128 129
3  60 39 130
3  44 54 61
3  24 97 98
3  80 62 83
3  7 53 131
3  85 108 132
3  61 104 102
3  104 133 134
3  135 88 90
3  83 22 21
3  44 61 16
3  129 62 136
3  137 138 139
3  140 141 142
3  104 143 144
3  137 145 146
3  147 148 149
3  150 151 152
3  16 55 17
3  17 153 154
3  155 65 156
3  157 158 159
3  108 160 66
3  6 121 65
3  161 132 162
3  108 163 162
3  147 4 148
3  135 45 119
3  164 77 165
3  166 167 168
3  122 169 170
3  171 115 172
3  173 174 175
3  173 48 176
3  177 178 179
3  113 180 181
3  182 122 50
3  10 183 184
3  185 186 187
3  188 189 190
3  26 22 191
3  25 65 26
3  87 51 59
3  97 24 192
3  53 7 92
3  6 92 193
3  53 39 54
3  54 39 61
3  40 53 91
3  55 61 102
3  50 194 195
3  92 6 155
3  53 28 131
3  28 7 131
3  196 197 198
3  61 55 16
3  83 62 199
3  199 62 127
3  200 201 202
3  172 203 204
3  148 205 206
3  207 208 209
3  17 102 41
3  143 62 144
3  44 29 210
3  29 52 210
3  33 15 211
3  212 213 146
3  214 215 216
3  217 218 219
3  27 161 162
3  220 221 222
3  108 121 163
3  121 6 163
3  223 178 224
3  9 74 225
3  169 226 113
3  227 228 229
3  76 75 230
3  200 231 201
3  232 108 233
3  234 235 236
3  173 176 174
3  78 237 69
3  237 183 238
3  183 10 239
3  138 48 139
3  240 241 242
3  174 243 244
3  176 48 231
3  245 246 247
3  248 249 250
3  204 203 251
3  252 253 254
3  18 20 255
3  256 257 258
3  259 113 260
3  23 22 261
3  50 26 194
3  194 160 195
3  160 108 262
3  263 264 265
3  266 267 268
3  113 269 228
3  270 12 130
3  39 270 130
3  92 58 57
3  51 57 59
3  92 7 193
3  7 6 193
3  270 39 14
3  51 32 12
3  270 14 271
3  13 12 270
3  53 92 91
3  92 51 93
3  59 97 192
3  87 272 273
3  155 6 65
3  92 155 98
3  61 60 104
3  133 104 82
3  31 126 129
3  133 32 134
3  62 80 63
3  81 80 274
3  15 33 16
3  33 44 16
3  31 87 275
3  276 26 191
3  277 278 279
3  80 21 23
3  52 54 210
3  54 44 210
3  34 29 35
3  29 33 35
3  28 163 8
3  163 6 8
3  269 113 280
3  45 11 119
3  281 282 283
3  68 41 284
3  285 172 167
3  286 287 288
3  289 68 290
3  231 291 5
3  292 49 293
3  294 295 296
3  242 241 76
3  17 217 297
3  298 299 300
3  71 108 72
3  63 301 302
3  152 151 303
3  304 305 212
3  239 10 9
3  150 304 151
3  213 234 306
3  48 47 139
3  99 101 307
3  285 171 172
3  182 308 309
3  18 182 19
3  310 253 311
3  285 312 113
3  226 180 113
3  115 114 203
3  114 113 228
3  313 314 315
3  77 316 317
3  318 319 320
3  321 322 323
3  58 97 59
3  59 192 324
3  325 40 326
3  51 12 325
3  40 325 14
3  325 12 14
3  91 93 327
3  93 51 327
3  24 98 156
3  98 155 156
3  50 122 328
3  26 276 329
3  192 24 26
3  330 276 331
3  65 67 194
3  26 65 194
3  104 129 136
3  32 133 82
3  32 31 128
3  126 62 129
3  62 126 127
3  128 31 129
3  104 332 333
3  332 62 333
3  17 334 335
3  186 336 337
3  22 83 338
3  83 199 338
3  275 87 273
3  127 275 339
3  226 169 248
3  340 341 342
3  170 169 113
3  122 170 113
3  22 122 261
3  122 23 261
3  343 314 344
3  312 166 113
3  68 345 346
3  78 77 237
3  4 3 148
3  176 243 174
3  148 3 205
3  105 347 106
3  78 281 79
3  75 9 11
3  303 145 348
3  244 349 350
3  106 347 351
3  352 105 353
3  354 355 5
3  148 356 149
3  357 358 359
3  360 361 362
3  132 108 162
3  363 364 365
3  163 28 162
3  28 27 162
3  135 119 88
3  183 366 184
3  367 254 368
3  77 168 369
3  113 166 77
3  171 285 113
3  171 113 115
3  366 183 77
3  49 48 293
3  48 173 293
3  47 137 139
3  241 240 235
3  241 74 76
3  370 371 372
3  373 374 375
3  376 377 378
3  379 380 288
3  233 381 382
3  187 383 384
3  160 385 386
3  277 305 278
3  387 277 225
3  137 47 388
3  389 212 146
3  390 391 392
3  393 394 395
3  396 160 318
3  266 160 267
3  397 398 399
3  400 401 402
3  122 182 403
3  340 122 404
3  19 182 405
3  19 405 406
3  114 228 227
3  229 407 408
3  409 410 411
3  177 412 178
3  160 396 267
3  413 414 264
3  415 416 417
3  308 418 419
3  40 51 326
3  51 325 326
3  14 13 271
3  13 270 271
3  51 40 327
3  40 91 327
3  329 276 273
3  87 59 324
3  65 25 156
3  25 24 156
3  122 22 328
3  22 50 328
3  67 66 194
3  66 160 194
3  276 191 339
3  191 22 420
3  324 192 273
3  192 26 329
3  282 41 283
3  104 103 421
3  316 367 317
3  368 422 423
3  424 425 237
3  278 237 279
3  23 77 79
3  68 426 427
3  60 130 82
3  130 12 82
3  31 275 127
3  199 127 339
3  104 428 429
3  428 62 429
3  272 324 273
3  275 330 331
3  145 430 348
3  355 354 349
3  47 431 432
3  49 292 431
3  174 244 350
3  200 175 433
3  355 434 5
3  4 147 435
3  436 437 438
3  356 439 149
3  207 440 441
3  3 105 107
3  442 205 443
3  352 444 438
3  349 354 350
3  176 231 5
3  231 48 201
3  48 138 201
3  105 3 120
3  4 435 5
3  445 120 439
3  120 445 446
3  55 102 56
3  102 17 56
3  17 447 448
3  84 86 449
3  450 140 451
3  452 453 454
3  119 184 88
3  184 366 88
3  77 455 89
3  77 166 168
3  367 368 456
3  316 254 367
3  457 458 459
3  73 72 460
3  461 73 462
3  108 463 464
3  232 233 465
3  108 84 109
3  235 240 236
3  294 466 295
3  17 335 467
3  242 468 469
3  470 471 472
3  287 286 473
3  68 474 475
3  476 477 478
3  68 334 41
3  334 17 41
3  473 286 479
3  74 235 225
3  466 294 380
3  451 480 296
3  213 305 387
3  235 234 387
3  310 311 481
3  167 252 168
3  256 1 0
3  226 248 258
3  400 482 117
3  483 484 485
3  486 321 487
3  232 465 488
3  457 459 489
3  456 368 423
3  257 390 490
3  390 0 2
3  491 492 493
3  125 494 495
3  496 497 498
3  499 500 501
3  403 502 503
3  504 505 506
3  182 507 405
3  508 509 510
3  75 11 46
3  511 164 179
3  254 253 368
3  512 76 230
3  513 514 515
3  396 516 514
3  517 518 519
3  520 521 522
3  192 329 273
3  87 324 272
3  22 338 420
3  338 199 420
3  160 182 195
3  182 50 195
3  41 81 274
3  63 523 524
3  103 102 421
3  102 104 421
3  426 281 427
3  281 78 525
3  281 80 79
3  80 23 79
3  129 134 526
3  129 104 134
3  104 527 528
3  527 62 528
3  191 420 339
3  420 199 339
3  104 529 530
3  529 62 530
3  104 531 532
3  531 62 532
3  276 330 273
3  330 275 273
3  276 339 331
3  339 275 331
3  533 113 181
3  113 533 260
3  229 534 535
3  280 407 229
3  172 115 203
3  253 252 311
3  292 293 536
3  537 536 202
3  424 538 539
3  345 78 346
3  295 450 296
3  146 145 303
3  305 304 278
3  77 183 237
3  151 304 212
3  389 146 303
3  243 435 244
3  435 147 244
3  442 107 436
3  205 3 443
3  207 441 540
3  107 106 441
3  352 541 542
3  543 541 209
3  442 444 544
3  208 543 209
3  434 120 5
3  354 291 433
3  201 138 545
3  480 545 546
3  120 434 439
3  105 120 446
3  206 205 547
3  444 352 353
3  439 355 149
3  291 354 5
3  17 548 549
3  548 550 549
3  551 552 553
3  554 358 555
3  33 556 557
3  558 34 36
3  10 184 119
3  366 77 89
3  455 77 511
3  77 164 511
3  455 511 90
3  164 177 179
3  459 559 489
3  46 560 561
3  562 563 564
3  565 566 567
3  464 463 381
3  409 568 569
3  85 570 571
3  108 464 233
3  108 572 573
3  108 71 572
3  574 196 575
3  576 577 578
3  86 85 571
3  84 579 580
3  289 287 473
3  380 294 581
3  137 294 546
3  450 451 296
3  582 583 584
3  583 582 585
3  68 470 472
3  99 471 100
3  586 101 587
3  68 289 586
3  334 582 584
3  334 68 582
3  241 235 74
3  234 213 387
3  305 277 387
3  235 387 225
3  306 236 588
3  152 303 348
3  370 533 371
3  252 167 311
3  166 312 167
3  312 285 167
3  589 1 590
3  248 169 249
3  591 592 593
3  594 595 404
3  596 597 598
3  457 599 600
3  262 601 414
3  602 603 604
3  203 227 535
3  605 111 110
3  257 256 0
3  606 607 608
3  609 610 611
3  612 613 614
3  615 616 617
3  617 616 618
3  619 502 620
3  621 622 623
3  624 122 625
3  246 626 247
3  423 563 562
3  567 566 627
3  368 253 422
3  253 310 422
3  412 177 456
3  367 456 317
3  405 507 628
3  614 517 519
3  514 516 515
3  513 268 514
3  629 630 631
3  597 596 632
3  612 182 613
3  268 513 633
3  104 634 635
3  634 62 635
3  63 636 637
3  636 103 637
3  254 316 369
3  316 77 369
3  317 456 165
3  77 317 165
3  282 281 284
3  41 282 284
3  68 525 638
3  525 78 638
3  134 32 526
3  32 129 526
3  104 639 640
3  639 62 640
3  104 641 642
3  641 62 642
3  104 643 644
3  643 62 644
3  104 645 646
3  645 62 646
3  104 647 648
3  647 62 648
3  104 649 650
3  649 62 650
3  533 370 260
3  370 259 260
3  391 371 392
3  533 181 371
3  407 113 651
3  113 259 651
3  113 407 280
3  228 269 229
3  173 175 652
3  175 200 652
3  432 430 388
3  140 653 654
3  536 537 655
3  289 290 287
3  278 304 237
3  304 150 237
3  538 431 141
3  425 656 653
3  47 432 388
3  47 49 431
3  424 152 348
3  306 657 146
3  424 237 152
3  237 150 152
3  305 213 212
3  213 306 146
3  354 433 350
3  244 147 349
3  445 206 547
3  205 442 547
3  436 107 658
3  437 436 658
3  441 106 540
3  659 660 661
3  351 347 662
3  106 351 663
3  541 543 664
3  541 664 542
3  542 664 665
3  664 543 665
3  440 437 658
3  440 207 437
3  434 355 439
3  356 148 206
3  435 243 5
3  243 176 5
3  140 666 141
3  201 545 667
3  445 353 446
3  353 105 446
3  356 206 439
3  206 445 439
3  550 467 668
3  669 670 671
3  17 672 673
3  674 675 676
3  677 678 600
3  679 680 681
3  34 33 682
3  33 211 556
3  683 684 685
3  686 687 688
3  689 690 691
3  692 27 693
3  17 694 695
3  696 448 697
3  233 464 381
3  698 699 382
3  178 223 179
3  89 455 90
3  511 179 90
3  88 366 89
3  336 559 337
3  185 187 384
3  412 423 562
3  135 223 700
3  701 702 703
3  474 704 478
3  705 706 707
3  559 384 489
3  463 108 573
3  708 382 709
3  27 710 158
3  449 86 711
3  683 711 712
3  573 713 714
3  579 84 449
3  715 716 717
3  468 718 469
3  287 290 288
3  100 470 101
3  586 289 719
3  545 138 546
3  138 137 546
3  583 585 720
3  475 478 721
3  475 474 478
3  474 68 704
3  471 470 100
3  68 586 587
3  702 722 723
3  478 477 721
3  197 584 198
3  724 475 721
3  277 239 225
3  239 9 225
3  657 294 146
3  294 137 146
3  657 306 588
3  306 234 236
3  725 726 727
3  728 729 730
3  269 280 229
3  203 114 227
3  226 490 731
3  490 390 731
3  249 342 732
3  249 169 342
3  342 341 732
3  341 340 733
3  734 625 735
3  122 624 594
3  736 737 738
3  739 737 740
3  741 596 598
3  742 743 744
3  262 108 745
3  746 601 299
3  256 258 590
3  747 589 250
3  726 492 727
3  748 749 750
3  751 314 752
3  390 257 0
3  1 256 590
3  258 248 590
3  753 754 611
3  755 756 757
3  758 483 759
3  760 736 761
3  124 762 125
3  763 764 765
3  766 122 767
3  768 622 621
3  769 770 322
3  771 609 772
3  403 182 502
3  773 619 774
3  775 492 776
3  777 626 778
3  122 499 767
3  779 780 501
3  781 782 783
3  516 318 784
3  268 267 514
3  267 396 514
3  491 785 786
3  787 788 781
3  319 160 386
3  262 745 789
3  182 160 308
3  160 266 308
3  104 790 791
3  790 62 791
3  104 792 793
3  792 62 793
3  63 794 795
3  794 41 795
3  63 796 797
3  796 103 797
3  168 252 369
3  252 254 369
3  456 177 165
3  177 164 165
3  68 284 798
3  284 281 798
3  42 80 43
3  41 799 800
3  68 801 802
3  801 281 802
3  68 803 804
3  803 78 804
3  104 805 806
3  805 62 806
3  104 807 808
3  807 62 808
3  104 809 810
3  809 62 810
3  104 811 812
3  811 62 812
3  104 333 813
3  333 62 813
3  104 644 814
3  644 62 814
3  104 530 815
3  530 62 815
3  104 646 816
3  646 62 816
3  62 647 817
3  647 104 817
3  104 648 818
3  648 62 818
3  104 532 819
3  532 62 819
3  62 143 820
3  143 104 820
3  291 231 433
3  231 200 433
3  536 293 652
3  293 173 652
3  69 237 70
3  425 290 821
3  380 286 288
3  822 569 823
3  183 239 238
3  239 277 279
3  379 824 295
3  824 653 450
3  656 424 825
3  425 424 656
3  653 140 450
3  538 666 539
3  431 538 432
3  538 430 432
3  430 145 388
3  145 137 388
3  151 212 303
3  212 389 303
3  355 349 149
3  349 147 149
3  3 107 443
3  107 442 443
3  208 826 827
3  207 540 826
3  828 829 830
3  828 831 832
3  105 542 665
3  659 833 827
3  543 834 835
3  105 352 542
3  444 436 438
3  437 207 209
3  541 438 836
3  444 442 436
3  107 441 658
3  441 440 658
3  444 353 544
3  353 445 547
3  666 538 141
3  667 545 142
3  334 197 837
3  197 196 837
3  550 548 467
3  548 17 467
3  17 838 839
3  840 673 841
3  551 842 843
3  841 844 845
3  846 847 848
3  694 17 849
3  15 850 851
3  219 218 852
3  853 854 855
3  856 857 858
3  374 859 860
3  196 198 575
3  33 557 861
3  34 682 862
3  863 864 865
3  866 867 868
3  849 154 869
3  153 696 154
3  217 219 870
3  217 17 218
3  871 872 873
3  874 875 876
3  68 475 724
3  463 573 877
3  179 223 90
3  223 135 90
3  186 384 336
3  186 185 384
3  412 456 423
3  187 567 598
3  110 878 879
3  741 562 564
3  560 565 561
3  46 45 560
3  880 881 882
3  233 699 465
3  883 559 884
3  885 714 886
3  71 73 461
3  714 713 887
3  86 571 711
3  711 571 712
3  101 719 888
3  719 289 473
3  586 719 101
3  286 380 581
3  704 472 889
3  704 68 472
3  307 718 890
3  76 512 468
3  588 236 581
3  657 588 891
3  311 167 892
3  167 172 892
3  372 893 894
3  391 895 896
3  897 898 899
3  900 563 897
3  534 229 408
3  370 534 408
3  257 490 258
3  490 226 258
3  181 180 392
3  180 226 731
3  169 122 342
3  122 340 342
3  595 594 246
3  341 733 901
3  122 594 404
3  245 595 246
3  902 903 608
3  904 606 608
3  905 906 907
3  908 909 910
3  465 699 604
3  892 204 911
3  699 233 382
3  880 912 913
3  745 108 914
3  905 914 906
3  413 160 414
3  915 916 917
3  918 919 920
3  755 921 756
3  590 248 250
3  589 590 250
3  768 922 923
3  771 924 609
3  518 925 926
3  927 928 929
3  930 190 931
3  932 930 931
3  609 486 772
3  933 934 935
3  762 936 125
3  937 938 939
3  940 941 942
3  401 400 117
3  593 943 508
3  520 494 944
3  402 943 945
3  767 499 938
3  502 619 503
3  619 773 503
3  620 502 946
3  922 947 754
3  122 766 625
3  948 767 949
3  950 482 500
3  482 950 117
3  766 948 949
3  766 767 948
3  265 917 910
3  160 319 318
3  951 952 953
3  953 952 954
3  390 2 955
3  956 957 958
3  959 393 395
3  743 960 961
3  962 963 964
3  965 966 967
3  968 969 970
3  953 759 971
3  414 915 264
3  413 264 263
3  613 182 309
3  308 266 418
3  104 972 973
3  972 62 973
3  104 974 975
3  974 62 975
3  104 976 977
3  976 62 977
3  104 978 979
3  978 62 979
3  63 980 981
3  980 41 981
3  301 41 302
3  41 103 982
3  63 983 984
3  983 103 984
3  104 64 985
3  64 63 985
3  68 986 987
3  986 281 987
3  281 988 989
3  988 41 989
3  281 990 991
3  990 41 991
3  281 801 427
3  801 68 427
3  281 525 992
3  525 68 992
3  68 993 994
3  993 78 994
3  68 995 996
3  995 78 996
3  104 997 998
3  997 62 998
3  104 999 1000
3  999 62 1000
3  104 1001 1002
3  1001 62 1002
3  104 1003 1004
3  1003 62 1004
3  104 1005 1006
3  1005 62 1006
3  104 1007 1008
3  1007 62 1008
3  104 1009 1010
3  1009 62 1010
3  104 1011 1012
3  1011 62 1012
3  62 643 813
3  643 104 813
3  62 529 814
3  529 104 814
3  62 645 815
3  645 104 815
3  62 428 816
3  428 104 816
3  62 817 429
3  817 104 429
3  62 531 818
3  531 104 818
3  62 649 819
3  649 104 819
3  62 820 650
3  820 104 650
3  174 350 1013
3  350 433 1013
3  68 1014 1015
3  1014 78 1015
3  290 1016 1017
3  68 1018 1019
3  379 288 1020
3  288 290 1020
3  239 279 238
3  279 237 238
3  824 290 653
3  290 425 653
3  141 537 142
3  824 450 295
3  424 539 1021
3  653 656 825
3  431 292 141
3  537 141 655
3  430 538 348
3  538 424 348
3  829 1022 830
3  540 660 826
3  1022 660 663
3  662 1023 1024
3  662 347 835
3  826 660 827
3  660 659 827
3  208 207 826
3  1022 1025 830
3  1025 1023 830
3  833 1023 662
3  347 105 665
3  833 662 835
3  543 208 834
3  438 437 836
3  541 352 438
3  353 547 544
3  547 442 544
3  536 652 202
3  652 200 202
3  537 202 667
3  202 201 667
3  537 667 142
3  545 480 1026
3  584 583 198
3  197 334 584
3  196 335 837
3  335 334 837
3  550 838 549
3  838 17 549
3  448 447 697
3  672 17 844
3  17 673 840
3  869 1027 681
3  680 849 869
3  849 17 154
3  1028 1029 1030
3  15 17 850
3  27 859 374
3  1031 1032 1033
3  33 1034 1035
3  1036 1037 1038
3  27 34 693
3  692 693 1039
3  1040 1041 1042
3  34 37 36
3  861 557 1043
3  1044 1045 1046
3  1047 1048 1049
3  872 1050 1051
3  696 153 448
3  153 17 448
3  1052 841 845
3  839 838 1053
3  694 849 680
3  218 695 1054
3  695 680 1054
3  218 17 695
3  871 1055 1050
3  1043 557 1056
3  1057 1058 1059
3  1060 1061 1062
3  99 307 1063
3  1064 460 1065
3  1066 576 578
3  702 1058 722
3  1067 1068 1069
3  842 551 553
3  695 694 680
3  843 842 1070
3  568 187 569
3  187 186 1071
3  187 568 567
3  568 565 567
3  600 599 1072
3  489 384 597
3  468 512 718
3  1073 1074 1075
3  224 566 700
3  223 224 700
3  422 563 423
3  563 900 564
3  907 465 1076
3  905 1077 1078
3  310 898 897
3  900 897 899
3  566 560 700
3  566 565 560
3  1079 1080 1081
3  1082 1083 1061
3  585 582 724
3  582 68 724
3  476 478 889
3  472 471 889
3  478 704 889
3  471 99 1084
3  602 677 1072
3  914 488 906
3  72 109 1085
3  1064 1065 1086
3  713 1087 887
3  1087 461 1088
3  1089 855 1090
3  717 716 853
3  132 161 220
3  27 857 856
3  294 588 581
3  236 240 479
3  101 470 587
3  470 68 587
3  75 46 230
3  242 76 468
3  718 307 888
3  1063 307 890
3  588 294 891
3  294 657 891
3  172 204 892
3  311 892 481
3  251 535 1091
3  204 251 1092
3  911 204 1092
3  417 416 728
3  227 229 535
3  259 370 408
3  747 726 725
3  250 249 732
3  1093 1094 775
3  733 340 1095
3  1096 617 1097
3  626 1098 247
3  624 625 734
3  1096 734 735
3  1099 939 1100
3  1101 949 496
3  901 733 776
3  1102 1103 1104
3  1105 785 493
3  344 751 1106
3  1107 965 1108
3  966 965 1109
3  728 416 1110
3  416 415 966
3  699 698 678
3  457 600 1111
3  336 384 559
3  669 452 1112
3  698 708 1111
3  1113 381 885
3  914 108 488
3  108 232 488
3  1114 1115 909
3  160 952 951
3  746 915 601
3  160 262 414
3  745 914 1116
3  745 1116 300
3  761 1117 757
3  1118 736 738
3  747 250 732
3  341 901 726
3  20 930 932
3  1119 1120 923
3  769 930 406
3  770 769 628
3  182 928 1121
3  266 268 418
3  969 513 1122
3  419 418 1123
3  928 927 1121
3  928 182 1124
3  189 188 1125
3  947 189 1125
3  1126 1127 1128
3  509 940 510
3  1129 1130 623
3  931 947 1131
3  504 924 1132
3  1127 505 504
3  1133 1126 1128
3  1134 1135 1136
3  763 1137 1138
3  1137 1139 1138
3  943 509 508
3  610 924 1140
3  1141 116 1142
3  941 401 1141
3  629 1143 495
3  1144 520 944
3  116 773 774
3  941 1141 1142
3  502 182 946
3  182 1129 946
3  773 1145 503
3  1145 403 503
3  595 1095 404
3  1095 340 404
3  403 1145 500
3  1145 950 500
3  482 400 779
3  591 1144 592
3  497 937 939
3  938 499 780
3  1096 735 617
3  937 497 949
3  319 386 1146
3  516 396 318
3  386 385 1147
3  1148 318 320
3  1149 397 399
3  1150 413 1151
3  415 417 1152
3  1152 417 958
3  605 1153 1154
3  1155 1091 1156
3  1157 394 752
3  1158 918 782
3  1159 1157 1160
3  1161 1162 742
3  1163 1159 1164
3  1157 1163 395
3  1165 123 1166
3  1167 1146 1168
3  1169 1170 1171
3  319 1146 320
3  758 484 483
3  970 969 1172
3  633 969 968
3  613 309 925
3  104 1173 1174
3  1173 62 1174
3  104 1175 1176
3  1175 62 1176
3  104 1177 1178
3  1177 62 1178
3  104 1179 1180
3  1179 62 1180
3  104 1181 1182
3  1181 62 1182
3  104 977 1183
3  977 62 1183
3  104 1184 1185
3  1184 62 1185
3  104 1186 1187
3  1186 62 1187
3  63 1188 1189
3  1188 41 1189
3  63 1190 1191
3  1190 41 1191
3  63 1192 1193
3  1192 41 1193
3  63 982 1194
3  982 103 1194
3  63 1195 1196
3  1195 103 1196
3  63 1197 1198
3  1197 103 1198
3  63 1199 1200
3  1199 103 1200
3  523 103 524
3  63 1201 1202
3  68 1203 1204
3  1203 281 1204
3  68 1205 1206
3  1205 281 1206
3  41 988 1207
3  988 281 1207
3  281 989 1208
3  989 41 1208
3  80 799 1209
3  799 41 1209
3  799 80 800
3  41 1210 991
3  281 992 802
3  992 68 802
3  68 1211 1212
3  1211 78 1212
3  68 1213 1214
3  1213 78 1214
3  68 1215 1216
3  1215 78 1216
3  68 1217 1218
3  1217 78 1218
3  104 136 1219
3  136 62 1219
3  62 805 1220
3  805 104 1220
3  62 999 1221
3  999 104 1221
3  104 1000 1222
3  1000 62 1222
3  62 1001 1223
3  1001 104 1223
3  104 1002 1224
3  1002 62 1224
3  62 1003 1225
3  1003 104 1225
3  104 1004 1226
3  1004 62 1226
3  62 1005 1227
3  1005 104 1227
3  104 1006 1228
3  1006 62 1228
3  104 810 1229
3  810 62 1229
3  62 641 1230
3  641 104 1230
3  104 642 1231
3  642 62 1231
3  104 1010 1232
3  1010 62 1232
3  62 1011 1233
3  1011 104 1233
3  104 1012 1234
3  1012 62 1234
3  433 175 1013
3  175 174 1013
3  68 1235 1236
3  1235 78 1236
3  68 1237 1238
3  1237 78 1238
3  1018 237 1019
3  290 1019 1239
3  1016 237 1017
3  290 1240 1241
3  290 824 1020
3  824 379 1020
3  466 380 295
3  380 379 295
3  654 1242 1243
3  539 1242 1021
3  141 292 655
3  292 536 655
3  660 540 663
3  540 106 663
3  833 834 827
3  834 208 827
3  660 1022 829
3  351 662 1024
3  834 833 835
3  1023 833 831
3  1025 1022 1024
3  1023 1025 1024
3  832 831 1244
3  831 833 1244
3  347 665 835
3  665 543 835
3  437 209 836
3  209 541 836
3  140 1026 451
3  1026 480 451
3  545 1026 142
3  1026 140 142
3  673 672 841
3  844 17 839
3  697 841 1245
3  447 17 840
3  1246 674 676
3  850 17 1247
3  1248 1249 1250
3  687 1031 860
3  1031 1251 860
3  857 27 374
3  27 692 1252
3  1253 1252 1254
3  1255 1256 1257
3  1258 1259 1260
3  558 36 38
3  1261 1262 1263
3  1264 1262 1265
3  37 34 1266
3  1041 1267 1046
3  1268 556 1269
3  1040 1270 1271
3  1267 1041 1272
3  211 15 851
3  1273 1274 846
3  211 1275 1276
3  1276 1275 1277
3  447 840 697
3  697 840 841
3  675 218 1054
3  1054 680 1278
3  1257 1256 1279
3  1280 1281 1282
3  357 359 1283
3  1284 1036 1285
3  1286 864 863
3  1287 1288 1259
3  698 382 708
3  573 714 877
3  720 585 1289
3  890 512 1290
3  1291 1246 552
3  1292 1289 1293
3  1294 1295 1296
3  1273 1048 1047
3  377 1297 1068
3  1067 378 1068
3  1246 1291 1066
3  1298 577 1299
3  1300 1301 1245
3  1289 1292 1302
3  1291 1303 1304
3  1305 1069 1306
3  1074 1307 823
3  409 569 410
3  599 489 597
3  459 458 559
3  560 45 700
3  45 135 700
3  224 178 1308
3  178 412 1308
3  567 627 598
3  599 457 489
3  1107 880 882
3  699 678 677
3  898 1153 899
3  898 481 1154
3  384 383 597
3  627 741 598
3  563 422 897
3  422 310 897
3  583 720 198
3  198 720 575
3  1302 453 1309
3  575 1302 1309
3  467 335 668
3  335 196 668
3  585 721 1310
3  585 724 721
3  471 1084 889
3  1084 476 889
3  1085 109 580
3  109 84 580
3  713 573 1087
3  573 572 1087
3  1085 580 1311
3  580 579 1312
3  579 449 1313
3  449 683 685
3  855 1314 1090
3  1315 570 222
3  236 479 581
3  479 286 581
3  230 46 561
3  512 230 561
3  1073 476 1316
3  718 888 469
3  307 101 888
3  719 473 1317
3  888 719 1317
3  240 469 1317
3  1153 898 1154
3  898 310 481
3  371 181 392
3  893 372 1318
3  957 893 1319
3  417 956 958
3  534 372 894
3  534 370 372
3  1320 1321 1322
3  902 1321 1320
3  535 534 1091
3  251 203 535
3  407 651 408
3  651 259 408
3  726 901 492
3  785 491 493
3  1323 786 1324
3  2 1 903
3  733 1095 776
3  1095 595 1093
3  594 626 246
3  763 1325 764
3  626 594 778
3  1098 626 777
3  767 937 949
3  625 766 615
3  735 625 615
3  766 1101 615
3  1325 1098 764
3  764 1098 765
3  740 737 920
3  785 1105 919
3  894 893 957
3  1326 1321 902
3  251 1091 1155
3  534 894 1091
3  1102 740 1327
3  786 343 1324
3  1107 1077 880
3  1077 905 912
3  298 1328 1329
3  1078 1077 1108
3  744 959 395
3  1330 1331 1332
3  605 110 879
3  416 966 1110
3  678 698 600
3  382 381 709
3  488 465 907
3  906 488 907
3  601 915 414
3  967 1331 1329
3  601 789 299
3  601 262 789
3  1116 914 1333
3  914 905 1333
3  1137 124 1139
3  1118 1139 1165
3  341 726 732
3  726 747 732
3  930 20 406
3  20 19 406
3  486 188 321
3  1334 1335 323
3  190 189 931
3  930 769 190
3  1336 419 1123
3  613 518 517
3  268 633 418
3  513 969 633
3  321 188 322
3  322 770 323
3  628 507 1337
3  507 1121 1337
3  18 255 1338
3  622 1129 623
3  188 486 1125
3  924 610 609
3  753 610 1140
3  1119 753 942
3  768 620 622
3  1339 768 923
3  506 505 510
3  754 947 611
3  1340 1341 1170
3  772 486 487
3  933 1342 1343
3  629 1344 630
3  1143 123 495
3  1345 505 1346
3  124 1137 762
3  765 1347 1348
3  1094 245 1103
3  737 1349 920
3  941 940 509
3  505 1127 1346
3  618 616 1350
3  1098 1351 765
3  520 1352 521
3  1126 521 1346
3  520 1144 1352
3  1144 591 1352
3  1120 774 1339
3  619 620 1339
3  941 509 401
3  509 943 401
3  1145 773 118
3  773 116 118
3  499 122 500
3  122 403 500
3  767 938 937
3  1099 497 939
3  780 499 501
3  939 780 1100
3  265 1353 1354
3  413 263 1151
3  952 160 1150
3  160 413 1150
3  882 1110 1109
3  1110 966 1109
3  1321 961 1322
3  1152 1162 1161
3  111 1154 911
3  111 605 1154
3  737 736 1349
3  785 919 1355
3  1349 918 920
3  737 739 738
3  788 1158 782
3  1349 760 1356
3  959 1357 393
3  314 751 344
3  1157 1159 1163
3  394 751 752
3  1160 1358 1359
3  1360 1159 1160
3  298 1361 299
3  915 746 916
3  320 1146 1167
3  385 160 951
3  952 1150 1362
3  1362 1150 1151
3  1358 787 1359
3  1363 1147 1364
3  62 1173 144
3  1173 104 144
3  62 972 1174
3  972 104 1174
3  62 1175 973
3  1175 104 973
3  62 790 1176
3  790 104 1176
3  62 1177 791
3  1177 104 791
3  62 974 1178
3  974 104 1178
3  62 1179 975
3  1179 104 975
3  62 634 1180
3  634 104 1180
3  62 1181 635
3  1181 104 635
3  62 976 1182
3  976 104 1182
3  62 792 1183
3  792 104 1183
3  62 1184 793
3  1184 104 793
3  62 978 1185
3  978 104 1185
3  62 1186 979
3  1186 104 979
3  62 64 1187
3  64 104 1187
3  63 81 1365
3  81 41 1365
3  63 1366 1367
3  1366 41 1367
3  63 1368 1369
3  1368 41 1369
3  63 1370 1371
3  1370 41 1371
3  63 1372 1373
3  1372 41 1373
3  63 1374 1375
3  1374 41 1375
3  63 1376 1377
3  1376 41 1377
3  63 1378 1379
3  1378 103 1379
3  63 1380 1381
3  1380 103 1381
3  63 1382 1383
3  1382 103 1383
3  63 1384 1385
3  1384 103 1385
3  63 1386 1387
3  1386 103 1387
3  63 1388 1389
3  1388 103 1389
3  63 1390 1391
3  1390 103 1391
3  1201 103 1202
3  103 104 1392
3  63 1393 1394
3  1393 103 1394
3  281 1203 1395
3  1203 68 1395
3  68 1204 1396
3  1204 281 1396
3  281 1205 1397
3  1205 68 1397
3  281 426 1206
3  426 68 1206
3  41 1207 283
3  1207 281 283
3  41 990 1208
3  990 281 1208
3  80 1209 43
3  1209 41 43
3  1210 80 991
3  80 281 991
3  80 1210 800
3  1210 41 800
3  68 638 1398
3  638 78 1398
3  78 993 1212
3  993 68 1212
3  78 1213 994
3  1213 68 994
3  78 803 1399
3  803 68 1399
3  78 1215 1400
3  1215 68 1400
3  78 995 1216
3  995 68 1216
3  68 996 1401
3  996 78 1401
3  78 345 1218
3  345 68 1218
3  62 997 1219
3  997 104 1219
3  62 1220 998
3  1220 104 998
3  62 1221 806
3  1221 104 806
3  62 639 1222
3  639 104 1222
3  62 1223 640
3  1223 104 640
3  62 807 1224
3  807 104 1224
3  62 1225 808
3  1225 104 808
3  62 527 1226
3  527 104 1226
3  62 1227 528
3  1227 104 528
3  62 809 1228
3  809 104 1228
3  62 1007 1229
3  1007 104 1229
3  62 1230 1008
3  1230 104 1008
3  62 1009 1231
3  1009 104 1231
3  62 811 1232
3  811 104 1232
3  62 1233 812
3  1233 104 812
3  62 332 1234
3  332 104 1234
3  68 1402 1403
3  1402 78 1403
3  68 1404 1405
3  1404 78 1405
3  68 1406 1407
3  1406 78 1407
3  68 1408 1409
3  1408 78 1409
3  68 1410 1411
3  1410 237 1411
3  290 1412 1413
3  1412 237 1413
3  1240 237 1241
3  290 1414 1415
3  290 1416 1417
3  1416 237 1417
3  1242 539 1243
3  666 140 654
3  1242 654 1021
3  654 653 1021
3  539 666 1243
3  666 654 1243
3  832 659 661
3  829 828 832
3  1023 831 830
3  831 828 830
3  1022 663 1024
3  663 351 1024
3  833 659 1244
3  659 832 1244
3  480 546 296
3  546 294 296
3  672 844 841
3  1052 845 1053
3  1418 1419 1420
3  1247 17 297
3  1421 851 376
3  219 675 1422
3  365 364 1423
3  1424 856 1425
3  27 1253 1426
3  1031 687 686
3  1427 1428 1429
3  1248 1033 1430
3  1253 1431 1426
3  1432 688 1433
3  875 1434 876
3  1040 1271 1435
3  1282 1284 1436
3  38 37 1437
3  1281 1280 1438
3  1439 1281 1438
3  1440 1441 1442
3  1443 1444 1445
3  1267 1044 1046
3  862 682 1272
3  1446 1273 1047
3  358 554 866
3  211 1447 1448
3  1449 554 555
3  845 839 1053
3  844 839 845
3  1284 1055 1427
3  1450 1050 1285
3  1451 1452 1453
3  872 871 1050
3  1037 1036 1454
3  1455 1456 1457
3  866 868 1296
3  1439 1441 1440
3  1458 1459 1460
3  1461 1462 1463
3  381 463 885
3  463 877 885
3  1464 1465 1466
3  1079 1467 1468
3  1289 585 1310
3  477 476 1073
3  1469 1470 701
3  1471 1472 1473
3  1474 1475 1476
3  1477 1478 1479
3  1298 1297 578
3  702 1480 703
3  873 872 1481
3  1482 1048 1483
3  846 1274 1484
3  1485 1486 1487
3  1488 1489 1484
3  847 1277 1490
3  1028 1275 1029
3  1275 211 1029
3  674 1491 1492
3  1057 1059 1493
3  1494 1495 1496
3  1301 1300 1497
3  553 676 1278
3  1498 1060 1062
3  696 697 1027
3  1027 697 1245
3  674 1246 1066
3  851 850 376
3  722 1499 1304
3  1291 552 1303
3  154 696 869
3  696 1027 869
3  718 512 890
3  569 187 1071
3  569 822 1290
3  569 1071 823
3  411 410 1290
3  410 569 1290
3  559 1500 884
3  1501 883 1502
3  566 224 627
3  1308 412 562
3  900 1503 632
3  1504 599 597
3  1503 899 1505
3  1503 900 899
3  224 1308 627
3  900 632 564
3  1503 1504 632
3  1504 597 632
3  1506 1052 1053
3  1292 453 1302
3  721 477 1310
3  1293 1310 1075
3  1087 572 461
3  572 71 461
3  1476 1475 1470
3  716 854 853
3  1313 449 685
3  1507 1508 1509
3  449 711 683
3  854 1314 855
3  712 571 1315
3  1314 854 1510
3  710 1511 1512
3  161 157 220
3  1513 1514 1515
3  1516 684 1517
3  409 1518 561
3  1518 512 561
3  469 888 1317
3  240 242 469
3  1154 481 911
3  481 892 911
3  180 731 392
3  731 390 392
3  1 589 903
3  747 725 904
3  1318 391 896
3  391 390 955
3  372 371 1318
3  371 391 1318
3  1091 894 1156
3  1092 251 1155
3  725 606 904
3  903 904 608
3  1094 1093 245
3  1093 595 245
3  739 740 1102
3  492 901 776
3  1098 1325 247
3  1094 1103 1102
3  624 734 777
3  734 1096 777
3  594 624 778
3  624 777 778
3  1101 616 615
3  735 615 617
3  1098 777 1351
3  777 1096 1351
3  344 607 1324
3  492 491 727
3  893 1318 896
3  1320 1322 895
3  1357 1326 1106
3  1357 1321 1326
3  603 1076 604
3  912 905 907
3  1116 1333 1078
3  1333 905 1078
3  1332 1331 967
3  1077 1107 1108
3  966 1332 967
3  966 415 1332
3  1505 1519 1520
3  1520 1519 1521
3  1076 603 913
3  677 600 1072
3  899 1153 1505
3  1519 881 1521
3  600 698 1111
3  452 669 671
3  1139 738 1138
3  1139 1118 738
3  769 406 628
3  406 405 628
3  1341 1522 1523
3  613 517 614
3  926 1336 1524
3  518 613 925
3  309 308 926
3  925 309 926
3  188 190 322
3  190 769 322
3  927 929 1525
3  507 182 1121
3  519 1526 1527
3  1528 1529 1530
3  1337 1121 1525
3  770 628 1337
3  947 922 1131
3  255 20 932
3  1129 182 1130
3  1531 1130 1532
3  1125 486 609
3  321 1335 487
3  610 753 611
3  753 1119 754
3  947 1125 611
3  1125 609 611
3  1119 942 1142
3  942 941 1142
3  620 946 622
3  946 1129 622
3  942 753 1140
3  924 771 1132
3  924 506 1140
3  924 504 506
3  1533 1534 1535
3  1132 1536 1522
3  1335 1537 487
3  1335 1334 1529
3  1534 1538 1535
3  1135 1539 1171
3  1342 760 1343
3  1143 755 1166
3  1540 1541 1542
3  1167 1168 1543
3  736 1118 761
3  962 761 757
3  1126 1133 521
3  1133 1344 629
3  738 739 1138
3  1325 763 1104
3  492 775 493
3  493 775 1327
3  936 762 1347
3  749 936 1347
3  1100 402 945
3  944 749 748
3  936 494 125
3  494 520 522
3  1127 1126 1346
3  1352 591 1345
3  774 619 1339
3  1120 116 774
3  620 768 1339
3  1120 1339 923
3  401 117 1141
3  117 116 1141
3  117 950 118
3  950 1145 118
3  500 482 501
3  482 779 501
3  616 1101 496
3  1101 766 949
3  938 780 939
3  780 779 1100
3  964 963 1542
3  515 1148 1544
3  954 758 759
3  1146 386 1147
3  484 758 1151
3  758 1362 1151
3  729 878 110
3  878 881 879
3  729 110 112
3  956 417 728
3  961 960 1322
3  415 1152 1161
3  1321 1357 961
3  743 959 744
3  1545 908 1546
3  1162 743 742
3  1355 919 1158
3  919 918 1158
3  736 760 1349
3  1342 782 1356
3  787 752 313
3  752 314 313
3  343 1355 315
3  314 343 315
3  760 1342 1356
3  788 782 781
3  751 393 1106
3  343 344 1324
3  393 1357 1106
3  751 394 393
3  1157 752 1358
3  752 787 1358
3  1164 1159 1353
3  394 1157 395
3  398 1547 399
3  782 1342 783
3  1116 1078 1548
3  909 1164 910
3  264 915 917
3  265 264 917
3  1114 909 1545
3  909 908 1545
3  934 1547 935
3  953 954 759
3  80 42 274
3  42 41 274
3  41 1188 1549
3  1188 63 1549
3  63 1189 1550
3  1189 41 1550
3  41 980 1367
3  980 63 1367
3  41 1368 981
3  1368 63 981
3  63 1369 1551
3  1369 41 1551
3  41 1370 1191
3  1370 63 1191
3  41 794 1371
3  794 63 1371
3  63 795 1552
3  795 41 1552
3  41 1192 1373
3  1192 63 1373
3  41 1374 1193
3  1374 63 1193
3  41 301 1375
3  301 63 1375
3  63 302 1553
3  302 41 1553
3  41 982 1377
3  982 63 1377
3  63 1194 1554
3  1194 103 1554
3  103 636 1379
3  636 63 1379
3  103 1380 637
3  1380 63 637
3  103 1195 1555
3  1195 63 1555
3  103 1382 1556
3  1382 63 1556
3  103 983 1383
3  983 63 1383
3  103 1384 984
3  1384 63 984
3  103 1197 1557
3  1197 63 1557
3  103 1386 1198
3  1386 63 1198
3  63 1387 1558
3  1387 103 1558
3  103 1388 797
3  1388 63 797
3  103 1199 1559
3  1199 63 1559
3  63 1200 1560
3  1200 103 1560
3  103 523 1391
3  523 63 1391
3  63 1392 1561
3  1392 104 1561
3  103 1392 1202
3  1392 63 1202
3  103 1393 1562
3  1393 63 1562
3  103 1201 1394
3  1201 63 1394
3  281 1395 798
3  1395 68 798
3  281 986 1396
3  986 68 1396
3  281 1397 987
3  1397 68 987
3  78 1211 1398
3  1211 68 1398
3  78 1399 1214
3  1399 68 1214
3  78 1400 804
3  1400 68 804
3  78 1217 1401
3  1217 68 1401
3  78 1402 346
3  1402 68 346
3  78 1235 1403
3  1235 68 1403
3  78 1404 1236
3  1404 68 1236
3  78 1014 1405
3  1014 68 1405
3  78 1406 1015
3  1406 68 1015
3  78 1237 1407
3  1237 68 1407
3  78 1408 1238
3  1408 68 1238
3  78 69 1409
3  69 68 1409
3  68 70 1563
3  70 237 1563
3  68 1411 1564
3  1411 237 1564
3  1019 237 1239
3  290 68 1019
3  237 1016 1565
3  1016 290 1565
3  1414 237 1415
3  290 1566 821
3  290 1241 1567
3  1241 237 1567
3  290 1568 1569
3  1568 237 1569
3  237 1240 1570
3  1240 290 1570
3  660 829 661
3  829 832 661
3  1492 1491 1571
3  297 217 870
3  1486 1451 1572
3  1297 377 1571
3  1573 1511 1574
3  1575 1511 365
3  1055 871 1428
3  858 857 373
3  859 1576 1577
3  859 27 1576
3  1578 1456 1579
3  1426 1431 1580
3  1581 1513 1582
3  1583 1575 1423
3  1431 1253 1584
3  1253 27 1252
3  1434 1585 1586
3  1432 1587 874
3  1588 1589 1590
3  1591 1592 1593
3  1285 1036 1038
3  1427 1594 1436
3  1427 1055 1428
3  1284 1427 1436
3  1039 693 1264
3  1262 1592 1265
3  1595 1596 1445
3  37 1266 1437
3  1578 1597 1598
3  1599 1591 1600
3  861 1444 1443
3  1034 33 861
3  1601 1441 1602
3  557 556 1268
3  1443 1045 1044
3  1603 1604 1445
3  1267 682 1035
3  682 33 1035
3  357 1605 1606
3  1274 1446 1607
3  1608 1609 1610
3  1476 715 690
3  867 1611 868
3  1611 867 1446
3  1449 1447 1488
3  1447 211 1489
3  1605 1448 1606
3  556 211 1448
3  1474 1476 690
3  1428 871 1612
3  1482 1478 1613
3  1047 1049 1614
3  1281 1454 1282
3  1037 1454 1615
3  1601 1603 1596
3  1616 1601 1596
3  559 458 1500
3  1617 1618 1619
3  476 1084 1316
3  1620 1316 1063
3  1621 1622 1468
3  1623 1622 1624
3  1625 1452 1306
3  1465 873 1626
3  1057 1499 1058
3  1627 1628 1494
3  1477 863 1629
3  1625 1474 690
3  1613 872 1051
3  1048 1482 1049
3  1572 1451 1420
3  1418 1286 1479
3  1630 1631 1610
3  378 377 1068
3  1028 1487 1609
3  847 1631 848
3  1275 1028 1608
3  1275 1608 1490
3  1029 851 1030
3  1029 211 851
3  1452 1451 1305
3  1451 1486 1305
3  1291 576 1066
3  577 1298 578
3  576 1499 577
3  1499 1057 577
3  550 668 1632
3  720 1289 1302
3  838 550 1053
3  1506 1053 1082
3  1310 477 1075
3  723 722 1081
3  680 869 681
3  679 681 1070
3  1301 1027 1245
3  1052 1506 1300
3  1027 1301 1633
3  842 679 1070
3  1491 1297 1571
3  674 1066 1491
3  676 675 1278
3  675 1054 1278
3  552 1246 553
3  552 551 1467
3  1307 822 823
3  1071 186 337
3  1316 1620 1307
3  1620 822 1307
3  709 381 1113
3  1111 708 1502
3  627 1308 741
3  1308 562 741
3  597 383 598
3  383 187 598
3  1289 1310 1293
3  95 1634 1498
3  1628 1627 1635
3  1633 1301 1496
3  462 73 1064
3  1064 73 460
3  361 1636 717
3  717 1636 1637
3  1058 702 701
3  1059 1058 701
3  1089 1638 1639
3  158 710 1512
3  1458 1313 1459
3  1459 1462 1460
3  571 570 1315
3  157 159 221
3  570 85 220
3  85 132 220
3  157 161 158
3  161 27 158
3  705 1640 1641
3  1642 1514 1643
3  1583 360 1644
3  220 157 221
3  27 856 1424
3  1573 1424 1425
3  512 1518 411
3  1518 409 411
3  565 568 561
3  568 409 561
3  473 479 1317
3  479 240 1317
3  894 957 1156
3  111 911 1092
3  1322 1645 895
3  2 903 902
3  727 491 1323
3  491 786 1323
3  903 589 904
3  589 747 904
3  1095 1093 776
3  1093 775 776
3  765 1351 1097
3  1351 1096 1097
3  1105 493 1327
3  740 1105 1327
3  785 1355 786
3  1355 343 786
3  743 1162 960
3  958 957 1319
3  965 1328 1108
3  1078 1108 1548
3  908 916 1546
3  1328 965 967
3  878 729 1110
3  729 728 1110
3  1072 1504 1646
3  1504 1503 1646
3  1077 912 880
3  912 907 1076
3  1076 465 604
3  912 1076 913
3  1505 1153 1519
3  1153 605 1519
3  1336 926 419
3  1647 518 1524
3  1340 1170 1533
3  519 518 1647
3  1135 1341 1523
3  1335 321 323
3  1648 1649 1530
3  1528 1537 1529
3  1648 928 1124
3  1121 927 1525
3  189 947 931
3  1131 922 621
3  255 932 1650
3  922 768 621
3  1130 182 1532
3  182 18 1338
3  116 1120 1142
3  1120 1119 1142
3  506 940 1140
3  940 942 1140
3  487 1537 1651
3  1536 771 772
3  1127 504 1132
3  1344 1133 1128
3  756 921 1652
3  1653 968 970
3  1170 1341 1171
3  1336 1654 1524
3  1538 1655 1656
3  123 125 495
3  1139 124 1165
3  124 123 1165
3  123 1143 1166
3  1117 755 757
3  1655 1172 1652
3  1540 963 756
3  761 1118 1117
3  1118 1165 1117
3  521 1133 522
3  1133 629 522
3  521 1352 1346
3  1352 1345 1346
3  763 1138 1104
3  1103 1325 1104
3  919 1105 920
3  1105 740 920
3  1347 1657 1658
3  749 1347 1658
3  494 936 944
3  936 749 944
3  1100 779 402
3  779 400 402
3  401 943 402
3  940 506 510
3  592 1144 748
3  1144 944 748
3  1345 591 508
3  591 593 508
3  505 1345 510
3  1345 508 510
3  922 754 923
3  754 1119 923
3  949 497 496
3  750 498 1659
3  318 1148 784
3  1148 516 784
3  1149 399 1660
3  1172 969 1122
3  1169 1653 1534
3  1170 1169 1534
3  516 1148 515
3  513 515 1122
3  952 1362 954
3  1147 385 1364
3  1363 1661 1662
3  1662 934 1543
3  1645 960 1663
3  960 1162 1663
3  1330 1332 1161
3  1332 415 1161
3  1355 1158 315
3  788 787 313
3  1158 788 315
3  788 313 315
3  398 397 781
3  397 787 781
3  782 918 1356
3  918 1349 1356
3  1326 607 1106
3  607 344 1106
3  1547 398 935
3  962 964 1343
3  1157 1358 1160
3  787 397 1359
3  1353 1360 1354
3  484 1151 1354
3  1361 1329 1546
3  1328 967 1329
3  909 1115 1164
3  1115 1163 1164
3  1331 1330 1545
3  1330 1114 1545
3  1149 483 485
3  397 1149 1359
3  41 1549 1365
3  1549 63 1365
3  41 1366 1550
3  1366 63 1550
3  41 1190 1551
3  1190 63 1551
3  41 1372 1552
3  1372 63 1552
3  41 1376 1553
3  1376 63 1553
3  103 1378 1554
3  1378 63 1554
3  103 1555 1381
3  1555 63 1381
3  103 1556 1196
3  1556 63 1196
3  103 1557 1385
3  1557 63 1385
3  103 796 1558
3  796 63 1558
3  103 1559 1389
3  1559 63 1389
3  103 1390 1560
3  1390 63 1560
3  63 1561 985
3  1561 104 985
3  103 1562 524
3  1562 63 524
3  237 1410 1563
3  1410 68 1563
3  237 1018 1564
3  1018 68 1564
3  237 1412 1239
3  1412 290 1239
3  237 1565 1413
3  1565 290 1413
3  1566 237 821
3  237 425 821
3  237 1566 1415
3  1566 290 1415
3  237 1414 1567
3  1414 290 1567
3  237 1568 1017
3  1568 290 1017
3  237 1416 1569
3  1416 290 1569
3  237 1570 1417
3  1570 290 1417
3  653 825 1021
3  825 424 1021
3  218 675 852
3  675 219 852
3  850 1247 1664
3  1247 297 1665
3  376 850 1664
3  1492 1571 1665
3  860 859 1577
3  1666 858 373
3  1432 686 688
3  1512 1575 1667
3  1668 1666 1642
3  1033 1032 1669
3  1431 1584 1433
3  1576 27 1426
3  1670 1669 1671
3  1580 1431 1433
3  1584 1253 1254
3  214 216 1672
3  1466 1465 1626
3  1464 706 705
3  1032 874 1673
3  1669 1032 1673
3  360 1640 707
3  706 1636 707
3  1585 1434 1674
3  1584 1254 1675
3  874 876 1673
3  1432 874 686
3  214 692 1039
3  34 558 1261
3  1454 1036 1282
3  1036 1284 1282
3  1050 1055 1285
3  1055 1284 1285
3  1594 1427 1429
3  1456 1676 1579
3  871 873 1612
3  1288 1581 1259
3  1457 1456 1677
3  1271 1591 1593
3  1578 1579 1678
3  1588 1679 1589
3  1597 1591 1270
3  1266 862 1435
3  34 862 1266
3  682 1267 1272
3  1046 1045 1604
3  1439 1455 1457
3  1680 1257 1681
3  215 214 1589
3  1454 1440 1615
3  1280 1256 1438
3  1438 1256 1255
3  1455 1439 1438
3  1267 1035 1044
3  1034 861 1443
3  1268 1682 1056
3  1444 861 1043
3  357 1269 1605
3  557 1268 1056
3  554 867 866
3  1269 556 1605
3  1037 1294 1683
3  358 866 359
3  1682 1283 1684
3  1685 868 1614
3  1035 1034 1044
3  1034 1443 1044
3  1447 1489 1488
3  1449 1488 1607
3  1446 867 1607
3  1274 1273 1446
3  1277 1275 1490
3  1048 848 1483
3  1482 1613 1049
3  1611 1446 1047
3  1489 1276 1686
3  1489 211 1276
3  555 1448 1687
3  1447 1449 555
3  1630 1418 1688
3  690 715 691
3  1454 1281 1440
3  1281 1439 1440
3  1113 886 1689
3  1083 1690 1062
3  1316 1084 1063
3  1084 99 1063
3  1461 1469 703
3  1691 1480 723
3  1634 95 1472
3  1088 462 1692
3  864 1453 689
3  1298 1299 1069
3  843 1693 1694
3  551 843 1694
3  1475 1474 1059
3  1299 1057 1493
3  1516 1314 1510
3  716 715 1476
3  715 717 1637
3  706 1464 1695
3  1630 1419 1418
3  1286 1418 1420
3  872 1613 1481
3  1050 1450 1051
3  1453 864 1286
3  1418 1479 1688
3  1631 1490 1610
3  1067 1485 378
3  1305 1486 1067
3  1486 1485 1067
3  1419 1572 1420
3  1486 1572 1487
3  1048 1273 848
3  1273 846 848
3  1608 1028 1609
3  1487 1572 1609
3  1297 1491 578
3  1491 1066 578
3  577 1057 1299
3  1452 1305 1306
3  1632 668 574
3  668 196 574
3  1053 550 1082
3  550 1632 1082
3  1070 681 1633
3  1495 1693 843
3  1471 1628 1635
3  1621 1693 1696
3  1246 676 553
3  680 679 1278
3  841 1052 1245
3  1052 1300 1245
3  681 1027 1633
3  1495 843 1070
3  679 842 1278
3  842 553 1278
3  1697 337 1698
3  458 457 1500
3  512 411 1290
3  1620 1063 890
3  1074 1073 1307
3  1073 1316 1307
3  1689 886 1699
3  708 709 1700
3  632 596 564
3  596 741 564
3  453 1292 454
3  1701 95 1498
3  477 1073 1075
3  1292 1293 1702
3  1311 580 1312
3  460 1085 1065
3  362 361 853
3  361 717 853
3  1461 1516 1510
3  854 1470 1510
3  854 716 1470
3  716 1476 1470
3  1470 1475 701
3  1475 1059 701
3  1575 365 1423
3  1638 221 1639
3  1459 1313 685
3  1462 1459 1463
3  221 1638 222
3  1314 1516 1517
3  684 683 1703
3  1315 1704 1703
3  1668 1705 1425
3  363 1668 1642
3  1583 1644 1667
3  683 712 1703
3  1644 1639 1667
3  159 158 1512
3  858 1666 1668
3  1249 1514 1642
3  1511 710 1574
3  710 1573 1574
3  1573 710 1424
3  710 27 1424
3  1155 1156 730
3  1156 956 730
3  955 2 1320
3  2 902 1320
3  606 725 1323
3  725 727 1323
3  607 1326 608
3  1326 902 608
3  1325 1103 247
3  1103 245 247
3  616 496 1350
3  1097 618 1657
3  607 606 1324
3  606 1323 1324
3  1357 959 961
3  959 743 961
3  881 878 882
3  878 1110 882
3  599 1504 1072
3  1505 1520 1646
3  603 602 1520
3  1503 1505 1646
3  603 881 913
3  881 880 913
3  699 677 604
3  677 602 604
3  881 1519 879
3  1519 605 879
3  1502 708 1700
3  1501 1502 1700
3  457 1111 1500
3  1500 1111 884
3  1539 1134 1647
3  1649 1648 1124
3  519 1647 1526
3  1647 1134 1526
3  1537 1335 1529
3  1706 1134 1528
3  323 770 1525
3  770 1337 1525
3  1124 612 1707
3  1526 1706 1527
3  928 1648 929
3  1334 929 1530
3  1650 932 1131
3  932 931 1131
3  1338 255 1531
3  1650 1131 621
3  255 1650 1531
3  1130 1531 623
3  1528 1134 1136
3  1522 1536 1523
3  771 1536 1132
3  1127 1132 1708
3  1344 1533 1535
3  970 1172 1655
3  1336 1123 1709
3  1123 968 1709
3  1134 1539 1135
3  1341 1135 1171
3  1655 921 1656
3  921 755 631
3  755 1117 1166
3  1117 1165 1166
3  756 963 757
3  963 962 757
3  494 522 495
3  522 629 495
3  1138 739 1104
3  739 1102 1104
3  775 1094 1327
3  1094 1102 1327
3  1347 762 1348
3  762 1137 1348
3  943 593 945
3  593 592 945
3  921 1655 1652
3  970 1655 1538
3  385 951 1364
3  951 953 1364
3  1362 758 954
3  1547 1661 399
3  320 1167 1710
3  1543 1711 1712
3  399 1661 1660
3  1661 1363 971
3  1661 1547 1662
3  1547 934 1662
3  958 1319 1663
3  1319 1645 1663
3  1114 1330 742
3  1330 1161 742
3  398 783 935
3  398 781 783
3  1711 1542 1712
3  964 933 1343
3  783 1342 935
3  1342 933 935
3  760 761 1343
3  761 962 1343
3  1160 1359 485
3  1359 1149 485
3  916 908 917
3  917 908 910
3  1159 1360 1353
3  1360 484 1354
3  1151 263 1354
3  263 265 1354
3  916 746 1361
3  1361 746 299
3  299 789 300
3  789 745 300
3  1108 1328 1548
3  1328 298 1548
3  1661 971 1660
3  971 759 1660
3  675 674 1422
3  674 1492 1422
3  1571 377 1664
3  377 376 1664
3  857 374 373
3  860 1251 375
3  1251 1250 375
3  374 860 375
3  1248 1251 1033
3  1251 1031 1033
3  874 1032 686
3  1032 1031 686
3  688 687 1713
3  688 1580 1433
3  1254 1252 216
3  216 1252 1672
3  360 1583 1640
3  221 159 1639
3  1594 1429 1582
3  1514 1513 1288
3  1456 1455 1676
3  1594 1714 1715
3  1640 705 707
3  1287 1258 1641
3  1592 1591 1599
3  1579 1716 1678
3  874 1587 875
3  1434 875 1717
3  1434 1586 876
3  1582 1513 1718
3  1685 1450 1038
3  1450 1285 1038
3  1429 1581 1582
3  1670 1714 1718
3  1256 1280 1436
3  1280 1282 1436
3  873 1465 1612
3  1581 1429 1719
3  1429 1612 1719
3  1429 1428 1612
3  1261 558 1720
3  558 38 1720
3  693 34 1263
3  34 1261 1263
3  1270 1591 1271
3  38 1271 1593
3  1041 1040 1272
3  1272 1040 1435
3  1041 1046 1721
3  1603 1601 1602
3  1602 1457 1677
3  1456 1598 1677
3  1270 1040 1042
3  1455 1438 1676
3  1578 1722 1600
3  1586 1585 1716
3  1679 1585 1674
3  1589 214 1590
3  1444 1595 1445
3  1444 1043 1595
3  1056 1682 1723
3  1595 1043 1056
3  1616 1595 1723
3  1682 1268 1269
3  556 1448 1605
3  1448 555 1606
3  1038 1037 1683
3  868 1683 1296
3  1595 1056 1723
3  1684 1295 1724
3  1294 1615 1724
3  1615 1440 1442
3  1596 1603 1445
3  1595 1616 1596
3  1274 1488 1484
3  1488 1274 1607
3  867 554 1607
3  554 1449 1607
3  1051 1450 1614
3  1450 1685 1614
3  1631 847 1490
3  1276 1277 1686
3  1277 847 1686
3  847 846 1686
3  555 358 1606
3  358 357 1606
3  1448 1447 1687
3  1447 555 1687
3  1613 1478 1481
3  1478 1477 1481
3  1617 1701 670
3  1701 1498 1725
3  1469 701 703
3  1480 702 723
3  1691 1080 1726
3  1080 1079 1726
3  1691 1727 1728
3  1623 1729 1730
3  95 94 1472
3  1623 1624 1729
3  1059 1474 1493
3  1474 1625 1493
3  1453 1452 689
3  1452 1625 689
3  1058 1499 722
3  1499 576 1304
3  1467 551 1694
3  1693 1494 1696
3  1628 1731 1696
3  1694 1621 1468
3  863 865 1629
3  1695 1464 1466
3  864 689 691
3  689 1625 690
3  848 1631 1483
3  1631 1630 1483
3  1479 1478 1688
3  1478 1482 1688
3  1477 1479 863
3  1479 1286 863
3  1485 1421 378
3  1421 376 378
3  851 1421 1030
3  1421 1485 1030
3  1297 1298 1068
3  1068 1298 1069
3  1069 1299 1306
3  1305 1067 1069
3  1028 1030 1487
3  1030 1485 1487
3  574 575 1309
3  575 720 1302
3  1693 1495 1494
3  1627 1494 1496
3  1506 1061 1732
3  1627 1497 1733
3  1634 1472 1635
3  1472 1471 1635
3  1495 1633 1496
3  1495 1070 1633
3  1071 337 823
3  823 337 1734
3  822 1620 1290
3  1620 890 1290
3  877 714 885
3  1113 885 886
3  1472 94 1735
3  1619 1113 1689
3  95 1701 96
3  1701 1617 96
3  1309 1736 1737
3  1292 1702 454
3  337 1697 1734
3  883 1697 1698
3  1074 1734 1738
3  883 1501 1112
3  1293 1075 1738
3  1075 1074 1738
3  72 1085 460
3  1085 1311 1065
3  579 1313 1312
3  1312 1458 1739
3  1089 362 855
3  362 853 855
3  1470 1469 1510
3  1469 1461 1510
3  360 362 1644
3  362 1089 1644
3  684 1516 1463
3  1516 1461 1463
3  570 220 222
3  1314 1517 1090
3  1517 1704 1090
3  712 1315 1703
3  1249 1666 1250
3  1666 373 1250
3  1666 1249 1642
3  363 1642 1643
3  1638 1704 222
3  1704 1315 222
3  1512 1511 1575
3  1511 1573 1705
3  1705 1573 1425
3  1668 363 1705
3  856 858 1425
3  858 1668 1425
3  957 956 1156
3  956 728 730
3  111 1092 112
3  1092 1155 112
3  960 1645 1322
3  1319 893 896
3  391 955 895
3  955 1320 895
3  617 618 1097
3  765 1097 1657
3  1350 498 750
3  1657 618 1658
3  965 1107 1109
3  1107 882 1109
3  1520 602 1646
3  602 1072 1646
3  881 603 1521
3  603 1520 1521
3  709 1113 1619
3  1617 1619 1689
3  1111 1502 884
3  1502 883 884
3  1169 1654 1709
3  518 926 1524
3  418 633 1123
3  926 308 419
3  1134 1706 1526
3  1706 1649 1527
3  1529 1334 1530
3  929 1648 1530
3  929 1334 1525
3  1334 323 1525
3  612 614 1707
3  614 519 1527
3  182 612 1124
3  1649 1124 1707
3  1649 1706 1530
3  1706 1528 1530
3  1531 1650 623
3  1650 621 623
3  182 1338 1532
3  1338 1531 1532
3  1536 772 1651
3  772 487 1651
3  1340 1128 1708
3  1128 1127 1708
3  1536 1651 1523
3  1341 1340 1522
3  630 1344 1535
3  1170 1534 1533
3  1539 1654 1171
3  1654 1169 1171
3  755 1143 631
3  1143 629 631
3  1137 763 1348
3  763 765 1348
3  497 1099 498
3  1099 1100 945
3  963 1540 1542
3  1540 756 1652
3  1146 1147 1168
3  1147 1363 1168
3  1541 1540 1740
3  1544 1541 1740
3  1363 1364 971
3  1364 953 971
3  933 964 1711
3  1168 1363 1662
3  1162 1152 1663
3  1152 958 1663
3  1115 1114 744
3  1114 742 744
3  484 1360 485
3  1360 1160 485
3  1164 1353 910
3  1353 265 910
3  916 1361 1546
3  1361 298 1329
3  1116 1548 300
3  1548 298 300
3  1664 1247 1665
3  1571 1664 1665
3  1250 373 375
3  1251 1248 1250
3  1577 1576 1713
3  687 860 1577
3  1248 1430 1515
3  1033 1669 1430
3  687 1577 1713
3  1576 1426 1580
3  1576 1580 1713
3  1580 688 1713
3  1717 875 1675
3  1254 216 1675
3  1513 1581 1288
3  1464 1258 1260
3  1716 1676 1680
3  1586 1716 1680
3  1259 1581 1719
3  1258 1287 1259
3  1258 705 1641
3  1258 1464 705
3  1640 1583 1423
3  364 1287 1641
3  693 1263 1264
3  214 1039 1590
3  216 215 1675
3  215 1717 1675
3  1256 1436 1715
3  1436 1594 1715
3  1714 1582 1718
3  1714 1594 1582
3  1669 1670 1430
3  1670 1718 1430
3  1585 1679 1678
3  1679 1588 1722
3  1592 1262 1720
3  1262 1261 1720
3  1263 1262 1264
3  1039 1264 1590
3  862 1272 1435
3  1271 38 1437
3  1592 1720 1593
3  1720 38 1593
3  1721 1604 1741
3  1046 1604 1721
3  1602 1441 1457
3  1441 1439 1457
3  1598 1742 1677
3  1456 1578 1598
3  1676 1716 1579
3  1716 1585 1678
3  1255 1257 1680
3  1676 1438 1255
3  1434 1717 1674
3  1717 215 1674
3  1682 1269 1283
3  1269 357 1283
3  1037 1615 1294
3  1295 1294 1724
3  1441 1601 1442
3  1601 1616 1442
3  1604 1045 1445
3  1045 1443 1445
3  1489 1686 1484
3  1686 846 1484
3  1049 1051 1614
3  1049 1613 1051
3  1498 1634 1060
3  1701 1725 670
3  454 1702 1743
3  669 1501 1618
3  1480 1462 703
3  1462 1461 703
3  1080 723 1081
3  1080 1691 723
3  1691 1726 1727
3  1726 1622 1727
3  1494 1628 1696
3  1628 1471 1731
3  1624 1731 1729
3  1731 1471 1473
3  1462 1480 1460
3  1480 1691 1460
3  1299 1493 1306
3  1493 1625 1306
3  552 1467 1303
3  1467 1079 1303
3  1693 1621 1694
3  1467 1694 1468
3  873 1481 1626
3  1481 1477 1626
3  1636 706 1637
3  706 1695 1637
3  1451 1453 1420
3  1453 1286 1420
3  1482 1483 1688
3  1483 1630 1688
3  864 691 865
3  1695 1466 1629
3  1572 1419 1609
3  1490 1608 1610
3  1497 1300 1732
3  1300 1506 1732
3  1622 1621 1624
3  1621 1696 1624
3  1082 1632 1083
3  453 1736 1309
3  1301 1497 1496
3  1497 1627 1496
3  1700 709 1619
3  1618 1700 1619
3  1507 887 1088
3  887 1087 1088
3  461 462 1088
3  462 1064 1744
3  574 1309 1737
3  453 452 1736
3  1734 1697 1738
3  1074 823 1734
3  337 559 1698
3  559 883 1698
3  1501 669 1112
3  452 454 1112
3  1697 1702 1738
3  1702 1293 1738
3  1065 1311 1745
3  1311 1312 1739
3  1313 1458 1312
3  1458 1728 1739
3  1575 1583 1667
3  1644 1089 1639
3  684 1463 685
3  1463 1459 685
3  1704 1638 1090
3  1638 1089 1090
3  1704 1517 1703
3  1517 684 1703
3  1287 364 1643
3  364 363 1643
3  1511 1705 365
3  1705 363 365
3  1639 159 1667
3  159 1512 1667
3  729 112 730
3  112 1155 730
3  895 1645 896
3  1645 1319 896
3  618 1350 1658
3  1347 765 1657
3  945 592 1659
3  1350 496 498
3  1501 1700 1618
3  886 714 1746
3  1735 94 1509
3  1473 1735 1509
3  1654 1539 1524
3  1539 1647 1524
3  633 968 1123
3  1654 1336 1709
3  968 1653 1709
3  1653 1169 1709
3  614 1527 1707
3  1527 1649 1707
3  1651 1537 1136
3  1537 1528 1136
3  1132 1522 1708
3  1522 1340 1708
3  1344 1128 1533
3  1128 1340 1533
3  1534 1653 1538
3  1653 970 1538
3  1542 1541 1712
3  1172 1122 1740
3  1168 1662 1543
3  964 1542 1711
3  759 483 1660
3  483 1149 1660
3  1163 1115 395
3  1115 744 395
3  1329 1331 1546
3  1331 1545 1546
3  1492 1665 870
3  1665 297 870
3  1430 1718 1515
3  1718 1513 1515
3  1586 1680 1681
3  1669 1673 1671
3  1584 1587 1433
3  1587 1432 1433
3  875 1587 1675
3  1587 1584 1675
3  1252 692 1672
3  692 214 1672
3  1670 1671 1279
3  1671 1257 1279
3  1719 1612 1260
3  1259 1719 1260
3  1636 361 707
3  361 360 707
3  364 1641 1423
3  1641 1640 1423
3  1722 1599 1600
3  1722 1588 1599
3  1591 1597 1600
3  1597 1578 1600
3  1679 1722 1678
3  1722 1578 1678
3  1592 1599 1265
3  1599 1588 1265
3  1271 1437 1435
3  1437 1266 1435
3  1742 1721 1741
3  1721 1742 1042
3  1598 1597 1742
3  1041 1721 1042
3  1679 1674 1589
3  1674 215 1589
3  1684 1283 1295
3  1616 1723 1724
3  868 1685 1683
3  1685 1038 1683
3  868 1611 1614
3  1611 1047 1614
3  1725 1690 671
3  670 1725 671
3  669 1618 670
3  1618 1617 670
3  576 1291 1304
3  1303 1079 1081
3  1747 1727 1748
3  1508 1473 1509
3  1696 1731 1624
3  1731 1473 1729
3  96 1689 1699
3  1473 1472 1735
3  1303 1081 1304
3  1081 722 1304
3  1622 1726 1468
3  1726 1079 1468
3  715 1637 691
3  865 1695 1629
3  1609 1419 1610
3  1419 1630 1610
3  1736 1690 1737
3  1690 1083 1737
3  1060 1634 1733
3  1061 1083 1062
3  714 887 1746
3  887 1507 1746
3  1744 1749 1692
3  462 1744 1692
3  1728 1747 1739
3  1727 1747 1728
3  1507 1088 1692
3  1473 1508 1749
3  1702 1697 1743
3  1697 883 1743
3  1745 1747 1750
3  1065 1745 1086
3  1514 1288 1643
3  1288 1287 1643
3  1658 1350 750
3  749 1658 750
3  886 1746 1699
3  96 1617 1689
3  1651 1136 1523
3  1136 1135 1523
3  921 631 1656
3  631 630 1656
3  1122 1544 1740
3  1122 515 1544
3  1540 1652 1740
3  1652 1172 1740
3  1167 1543 1712
3  1541 1544 1710
3  219 1422 870
3  1422 1492 870
3  1514 1249 1515
3  1249 1248 1515
3  1676 1255 1680
3  1256 1715 1279
3  1671 1673 1681
3  1257 1671 1681
3  1715 1714 1279
3  1714 1670 1279
3  1612 1465 1260
3  1465 1464 1260
3  1604 1603 1741
3  1603 1602 1741
3  1742 1597 1042
3  1597 1270 1042
3  1742 1741 1677
3  1741 1602 1677
3  1264 1265 1590
3  1265 1588 1590
3  1682 1684 1723
3  1723 1684 1724
3  1283 359 1295
3  1683 1294 1296
3  1615 1442 1724
3  1442 1616 1724
3  1690 1736 671
3  1736 452 671
3  1727 1622 1748
3  1622 1623 1748
3  691 1637 865
3  1637 1695 865
3  1083 1632 1737
3  1632 574 1737
3  1634 1635 1733
3  1635 1627 1733
3  1061 1060 1732
3  1506 1082 1061
3  1690 1725 1062
3  1725 1498 1062
3  1458 1460 1728
3  1460 1691 1728
3  1744 1086 1730
3  1729 1749 1730
3  1746 1509 1699
3  1746 1507 1509
3  454 1743 1112
3  1743 883 1112
3  1086 1745 1750
3  1744 1064 1086
3  1747 1745 1739
3  1745 1311 1739
3  592 750 1659
3  592 748 750
3  1538 1656 1535
3  1656 630 1535
3  1544 1148 1710
3  1148 320 1710
3  1543 934 1711
3  934 933 1711
3  1541 1710 1712
3  1710 1167 1712
3  1673 876 1681
3  876 1586 1681
3  1295 359 1296
3  359 866 1296
3  1747 1748 1750
3  1748 1623 1750
3  1466 1626 1629
3  1626 1477 1629
3  1060 1733 1732
3  1733 1497 1732
3  1473 1749 1729
3  1749 1744 1730
3  1749 1508 1692
3  1508 1507 1692
3  1509 94 1699
3  94 96 1699
3  498 1099 1659
3  1099 945 1659
3  1086 1750 1730
3  1750 1623 1730
