OFF
1460 2916 0
-383.554 -26.7287 430.481
-374.108 -231.954 384.263
-348.885 -233.404 431.883
160.946 -56.6631 101.709
115.689 -23.2611 60.5346
251.536 -9.65975 163.783
-98.7523 -373.537 322.603
-116.812 -323.989 256.492
-68.6545 -335.382 257.764
8.14321 -6.23362 0.621373
77.7341 -49.8273 46.4027
7.93756 -6.46966 0.605678
22.7985 -123.581 63.8755
-15.7286 -92.9883 46.6192
-6.08285 -93.271 46.5352
-216.159 215.846 204.85
-311.776 192.409 305.788
-264.329 266.692 311.453
200.006 2.47545 122.611
7.04133 7.35053 0.537311
65.6002 84.4852 51.7799
7.27599 7.14027 0.555209
11.7178 281.463 184.577
206.749 288.6 253.059
42.0607 185.542 111.309
51.276 -199.894 125.744
93.7977 -362.241 300.776
36.36 -349.127 274.211
245.156 -322.223 396.927
382.056 -191.818 382.587
249.012 -283.051 426.399
-44.5438 83.3078 46.637
-53.9469 85.131 49.8338
-27.3931 90.5531 46.6505
100.89 -33.413 51.705
303.415 123.819 240.762
340.066 83.6177 266.116
196.518 104.085 123.394
-141.049 142.273 116.156
-88.1625 75.233 57.7892
-139.516 71.3996 88.7381
8.88659 -5.23277 0.678115
8.71302 -5.49097 0.664862
10.2721 -1.82497 0.784005
10.3706 -1.22042 0.791541
10.3262 -1.5234 0.788147
103.129 -81.6296 69.5329
9.85684 3.30184 0.752246
101.335 31.9667 51.7027
9.95894 3.01152 0.760053
-248.757 258.687 434.531
-241.539 296.191 433.184
-308.937 172.07 435.896
-2.54795 -9.65011 -0.194523
-2.8588 -9.57075 -0.218249
390.527 180.539 391.966
-144.397 369.437 392.787
-156.043 368.831 348.635
-252.92 303.174 369.844
-103.034 -118.529 90.0474
-99.3954 -76.9544 67.6994
-66.66 -66.8908 46.6348
-232.719 59.393 143.153
-336.85 95.6219 258.117
-361.38 4.92173 237.813
-13.7404 356.637 262.508
129.989 361.861 354.784
-122.504 317.162 250.837
-77.7727 381.318 435.896
82.2011 -293.753 435.896
-27.2701 250.289 435.896
-128.354 -373.714 425.101
101.187 -29.119 51.5997
102.719 23.8014 51.6158
-192.233 -150.794 151.351
-115.132 -13.7234 57.7942
-83.1224 -46.379 46.7108
-236.607 -279.737 304.396
128.757 18.1196 69.3597
379.235 0 435.896
-43.4708 -90.9619 49.8361
-54.267 -84.9293 49.834
-6.29816 -7.93867 -0.48063
-402.517 -21.3457 364.659
-386.139 -156.263 374.437
-305.818 244.289 385.936
-343.672 166.431 434.54
-270.071 272.381 414.223
-61.0717 388.258 322.909
-101.252 317.872 234.575
73.0306 322.945 246.271
-366.32 115.078 357.471
-19.4925 410.572 405.026
-242.956 99.9812 435.896
-372.837 125.04 418.332
-278.846 281.19 372.613
5.77243 8.29333 0.440534
6.03816 8.11986 0.460801
-3.16199 5.76552 -0.245277
-5.22482 8.61645 -0.398767
-8.8085 390.209 337.612
-9.66956 409.977 399.693
10.2082 2.12485 0.779121
68.6853 154.909 96.4255
132.443 150.054 117.413
73.9329 107.577 66.9272
-15.2623 93.0613 46.6187
-24.7484 120.639 66.1501
8.14322 6.23361 0.621373
77.8176 49.6711 46.4012
10.1347 -2.42275 0.773496
10.0516 -2.71841 0.767139
10.2721 1.82497 0.784005
10.3262 1.5234 0.788147
68.227 -63.1227 46.4723
-265.255 156.947 435.896
-203.653 263.232 435.896
-32.6582 -339.746 435.896
-31.0941 -368.12 430.448
81.9911 -360.373 433.174
-124.609 -193.608 139.625
30.7862 -356.2 286.553
-67.274 -398.125 360.748
330.956 -165.125 435.896
376.611 -78.278 422.356
-199.612 224.314 200.513
-48.7566 316.491 220.551
-58.421 -199.911 122.081
-0.642991 -9.93186 -0.0490943
31.1031 -102.651 51.8124
-0.963745 -9.90829 -0.0735834
-10.4495 -9.13528e-07 -0.797586
-5.051 -5.08248 -0.389111
-10.4446 -0.305819 -0.797208
-46.0343 110.944 64.5678
305.556 -146.871 249.577
416.563 -5.34736 354.405
250.561 212.589 242.105
9.20823 -4.70181 0.702679
9.05171 -4.96963 0.690725
9.74539 -3.58908 0.743725
9.62469 -3.87295 0.7345
10.4495 0 0.797586
10.4446 -0.305786 0.797208
258.444 322.837 415.787
122.121 370.9 396.717
-2.8768 -4.90486 -0.223704
255.925 -255.291 269.457
136.363 -125.476 112.167
300.558 69.0141 223.647
-236.421 -213.489 435.896
-169.645 -302.952 435.896
170.238 -318.56 434.533
-8.79245 -259.535 180.371
-345.067 169.26 379.038
-237.481 -248.538 435.896
-356.601 -40.0277 435.896
60.7034 378.101 433.185
128.944 349.393 435.896
408.564 -45.4971 395.671
395.276 0.106169 425.101
-2.92302 4.652 -0.227274
-2.97732 4.73587 -0.231428
-2.82518 4.81947 -0.219758
10.4298 0.611341 0.796073
10.4446 0.305812 0.797208
-21.8069 173.455 100.783
30.5041 130.943 72.3935
25.8678 90.6106 46.6084
-180.141 -52.3608 113.676
-200.362 -111.061 144.742
-4.6043 5.57934 -0.355199
-4.42268 5.71093 -0.341377
-4.53846 5.50338 -0.350231
9.95895 -3.01151 0.760053
9.85684 -3.30184 0.752246
-2.92302 -4.652 -0.227274
-5.88089 6.22813 -0.451355
-6.07947 6.05276 -0.466439
-6.15355 6.12144 -0.471974
7.7243 -6.69963 0.589409
7.50372 -6.92323 0.572581
-2.96469 -5.41914 -0.230307
8.53113 -5.74404 0.650979
6.03816 -8.11986 0.460801
-3.16199 -5.76552 -0.245277
6.29816 -7.93866 0.48063
10.2082 -2.12484 0.779121
9.20823 4.70182 0.702679
9.35599 4.4296 0.713967
10.4298 -0.61134 0.796073
10.4051 -0.91631 0.794184
64.0599 -83.345 52.8397
5.77243 -8.29333 0.440534
104.534 -154.417 116.21
-60.5499 -72.5418 46.6402
290.436 -91.2485 216.695
205.209 -364.48 394.425
133.08 -267.152 213.587
76.4022 380.594 427.781
-3.07002 -4.5655 -0.238526
-3.01309 -4.48322 -0.234169
-342.644 64.5096 435.896
-353.902 11.579 435.896
377.143 151.654 417.08
332.483 112.018 435.896
8.34115 5.99165 0.636478
9.74539 3.58907 0.743725
-4.78184 5.4423 -0.36869
-4.85019 5.51621 -0.373846
-8.71301 5.49099 -0.664863
-8.88659 5.23277 -0.678115
-3.38707 -7.72909 -0.260861
-10.4446 0.305819 -0.797208
-3.3592 -5.32185 -0.260537
-3.18789 -5.41639 -0.247406
-3.23996 -5.50151 -0.251361
-95.4344 33.4521 49.8703
-93.5123 38.5361 49.8719
-27.6503 -90.4772 46.6508
-4.94347 -8.76578 -0.377307
8.34115 -5.99165 0.636478
9.49485 -4.15322 0.724577
9.35598 -4.4296 0.713967
-2.82518 -4.81947 -0.219758
-2.97732 -4.73587 -0.231428
-2.86878 -4.5681 -0.223122
-7.12507 7.00572 -0.544088
-7.50371 6.92324 -0.572581
-7.20047 7.07305 -0.549648
10.1347 2.42275 0.773496
-2.86879 4.56809 -0.223122
-6.03815 -8.11987 -0.460801
7.27599 -7.14027 0.555209
7.04132 -7.35054 0.537312
-6.38128 -5.62019 -0.489405
-6.30305 -5.55581 -0.483537
-6.0441 -5.67155 -0.463975
-4.95512 -5.29992 -0.381836
-5.12396 -5.1523 -0.394625
-4.88447 -5.22798 -0.376499
54.4879 -410.949 410.451
101.356 -388.826 421.091
-162.855 -336.588 430.453
4.65745 -8.90678 0.355488
33.6232 383.18 430.479
7.39989 105.305 52.8867
-3.03205 -5.1608 -0.23555
-2.98024 -5.07552 -0.2316
-4.8139 5.15598 -0.371164
-4.88448 5.22798 -0.376499
-4.71356 5.36832 -0.363535
-9.62469 3.87296 -0.7345
-9.74539 3.58907 -0.743725
-7.28643 5.98412 -0.557287
-7.36751 6.04519 -0.56333
-6.30199 6.25853 -0.483049
-6.0966 6.44037 -0.467436
-6.02461 6.36971 -0.462074
8.88659 5.23277 0.678115
9.05171 4.96963 0.690725
1.91936 -9.78128 0.14654
2.2347 -9.72031 0.170613
-75.7652 -57.7966 46.7214
-60.6582 72.4522 46.6402
-7.7243 6.69962 -0.589409
5.50123 -8.45892 0.41985
-3.07035 -6.02978 -0.238115
-2.92849 -4.99021 -0.227652
-3.41402 5.40539 -0.2647
-3.46892 5.48889 -0.268865
-3.29212 5.58658 -0.255317
23.3329 -189.542 115.263
-3.91824 -5.08627 -0.303204
-4.07978 -4.96987 -0.315493
-3.85552 -5.00793 -0.298439
4.36702 -9.03931 0.333334
-3.16399 -6.20546 -0.245181
10.0516 2.7184 0.767138
10.4051 0.916304 0.794184
36.94 85.9712 46.5416
-4.34961e-07 9.95074 -3.44504e-08
15.2591 93.158 46.6253
0.32165 9.94602 0.0245589
-3.14059 4.98725 -0.243896
-3.29833 4.89421 -0.255967
-3.19514 5.07096 -0.248054
-2.54795 9.65011 -0.194523
-2.2347 9.72031 -0.170613
-6.03817 8.11985 -0.460801
-5.77243 8.29333 -0.440534
2.54795 9.65011 0.194523
2.2347 9.72031 0.170613
4.36702 9.0393 0.333333
4.65745 8.90678 0.355489
-3.164 6.20546 -0.245181
-5.45186 5.80137 -0.419237
-5.63675 5.63888 -0.433262
-5.71033 5.70807 -0.438787
-3.75333 5.1977 -0.290635
-3.52769 5.22221 -0.273428
-3.69319 5.11755 -0.286066
-3.52768 -5.22222 -0.273427
-3.41402 -5.40539 -0.2647
-3.5852 -5.3041 -0.277796
8.71301 5.49098 0.664863
-2.92849 4.99021 -0.227652
-2.98024 5.07552 -0.2316
-3.127 4.64775 -0.242885
-3.03168 4.81971 -0.235583
-93.6371 6.36027 46.5772
-10.4298 0.611338 -0.796073
-10.3706 1.22042 -0.791541
-5.89229 5.53782 -0.452577
-10.0516 2.7184 -0.767138
-5.96815 5.60473 -0.458275
-3.72365 7.80428 -0.286415
-3.87609 7.51802 -0.298358
-3.92423 7.60518 -0.301915
10.3706 1.22042 0.791541
-2.81461 4.48415 -0.21897
127.113 -380.956 365.957
-38.9927 390.73 427.786
9.62469 3.87296 0.7345
-4.7849 7.94943 -0.366693
-4.52639 8.08556 -0.346943
-4.73037 7.86578 -0.362693
-4.23717 5.83697 -0.327237
-4.48608 5.78874 -0.346155
-4.29801 5.91663 -0.331818
7.7243 6.69963 0.589409
7.93754 6.46968 0.605678
-4.27591 5.19888 -0.330372
-4.34143 5.2751 -0.335335
-4.10684 5.32095 -0.317508
-6.0441 5.67155 -0.463975
-6.30305 5.5558 -0.483537
-5.51414 5.20202 -0.424109
-5.58961 5.26935 -0.4298
-5.34326 5.3613 -0.411175
0.642986 9.93186 0.0490946
0.963731 9.90829 0.0735839
-3.31917 7.00595 -0.256425
-9.85685 3.30183 -0.752246
-6.38128 5.62019 -0.489405
-0.963732 9.90829 -0.073584
-0.642987 9.93186 -0.0490947
-3.38707 7.7291 -0.260861
-3.49407 6.81914 -0.269955
-3.71052 6.71479 -0.286559
-3.54154 6.90665 -0.2735
-3.35556 -4.97628 -0.260331
-3.45328 -4.79646 -0.267803
-3.29833 -4.89421 -0.255967
-3.03205 5.1608 -0.23555
-3.07002 4.56551 -0.238526
6.29816 7.93867 0.48063
-3.58808 7.53853 -0.276405
-3.54306 7.44986 -0.273071
-3.39348 4.71606 -0.26324
-3.24115 4.8121 -0.251605
-3.18404 4.72994 -0.247244
-3.85552 5.00793 -0.298439
-4.07977 4.96987 -0.315493
-3.91824 5.08627 -0.303204
-3.69338 -9.0971 -0.282279
-3.94221 -8.89512 -0.301454
-3.89898 -8.80565 -0.298321
-5.27008 -5.29171 -0.405657
-10.4051 -0.916311 -0.794184
-5.19698 -5.22204 -0.40014
-4.2228 6.20148 -0.32594
-4.41991 6.07576 -0.340987
-4.28124 6.28273 -0.330326
-4.60263 4.93955 -0.355165
-4.67299 5.01176 -0.360496
-4.5092 5.14597 -0.348078
-3.11256 5.67898 -0.241533
-3.23997 5.50151 -0.251361
-3.7337 -9.18779 -0.285187
-3.77411 -9.27843 -0.288096
-3.98553 -8.98453 -0.304588
-4.14508 -5.04627 -0.320451
-4.3055 -4.92303 -0.332633
-3.66777 -4.77259 -0.284151
-3.51316 -4.87681 -0.272366
-10.2082 2.12485 -0.779121
-10.1347 2.42275 -0.773496
-5.8165 5.47083 -0.446881
-5.66517 5.33659 -0.435492
-10.2721 1.82497 -0.784005
-83.2162 46.2114 46.7109
-83.634 56.6045 49.8545
-81.1705 -49.5312 46.7015
259.823 294.795 430.497
2.85881 9.57075 0.218249
3.16698 9.4823 0.241768
3.47218 9.38483 0.265058
-3.21148 5.85202 -0.249023
-3.40848 7.18363 -0.263079
-3.45327 7.27241 -0.266408
6.79999 7.55382 0.518904
-3.06321 5.5924 -0.237789
-2.9647 5.41913 -0.230307
-4.93224 6.33162 -0.379645
-5.1339 6.18461 -0.394999
-5.20049 6.25995 -0.399982
-6.53799 5.74867 -0.501146
-6.45959 5.68447 -0.495274
-4.78629 8.51114 -0.365906
-5.05907 8.3668 -0.386725
-4.83858 8.59608 -0.369704
-5.50123 8.45891 -0.41985
-2.87681 4.90486 -0.223704
1.28358 9.87531 0.0980032
-1.28358 9.87531 -0.0980033
-1.91936 9.78128 -0.146541
-3.01392 5.50578 -0.234047
-5.05573 5.73753 -0.389325
-4.98714 5.66383 -0.384164
-5.23849 5.58692 -0.403199
-4.10617 6.0388 -0.317174
-3.63311 5.03735 -0.281498
-3.79287 4.92954 -0.293675
-3.39347 -4.71607 -0.26324
-4.37333 -4.99741 -0.33778
-4.3055 4.92303 -0.332633
-4.7434 5.08391 -0.365829
-4.67299 -5.01176 -0.360496
-4.7434 -5.08391 -0.365829
-4.60263 -4.93955 -0.355165
-4.37333 4.99741 -0.33778
-4.95512 5.29991 -0.381836
-4.5092 -5.14597 -0.348078
-4.27591 -5.19888 -0.330372
-4.34143 -5.2751 -0.335335
9.49485 4.15322 0.724577
8.53114 5.74402 0.650979
-5.34545 -7.26103 -0.409958
-5.57723 -7.10121 -0.42763
-5.51229 -7.02459 -0.422824
-1.6022 -9.83296 -0.12233
-1.28357 -9.87531 -0.0980033
-9.35598 -4.4296 -0.713967
-3.06321 -5.5924 -0.237789
-4.52678 -7.0659 -0.348275
-4.35139 -7.27853 -0.33474
-4.58331 -7.14835 -0.35247
0.642996 -9.93186 0.0490947
0.963749 -9.90829 0.0735837
-1.91936 -9.78128 -0.14654
-5.051 5.08248 -0.389111
-5.02585 5.37177 -0.387174
-9.35598 4.4296 -0.713967
-6.77368 5.94068 -0.518769
-6.69503 5.87678 -0.512893
-3.81354 -5.27781 -0.295205
-3.75332 -5.1977 -0.290635
-3.03168 -4.81971 -0.235583
-3.127 -4.64775 -0.242885
6.80001 -7.5538 0.518904
-3.11256 -5.67898 -0.241533
152.511 -274.715 435.896
222.638 -232.833 435.896
329.507 118.32 435.896
-3.39663 5.75662 -0.263233
-3.26104 5.93848 -0.25277
-4.01454 4.89342 -0.310536
-3.76085 6.80083 -0.290321
-3.3604 6.11129 -0.260269
-3.31069 6.02491 -0.256519
4.94347 8.76579 0.377307
5.22482 8.61645 0.398767
-3.11714 6.11764 -0.241647
-4.022 6.32124 -0.31059
-4.16444 6.12017 -0.321556
-3.70044 5.46772 -0.286537
-3.52389 5.57233 -0.273031
-3.64279 5.38593 -0.282166
6.55219 7.74992 0.500004
7.50371 6.92323 0.572581
-3.98985 5.8759 -0.308413
-4.04797 5.95737 -0.312792
-3.85525 6.07206 -0.298058
-3.81355 5.2778 -0.295205
-7.44868 6.10616 -0.569375
-8.53114 5.74402 -0.650979
-9.20823 4.70182 -0.702679
-9.05171 4.96963 -0.690725
-7.42606 6.85826 -0.566849
-4.27397 8.86343 -0.326609
-4.45978 8.56081 -0.341162
-4.50905 8.64738 -0.344741
-7.27599 7.14027 -0.555209
-6.97455 6.87075 -0.532973
-6.67599 7.00238 -0.510399
-6.89944 6.80312 -0.527419
-5.78479 7.80866 -0.442285
-5.59016 8.05438 -0.427246
-5.52962 7.97457 -0.422821
1.91936 9.78128 0.146541
1.60222 9.83296 0.12233
-3.42926 7.81902 -0.263974
-3.47153 7.9089 -0.267089
-3.68441 7.16892 -0.284144
-3.49812 7.36116 -0.269739
-3.36379 7.09481 -0.259751
-0.321651 9.94602 -0.024559
-4.14508 5.04626 -0.320451
-4.97814 5.01258 -0.383599
-4.18948 6.56996 -0.323137
-3.9769 6.68858 -0.306872
-4.13357 6.48711 -0.318953
4.07249 9.16323 0.310862
-5.88558 6.61598 -0.451383
-5.81593 6.54322 -0.446203
-5.80387 6.93457 -0.4449
-5.73644 6.85993 -0.439902
-6.02516 6.76125 -0.461751
-5.85773 5.8462 -0.449843
-5.66598 6.01512 -0.435288
-5.59452 5.94395 -0.429936
-7.08912 6.19533 -0.542288
-6.73142 6.26887 -0.515343
-7.01013 6.13181 -0.536406
-3.18404 -4.72995 -0.247244
-3.5731 4.9571 -0.276932
-3.73029 4.85109 -0.288912
-3.47025 5.14028 -0.269061
-3.0861 4.9035 -0.239739
-3.6332 -7.62714 -0.27974
-3.47153 -7.9089 -0.267089
-3.67839 -7.71573 -0.283077
-2.2347 -9.72031 -0.170613
-3.16697 -9.4823 -0.241768
-4.62161 -7.69829 -0.354697
-4.8104 -7.47755 -0.369269
-4.56737 -7.61445 -0.350702
-4.51324 -7.53055 -0.346709
-4.69666 -7.31308 -0.360866
-4.4592 -7.4466 -0.342717
-5.65082 -8.13411 -0.431673
-5.38504 -8.29604 -0.4114
-5.44308 -8.37752 -0.415623
2.54795 -9.65011 0.194523
2.8588 -9.57075 0.218249
4.07248 -9.16324 0.310863
3.77412 -9.27843 0.288097
-3.21092 -6.29325 -0.248716
-10.3262 -1.5234 -0.788147
-10.3706 -1.22042 -0.791541
-10.4051 0.916309 -0.794184
-5.12396 5.1523 -0.394625
-5.19698 5.22204 -0.40014
-10.3262 1.5234 -0.788147
-5.09665 5.44356 -0.392514
-5.27008 5.29171 -0.405657
5.22482 -8.61645 0.398768
-3.47217 -9.38483 -0.265058
-5.22482 -8.61645 -0.398768
-3.24116 -4.8121 -0.251605
-3.08611 -4.9035 -0.239739
-3.08393 -5.24603 -0.2395
-3.13588 -5.33123 -0.243453
-3.24976 -5.15464 -0.252214
-3.14059 -4.98725 -0.243896
-3.47024 -5.14028 -0.269061
-3.30445 -5.23826 -0.256375
387.5 103.459 418.389
232.634 244.665 435.896
-3.51316 4.87681 -0.272367
-3.81769 6.43497 -0.294952
-3.66026 6.62871 -0.282799
-3.61009 6.54258 -0.27904
-3.27462 6.91706 -0.2531
-4.11575 5.67749 -0.318078
-3.93182 5.79437 -0.304035
-3.76901 7.89279 -0.289755
-3.59885 8.17833 -0.276442
-3.55633 8.08856 -0.273322
5.50123 8.45891 0.41985
-3.23016 6.82812 -0.249777
-3.76479 6.35034 -0.290982
-4.0439 5.24278 -0.312739
-6.96212 6.46625 -0.532496
-6.88513 6.40056 -0.526777
-7.24736 6.32204 -0.554058
-6.27862 7.45467 -0.479939
-6.34685 7.52862 -0.484952
-6.03453 7.63531 -0.46133
-6.61647 5.81278 -0.507019
-9.49485 4.15322 -0.724577
-4.54957 5.86649 -0.350934
-4.35892 5.99622 -0.336402
-5.19316 5.88472 -0.399652
-5.38065 5.72997 -0.413889
-8.14323 6.2336 -0.621372
-8.34115 5.99165 -0.636478
-6.50154 6.07061 -0.498206
-6.57807 6.13679 -0.503916
-6.23527 6.9785 -0.477315
-6.00673 7.15798 -0.459905
-5.93901 7.0836 -0.454902
-5.97466 8.04218 -0.456169
-3.34496 7.63914 -0.25775
-4.07773 6.4042 -0.314771
-3.89898 8.80566 -0.298322
-3.47218 9.38483 -0.265058
-3.43494 9.29295 -0.26238
-3.16698 9.4823 -0.241768
-3.35215 6.55637 -0.259329
-3.50998 6.37019 -0.271527
-3.55999 6.45641 -0.275283
-1.60222 9.83296 -0.12233
-3.51389 7.99875 -0.270205
-3.68416 8.35777 -0.282685
-3.87068 6.51956 -0.298924
-3.18577 6.73916 -0.246455
-4.97814 -5.01258 -0.383599
-4.8139 -5.15598 -0.371164
-4.7362 5.73107 -0.36514
-5.3181 6.79426 -0.408415
-5.53476 6.63552 -0.424919
-5.38273 6.87112 -0.413216
-5.32711 8.2145 -0.407178
-3.33374 -4.63562 -0.258678
-3.33374 4.63562 -0.258678
-5.02585 -5.37177 -0.387174
-3.94937 4.81691 -0.30558
-4.01454 -4.89342 -0.310536
-3.79983 5.98889 -0.293883
-3.45329 4.79646 -0.267802
-4.90533 -4.94262 -0.378088
-4.44123 5.07172 -0.342928
-6.27862 -7.45467 -0.479939
-6.10028 -7.71128 -0.466152
-6.34686 -7.52862 -0.484952
-5.58961 -5.26935 -0.4298
-5.51414 -5.20202 -0.424109
-5.83793 -7.4069 -0.446875
-5.77259 -7.33061 -0.442061
-5.59588 -7.57443 -0.428418
-4.4747 -8.00028 -0.343156
-4.26371 -8.21401 -0.326866
-4.52638 -8.08556 -0.346943
-5.60753 -6.32444 -0.430671
-5.88089 -6.22813 -0.451355
-5.80917 -6.15721 -0.445997
-7.93753 -6.46969 -0.605678
-7.12452 -5.86167 -0.545206
-6.77367 -5.94069 -0.518769
-6.8524 -6.0045 -0.524646
-3.98103 -5.16456 -0.307971
-4.21046 -5.1226 -0.325411
-6.3055 -7.05074 -0.482507
-6.37583 -7.12289 -0.487701
-6.60322 -6.93246 -0.505022
-5.16753 5.51528 -0.397856
-4.40703 5.35125 -0.340298
-4.47271 5.42734 -0.345264
-4.23295 5.47712 -0.327051
-4.90533 4.94262 -0.378088
3.16697 -9.4823 0.241768
3.47217 -9.38483 0.265058
-3.11713 -6.11764 -0.241647
4.94347 -8.76578 0.377307
-3.21148 -5.85202 -0.249023
-3.34496 -7.63914 -0.25775
-3.49812 -7.36116 -0.269739
-0.321648 -9.94602 -0.024559
-3.45327 -7.27241 -0.266408
-3.31068 -6.02491 -0.256519
-7.50371 -6.92324 -0.572581
-7.42606 -6.85826 -0.566849
-7.20047 -7.07305 -0.549648
-5.16946 -8.5333 -0.394751
-3.64279 -5.38593 -0.282165
-3.46892 -5.48888 -0.268865
-3.52388 -5.57234 -0.273032
-4.10684 -5.32095 -0.317508
-3.01392 -5.50578 -0.234047
-3.6331 -5.03736 -0.281498
-3.69318 -5.11756 -0.286065
-3.41287 -5.05831 -0.264695
-3.29211 -5.58659 -0.255317
-4.67021 5.65523 -0.360169
-4.93467 5.95816 -0.380063
-5.001 6.03371 -0.38504
-4.80434 6.17684 -0.370068
-3.58908 6.99411 -0.277046
-3.81127 6.88682 -0.294084
-3.63671 7.08154 -0.280594
-4.06464 7.31608 -0.312924
-4.11557 7.40179 -0.316697
-5.0605 6.48612 -0.389228
-4.99632 6.40891 -0.384436
-5.26716 6.33522 -0.404966
-3.39938 6.644 -0.26287
-3.07035 6.02978 -0.238115
-5.46906 6.17817 -0.420324
-5.39996 6.10492 -0.415154
-5.80917 6.15721 -0.445997
-5.53825 6.25135 -0.425496
-5.73753 6.08621 -0.440642
-6.37635 6.32693 -0.488589
-6.65471 6.20287 -0.509629
-9.95894 3.01152 -0.760053
-6.8 7.55381 -0.518904
-6.55219 7.74993 -0.500004
-6.23209 7.86296 -0.475802
-6.29817 7.93866 -0.48063
-6.10028 7.71128 -0.466152
-5.91126 7.96442 -0.451539
-5.84797 7.88658 -0.44691
-5.7726 7.3306 -0.442061
-5.70737 7.25422 -0.437249
-3.85583 8.71616 -0.295191
-4.08904 8.5111 -0.313183
-4.36156 8.38751 -0.33401
-4.13513 8.59926 -0.316537
-4.31259 8.30078 -0.330437
-3.86 8.06966 -0.296441
-3.81446 7.98125 -0.293097
-4.02077 7.77937 -0.309035
-4.94346 8.76579 -0.377307
-3.97246 7.6923 -0.305474
-4.86843 5.88253 -0.375087
-4.80228 5.80683 -0.370112
-4.61314 5.94418 -0.355716
-5.7408 5.40375 -0.441186
-5.78399 5.77718 -0.444314
-3.96633 6.23823 -0.306411
-3.44669 6.73159 -0.266411
-5.25356 6.71734 -0.403615
-5.18911 6.64034 -0.398818
-5.46773 6.56056 -0.419928
-4.16659 7.48744 -0.320471
-4.24395 7.11024 -0.326769
-4.29762 7.19441 -0.330754
-4.67679 6.0218 -0.360498
-3.79287 -4.92954 -0.293675
-3.94937 -4.81691 -0.30558
-3.66778 4.77259 -0.284151
-3.41287 5.0583 -0.264695
-3.73029 -4.85109 -0.288912
-4.16985 5.39907 -0.322279
-3.305 6.4687 -0.25579
-3.41018 6.19763 -0.26402
-3.46005 6.28393 -0.267773
-4.86842 -5.88253 -0.375087
-5.05573 -5.73753 -0.389325
-4.80227 -5.80684 -0.370112
-4.57725 5.22015 -0.353229
-4.29611 5.55512 -0.331825
-4.35936 5.63305 -0.3366
-4.35772 -6.81819 -0.335698
-4.51585 -6.60718 -0.347884
-4.30156 -6.7355 -0.33151
-3.85582 -8.71616 -0.295191
-4.08905 -8.5111 -0.313183
-4.04306 -8.4229 -0.309831
-3.72694 -8.44743 -0.285808
-3.61303 -8.91561 -0.276469
-3.65316 -9.00638 -0.279373
-3.43494 -9.29295 -0.26238
-6.14247 -7.3065 -0.469918
-6.07455 -7.23229 -0.464911
-5.50122 -8.45892 -0.41985
-5.71157 -8.21376 -0.436102
-6.23208 -7.86296 -0.475802
-5.97466 -8.04218 -0.456168
-5.91125 -7.96443 -0.451538
-5.59015 -8.05438 -0.427246
-6.89489 -7.21157 -0.526541
-6.82182 -7.14194 -0.521158
-6.58744 -7.33878 -0.503293
-8.14322 -6.2336 -0.621372
-6.88513 -6.40056 -0.526777
-6.80823 -6.33476 -0.521059
-6.52533 -6.46347 -0.499674
-9.20823 -4.70182 -0.702679
-5.66913 -6.7852 -0.434906
-5.95533 -6.68866 -0.456566
-5.88558 -6.61598 -0.451383
-10.4298 -0.61134 -0.796073
-3.305 -6.4687 -0.25579
-3.25794 -6.38098 -0.252252
-5.41651 5.43081 -0.416695
-4.91862 5.59006 -0.379004
-3.76085 -6.80083 -0.290321
-3.92375 -6.60409 -0.302897
-3.71051 -6.71479 -0.286559
-4.11575 -5.67749 -0.318078
-4.05516 -5.59766 -0.3135
-3.87386 -5.71278 -0.299658
1.18661e-07 -9.95074 9.39839e-09
0.321648 -9.94602 0.024559
-3.31917 -7.00595 -0.256425
-3.54306 -7.44986 -0.273071
-3.40849 -7.18362 -0.263079
-9.95894 -3.01152 -0.760053
-10.0516 -2.7184 -0.767138
-5.89229 -5.53782 -0.452577
-4.04389 -5.24279 -0.312739
-4.44123 -5.07172 -0.342928
-3.9342 -5.43784 -0.30435
-3.87383 -5.35785 -0.299777
-3.75817 -5.54946 -0.290909
-3.19514 -5.07096 -0.248054
6.55219 -7.74993 0.500004
-3.57893 5.65574 -0.277199
-4.64537 5.29426 -0.358381
-3.21093 6.29324 -0.248716
-3.25793 6.38099 -0.252252
-3.92374 6.60409 -0.302897
-3.24976 5.15463 -0.252214
-3.08393 5.24603 -0.239501
-5.48985 5.50025 -0.422216
-5.67691 6.39744 -0.435846
-5.95271 6.29896 -0.456714
-5.74637 6.47037 -0.441023
-6.16869 6.51095 -0.4728
-6.00547 5.98399 -0.460905
-6.42508 6.00433 -0.492497
-6.34872 5.93795 -0.486789
-6.93122 6.06821 -0.530525
-6.22773 6.19003 -0.477511
-7.34849 6.79319 -0.561119
-7.04976 6.93829 -0.538529
-8.25576 5.93616 -0.630124
-7.61128 6.22778 -0.58147
-5.26928 8.13289 -0.402958
-6.16514 6.90617 -0.472125
-4.35139 7.27853 -0.33474
-4.52678 7.0659 -0.348275
-5.90336 7.48312 -0.451692
-6.14247 7.3065 -0.469918
-6.21049 7.38063 -0.474927
-6.458 6.79233 -0.494274
-6.38553 6.72212 -0.488903
-5.71156 8.21376 -0.436103
-6.89489 7.21157 -0.526541
-6.96806 7.2811 -0.531925
-6.65819 7.41055 -0.508495
-3.94221 8.89511 -0.301454
-4.18132 8.68736 -0.319893
-2.85881 9.57075 -0.218249
-4.65745 8.90678 -0.355489
-4.97275 6.78875 -0.382323
-5.03462 6.86764 -0.386924
-4.60788 8.82037 -0.351904
-4.94909 8.20004 -0.378706
-4.68203 8.34108 -0.358315
-4.89426 8.11656 -0.3747
-3.65317 9.00637 -0.279373
-3.64146 8.26807 -0.279562
-3.63318 7.62715 -0.27974
-3.67837 7.71574 -0.283077
-3.82805 7.43081 -0.294802
-3.78009 7.34356 -0.291247
-4.58332 7.14835 -0.35247
-4.4747 8.00028 -0.343156
-4.26371 8.21401 -0.326866
-4.21494 8.12718 -0.323296
-4.45919 7.4466 -0.342717
-4.51324 7.53056 -0.346709
-4.26893 7.65859 -0.328026
-4.74053 6.09935 -0.365282
-4.54215 6.23465 -0.350161
-5.33094 6.0316 -0.409985
-3.50144 5.92647 -0.271154
-3.55395 6.01134 -0.275117
-3.74449 5.90567 -0.28971
-3.60655 6.09616 -0.279081
-4.19036 7.02601 -0.322786
-4.13687 6.94173 -0.318805
-4.35773 6.81819 -0.335698
-4.48099 6.15524 -0.345573
-4.6034 6.314 -0.354751
-4.86825 6.25427 -0.374856
-4.47034 6.98338 -0.344081
-4.41399 6.90081 -0.339889
-4.6337 6.76903 -0.356674
-3.5731 -4.9571 -0.276931
-3.98104 5.16455 -0.307971
-3.5852 5.3041 -0.277796
-4.17643 5.75726 -0.322657
-3.99464 5.51778 -0.308924
-4.13514 -8.59925 -0.316537
-4.31258 -8.30078 -0.330437
-5.11422 -8.45007 -0.390736
-4.89097 -8.68096 -0.373505
-4.18132 -8.68735 -0.319893
-3.55632 -8.08856 -0.273322
-3.51388 -7.99875 -0.270204
-5.32711 -8.2145 -0.407178
-5.84796 -7.88659 -0.44691
-6.55219 -7.74993 -0.500004
-5.52962 -7.97458 -0.422821
-7.52994 -6.16702 -0.575421
-7.80938 -6.00126 -0.596553
-7.44868 -6.10616 -0.569375
-8.71301 -5.49099 -0.664863
-8.88659 -5.23277 -0.678115
-7.36751 -6.04519 -0.56333
-5.12475 -6.56327 -0.394022
-5.06049 -6.48613 -0.389228
-4.84927 -6.63077 -0.373125
-6.89944 -6.80312 -0.527419
-6.67599 -7.00238 -0.510399
-10.1347 -2.42275 -0.773496
-10.2082 -2.12485 -0.779121
-7.01013 -6.13182 -0.536406
-7.28643 -5.98412 -0.557287
-6.57807 -6.13679 -0.503916
-6.93122 -6.06821 -0.530525
-3.26105 -5.93848 -0.25277
-3.39664 -5.75661 -0.263233
-3.6367 -7.08154 -0.280594
-3.86177 -6.97277 -0.297848
-3.81128 -6.88682 -0.294084
-3.57892 -5.65575 -0.277199
-3.449 -5.84157 -0.267192
-3.63404 -5.7391 -0.281368
-3.42926 -7.81902 -0.263974
-3.58808 -7.53853 -0.276405
-3.36379 -7.09481 -0.259751
-5.22082 -7.1039 -0.400739
-5.44747 -6.94789 -0.418019
-5.38274 -6.87111 -0.413216
1.28358 -9.87531 0.0980036
1.60221 -9.83296 0.12233
-4.07772 -6.40421 -0.314771
-4.33977 -6.36393 -0.334713
-4.28124 -6.28273 -0.330325
-3.50144 -5.92648 -0.271154
-5.73645 -6.85993 -0.439902
-4.67594 -7.78206 -0.358694
-4.73038 -7.86577 -0.362693
-3.34434 5.67162 -0.259274
3.77411 9.27844 0.288096
-3.86177 6.97277 -0.297848
-4.03013 6.77301 -0.310848
-4.08346 6.8574 -0.314826
-4.39838 6.44507 -0.339102
-4.75348 7.39535 -0.365067
-4.9299 7.17257 -0.378677
-4.98942 7.25309 -0.383083
-3.13588 5.33123 -0.243453
-3.65922 6.18093 -0.283046
-5.93156 5.91514 -0.455373
-6.19625 5.80493 -0.475379
-5.12441 5.81116 -0.394487
-5.30953 5.65848 -0.408543
-6.12013 5.73829 -0.469676
-6.27244 5.87149 -0.481083
-7.52994 6.16702 -0.575421
-8.05963 6.17569 -0.615165
-7.12452 5.86167 -0.545206
-6.67469 6.59962 -0.510767
-6.59996 6.53159 -0.50522
-7.80938 6.00126 -0.596553
-7.77423 6.34895 -0.59357
-7.93753 6.46969 -0.605678
-6.58745 7.33878 -0.503294
-6.44627 7.19495 -0.492896
-4.81039 7.47755 -0.36927
-7.48542 6.51132 -0.571726
-7.19366 6.66273 -0.549664
-7.11638 6.59734 -0.54394
-7.04134 7.35052 -0.537311
-6.72904 7.48223 -0.513699
-5.38504 8.29604 -0.4114
-4.83953 8.03304 -0.370696
-5.03903 7.80575 -0.386099
-6.41519 7.60248 -0.489967
-6.48364 7.67625 -0.494985
-6.16613 7.78716 -0.470976
-4.07249 9.16323 -0.310862
-3.77411 9.27844 -0.288097
-4.89097 8.68096 -0.373504
-4.36702 9.0393 -0.333333
-4.2276 8.77541 -0.32325
-4.41062 8.47419 -0.337585
-4.55842 8.7339 -0.348322
-4.32045 8.95139 -0.32997
-3.72695 8.44743 -0.285808
-4.11767 7.95337 -0.316162
-4.32022 7.7441 -0.331805
-4.37162 7.82954 -0.335587
-3.90562 8.15804 -0.299786
-3.95134 8.24637 -0.303133
-3.73221 7.25627 -0.287695
-3.91236 7.05866 -0.301615
-4.06918 7.86639 -0.312598
-5.26201 5.9582 -0.404817
-5.06741 6.1092 -0.390019
-3.71196 6.26566 -0.287014
-3.91075 6.15517 -0.302234
-3.9342 5.43784 -0.30435
-4.81113 7.01136 -0.36987
-4.75191 6.93064 -0.36547
-4.63994 7.23075 -0.356667
-4.87047 7.092 -0.374273
-4.16626 8.04029 -0.319728
-5.60753 6.32444 -0.430671
-3.87384 5.35784 -0.299777
-3.68923 5.82241 -0.285538
-4.21046 5.1226 -0.325411
-3.81598 5.63115 -0.295283
-3.87386 5.71278 -0.299658
-4.36155 -8.38751 -0.33401
-4.63005 -8.25596 -0.354522
-4.57818 -8.17078 -0.350731
-3.64145 -8.26807 -0.279562
-3.68416 -8.35777 -0.282685
-3.85999 -8.06967 -0.296441
-4.02896 -9.0739 -0.307724
-4.07247 -9.16324 -0.310862
-4.27398 -8.86343 -0.326609
-4.60787 -8.82037 -0.351904
-4.36702 -9.03931 -0.333334
-4.65745 -8.90678 -0.355488
-5.34864 -7.73472 -0.409558
-5.53311 -7.4962 -0.4238
-5.28852 -7.65462 -0.405141
-4.68202 -8.34108 -0.358315
-4.50904 -8.64739 -0.344741
-4.73412 -8.42613 -0.362109
-4.2276 -8.77541 -0.32325
-5.77243 -8.29333 -0.440534
-6.8 -7.55381 -0.518904
-6.16613 -7.78716 -0.470976
-6.48364 -7.67624 -0.494985
-6.4152 -7.60247 -0.489967
-6.03453 -7.63532 -0.461329
-5.78478 -7.80867 -0.442284
-7.12507 -7.00572 -0.544087
-6.51681 -7.26691 -0.498094
-7.19366 -6.66273 -0.549664
-7.27103 -6.72801 -0.555391
-6.61647 -5.81278 -0.507018
-6.53799 -5.74867 -0.501146
-6.34872 -5.93795 -0.486789
-9.49485 -4.15322 -0.724577
-6.0966 -6.44037 -0.467436
-5.81593 -6.54322 -0.446203
-9.05171 -4.96963 -0.690725
-9.62469 -3.87296 -0.7345
-7.85584 -6.40937 -0.599623
-4.40703 -5.35126 -0.340299
-4.47271 -5.42735 -0.345264
-4.64537 -5.29426 -0.358381
-4.17642 -5.75726 -0.322656
-3.93182 -5.79437 -0.304035
-3.98986 -5.8759 -0.308412
-3.70045 -5.46772 -0.286537
-3.39938 -6.644 -0.26287
-3.61008 -6.54258 -0.27904
-3.56 -6.4564 -0.275283
-3.18578 -6.73915 -0.246455
-3.58908 -6.99412 -0.277046
-5.33393 -6.4104 -0.409952
-5.26717 -6.33521 -0.404966
-5.45186 -5.80137 -0.419236
-5.71033 -5.70807 -0.438787
-5.63675 -5.63888 -0.433262
-4.42268 -5.71093 -0.341377
-4.67021 -5.65523 -0.360168
-4.60431 -5.57933 -0.355199
-4.23717 -5.83697 -0.327236
-4.04796 -5.95738 -0.312792
-4.10616 -6.0388 -0.317174
-4.11766 -7.95337 -0.316162
-4.32023 -7.74409 -0.331806
-4.06918 -7.86639 -0.312598
-3.27463 -6.91705 -0.253101
-4.66474 -6.39329 -0.359342
-4.80433 -6.17686 -0.370068
-4.60339 -6.31401 -0.35475
-4.40524 -7.3626 -0.338728
-4.21771 -7.57304 -0.324248
-3.63404 5.7391 -0.281368
-3.449 5.84157 -0.267193
-4.51586 6.60717 -0.347885
-4.57474 6.68813 -0.352278
-4.33977 6.36393 -0.334713
-3.30444 5.23826 -0.256375
-5.56326 5.5696 -0.427738
-5.66913 6.7852 -0.434906
-5.6019 6.7104 -0.429911
-6.8524 6.0045 -0.524646
-7.20543 5.92294 -0.551246
-7.64458 6.63697 -0.583513
-7.56495 6.5742 -0.577619
-6.80823 6.33476 -0.521059
-6.07454 7.23229 -0.464911
-5.83792 7.4069 -0.446876
-6.74885 7.07221 -0.515778
-6.5168 7.26691 -0.498094
-5.65081 8.13411 -0.431673
-5.0966 6.94646 -0.391527
-5.15866 7.02522 -0.396132
-5.53311 7.49619 -0.423801
-3.7337 9.18779 -0.285187
-3.98554 8.98453 -0.304588
-5.16946 8.5333 -0.394751
-5.44308 8.37751 -0.415624
-5.11421 8.45008 -0.390737
-4.73411 8.42614 -0.362109
-5.00403 8.28345 -0.382714
-3.53301 8.73398 -0.270665
-3.76982 8.53705 -0.288934
-4.21771 7.57304 -0.324248
-4.40524 7.36259 -0.338728
-5.28309 7.1825 -0.405348
-5.10876 7.41391 -0.391901
-5.04904 7.33353 -0.387491
-4.69666 7.31308 -0.360866
-4.66474 6.39329 -0.359342
-3.75817 5.54946 -0.290909
-4.45978 -8.56081 -0.341162
-4.87047 -7.092 -0.374272
-4.9299 -7.17257 -0.378677
-5.09659 -6.94646 -0.391527
-4.83858 -8.59608 -0.369704
-4.55842 -8.7339 -0.348322
-4.32045 -8.95139 -0.329971
-5.05906 -8.36681 -0.386725
-5.03903 -7.80575 -0.386098
-4.83954 -8.03303 -0.370696
-5.09645 -7.88763 -0.39031
-6.21048 -7.38064 -0.474927
-5.90335 -7.48313 -0.451691
-5.96889 -7.55926 -0.456509
-5.7217 -7.73067 -0.43766
-7.27598 -7.14027 -0.555209
-7.03921 -6.53185 -0.538217
-6.82442 -6.73539 -0.521866
-7.11639 -6.59734 -0.543939
-6.27244 -5.87149 -0.481083
-6.0951 -6.83376 -0.466937
-5.87139 -7.00913 -0.4499
-6.16514 -6.90617 -0.472125
-6.69503 -5.87678 -0.512893
-10.2721 -1.82497 -0.784005
-5.78399 -5.77718 -0.444314
-5.66517 -5.33659 -0.435492
-6.53056 -6.86244 -0.499647
-8.53114 -5.74402 -0.650979
-7.89271 -6.05951 -0.602755
-7.1682 -6.25874 -0.548172
-7.08912 -6.19533 -0.542288
-7.7243 -6.69963 -0.589409
-6.37635 -6.32693 -0.488589
-6.65471 -6.20287 -0.509629
-3.36039 -6.11129 -0.260269
-3.23016 -6.82812 -0.249777
-4.72615 -6.47252 -0.363934
-4.93224 -6.33163 -0.379644
-4.86824 -6.25427 -0.374855
-4.02078 -7.77937 -0.309035
-3.81446 -7.98125 -0.293098
-5.64225 -7.17775 -0.432439
-6.50154 -6.07061 -0.498206
-6.42508 -6.00433 -0.492497
-6.22773 -6.19003 -0.47751
-5.53476 -6.63552 -0.424919
-5.74638 -6.47037 -0.441023
-4.48608 -5.78874 -0.346155
-4.298 -5.91663 -0.331818
-4.35892 -5.99622 -0.336402
-3.99464 -5.51778 -0.308924
-3.54154 -6.90664 -0.2735
-5.15394 -7.96946 -0.394524
-5.40791 -7.33949 -0.41457
-6.00672 -7.15799 -0.459905
-5.80386 -6.93457 -0.4449
-6.02516 -6.76126 -0.461751
-5.93901 -7.08359 -0.454902
-5.70738 -7.2542 -0.437249
-4.98941 -7.25309 -0.383083
-5.04903 -7.33354 -0.38749
-5.10875 -7.41391 -0.3919
-4.8674 -7.5597 -0.373474
-4.92451 -7.64178 -0.37768
-4.35936 -5.63305 -0.3366
-4.29611 -5.55512 -0.331825
-4.23294 -5.47712 -0.327051
-3.02363 5.94189 -0.234584
-4.24547 6.65276 -0.327322
-4.91096 6.70979 -0.377723
-4.84927 6.63077 -0.373125
-4.01379 7.23032 -0.309153
-4.72616 6.47251 -0.363935
-3.3592 5.32185 -0.260537
-3.35556 4.97628 -0.26033
-6.4508 6.39525 -0.494131
-7.1682 6.25874 -0.548172
-6.24088 6.58143 -0.478166
-6.82182 7.14194 -0.521158
-6.53057 6.86244 -0.499647
-5.96889 7.55926 -0.45651
-5.15395 7.96945 -0.394525
-5.21156 8.0512 -0.398741
-4.92451 7.64178 -0.377681
-5.16858 7.49422 -0.396312
-3.69339 9.0971 -0.282279
-4.02897 9.0739 -0.307724
-4.63005 8.25596 -0.354522
-4.57817 8.17079 -0.350732
-3.61302 8.91561 -0.276469
-3.57297 8.82481 -0.273566
-3.81278 8.62662 -0.292062
-3.99715 8.33466 -0.306481
-4.42311 7.91493 -0.33937
-5.22083 7.10389 -0.400739
-5.40078 6.48552 -0.414939
-5.12476 6.56326 -0.394022
-5.33392 6.41041 -0.409951
-4.67594 7.78206 -0.358694
-4.62161 7.69828 -0.354697
-4.56738 7.61444 -0.350702
-5.52315 5.8727 -0.424585
-4.41062 -8.47419 -0.337585
-3.76982 -8.53704 -0.288934
-3.53301 -8.73398 -0.270665
-4.4231 -7.91494 -0.339371
-4.21493 -8.12718 -0.323296
-5.26928 -8.13289 -0.402958
-5.40886 -7.81474 -0.413977
-5.65874 -7.65259 -0.433038
-4.89427 -8.11656 -0.3747
-4.94909 -8.20004 -0.378706
-5.00402 -8.28346 -0.382714
-5.21157 -8.0512 -0.39874
-4.78629 -8.51114 -0.365906
-3.81278 -8.62662 -0.292061
-3.99716 -8.33465 -0.306481
-4.75347 -7.39535 -0.365067
-4.13685 -6.94173 -0.318805
-6.96806 -7.2811 -0.531925
-6.65819 -7.41056 -0.508495
-7.04134 -7.35053 -0.537311
-7.48542 -6.51132 -0.571726
-7.77423 -6.34895 -0.59357
-7.40597 -6.44834 -0.565835
-6.31315 -6.65182 -0.483534
-6.67469 -6.59962 -0.510767
-6.59996 -6.53159 -0.505219
-6.15355 -6.12144 -0.471974
-6.07947 -6.05276 -0.466439
-5.12441 -5.81116 -0.394487
-5.38065 -5.72997 -0.413889
-5.30953 -5.65848 -0.408543
-6.45959 -5.68447 -0.495274
-9.74539 -3.58908 -0.743725
-5.85773 -5.8462 -0.449843
-5.59452 -5.94395 -0.429936
-9.85685 -3.30184 -0.752246
-5.41651 -5.43081 -0.416695
-5.34326 -5.3613 -0.411175
-5.23849 -5.58692 -0.403199
-5.48985 -5.50025 -0.422216
-7.04975 -6.93829 -0.538529
-7.34849 -6.79319 -0.561119
-7.64458 -6.63697 -0.583513
-8.34115 -5.99164 -0.636478
-8.25576 -5.93616 -0.630124
-4.91097 -6.70978 -0.377723
-3.81598 -5.63115 -0.295283
-3.68923 -5.82241 -0.285538
-3.72364 -7.80429 -0.286415
-5.6019 -6.7104 -0.429912
-4.91862 -5.59006 -0.379004
-4.85019 -5.51621 -0.373846
-4.16986 -5.39907 -0.322279
-3.41018 -6.19763 -0.26402
-3.55395 -6.01134 -0.275117
-3.35216 -6.55636 -0.259329
-5.46919 -7.89469 -0.418398
-6.24088 -6.58143 -0.478166
-6.23526 -6.97851 -0.477315
-5.47046 -7.41788 -0.419184
-5.9527 -6.29897 -0.456714
-5.6769 -6.39745 -0.435846
-4.97274 -6.78876 -0.382323
-5.18911 -6.64034 -0.398818
-3.18789 5.41639 -0.247406
-4.69275 6.84987 -0.361071
-4.45707 6.52616 -0.343493
-3.96303 7.14452 -0.305383
-4.78767 6.55167 -0.368529
-7.69271 6.28842 -0.587519
-6.37583 7.12289 -0.487701
-6.3055 7.05074 -0.482507
-6.52533 6.46347 -0.499674
-6.0951 6.83376 -0.466937
-6.31315 6.65181 -0.483534
-6.60322 6.93246 -0.505022
-5.65874 7.65258 -0.433039
-5.59588 7.57442 -0.428419
-4.04305 8.4229 -0.309831
-4.8674 7.5597 -0.373474
-5.44747 6.94789 -0.418019
-4.30156 6.7355 -0.33151
-4.05517 5.59766 -0.3135
-4.98172 -7.72379 -0.381888
-4.78491 -7.94943 -0.366693
-3.90563 -8.15804 -0.299786
-4.37161 -7.82955 -0.335587
-6.72904 -7.48223 -0.513699
-6.44627 -7.19495 -0.492896
-6.74885 -7.07221 -0.515778
-7.56495 -6.5742 -0.577618
-6.16869 -6.51095 -0.4728
-6.12013 -5.73829 -0.469676
-4.78184 -5.4423 -0.36869
-6.30199 -6.25853 -0.483049
-7.20543 -5.92294 -0.551246
-6.45079 -6.39525 -0.494131
-6.19625 -5.80493 -0.475379
-5.53825 -6.25134 -0.425497
-5.8165 -5.47083 -0.446881
-5.96816 -5.60473 -0.458275
-7.61128 -6.22778 -0.581469
-7.69271 -6.28842 -0.587519
-7.32662 -6.38524 -0.559946
-7.24736 -6.32204 -0.554058
-6.96213 -6.46625 -0.532496
-8.05963 -6.17569 -0.615165
-3.49409 -6.81913 -0.269955
-3.59885 -8.17834 -0.276441
-3.97245 -7.6923 -0.305474
-4.16659 -7.48744 -0.320471
-3.92423 -7.60518 -0.301915
-5.40078 -6.48552 -0.414939
-6.00547 -5.98399 -0.460905
-5.73753 -6.08621 -0.440642
-5.09665 -5.44356 -0.392514
-4.57724 -5.22015 -0.353228
-4.61313 -5.94418 -0.355715
-4.67677 -6.02181 -0.360498
-4.63369 -6.76904 -0.356673
-4.69276 -6.84986 -0.361071
-3.34435 -5.67162 -0.259274
-4.29763 -7.19441 -0.330754
-4.18947 -6.56997 -0.323137
-4.13356 -6.48711 -0.318953
-3.97689 -6.68858 -0.306872
-4.48098 -6.15524 -0.345573
-4.54215 -6.23465 -0.350161
-3.4467 -6.73158 -0.266411
-3.78009 -7.34356 -0.291248
-4.01378 -7.23033 -0.309153
-3.96303 -7.14452 -0.305383
-6.38553 -6.72212 -0.488903
-5.28308 -7.18251 -0.405347
-4.63995 -7.23074 -0.356667
-5.15866 -7.02522 -0.396132
-5.16858 -7.49422 -0.396312
-4.16443 -6.12017 -0.321556
-7.85584 6.40937 -0.599623
-7.27103 6.72801 -0.555391
-5.95532 6.68866 -0.456566
-5.5123 7.02458 -0.422824
-5.87139 7.00913 -0.4499
-5.72172 7.73066 -0.437661
-5.46919 7.89469 -0.418398
-5.28851 7.65462 -0.405141
-5.09644 7.88763 -0.390311
-5.57722 7.10121 -0.42763
-5.34544 7.26104 -0.409958
-4.7519 -6.93064 -0.36547
-4.24394 -7.11024 -0.326769
-4.47033 -6.98339 -0.34408
-3.76902 -7.89278 -0.289755
-6.97455 -6.87075 -0.532973
-6.74951 -6.66755 -0.516315
-6.45799 -6.79233 -0.494274
-5.20049 -6.25995 -0.399982
-5.93156 -5.91514 -0.455373
-5.46772 -6.56056 -0.419928
-5.25355 -6.71734 -0.403615
-6.02461 -6.36971 -0.462074
-6.73143 -6.26887 -0.515343
-4.08345 -6.8574 -0.314825
-3.91235 -7.05867 -0.301615
-4.06463 -7.31608 -0.312924
-3.82804 -7.43081 -0.294802
-5.03462 -6.86764 -0.386924
-5.31809 -6.79427 -0.408415
-5.66598 -6.01513 -0.435288
-5.46906 -6.17817 -0.420324
-4.93467 -5.95816 -0.380063
-4.74052 -6.09936 -0.365282
-4.54957 -5.86649 -0.350934
-3.60654 -6.09616 -0.279081
-3.74449 -5.90568 -0.28971
-3.68442 -7.16892 -0.284144
-3.73221 -7.25626 -0.287695
-4.03013 -6.77301 -0.310848
-4.24547 -6.65276 -0.327323
-5.2285 -7.57445 -0.400725
-4.78767 -6.55167 -0.368529
-4.57474 -6.68813 -0.352278
-4.7362 -5.73107 -0.36514
-4.98714 -5.66383 -0.384164
-4.41991 -6.07577 -0.340986
-4.71356 -5.36832 -0.363535
-3.79982 -5.9889 -0.293883
-4.22279 -6.20148 -0.32594
-6.74951 6.66755 -0.516316
-7.32662 6.38524 -0.559946
-7.40597 6.44833 -0.565835
-5.64225 7.17775 -0.432439
-6.82442 6.73539 -0.521866
-5.34863 7.73472 -0.409558
-5.47046 7.41788 -0.419184
-3.95135 -8.24637 -0.303133
-4.16626 -8.04029 -0.319728
-4.26892 -7.6586 -0.328025
-5.16753 -5.51528 -0.397856
-3.50998 -6.37019 -0.271527
-5.1339 -6.18461 -0.395
-4.99632 -6.40891 -0.384435
-5.001 -6.03371 -0.38504
-5.0674 -6.1092 -0.390019
-5.19316 -5.88472 -0.399652
-5.39996 -6.10492 -0.415154
-4.45707 -6.52616 -0.343492
-4.02199 -6.32125 -0.31059
-3.96633 -6.23823 -0.306411
-3.87609 -7.51802 -0.298357
-4.19036 -7.02601 -0.322787
-3.71196 -6.26566 -0.287013
-3.91075 -6.15517 -0.302233
-7.03921 6.53185 -0.538217
-5.22849 7.57446 -0.400725
-5.4079 7.3395 -0.41457
-5.40885 7.81475 -0.413977
-4.98171 7.7238 -0.381889
-4.41398 -6.90082 -0.339888
-4.81115 -7.01135 -0.36987
-5.33094 -6.0316 -0.409985
-6.2249 -5.49133 -0.47767
-3.46004 -6.28393 -0.267773
-3.81769 -6.43497 -0.294952
-3.66026 -6.62871 -0.282799
-3.87068 -6.51956 -0.298923
-4.53847 -5.50337 -0.35023
-5.52315 -5.8727 -0.424585
-5.26201 -5.9582 -0.404817
-4.39838 -6.44508 -0.339102
-4.11556 -7.40179 -0.316696
-3.76478 -6.35034 -0.290982
-5.56326 -5.5696 -0.427738
-5.7408 -5.40375 -0.441186
-3.85525 -6.07206 -0.298057
-3.65921 -6.18093 -0.283046
3  0 1 2
3  3 4 5
3  6 7 8
3  9 10 11
3  12 13 14
3  15 16 17
3  5 4 18
3  19 20 21
3  22 23 24
3  25 26 27
3  28 29 30
3  31 32 33
3  34 4 3
3  35 36 37
3  38 39 40
3  41 34 42
3  43 44 45
3  46 34 3
3  47 48 49
3  50 51 52
3  53 13 54
3  36 35 55
3  56 57 58
3  59 60 61
3  15 62 63
3  62 64 63
3  23 65 66
3  17 57 67
3  68 69 70
3  2 1 71
3  48 20 37
3  4 72 73
3  74 75 76
3  1 74 77
3  18 78 37
3  70 69 79
3  51 56 58
3  80 81 82
3  1 64 74
3  59 74 60
3  0 83 84
3  83 64 84
3  85 86 87
3  57 88 89
3  23 22 90
3  64 83 91
3  92 57 56
3  93 69 68
3  91 83 94
3  16 95 17
3  96 97 98
3  31 33 99
3  100 88 101
3  48 73 102
3  78 4 73
3  4 34 72
3  103 104 105
3  5 18 37
3  106 33 107
3  108 20 109
3  110 34 111
3  112 73 113
3  34 114 10
3  34 46 114
3  115 116 52
3  117 118 119
3  77 74 120
3  121 26 122
3  86 51 87
3  83 0 94
3  64 1 84
3  1 0 84
3  86 85 94
3  95 85 87
3  66 65 100
3  123 29 124
3  17 67 125
3  89 65 126
3  95 51 58
3  57 92 88
3  51 68 56
3  68 92 56
3  0 86 94
3  16 15 63
3  8 7 127
3  128 129 130
3  131 132 133
3  33 134 107
3  24 23 103
3  29 135 136
3  78 73 37
3  35 37 137
3  138 34 139
3  140 34 141
3  142 73 143
3  72 34 44
3  144 66 145
3  7 77 120
3  138 139 146
3  10 114 11
3  23 104 103
3  135 147 148
3  37 23 137
3  36 5 149
3  69 150 151
3  123 152 30
3  77 7 6
3  25 153 127
3  16 63 91
3  63 64 91
3  95 16 85
3  94 85 154
3  91 94 154
3  51 95 87
3  155 52 156
3  68 51 50
3  93 68 116
3  68 50 52
3  157 68 158
3  159 55 160
3  22 65 90
3  65 23 90
3  67 57 89
3  15 17 125
3  65 88 100
3  88 65 89
3  57 17 58
3  17 95 58
3  161 162 163
3  164 73 165
3  22 24 166
3  126 22 166
3  89 126 166
3  62 15 38
3  167 105 168
3  32 134 33
3  169 75 170
3  171 172 173
3  120 74 59
3  174 175 176
3  64 62 75
3  177 178 179
3  180 181 182
3  42 34 183
3  175 140 176
3  184 185 186
3  111 34 174
3  43 34 187
3  188 48 189
3  44 190 191
3  184 192 193
3  25 12 129
3  147 194 148
3  195 81 61
3  3 5 196
3  197 28 30
3  4 78 18
3  104 23 37
3  147 26 198
3  69 93 150
3  150 115 52
3  150 52 155
3  26 147 197
3  8 153 27
3  29 136 159
3  145 101 199
3  1 77 6
3  200 201 176
3  150 93 115
3  93 116 115
3  36 55 136
3  156 202 203
3  79 204 205
3  66 100 101
3  65 22 126
3  38 15 125
3  20 48 109
3  108 109 206
3  207 47 161
3  171 208 209
3  104 37 105
3  24 103 167
3  39 38 32
3  39 210 211
3  128 130 212
3  102 73 112
3  114 181 180
3  13 12 127
3  131 75 213
3  214 215 216
3  75 62 217
3  62 39 218
3  219 80 220
3  74 76 60
3  75 74 170
3  64 75 169
3  34 221 183
3  222 223 224
3  221 34 9
3  34 10 9
3  225 224 146
3  34 41 139
3  175 34 140
3  34 222 141
3  43 110 226
3  44 43 226
3  34 175 174
3  110 111 226
3  190 44 226
3  227 228 229
3  230 112 231
3  73 72 143
3  190 72 191
3  72 44 191
3  141 222 224
3  7 120 127
3  194 25 129
3  232 80 82
3  233 114 234
3  114 46 192
3  235 236 237
3  238 239 240
3  73 48 37
3  37 20 105
3  241 197 242
3  135 3 196
3  118 71 241
3  71 1 122
3  151 150 155
3  197 147 29
3  117 151 243
3  69 151 117
3  116 68 52
3  2 155 156
3  192 129 244
3  194 147 198
3  46 3 148
3  3 135 148
3  27 121 122
3  8 27 122
3  153 25 27
3  241 71 122
3  85 16 154
3  16 91 154
3  51 86 52
3  202 86 203
3  55 23 144
3  23 66 144
3  147 135 29
3  135 196 136
3  88 92 101
3  157 92 245
3  24 246 166
3  38 89 166
3  221 247 248
3  72 190 143
3  249 250 251
3  218 252 253
3  246 24 167
3  105 20 168
3  39 62 40
3  62 38 40
3  67 89 125
3  89 38 125
3  38 134 32
3  134 38 166
3  254 211 255
3  256 257 258
3  96 20 97
3  259 48 260
3  129 261 262
3  60 263 61
3  39 264 265
3  265 264 228
3  140 141 224
3  13 127 219
3  74 64 170
3  64 169 170
3  11 180 182
3  266 267 193
3  11 114 180
3  9 11 247
3  42 183 248
3  41 42 268
3  222 34 223
3  34 138 223
3  224 223 146
3  139 41 268
3  44 34 45
3  34 43 45
3  34 110 187
3  110 43 187
3  140 224 176
3  111 174 226
3  143 190 164
3  269 270 271
3  12 25 272
3  120 80 127
3  80 120 81
3  120 59 81
3  273 274 275
3  244 276 277
3  23 55 137
3  55 35 137
3  5 37 149
3  37 36 149
3  151 2 243
3  117 71 118
3  156 52 202
3  2 151 155
3  2 71 243
3  71 117 243
3  26 25 198
3  25 194 198
3  68 79 158
3  153 8 127
3  118 241 242
3  0 2 156
3  68 70 79
3  119 242 152
3  196 5 136
3  117 119 152
3  52 86 202
3  5 36 136
3  66 101 145
3  144 145 199
3  48 278 49
3  226 161 231
3  279 73 164
3  161 278 231
3  246 167 168
3  168 20 280
3  281 282 283
3  284 285 286
3  103 105 167
3  287 106 288
3  289 32 290
3  168 291 292
3  293 294 295
3  296 297 298
3  299 300 301
3  302 303 304
3  305 306 307
3  308 309 162
3  194 129 192
3  181 114 233
3  75 310 311
3  310 217 312
3  313 314 315
3  316 317 318
3  148 194 192
3  46 148 192
3  319 73 279
3  231 164 320
3  241 26 321
3  79 69 123
3  92 68 322
3  68 157 322
3  101 92 199
3  92 157 199
3  323 48 207
3  48 47 207
3  47 49 161
3  49 278 161
3  278 48 230
3  48 102 230
3  190 226 164
3  230 102 112
3  166 246 106
3  324 325 326
3  327 328 329
3  293 20 294
3  330 20 331
3  332 333 334
3  335 315 336
3  337 338 339
3  39 32 264
3  340 341 342
3  32 31 290
3  343 253 344
3  345 346 347
3  348 349 350
3  351 352 353
3  331 108 354
3  278 230 231
3  162 161 355
3  97 356 98
3  357 347 358
3  359 360 361
3  362 363 364
3  365 366 367
3  368 369 370
3  371 372 373
3  374 375 376
3  259 260 306
3  48 188 260
3  98 377 271
3  269 271 378
3  379 380 381
3  382 383 274
3  129 12 14
3  384 352 385
3  75 217 310
3  386 217 387
3  386 387 388
3  386 389 390
3  217 62 218
3  218 391 252
3  39 392 218
3  392 391 218
3  263 60 393
3  60 76 393
3  25 127 272
3  127 12 272
3  152 242 30
3  197 29 28
3  27 26 121
3  26 241 122
3  1 6 122
3  6 8 122
3  26 197 321
3  197 241 321
3  29 123 30
3  119 118 242
3  92 322 245
3  322 157 245
3  144 199 158
3  199 157 158
3  242 197 30
3  79 123 124
3  204 55 394
3  55 144 394
3  73 319 113
3  319 112 113
3  134 166 107
3  166 106 107
3  395 20 396
3  20 397 396
3  96 98 398
3  281 399 400
3  401 19 402
3  20 356 97
3  20 108 331
3  330 331 403
3  217 314 387
3  404 405 406
3  264 32 228
3  252 407 408
3  409 410 411
3  290 31 412
3  162 309 413
3  168 414 341
3  415 246 345
3  106 246 416
3  246 346 345
3  246 168 282
3  168 280 395
3  19 21 417
3  418 419 420
3  421 327 329
3  308 162 355
3  200 308 355
3  362 422 423
3  359 424 352
3  388 387 313
3  425 426 383
3  427 428 429
3  430 374 431
3  208 251 432
3  433 434 435
3  189 163 413
3  323 207 163
3  189 48 436
3  260 188 306
3  437 48 305
3  48 259 305
3  109 48 206
3  48 437 206
3  438 439 440
3  129 441 442
3  127 80 219
3  13 219 380
3  393 76 443
3  215 444 216
3  445 446 447
3  129 448 449
3  14 13 450
3  441 129 14
3  131 213 451
3  75 311 213
3  208 452 209
3  453 454 455
3  247 11 182
3  456 457 304
3  225 458 459
3  221 9 247
3  268 42 248
3  201 226 176
3  114 192 460
3  216 444 461
3  136 55 159
3  29 159 160
3  86 0 203
3  0 156 203
3  117 152 462
3  123 462 463
3  79 124 160
3  124 29 160
3  144 158 394
3  204 394 464
3  112 319 231
3  73 142 165
3  161 226 201
3  226 174 176
3  465 466 398
3  467 363 362
3  349 468 350
3  106 416 288
3  280 20 395
3  469 295 470
3  471 472 473
3  371 474 475
3  437 305 307
3  476 477 478
3  356 479 377
3  20 19 401
3  21 480 417
3  356 20 479
3  481 482 483
3  484 476 478
3  485 210 486
3  392 487 453
3  374 428 375
3  390 389 338
3  392 39 488
3  265 228 489
3  490 491 492
3  228 32 493
3  494 495 496
3  497 498 499
3  168 500 501
3  415 502 503
3  504 505 400
3  340 342 506
3  346 246 507
3  505 346 507
3  426 431 508
3  509 451 249
3  510 511 512
3  293 295 513
3  257 514 515
3  516 517 518
3  519 520 521
3  522 523 524
3  309 308 361
3  361 459 525
3  163 189 436
3  207 161 163
3  161 201 355
3  201 200 355
3  423 526 527
3  422 528 526
3  359 285 360
3  307 306 529
3  374 430 428
3  370 369 239
3  363 426 508
3  430 431 425
3  530 531 532
3  442 441 531
3  13 533 450
3  13 53 533
3  13 534 54
3  535 536 537
3  538 539 540
3  541 542 543
3  129 544 545
3  546 547 548
3  549 75 550
3  133 132 239
3  310 312 551
3  509 249 427
3  552 551 553
3  312 554 337
3  555 452 556
3  509 131 451
3  129 276 244
3  192 557 266
3  534 13 558
3  220 80 559
3  560 525 561
3  562 563 564
3  248 247 565
3  214 566 567
3  182 181 233
3  457 302 304
3  55 204 568
3  204 79 568
3  123 69 462
3  69 117 462
3  55 568 160
3  568 79 160
3  158 464 569
3  158 79 464
3  231 319 164
3  319 279 164
3  421 482 327
3  327 482 481
3  526 570 527
3  571 572 573
3  414 501 574
3  282 340 283
3  281 283 399
3  575 481 576
3  577 578 579
3  288 416 578
3  472 20 580
3  20 96 580
3  574 501 581
3  582 571 573
3  583 332 334
3  20 401 479
3  21 20 480
3  20 330 480
3  584 585 586
3  587 588 589
3  487 392 488
3  590 407 591
3  592 593 328
3  296 594 595
3  39 596 597
3  256 598 599
3  488 39 211
3  488 211 254
3  600 601 602
3  289 290 603
3  346 505 604
3  474 371 605
3  606 607 608
3  106 609 607
3  610 611 612
3  500 168 292
3  416 613 614
3  414 168 501
3  287 288 615
3  616 474 605
3  416 246 613
3  246 415 613
3  556 337 339
3  313 315 297
3  500 292 617
3  501 500 581
3  618 429 619
3  620 592 328
3  621 622 623
3  498 624 499
3  625 424 626
3  424 359 626
3  163 162 413
3  188 189 413
3  368 370 627
3  467 628 629
3  576 481 630
3  359 352 631
3  131 509 618
3  509 632 618
3  431 426 425
3  382 425 383
3  364 363 508
3  431 374 633
3  441 14 450
3  130 129 442
3  634 635 636
3  637 549 638
3  558 380 379
3  13 380 558
3  639 640 641
3  642 643 644
3  81 59 61
3  645 646 647
3  195 61 648
3  649 650 651
3  632 427 429
3  75 131 133
3  382 652 653
3  654 655 656
3  657 555 339
3  217 386 390
3  451 213 552
3  213 311 552
3  658 659 660
3  632 509 661
3  557 267 266
3  192 266 193
3  129 662 663
3  244 664 665
3  185 193 666
3  128 667 668
3  669 668 670
3  664 277 671
3  672 673 674
3  220 559 675
3  676 677 678
3  434 679 435
3  139 268 146
3  200 225 459
3  424 625 525
3  560 424 525
3  183 221 248
3  223 138 146
3  233 444 680
3  444 215 680
3  681 302 682
3  566 683 567
3  444 460 461
3  303 216 684
3  114 460 234
3  182 233 680
3  462 152 463
3  152 123 463
3  204 464 205
3  464 79 205
3  464 394 569
3  394 158 569
3  142 143 165
3  143 164 165
3  164 226 320
3  226 231 320
3  171 209 685
3  686 687 688
3  308 459 361
3  625 361 525
3  689 690 691
3  283 340 506
3  340 282 341
3  282 168 341
3  246 282 507
3  282 281 507
3  317 692 693
3  694 695 696
3  294 20 471
3  20 472 471
3  574 581 697
3  473 472 698
3  479 401 377
3  401 402 377
3  354 307 284
3  402 19 417
3  391 392 453
3  699 406 700
3  701 702 703
3  523 704 705
3  218 343 706
3  315 706 336
3  387 314 313
3  406 405 700
3  487 454 453
3  590 453 455
3  707 32 708
3  709 708 710
3  711 712 713
3  257 515 258
3  601 714 715
3  606 716 717
3  718 719 720
3  721 722 723
3  602 601 715
3  33 724 99
3  722 725 723
3  578 416 579
3  418 726 727
3  593 592 728
3  386 388 729
3  315 730 298
3  474 571 731
3  572 732 573
3  551 312 556
3  620 328 685
3  733 734 735
3  725 318 736
3  737 738 692
3  726 686 739
3  413 309 306
3  188 413 306
3  48 323 436
3  323 163 436
3  352 384 570
3  740 629 741
3  570 384 742
3  566 681 683
3  456 652 457
3  740 681 275
3  383 363 274
3  363 467 629
3  528 743 526
3  744 740 423
3  658 745 333
3  746 747 748
3  749 750 751
3  132 131 618
3  426 363 383
3  363 629 274
3  427 249 752
3  753 173 754
3  755 756 757
3  758 759 760
3  53 54 761
3  54 534 762
3  758 763 365
3  534 558 764
3  765 655 766
3  543 767 768
3  232 769 770
3  541 771 772
3  773 774 775
3  81 195 672
3  61 263 776
3  777 778 779
3  393 443 780
3  781 782 783
3  369 75 784
3  75 133 784
3  75 369 550
3  369 368 550
3  428 433 429
3  662 785 786
3  312 217 554
3  217 390 554
3  552 311 551
3  311 310 551
3  338 389 787
3  209 555 788
3  208 173 251
3  428 427 375
3  249 451 250
3  451 552 250
3  789 790 791
3  185 184 193
3  267 557 664
3  192 244 665
3  792 793 794
3  129 795 796
3  448 797 449
3  667 798 668
3  795 799 796
3  544 785 545
3  370 239 238
3  800 801 802
3  679 434 803
3  428 430 433
3  185 666 684
3  677 303 684
3  434 804 653
3  805 806 807
3  224 225 176
3  225 200 176
3  306 309 529
3  308 200 459
3  560 565 353
3  808 562 564
3  268 458 146
3  458 225 146
3  525 458 561
3  268 248 561
3  182 563 562
3  567 683 564
3  193 267 666
3  303 214 216
3  460 192 809
3  461 809 186
3  460 444 234
3  444 233 234
3  215 563 680
3  563 182 680
3  477 476 810
3  249 251 811
3  625 626 361
3  626 359 361
3  341 414 342
3  294 471 473
3  397 812 813
3  473 466 470
3  746 291 395
3  291 168 395
3  416 614 579
3  616 605 814
3  286 815 816
3  384 744 527
3  362 299 301
3  98 356 377
3  417 480 403
3  480 330 403
3  389 729 817
3  335 519 730
3  818 819 820
3  821 257 704
3  701 703 822
3  590 823 824
3  253 252 408
3  343 218 253
3  314 217 706
3  217 218 706
3  254 524 825
3  256 826 598
3  210 39 486
3  494 827 828
3  829 597 830
3  624 410 831
3  832 600 602
3  833 738 834
3  835 836 837
3  838 832 839
3  290 412 840
3  841 842 843
3  844 719 845
3  106 287 846
3  724 33 847
3  848 734 849
3  409 411 850
3  851 852 853
3  606 854 716
3  288 855 615
3  856 317 857
3  858 357 859
3  614 503 857
3  860 833 834
3  861 862 863
3  864 865 866
3  867 868 739
3  700 405 869
3  788 620 685
3  727 620 419
3  312 337 556
3  389 386 729
3  870 871 469
3  616 572 571
3  871 872 873
3  571 582 731
3  209 452 555
3  555 556 339
3  874 875 876
3  868 877 739
3  878 688 879
3  880 881 882
3  371 475 372
3  421 593 475
3  360 285 284
3  305 259 306
3  681 883 683
3  384 883 744
3  629 628 741
3  628 740 741
3  633 376 332
3  484 299 884
3  300 299 885
3  467 362 423
3  883 681 744
3  681 740 744
3  481 575 886
3  575 753 754
3  452 208 432
3  208 171 173
3  659 753 660
3  745 660 887
3  251 659 811
3  375 427 376
3  888 889 759
3  675 890 891
3  534 758 762
3  889 643 759
3  888 366 892
3  441 893 894
3  763 558 365
3  758 534 763
3  895 542 772
3  80 767 559
3  232 82 769
3  771 896 772
3  82 81 897
3  895 772 898
3  899 900 901
3  902 903 904
3  905 906 907
3  908 656 909
3  910 75 911
3  800 76 801
3  912 904 913
3  651 914 915
3  369 784 239
3  784 133 239
3  337 554 338
3  554 390 338
3  552 553 432
3  553 452 432
3  427 752 376
3  376 752 333
3  509 427 661
3  427 632 661
3  251 173 659
3  659 658 811
3  666 916 917
3  918 919 920
3  921 922 923
3  664 244 277
3  664 557 665
3  557 192 665
3  212 924 925
3  128 212 667
3  797 448 926
3  927 928 929
3  799 926 796
3  924 530 925
3  129 930 931
3  932 933 934
3  922 671 935
3  544 129 262
3  936 782 781
3  937 642 938
3  214 303 302
3  652 382 273
3  652 273 457
3  652 456 803
3  434 433 804
3  805 679 803
3  433 430 804
3  430 425 804
3  459 458 525
3  458 268 561
3  247 808 565
3  563 567 564
3  683 883 351
3  565 808 351
3  563 215 567
3  215 214 567
3  808 247 562
3  247 182 562
3  460 809 461
3  185 461 186
3  616 814 349
3  295 294 473
3  342 348 350
3  342 414 574
3  747 873 748
3  270 477 939
3  397 20 940
3  812 940 513
3  812 747 813
3  746 395 396
3  941 942 943
3  511 814 512
3  878 944 868
3  945 946 947
3  690 504 691
3  511 690 468
3  403 331 816
3  417 403 948
3  270 269 885
3  483 949 630
3  108 206 354
3  206 437 354
3  702 699 703
3  950 951 822
3  686 952 594
3  418 953 952
3  314 706 315
3  706 343 336
3  824 823 179
3  819 818 177
3  821 514 257
3  819 826 258
3  407 252 591
3  252 391 591
3  344 408 951
3  335 344 954
3  824 178 955
3  407 590 955
3  956 830 586
3  597 596 957
3  454 487 958
3  487 488 958
3  585 959 960
3  961 485 486
3  957 596 962
3  210 485 255
3  596 39 963
3  39 265 963
3  961 486 956
3  842 841 229
3  588 964 843
3  836 965 837
3  966 945 947
3  967 968 969
3  289 603 709
3  970 707 971
3  624 498 972
3  973 324 974
3  588 975 711
3  603 712 709
3  707 708 976
3  712 711 977
3  978 33 979
3  606 719 844
3  724 847 980
3  31 99 412
3  847 33 981
3  33 978 981
3  491 982 983
3  492 984 985
3  287 615 986
3  987 988 989
3  986 990 991
3  855 288 578
3  856 502 357
3  415 345 502
3  503 502 856
3  722 577 725
3  317 856 858
3  992 504 993
3  994 990 721
3  577 316 318
3  855 578 722
3  578 577 722
3  738 833 693
3  994 721 723
3  687 995 996
3  996 995 869
3  592 620 728
3  418 727 419
3  327 172 328
3  209 788 685
3  555 657 788
3  620 788 419
3  582 997 998
3  474 616 571
3  999 745 887
3  482 421 998
3  818 820 735
3  1000 834 1001
3  1002 1000 1003
3  1004 987 989
3  952 953 595
3  695 404 406
3  702 701 1005
3  699 702 696
3  328 593 329
3  593 421 329
3  421 475 731
3  475 474 731
3  883 385 351
3  883 384 385
3  999 476 1006
3  476 484 1006
3  269 300 885
3  352 570 631
3  362 364 299
3  364 508 884
3  871 870 1007
3  327 481 886
3  173 172 754
3  575 754 886
3  173 753 659
3  753 575 660
3  431 1008 508
3  431 633 1008
3  1009 887 1010
3  745 658 660
3  752 658 333
3  633 374 376
3  1011 1012 1013
3  1014 1015 1016
3  1017 1018 1019
3  1020 1021 1022
3  1023 1024 1025
3  1026 1027 1028
3  53 761 1015
3  759 643 760
3  558 366 365
3  758 365 367
3  366 379 381
3  366 558 379
3  219 1021 1018
3  1029 1017 1019
3  558 763 764
3  763 534 764
3  559 543 675
3  542 895 890
3  767 80 1030
3  80 232 1030
3  81 1031 897
3  1032 1033 1034
3  541 543 768
3  635 1035 1036
3  82 897 769
3  896 771 1032
3  674 673 1037
3  774 1038 775
3  1039 908 1040
3  1041 1042 1043
3  443 76 1044
3  76 75 801
3  801 910 802
3  1045 1046 783
3  1047 263 780
3  263 393 780
3  1044 1048 1042
3  648 776 1049
3  902 263 903
3  263 1047 903
3  1050 1051 1052
3  618 632 429
3  419 657 420
3  787 389 817
3  452 553 556
3  553 551 556
3  251 250 432
3  250 552 432
3  1053 1054 1055
3  806 1056 807
3  129 547 546
3  277 546 548
3  1057 1058 1059
3  544 262 1060
3  212 130 924
3  130 442 924
3  212 798 667
3  1061 799 918
3  906 1062 1063
3  1064 1065 1066
3  1067 1068 1069
3  239 132 240
3  1070 1071 1072
3  1073 1074 1075
3  795 129 669
3  129 128 669
3  931 930 1076
3  930 129 449
3  262 261 1060
3  261 129 931
3  542 541 772
3  771 769 1032
3  936 781 928
3  655 654 766
3  1077 1078 1079
3  1080 1081 540
3  1056 456 676
3  273 382 274
3  274 629 275
3  629 740 275
3  456 1056 806
3  1056 676 678
3  273 275 457
3  302 457 682
3  804 425 653
3  425 382 653
3  434 653 803
3  653 652 803
3  248 565 561
3  565 560 561
3  385 352 351
3  565 351 353
3  683 351 564
3  351 808 564
3  809 192 186
3  192 184 186
3  292 291 617
3  506 342 350
3  399 689 691
3  399 283 506
3  505 507 400
3  507 281 400
3  472 580 698
3  580 96 698
3  871 873 747
3  1082 870 1083
3  873 949 748
3  872 576 630
3  397 940 812
3  295 812 513
3  1084 1085 876
3  504 941 993
3  944 510 1086
3  475 593 372
3  738 737 880
3  738 880 834
3  504 690 941
3  814 605 512
3  814 468 349
3  746 611 610
3  465 810 1083
3  465 477 810
3  948 403 816
3  948 815 1087
3  354 284 286
3  354 437 307
3  477 270 478
3  271 377 378
3  815 948 816
3  331 354 816
3  519 950 520
3  699 520 703
3  787 817 420
3  296 995 594
3  686 726 952
3  726 418 952
3  729 388 1088
3  315 335 730
3  514 1089 1090
3  826 256 258
3  826 823 598
3  257 256 704
3  590 591 453
3  591 391 453
3  819 177 179
3  703 950 822
3  253 408 344
3  590 824 955
3  454 958 1091
3  958 488 1092
3  1092 488 254
3  211 210 255
3  39 597 486
3  597 829 486
3  486 830 956
3  963 1093 1094
3  523 522 1095
3  714 601 1096
3  489 228 227
3  975 588 843
3  32 707 970
3  964 841 843
3  836 835 1097
3  965 1098 1099
3  711 975 977
3  975 976 977
3  847 411 980
3  498 1100 972
3  1101 1102 1003
3  714 1103 715
3  497 711 713
3  712 840 1100
3  842 970 971
3  588 587 964
3  711 497 589
3  588 711 589
3  979 33 607
3  33 106 607
3  979 1104 1105
3  855 722 721
3  99 1106 1107
3  972 1100 1107
3  624 972 1108
3  847 981 850
3  409 984 492
3  411 847 850
3  1104 844 1105
3  845 982 1105
3  409 1109 1110
3  982 845 983
3  606 608 854
3  846 1111 1112
3  614 316 579
3  316 577 579
3  503 856 857
3  502 345 347
3  614 613 503
3  613 415 503
3  502 347 357
3  504 992 358
3  690 511 942
3  941 690 942
3  861 325 862
3  987 1004 991
3  994 988 987
3  990 987 991
3  1113 725 736
3  1114 1113 736
3  692 738 693
3  725 577 318
3  868 1086 373
3  372 593 728
3  788 657 419
3  657 787 420
3  328 172 685
3  172 171 685
3  1089 623 1090
3  623 622 1090
3  405 996 869
3  820 622 735
3  1115 1116 1117
3  946 1118 1003
3  994 1113 866
3  1118 865 864
3  878 879 1119
3  879 405 404
3  405 879 996
3  594 952 595
3  582 998 731
3  998 421 731
3  999 1006 583
3  1006 484 583
3  570 285 631
3  285 359 631
3  999 1009 1120
3  1009 1082 1120
3  754 172 886
3  172 327 886
3  658 752 811
3  752 249 811
3  508 1008 884
3  299 364 884
3  999 583 334
3  376 333 332
3  1121 1027 1026
3  758 367 759
3  772 1036 898
3  1122 1123 1124
3  1020 891 1125
3  1121 1029 1019
3  366 888 367
3  367 888 759
3  1021 1126 1127
3  366 381 892
3  890 895 1128
3  1129 1130 1131
3  232 770 768
3  769 771 770
3  543 542 675
3  559 767 543
3  1132 1133 1134
3  1035 1135 1036
3  1032 769 1033
3  672 674 1136
3  912 913 915
3  1137 1138 1139
3  1042 1140 1043
3  1141 1142 1143
3  1047 780 649
3  780 443 650
3  443 1044 1144
3  76 1048 1044
3  75 549 1145
3  1146 237 1065
3  1147 1145 637
3  801 75 910
3  1148 656 1138
3  61 776 648
3  1149 899 1150
3  1151 901 1152
3  195 648 1153
3  774 674 1037
3  1151 899 901
3  914 1154 1155
3  338 787 339
3  787 657 339
3  595 953 1088
3  297 315 298
3  216 461 684
3  461 185 684
3  671 1156 935
3  547 129 663
3  277 276 546
3  276 129 546
3  1061 918 789
3  261 931 1157
3  666 267 916
3  267 664 916
3  785 662 545
3  662 129 545
3  931 1076 1157
3  1158 1159 1160
3  1075 1161 1162
3  924 442 531
3  439 438 1163
3  765 766 639
3  1164 1165 1166
3  1167 1046 1168
3  1169 1170 1171
3  793 1172 794
3  797 926 1173
3  926 799 1173
3  926 448 796
3  448 129 796
3  668 918 670
3  669 128 668
3  896 635 1036
3  1174 1023 1131
3  1163 438 1175
3  654 1176 766
3  936 1177 1178
3  1177 439 1163
3  766 1176 640
3  1176 1179 1180
3  927 1181 1182
3  1183 1184 1185
3  681 566 302
3  566 214 302
3  1186 1053 1067
3  1187 1050 1188
3  456 806 803
3  806 805 803
3  352 424 353
3  424 560 353
3  697 617 610
3  295 473 470
3  697 581 617
3  581 500 617
3  477 465 939
3  698 96 1189
3  473 698 466
3  271 270 939
3  98 271 939
3  466 698 398
3  997 611 949
3  697 610 612
3  482 998 483
3  998 997 483
3  940 20 513
3  20 293 513
3  942 510 1190
3  694 1191 1192
3  372 877 373
3  944 1086 868
3  692 317 1193
3  737 692 1193
3  814 511 468
3  399 506 350
3  511 510 942
3  879 1194 1119
3  690 689 468
3  342 574 348
3  504 400 691
3  400 399 691
3  572 348 732
3  348 574 732
3  810 1082 1083
3  1082 1009 1007
3  743 528 1087
3  299 484 478
3  309 361 529
3  361 360 529
3  1087 528 1195
3  286 285 1196
3  520 950 703
3  408 407 951
3  817 953 420
3  953 418 420
3  515 622 820
3  622 733 735
3  515 820 258
3  820 819 258
3  821 704 1197
3  704 523 1197
3  823 454 598
3  704 256 599
3  454 823 455
3  823 590 455
3  178 824 179
3  177 701 178
3  951 950 954
3  344 951 954
3  343 344 336
3  344 335 336
3  1198 956 586
3  486 829 830
3  827 489 227
3  827 265 489
3  522 1198 1095
3  254 255 524
3  821 1197 1199
3  1095 585 960
3  227 841 1200
3  827 227 828
3  838 1201 600
3  587 589 1202
3  712 603 840
3  603 290 840
3  1100 840 1107
3  99 724 1106
3  621 1102 1101
3  734 733 849
3  1203 1204 851
3  1205 1116 1206
3  712 498 713
3  498 497 713
3  1098 227 1200
3  964 587 1099
3  841 964 1200
3  841 227 229
3  707 976 971
3  976 975 971
3  589 497 1202
3  1096 836 1097
3  977 976 709
3  712 977 709
3  607 609 608
3  608 609 854
3  979 607 1104
3  606 844 1207
3  978 1208 490
3  978 979 1208
3  984 981 985
3  491 852 1109
3  719 718 845
3  845 718 983
3  1109 852 851
3  981 978 985
3  1209 852 983
3  852 491 983
3  1209 983 1210
3  983 718 1210
3  1211 1212 1213
3  287 1111 846
3  609 106 846
3  615 990 986
3  1212 1211 846
3  1211 609 846
3  505 504 358
3  347 346 604
3  317 316 857
3  316 614 857
3  992 357 358
3  856 357 858
3  1203 851 853
3  1210 718 720
3  325 720 862
3  991 1214 1112
3  990 615 721
3  615 855 721
3  989 1215 863
3  990 994 987
3  725 1113 723
3  1113 994 723
3  848 849 1000
3  860 1114 833
3  686 867 739
3  1086 512 373
3  686 688 867
3  877 372 739
3  1102 623 1216
3  1102 621 623
3  695 406 696
3  818 1217 1005
3  622 621 733
3  733 621 849
3  1217 734 1218
3  696 702 1219
3  510 944 1190
3  860 834 1000
3  1113 864 866
3  1113 1114 864
3  1220 1215 1221
3  325 861 326
3  989 1222 1221
3  1004 989 863
3  879 688 996
3  688 687 996
3  404 695 1194
3  879 404 1194
3  995 687 594
3  687 686 594
3  730 521 1223
3  730 519 521
3  1008 583 884
3  583 484 884
3  740 628 423
3  628 467 423
3  575 576 1010
3  1009 999 887
3  1009 1010 1007
3  576 872 1010
3  1082 810 1120
3  870 1082 1007
3  810 476 1120
3  476 999 1120
3  583 1008 332
3  1008 633 332
3  381 1029 892
3  892 1029 1224
3  889 888 1011
3  644 889 1011
3  54 1225 1226
3  643 1227 1228
3  895 898 1229
3  643 642 1227
3  1230 1231 641
3  1036 1135 898
3  1012 1232 1130
3  1233 1234 1235
3  380 1018 1017
3  1236 1126 1020
3  1225 54 1237
3  1238 1225 1237
3  1239 539 538
3  1240 755 757
3  1019 1018 1127
3  380 219 1018
3  542 890 675
3  220 675 891
3  1234 1236 1128
3  890 1128 891
3  770 771 768
3  771 541 768
3  1035 635 634
3  1241 773 1242
3  1242 636 1034
3  635 896 1032
3  1023 1230 641
3  634 1038 1132
3  1242 773 775
3  674 1241 1136
3  1031 81 1243
3  1241 1243 1136
3  1244 1245 1246
3  1142 1179 1143
3  1247 1248 1249
3  1138 1039 1139
3  1250 1043 1251
3  1252 1253 1254
3  650 1165 1164
3  780 650 649
3  1255 1048 1256
3  1257 1146 1258
3  76 1259 1256
3  76 800 1259
3  646 1250 1251
3  1044 1042 1041
3  1146 1257 237
3  1042 1048 1255
3  1145 549 637
3  1260 637 1261
3  75 1145 911
3  1262 1254 1263
3  1264 673 1265
3  1265 1266 1040
3  776 263 1267
3  656 908 1138
3  1267 1149 1268
3  900 1149 901
3  388 297 1088
3  388 313 297
3  905 907 1269
3  1239 1181 1123
3  1270 923 1271
3  916 664 671
3  930 449 1076
3  449 797 1076
3  798 212 925
3  893 1272 894
3  928 781 929
3  781 1273 929
3  1046 1273 783
3  1273 781 783
3  1070 1170 1169
3  1068 1274 1275
3  1186 1067 1069
3  679 805 1276
3  1156 1277 1278
3  1254 1262 750
3  1054 792 794
3  805 1270 1172
3  1173 1061 789
3  1060 1157 1057
3  1060 1057 1279
3  799 1061 1173
3  1280 1135 1230
3  772 896 1036
3  640 1176 1180
3  1180 1179 1163
3  1141 1247 1178
3  1247 1281 1178
3  1179 1176 1282
3  1176 654 1282
3  1024 1283 1025
3  766 640 639
3  535 1184 536
3  1184 1183 1182
3  1284 646 1285
3  905 1286 1287
3  303 677 304
3  456 304 676
3  457 275 682
3  275 681 682
3  792 1187 1188
3  679 1276 435
3  617 291 610
3  291 746 610
3  698 1189 398
3  1189 96 398
3  377 402 378
3  1195 378 1288
3  465 398 939
3  398 98 939
3  611 997 612
3  997 582 612
3  396 397 813
3  466 1083 470
3  481 483 630
3  483 997 949
3  949 873 630
3  873 872 630
3  1218 734 1191
3  734 848 1191
3  1192 1289 882
3  1290 1194 1084
3  867 688 868
3  688 878 868
3  877 868 373
3  1086 510 512
3  512 605 373
3  605 371 373
3  874 1193 1291
3  992 993 1291
3  942 1190 943
3  1084 1194 1292
3  348 572 349
3  572 616 349
3  574 697 732
3  732 697 573
3  871 747 469
3  466 465 1083
3  307 529 284
3  529 360 284
3  528 300 1195
3  528 422 300
3  570 743 1196
3  743 570 526
3  959 585 584
3  832 838 600
3  599 598 1091
3  704 599 705
3  178 822 955
3  178 701 822
3  823 826 179
3  826 819 179
3  950 519 954
3  519 335 954
3  822 951 955
3  951 407 955
3  485 522 255
3  255 522 524
3  265 827 1093
3  830 597 1293
3  1198 585 1095
3  522 485 1198
3  598 454 1091
3  599 1091 825
3  965 836 1294
3  1096 601 1295
3  1197 1296 1199
3  959 838 839
3  227 1098 828
3  1098 494 828
3  842 229 493
3  229 228 493
3  1297 1298 839
3  495 1294 1299
3  1106 972 1107
3  498 712 1100
3  972 1106 1108
3  1106 724 980
3  1106 980 1108
3  980 411 1108
3  1114 860 1002
3  945 1118 946
3  1209 1210 973
3  1204 831 1110
3  964 1099 1200
3  1099 1098 1200
3  842 971 843
3  971 975 843
3  1097 1300 1301
3  1097 835 1300
3  976 708 709
3  289 709 710
3  607 844 1104
3  844 845 1105
3  844 607 1207
3  607 606 1207
3  982 1208 1105
3  1208 979 1105
3  981 984 850
3  984 409 850
3  1208 982 490
3  982 491 490
3  973 1210 324
3  852 1209 853
3  1213 1212 1112
3  1111 287 986
3  716 1213 1302
3  609 1211 716
3  347 604 358
3  604 505 358
3  1210 720 325
3  1214 862 1302
3  1211 1213 716
3  854 609 716
3  991 1004 863
3  1215 861 863
3  833 736 693
3  833 1114 736
3  1116 1303 1117
3  1118 1002 1003
3  620 727 728
3  727 726 728
3  622 515 1090
3  515 514 1090
3  623 1089 1304
3  1089 517 1304
3  734 1217 735
3  1217 818 735
3  694 696 1219
3  406 699 696
3  701 177 1005
3  177 818 1005
3  880 737 881
3  881 737 874
3  865 988 866
3  988 994 866
3  865 945 1222
3  865 1118 945
3  989 988 1222
3  988 865 1222
3  945 966 1222
3  861 1215 1220
3  875 943 1305
3  1305 1084 876
3  521 520 700
3  520 699 700
3  995 1223 869
3  995 296 1223
3  744 423 527
3  423 422 526
3  887 660 1306
3  660 575 1306
3  887 1306 1010
3  1306 575 1010
3  1010 872 1007
3  872 871 1007
3  333 745 334
3  745 999 334
3  1184 937 1185
3  1026 1012 1224
3  643 889 644
3  1012 1130 1013
3  642 644 938
3  1184 535 937
3  1236 1234 1028
3  1280 1230 1235
3  1232 1233 1174
3  1233 1232 1026
3  1307 1308 1129
3  1130 1308 1013
3  1126 1021 1020
3  220 891 1022
3  1126 1236 1027
3  1027 1236 1028
3  1015 761 1309
3  758 760 1237
3  1225 761 1226
3  761 54 1226
3  760 643 1228
3  535 537 1310
3  642 937 1227
3  937 535 1227
3  1029 381 1017
3  381 380 1017
3  891 1128 1125
3  891 1020 1022
3  767 1030 768
3  1030 232 768
3  769 897 1033
3  897 1031 1033
3  1033 1031 1311
3  909 1312 1313
3  1241 674 773
3  674 774 773
3  655 1312 909
3  655 765 1312
3  1037 673 1264
3  648 1049 1314
3  1243 81 1136
3  81 672 1136
3  1282 654 1148
3  654 656 1148
3  1264 1265 1040
3  1266 648 1314
3  1248 777 1249
3  783 782 1315
3  1257 1316 237
3  1317 1069 1275
3  914 1164 1318
3  1284 1250 646
3  649 651 1319
3  1047 649 1319
3  782 1281 1315
3  778 1320 779
3  1048 76 1256
3  236 800 237
3  1165 650 1144
3  650 443 1144
3  1255 235 1321
3  1062 645 1322
3  549 550 638
3  550 368 638
3  1145 1147 911
3  1043 1140 1251
3  802 910 1323
3  1324 800 802
3  1244 1049 1245
3  1049 1244 1314
3  1267 263 1149
3  263 902 1149
3  1049 776 1245
3  1267 1325 1326
3  1327 1325 1328
3  777 1329 1328
3  1330 1267 1326
3  1246 1245 1326
3  899 1149 900
3  1149 902 901
3  730 1223 298
3  1223 296 298
3  297 595 1088
3  297 296 595
3  953 817 1088
3  817 729 1088
3  916 671 922
3  785 1277 786
3  797 1173 1331
3  1060 261 1157
3  450 533 1332
3  893 441 450
3  893 450 1332
3  1073 1075 1016
3  1333 1334 1335
3  924 531 530
3  1336 1062 905
3  1337 1338 647
3  1154 1045 1315
3  1045 783 1315
3  1253 1064 1066
3  368 627 1339
3  429 1340 619
3  429 433 1340
3  749 1341 1342
3  1343 1344 907
3  1070 1053 1071
3  1071 1053 1055
3  548 1277 1156
3  1270 805 807
3  678 684 1345
3  917 678 1345
3  1276 1172 1188
3  1276 805 1172
3  446 445 1346
3  1347 1348 1349
3  1342 1350 1351
3  1351 1350 933
3  1157 1076 1057
3  1076 1331 1352
3  795 669 670
3  1353 1354 1355
3  1179 1282 1143
3  1141 1177 1142
3  1177 1141 1178
3  1247 1141 1356
3  765 639 1133
3  1135 1035 1134
3  1179 1142 1163
3  1142 1177 1163
3  1308 1130 1129
3  1183 438 1357
3  1336 905 1287
3  1161 1333 1162
3  1122 447 1358
3  1077 756 1158
3  1359 1181 927
3  1360 1183 1185
3  304 677 676
3  677 684 678
3  1171 1170 1361
3  1274 1339 1275
3  922 935 923
3  1053 1070 1067
3  815 743 1087
3  1087 1195 1288
3  697 612 573
3  612 582 573
3  747 812 469
3  812 295 469
3  949 611 748
3  611 746 748
3  747 746 813
3  746 396 813
3  1218 1191 694
3  881 1085 882
3  1190 944 1290
3  944 878 1290
3  737 1193 874
3  859 992 1291
3  357 992 859
3  1193 317 858
3  941 943 993
3  943 875 993
3  943 1190 1305
3  1190 1290 1305
3  468 689 350
3  689 399 350
3  285 570 1196
3  354 286 816
3  300 422 301
3  422 362 301
3  299 478 885
3  478 270 885
3  523 1296 1197
3  1296 1298 1199
3  832 1297 839
3  1296 523 1095
3  962 596 1362
3  967 962 1362
3  958 1092 1091
3  705 599 825
3  523 705 825
3  524 523 825
3  585 1198 586
3  1293 597 957
3  1093 827 1363
3  827 494 1363
3  1198 485 956
3  485 961 956
3  495 965 1294
3  836 1096 1294
3  494 1098 495
3  1098 965 495
3  1297 516 518
3  517 1089 1364
3  1115 1304 1365
3  1297 832 1366
3  1089 514 1364
3  514 821 1364
3  32 970 493
3  970 842 493
3  601 600 1295
3  1294 1096 1295
3  411 410 1108
3  410 624 1108
3  840 412 1107
3  412 99 1107
3  848 1000 1001
3  849 621 1101
3  1300 1367 1368
3  499 624 831
3  714 1096 1097
3  831 1204 1368
3  587 1202 837
3  1202 835 837
3  974 1369 1370
3  714 1097 1103
3  708 32 710
3  32 289 710
3  491 1109 492
3  1109 409 492
3  978 490 985
3  490 492 985
3  1212 846 1112
3  1214 1213 1112
3  1221 966 1303
3  1365 1371 1372
3  1213 1214 1302
3  862 720 717
3  1111 986 1112
3  986 991 1112
3  862 1214 863
3  1214 991 863
3  736 318 693
3  318 317 693
3  834 880 1289
3  1289 880 882
3  372 728 739
3  728 726 739
3  947 1102 1216
3  1304 517 1365
3  702 1005 1219
3  1005 1217 1219
3  860 1000 1002
3  1102 946 1003
3  1215 989 1221
3  1205 1220 1303
3  1194 1290 1119
3  1290 878 1119
3  1085 1084 1292
3  695 694 1192
3  1223 521 869
3  521 700 869
3  570 742 527
3  742 384 527
3  1232 1012 1026
3  1011 892 1224
3  888 892 1011
3  1012 1011 1224
3  1308 644 1013
3  644 1011 1013
3  644 1308 938
3  1308 1307 938
3  1135 1280 898
3  1130 1232 1131
3  1230 1023 1174
3  898 1280 1229
3  1235 1234 1229
3  1280 1235 1229
3  1021 219 1022
3  219 220 1022
3  1018 1021 1127
3  1027 1121 1019
3  1074 1073 1310
3  760 1238 1237
3  54 762 1237
3  762 758 1237
3  1080 540 1358
3  536 1239 537
3  1373 445 447
3  1374 1346 1375
3  893 1332 1162
3  1333 1376 1162
3  1128 1236 1125
3  1236 1020 1125
3  1242 775 636
3  1031 1243 1311
3  1038 1312 1132
3  1312 765 1132
3  656 655 909
3  774 1037 1264
3  1264 1377 1313
3  1377 909 1313
3  908 1039 1138
3  1378 1248 1379
3  673 1153 1265
3  648 1266 1153
3  1039 1244 1246
3  901 904 1152
3  1077 1158 1160
3  1380 906 1063
3  1260 1262 1263
3  1316 1257 1381
3  1382 1287 1383
3  1046 1045 1384
3  650 914 651
3  1154 1320 1155
3  904 903 913
3  903 1047 913
3  1155 1320 1385
3  914 650 1164
3  1045 1154 1318
3  1154 914 1318
3  235 1259 236
3  1259 800 236
3  235 1316 1321
3  1321 1316 1381
3  1165 1144 1041
3  1144 1044 1041
3  1337 1140 1321
3  1337 1321 1381
3  1250 1165 1043
3  1165 1041 1043
3  1320 778 1385
3  1155 912 915
3  778 777 1151
3  1151 777 1328
3  1149 1325 1268
3  1325 1267 1268
3  899 1325 1150
3  1325 1149 1150
3  1245 776 1330
3  776 1267 1330
3  547 663 548
3  1277 548 786
3  544 1060 1279
3  789 918 920
3  1014 533 1015
3  533 53 1015
3  1272 1376 1333
3  1386 919 1387
3  1272 531 894
3  531 441 894
3  531 1272 532
3  1272 893 1376
3  1161 1081 1333
3  1388 1354 1389
3  1390 1124 1391
3  1336 1382 1285
3  1281 1320 1315
3  1320 1154 1315
3  1317 627 238
3  627 370 238
3  1147 637 1260
3  1069 1068 1275
3  1186 1051 1187
3  1340 433 435
3  1338 1392 1393
3  1380 1063 1393
3  1078 1394 1395
3  1396 1169 1171
3  1397 1398 1278
3  807 1056 921
3  916 922 917
3  922 921 917
3  671 277 1156
3  277 548 1156
3  919 918 1399
3  798 925 1400
3  1347 1401 1402
3  1401 1386 1402
3  790 789 1349
3  1173 789 791
3  918 668 1399
3  1387 1399 1400
3  918 799 670
3  799 795 670
3  1320 1281 779
3  1281 1247 779
3  1281 782 1178
3  782 936 1178
3  1148 1378 1379
3  1141 1143 1356
3  1230 1135 1231
3  1231 1135 1133
3  1133 1135 1134
3  1132 765 1133
3  640 1283 1024
3  640 1180 1283
3  1283 1163 1175
3  1283 1180 1163
3  536 1184 1182
3  1307 1360 1185
3  1307 1129 1403
3  1232 1174 1131
3  1181 1239 536
3  1239 538 537
3  1404 756 1405
3  756 755 1405
3  1181 1359 1123
3  1123 1359 1124
3  1286 905 1269
3  1373 1286 1344
3  439 1177 440
3  1177 936 440
3  1054 1053 792
3  1053 1186 792
3  1274 1406 1407
3  1341 1171 1408
3  1274 1068 1406
3  1051 1409 1052
3  1410 1054 1398
3  1411 1171 1361
3  300 269 1195
3  417 948 1288
3  1083 870 470
3  870 469 470
3  875 1305 876
3  1305 1290 1084
3  1193 859 1291
3  1193 858 859
3  993 875 1291
3  875 874 1291
3  743 815 1196
3  815 286 1196
3  1201 838 1412
3  838 959 1412
3  1091 1092 825
3  1092 254 825
3  1413 1293 1414
3  1293 957 962
3  1362 963 1094
3  963 265 1093
3  967 1094 968
3  1094 1363 968
3  600 1201 1295
3  1366 602 1415
3  1298 1297 518
3  1364 821 1199
3  1298 1296 960
3  1296 1095 960
3  1298 960 839
3  960 959 839
3  1115 1365 1372
3  1366 832 602
3  517 1364 518
3  1297 1366 516
3  496 1299 1416
3  496 495 1299
3  851 1204 1110
3  1109 851 1110
3  1369 1103 1417
3  715 1103 1418
3  965 1099 837
3  1099 587 837
3  1210 325 324
3  1203 853 1370
3  716 1302 717
3  1302 862 717
3  1118 864 1002
3  864 1114 1002
3  1192 1191 1289
3  1191 848 1289
3  517 516 1365
3  516 1366 1371
3  1217 1218 1219
3  1218 694 1219
3  1000 849 1003
3  849 1101 1003
3  946 1102 947
3  1115 1117 1216
3  1222 966 1221
3  1220 1221 1303
3  1303 966 1117
3  1116 1205 1303
3  1194 695 1292
3  695 1192 1292
3  1234 1233 1028
3  1233 1026 1028
3  1029 1121 1224
3  1121 1026 1224
3  1234 1128 1229
3  1128 895 1229
3  1233 1235 1174
3  1235 1230 1174
3  1126 1027 1127
3  1027 1019 1127
3  1081 1161 1075
3  1073 1419 1420
3  537 1074 1310
3  537 538 1074
3  447 1080 1358
3  446 1080 447
3  1333 1081 1334
3  1081 1075 1421
3  1332 1014 1162
3  1238 760 1228
3  1225 1238 1419
3  761 1225 1419
3  1243 1241 1311
3  1241 1242 1311
3  1038 634 775
3  775 634 636
3  636 635 1034
3  635 1032 1034
3  908 909 1377
3  1312 1038 1313
3  1038 774 1313
3  774 1264 1313
3  673 672 1153
3  672 195 1153
3  1244 1039 1314
3  1153 1266 1265
3  1266 1314 1040
3  1314 1039 1040
3  777 1248 1329
3  1248 1137 1329
3  1148 1138 1378
3  1138 1137 1378
3  1137 1246 1327
3  1246 1326 1327
3  1260 1261 1422
3  1261 1339 1422
3  1252 749 1394
3  749 1342 1394
3  237 1324 1065
3  1140 1337 1251
3  1063 1062 1322
3  1062 1336 645
3  914 1155 915
3  913 1047 1319
3  1165 1250 1166
3  1250 1284 1166
3  1259 235 1256
3  235 1255 1256
3  1140 1042 1321
3  1042 1255 1321
3  1381 1257 1392
3  1316 235 237
3  778 912 1385
3  912 1155 1385
3  902 904 901
3  904 912 1152
3  912 778 1152
3  778 1151 1152
3  1245 1330 1326
3  1326 1325 1327
3  548 663 786
3  663 662 786
3  1398 1271 1278
3  1071 1055 1410
3  1423 1279 1059
3  1055 1054 1410
3  919 1399 1387
3  1240 1387 1355
3  925 1389 1353
3  530 532 1389
3  533 1014 1332
3  1376 893 1162
3  1273 1046 1167
3  1284 1285 1168
3  238 240 1409
3  1340 1050 1052
3  637 638 1261
3  638 368 1261
3  1409 240 1052
3  1340 435 1050
3  1380 1424 1425
3  1159 1158 1425
3  1338 1381 1392
3  1426 1427 1428
3  1392 1258 1429
3  1380 1393 1429
3  1079 1078 1351
3  1077 1079 1430
3  917 921 678
3  921 1056 678
3  1172 1270 794
3  1431 1361 1432
3  1401 919 1386
3  1240 1386 1387
3  790 1348 932
3  1348 790 1349
3  919 1401 920
3  1401 1347 1349
3  1401 1349 920
3  1349 789 920
3  1388 1389 1433
3  1354 1374 1434
3  777 779 1249
3  779 1247 1249
3  1137 1248 1378
3  1248 1247 1356
3  1035 634 1134
3  634 1132 1134
3  1024 1023 641
3  640 1024 641
3  438 1360 1175
3  1360 1283 1175
3  1360 438 1183
3  1181 536 1182
3  937 938 1185
3  938 1307 1185
3  1025 1283 1403
3  1129 1025 1403
3  1424 1159 1425
3  1427 1160 1424
3  1122 539 1123
3  539 1239 1123
3  1062 906 905
3  1286 1373 1390
3  1359 929 1391
3  1124 1359 1391
3  1346 445 1375
3  445 1373 1344
3  927 440 928
3  440 936 928
3  438 440 1357
3  440 927 1357
3  1068 1067 1169
3  1067 1070 1169
3  1423 1059 1435
3  1054 794 1398
3  1072 1436 1432
3  1331 1173 791
3  269 378 1195
3  948 1087 1288
3  378 402 1288
3  402 417 1288
3  1085 881 876
3  881 874 876
3  1201 1412 1416
3  1412 959 584
3  596 963 1362
3  967 1362 1094
3  494 496 1363
3  1299 1201 1416
3  1412 584 1437
3  1363 496 968
3  1364 1199 518
3  1199 1298 518
3  1103 1369 1438
3  602 715 1415
3  1201 1299 1295
3  1299 1294 1295
3  831 410 1110
3  410 409 1110
3  835 1202 1300
3  1202 497 1367
3  1418 1438 1439
3  715 1418 1439
3  497 499 1367
3  1300 1440 1301
3  1209 973 853
3  973 974 1370
3  1205 1206 1441
3  1206 1438 1441
3  1418 1103 1438
3  853 973 1370
3  720 719 717
3  719 606 717
3  834 1289 1001
3  1289 848 1001
3  1085 1292 882
3  1292 1192 882
3  516 1371 1365
3  1415 1439 1372
3  966 947 1117
3  1117 947 1216
3  623 1304 1216
3  1304 1115 1216
3  1023 1025 1131
3  1025 1129 1131
3  1075 1074 1421
3  1074 538 1421
3  1419 1228 1420
3  1227 535 1310
3  1374 1442 1434
3  1343 1442 1375
3  1122 1390 1443
3  1390 1373 1443
3  1081 1421 540
3  1421 538 540
3  1122 1443 447
3  1443 1373 447
3  1238 1228 1419
3  1228 1227 1420
3  1162 1014 1016
3  1075 1162 1016
3  1033 1311 1034
3  1311 1242 1034
3  908 1377 1040
3  1377 1264 1040
3  1039 1246 1139
3  1246 1137 1139
3  1356 1143 1379
3  1248 1356 1379
3  1329 1327 1328
3  1329 1137 1327
3  802 1323 1066
3  1252 1254 750
3  1396 1341 1406
3  1339 1274 1422
3  1424 1429 1444
3  1424 1380 1429
3  800 1324 1445
3  1324 802 1065
3  645 1336 1285
3  646 645 1285
3  913 1319 915
3  1319 651 915
3  1164 1166 1318
3  1166 1284 1318
3  1338 1393 1322
3  1338 1337 1381
3  1277 785 1446
3  785 1423 1446
3  1423 785 1279
3  785 544 1279
3  1447 1448 1449
3  1076 797 1331
3  240 132 619
3  132 618 619
3  1186 1069 1450
3  1317 238 1409
3  1262 1422 1407
3  1261 368 1339
3  1069 1317 1450
3  1317 1409 1450
3  435 1276 1050
3  1051 1050 1187
3  1257 1258 1392
3  1393 1063 1322
3  910 911 1323
3  1444 1451 1452
3  1347 1453 933
3  1411 932 934
3  1411 1350 1408
3  1394 1342 1395
3  1171 1411 1408
3  1341 1396 1171
3  684 666 1345
3  666 917 1345
3  1270 807 923
3  807 921 923
3  1386 757 1402
3  1386 1240 757
3  1388 1433 1454
3  1400 1353 1355
3  1374 1388 1346
3  1389 532 1433
3  1389 1354 1353
3  925 530 1389
3  1143 1282 1379
3  1282 1148 1379
3  1231 1133 641
3  1133 639 641
3  1283 1360 1403
3  1360 1307 1403
3  1158 756 1404
3  1343 1404 1405
3  1382 1336 1287
3  1390 1122 1124
3  929 1273 1391
3  1359 927 929
3  1183 1357 1182
3  1357 927 1182
3  1059 1455 1435
3  1277 1397 1278
3  1411 1431 932
3  1455 1058 1447
3  1436 1455 1432
3  1170 1070 1072
3  586 830 1413
3  968 496 969
3  1093 1363 1094
3  1416 1412 969
3  496 1416 969
3  584 586 1413
3  1415 715 1439
3  1371 1366 1415
3  1369 974 1438
3  1438 974 1441
3  1440 1300 1368
3  1204 1203 1440
3  1204 1440 1368
3  1300 1202 1367
3  861 1220 326
3  1220 1205 326
3  1203 1370 1417
3  1370 1369 1417
3  1227 1310 1420
3  1310 1073 1420
3  1354 1388 1374
3  1442 1374 1375
3  540 539 1358
3  539 1122 1358
3  1073 1016 1309
3  1016 1015 1309
3  1325 899 1328
3  899 1151 1328
3  1341 749 751
3  749 1252 750
3  1068 1169 1406
3  1169 1396 1406
3  1252 1394 1428
3  1394 1078 1426
3  1427 1078 1160
3  1078 1077 1160
3  1160 1159 1424
3  1158 1404 1425
3  1324 237 1445
3  237 800 1445
3  1065 802 1066
3  1258 1146 1451
3  1254 1456 1263
3  1254 1253 1456
3  646 1251 647
3  1251 1337 647
3  1285 1382 1168
3  1382 1167 1168
3  1045 1318 1384
3  1318 1284 1384
3  790 932 1449
3  1352 1331 1448
3  240 619 1052
3  619 1340 1052
3  1339 627 1275
3  627 1317 1275
3  1422 1274 1407
3  1262 1260 1422
3  1409 1051 1450
3  1051 1186 1450
3  1050 1276 1188
3  792 1186 1187
3  1146 1065 1451
3  1393 1392 1429
3  1065 1064 1451
3  1429 1258 1444
3  1453 1351 933
3  1079 1351 1453
3  1350 1342 1408
3  1342 1341 1408
3  1402 757 1430
3  1347 1402 1453
3  1081 1080 1334
3  1080 446 1334
3  532 1272 1433
3  1433 1335 1454
3  1387 1400 1355
3  925 1353 1400
3  906 1404 907
3  1404 1343 907
3  1404 906 1425
3  906 1380 1425
3  755 1442 1405
3  1442 1343 1405
3  1273 1167 1391
3  1390 1391 1383
3  1170 1072 1361
3  1072 1071 1436
3  1361 1072 1432
3  1431 1411 1361
3  830 1293 1413
3  969 1413 1414
3  1439 1206 1372
3  1371 1415 1372
3  1439 1438 1206
3  974 324 1441
3  1103 1301 1417
3  1103 1097 1301
3  1367 499 1368
3  499 831 1368
3  324 326 1441
3  326 1205 1441
3  1301 1440 1417
3  1440 1203 1417
3  446 1346 1454
3  1346 1388 1454
3  445 1344 1375
3  1344 1343 1375
3  1442 755 1434
3  755 1240 1434
3  761 1419 1309
3  1419 1073 1309
3  1406 751 1407
3  1406 1341 751
3  1342 1351 1395
3  1351 1078 1395
3  1078 1427 1426
3  1394 1426 1428
3  1456 1323 1457
3  1323 911 1457
3  911 1147 1457
3  1456 1457 1263
3  1046 1384 1168
3  1384 1284 1168
3  932 1431 1447
3  1279 1057 1059
3  1331 791 1448
3  932 1447 1449
3  751 750 1407
3  750 1262 1407
3  1172 793 1188
3  793 792 1188
3  645 647 1322
3  647 1338 1322
3  1427 1424 1444
3  1428 1427 1452
3  1453 1402 1430
3  1079 1453 1430
3  1433 1272 1335
3  1272 1333 1335
3  1399 668 1400
3  668 798 1400
3  1354 1434 1355
3  1434 1240 1355
3  907 1344 1269
3  1344 1286 1269
3  1287 1286 1383
3  1286 1390 1383
3  1071 1410 1458
3  1410 1397 1459
3  1455 1447 1432
3  1447 1431 1432
3  584 1413 1437
3  967 969 1414
3  1206 1116 1372
3  1116 1115 1372
3  1335 1334 1454
3  1334 446 1454
3  1064 1253 1428
3  1253 1252 1428
3  1457 1147 1263
3  1147 1260 1263
3  1323 1456 1066
3  1456 1253 1066
3  1058 1455 1059
3  1436 1458 1435
3  1058 1057 1352
3  1057 1076 1352
3  1447 1058 1448
3  1058 1352 1448
3  1448 791 1449
3  791 790 1449
3  757 756 1430
3  756 1077 1430
3  932 1348 933
3  1348 1347 933
3  1391 1167 1383
3  1167 1382 1383
3  923 935 1271
3  1410 1398 1397
3  1277 1446 1397
3  1455 1436 1435
3  1458 1410 1459
3  1436 1071 1458
3  1413 969 1437
3  969 1412 1437
3  1293 962 1414
3  962 967 1414
3  1258 1451 1444
3  1427 1444 1452
3  933 1350 934
3  1350 1411 934
3  1398 794 1271
3  794 1270 1271
3  1397 1446 1459
3  1446 1423 1459
3  1271 935 1278
3  935 1156 1278
3  1451 1064 1452
3  1064 1428 1452
3  1458 1459 1435
3  1459 1423 1435
