OFF
553 1102 0
0 0 0
1.18661e-07 -9.95074 0
-4.34961e-07 9.95074 0
-1.82844 -9.78131 0
-0.918136 -9.90829 0
-7.14375 6.92705 435.896
-4.34961e-07 9.95074 435.896
-3.87866 9.16369 435.896
0.0985222 0 0
9.95074 0 0
3.59462 9.27879 0
1.82844 9.78131 0
-9.95074 -8.69921e-07 435.896
9.95074 0 435.896
7.14376 -6.92704 0
1.18661e-07 -9.95074 435.896
7.14376 -6.92704 435.896
2.72315 9.57088 0
-9.95074 -8.69921e-07 0
-9.38508 -3.30718 0
-9.16369 -3.87866 0
-9.27879 -3.59462 0
6.92705 7.14375 435.896
9.16369 3.87866 435.896
6.92705 7.14375 0
9.27879 -3.59462 0
9.78131 -1.82844 0
9.57088 -2.72315 0
3.87866 -9.16369 435.896
-6.92705 -7.14375 0
-3.59462 -9.27879 0
-1.82844 9.78131 435.896
-1.82844 9.78131 8.575
-2.12879 9.72036 11.4333
-5.74928 8.12176 102.9
-5.49644 8.29496 94.325
-5.49644 8.29496 68.6
9.16369 3.87866 0
9.27879 3.59462 0
3.59462 9.27879 435.896
3.87866 9.16369 0
8.29496 5.49644 435.896
3.87866 -9.16369 0
3.59462 -9.27879 0
9.27879 -3.59462 435.896
9.16369 -3.87865 0
5.49644 -8.29496 435.896
-8.12176 -5.74928 0
-7.55664 -6.47413 0
-7.75243 -6.23836 0
-6.92705 -7.14375 435.896
-3.01659 -9.48248 85.75
-2.72315 -9.57088 435.896
-3.01659 -9.48248 435.896
-8.90754 -4.43543 261.538
-8.76672 -4.70763 435.896
-8.90754 -4.43543 435.896
-1.22283 -9.87532 58.5959
-1.52636 -9.83298 64.3125
-1.22283 -9.87532 0
-5.23839 -8.46029 0
-9.27879 3.59462 94.325
-9.27879 3.59462 435.896
-9.16369 3.87866 101.471
-0.918139 9.90829 435.896
-0.612577 9.93187 435.896
-5.49644 8.29496 435.896
-9.90829 0.918138 12.8625
-9.87532 1.22283 40.0167
-9.87532 1.22283 18.5792
-9.27879 3.59462 15.7208
-9.16369 3.87866 0
-9.27879 3.59462 0
0.918138 9.90829 0
1.52636 9.83298 0
5.23839 8.46029 0
6.23836 7.75243 0
6.70377 7.35368 0
9.78131 1.82844 435.896
8.29496 5.49644 0
8.76672 4.70763 0
9.78131 1.82844 0
9.83298 1.52636 0
7.75243 6.23836 435.896
9.90829 -0.91814 0
9.83298 -1.52636 0
8.46029 -5.23839 0
7.94086 -5.99666 0
7.35369 -6.70377 0
1.82844 -9.78131 435.896
5.49644 -8.29496 0
4.70763 -8.76672 0
1.82844 -9.78131 0
1.52636 -9.83298 0
6.23836 -7.75243 435.896
-9.38508 -3.30718 435.896
-9.94602 -0.306434 435.896
-9.78131 -1.82845 435.896
-9.90829 -0.91814 0
-9.90829 -0.91814 393.021
-9.93187 -0.612579 0
-9.16369 -3.87866 435.896
-9.16369 -3.87866 267.254
-9.0399 -4.15902 265.825
-8.29496 -5.49644 435.896
-8.29496 -5.49644 0
-8.76672 -4.70763 0
-6.92705 -7.14375 124.338
-7.14375 -6.92705 132.913
-5.74927 -8.12176 435.896
-5.49644 -8.29496 17.15
-5.49644 -8.29496 435.896
-0.918136 -9.90829 435.896
-1.22283 -9.87532 435.896
-3.59462 -9.27879 435.896
-6.23836 -7.75243 0
-5.49644 -8.29496 0
-5.74928 8.12176 0
-9.83298 1.52636 21.4375
-9.78131 1.82844 57.1667
-9.78131 1.82844 10.0042
-1.52636 9.83298 5.71667
-1.52636 9.83298 435.896
-1.52636 9.83298 0
-1.22283 9.87532 4.2875
-1.22283 9.87532 0
-5.23839 8.46029 87.1792
-6.23836 7.75243 435.896
-2.72315 9.57088 435.896
-2.72315 9.57088 17.15
-3.01659 9.48248 21.4375
-9.38508 3.30718 90.0375
-7.75243 6.23836 0
-9.38508 3.30718 0
-5.74928 8.12176 435.896
-9.93187 0.612577 21.4375
-9.93187 0.612577 10.0042
-7.35369 6.70377 21.4375
-7.14375 6.92705 0
-7.35369 6.70377 0
-9.83298 1.52636 48.5917
0.612576 9.93187 0
1.82844 9.78131 435.896
0.918138 9.90829 435.896
3.01659 9.48248 0
3.30718 9.38508 0
3.01659 9.48248 435.896
2.12879 9.72036 0
4.43543 8.90754 0
4.97537 8.61759 0
5.23839 8.46029 435.896
4.43543 8.90754 435.896
5.49644 8.29496 0
6.70377 7.35368 435.896
9.90829 0.918138 435.896
9.57088 2.72315 0
9.6502 2.42712 0
9.57088 2.72315 435.896
9.90829 0.918138 0
9.93187 0.612576 0
8.46029 5.23839 0
7.75243 6.23836 0
8.12176 5.74928 0
8.76672 4.70763 435.896
8.90754 4.43543 0
7.35368 6.70377 435.896
9.93187 -0.612578 0
9.78131 -1.82844 435.896
9.94602 -0.306431 435.896
9.90829 -0.91814 435.896
9.48248 -3.01659 0
9.38508 -3.30718 64.3125
9.38508 -3.30718 435.896
9.72036 -2.12879 134.342
8.90754 -4.43542 0
8.76672 -4.70763 0
8.46029 -5.23839 435.896
8.90754 -4.43542 435.896
8.29496 -5.49644 0
7.35369 -6.70377 435.896
0.918141 -9.90829 435.896
3.0166 -9.48248 0
2.42712 -9.6502 0
3.0166 -9.48248 435.896
0.918141 -9.90829 0
0.61258 -9.93187 0
5.23839 -8.46029 0
6.23836 -7.75243 0
5.74928 -8.12176 0
4.70763 -8.76672 435.896
4.43543 -8.90754 0
6.70377 -7.35369 435.896
-6.23836 -7.75243 435.896
-4.43543 -8.90754 0
-9.27879 -3.59462 435.896
-9.87532 -1.22283 161.496
-9.83298 -1.52636 150.063
-9.87532 -1.22283 435.896
-9.57088 -2.72315 0
-8.46029 -5.23839 0
-8.61759 -4.97537 0
-8.90754 -4.43543 0
-8.29496 -5.49644 210.088
-0.918136 -9.90829 50.0209
-1.82844 -9.78131 65.7417
-2.12879 -9.72036 71.4584
-2.42712 -9.6502 77.175
-2.72315 -9.57088 0
-2.42712 -9.6502 0
-3.30717 -9.38508 88.6084
-3.01659 -9.48248 0
-0.612575 -9.93187 0
-1.82844 -9.78131 435.896
-5.99666 -7.94086 435.896
-5.74927 -8.12176 57.1667
-6.23836 -7.75243 42.875
-6.47413 -7.55664 35.7292
-6.70377 -7.35369 21.4375
-6.70377 -7.35369 435.896
-2.42712 9.6502 14.2917
-2.42712 9.6502 435.896
-2.12879 9.72036 4.2875
-3.30718 9.38508 25.725
-3.59462 9.27879 30.0125
-3.30718 9.38508 435.896
-0.612577 9.93187 1.42917
-0.306435 9.94602 1.42917
-6.70377 7.35368 0
-6.47413 7.55664 0
-1.82844 9.78131 0
-5.49644 8.29496 0
-3.30718 9.38508 0
-5.23839 8.46029 435.896
-5.23839 8.46029 12.8625
-7.14375 6.92705 132.913
-7.75243 6.23836 435.896
-7.94086 5.99666 91.4667
-7.94086 5.99666 435.896
-8.29496 5.49644 131.483
-8.12176 5.74928 108.617
-8.29496 5.49644 12.8625
-9.78131 1.82844 435.896
-9.38508 3.30718 54.3084
-9.94602 0.306434 17.15
-9.94602 0.306434 5.71667
-9.16369 3.87866 435.896
-8.46029 5.23839 435.896
-8.61759 4.97537 120.05
-8.61759 4.97537 435.896
-8.12176 5.74928 128.625
-9.93187 0.612577 435.896
-9.57088 2.72315 435.896
-9.6502 2.42712 78.6042
-9.6502 2.42712 435.896
-9.57088 2.72315 85.75
-9.48248 3.01659 167.213
-9.57088 2.72315 0
-8.90754 4.43543 435.896
-8.90754 4.43543 111.475
-9.0399 4.15901 18.5792
0.306434 9.94602 0
2.72315 9.57088 435.896
0.306434 9.94602 435.896
1.52636 9.83298 435.896
1.22283 9.87532 0
2.12879 9.72036 435.896
2.42712 9.6502 0
4.97537 8.61759 435.896
4.70763 8.76672 0
4.15901 9.0399 0
3.87866 9.16369 435.896
6.47413 7.55664 0
5.74928 8.12176 0
5.99666 7.94086 0
5.49644 8.29496 435.896
6.23836 7.75243 435.896
9.38508 3.30718 0
9.72036 2.12879 0
9.6502 2.42712 435.896
9.48248 3.01659 0
9.27879 3.59462 435.896
9.93187 0.612576 435.896
9.87532 1.22283 0
9.83298 1.52636 435.896
9.94602 0.306434 435.896
8.61759 4.97537 0
8.46029 5.23839 435.896
9.0399 4.15901 0
8.90754 4.43543 435.896
9.0399 4.15901 435.896
7.94086 5.99666 0
7.55664 6.47413 435.896
7.94086 5.99666 435.896
7.35368 6.70377 0
7.14375 6.92705 0
9.94602 -0.306431 0
9.93187 -0.612578 335.854
9.57088 -2.72315 435.896
9.57088 -2.72315 71.4584
9.6502 -2.42712 101.471
9.48248 -3.01659 64.3125
9.38508 -3.30718 0
9.83298 -1.52636 207.229
9.6502 -2.42712 435.896
9.72036 -2.12879 0
9.0399 -4.15901 0
8.61759 -4.97537 0
8.61759 -4.97537 435.896
9.0399 -4.15901 435.896
7.55664 -6.47413 0
7.94086 -5.99666 435.896
7.75243 -6.23835 0
8.12176 -5.74928 0
8.12176 -5.74928 435.896
2.72315 -9.57088 0
2.12879 -9.72036 0
2.12879 -9.72036 435.896
3.30718 -9.38508 0
3.59462 -9.27879 435.896
0.61258 -9.93187 435.896
1.22283 -9.87532 0
1.52636 -9.83298 435.896
0.306433 -9.94602 435.896
4.97537 -8.61759 0
5.23839 -8.46029 435.896
4.43543 -8.90754 435.896
4.15902 -9.0399 0
5.99666 -7.94086 0
6.70377 -7.35369 0
6.47413 -7.55664 0
5.74928 -8.12176 435.896
6.92705 -7.14375 435.896
-9.78131 -1.82845 0
-9.78131 -1.82845 355.863
-9.94602 -0.306434 0
-2.72315 -9.57088 82.8917
-3.87865 -9.16369 0
-8.12176 -5.74928 435.896
-9.48248 -3.01659 0
-9.72036 -2.12879 0
-8.76672 -4.70763 252.963
-8.46029 -5.23839 228.667
-8.61759 -4.97537 274.4
-7.35368 -6.70377 435.896
-7.14375 -6.92705 435.896
-7.75243 -6.23836 435.896
-7.75243 -6.23836 180.075
-7.94086 -5.99666 165.783
-2.42712 -9.6502 435.896
-0.612575 -9.93187 45.7333
-0.306433 -9.94602 45.7333
-0.612575 -9.93187 435.896
-3.59462 -9.27879 88.6084
-5.99666 -7.94086 121.479
-6.47413 -7.55664 0
-3.01659 9.48248 0
-4.70763 8.76672 435.896
-4.15901 9.0399 435.896
-0.918139 9.90829 2.85833
-0.306435 9.94602 0
-4.97537 8.61759 74.3167
-4.70763 8.76672 58.5959
-4.97537 8.61759 20.0083
-4.15901 9.0399 44.3042
-3.87866 9.16369 35.7292
-6.92705 7.14375 170.071
-6.70377 7.35368 128.625
-6.47413 7.55664 121.479
-6.23836 7.75243 117.192
-9.93187 0.612577 4.2875
-7.75243 6.23836 131.483
-7.55664 6.47413 132.913
-8.12176 5.74928 435.896
-8.46029 5.23839 121.479
-8.46029 5.23839 85.75
-9.16369 3.87866 18.5792
-9.90829 0.918138 435.896
-0.612577 9.93187 0
0.612576 9.93187 435.896
1.22283 9.87532 435.896
3.30718 9.38508 435.896
2.42712 9.6502 435.896
4.70763 8.76672 435.896
4.15901 9.0399 435.896
5.74928 8.12176 435.896
5.99666 7.94086 435.896
6.47413 7.55664 435.896
9.38508 3.30718 435.896
9.48248 3.01659 435.896
9.72036 2.12879 435.896
9.87532 1.22283 435.896
9.94602 0.306434 0
8.61759 4.97537 435.896
8.12176 5.74928 435.896
7.55664 6.47413 0
7.14375 6.92705 435.896
9.93187 -0.612578 435.896
9.48248 -3.01659 435.896
9.83298 -1.52636 368.725
9.6502 -2.42712 0
8.76672 -4.70763 435.896
9.16369 -3.87865 435.896
7.55664 -6.47413 435.896
7.75243 -6.23835 435.896
8.29496 -5.49644 435.896
2.42712 -9.6502 435.896
2.72315 -9.57088 435.896
3.30718 -9.38508 435.896
1.22283 -9.87532 435.896
0.306433 -9.94602 0
4.97537 -8.61759 435.896
4.15902 -9.0399 435.896
5.99666 -7.94086 435.896
6.92705 -7.14375 0
6.47413 -7.55664 435.896
-9.93187 -0.612579 411.6
-9.48248 -3.01659 394.45
-9.87532 -1.22283 31.4417
-9.83298 -1.52636 0
-5.74927 -8.12176 0
-4.43543 -8.90754 435.896
-4.70763 -8.76672 0
-8.46029 -5.23839 435.896
-7.35368 -6.70377 142.917
-9.57088 -2.72315 367.296
-9.6502 -2.42712 54.3084
-9.6502 -2.42712 0
-9.0399 -4.15902 0
-7.35368 -6.70377 0
-7.14375 -6.92705 0
-3.30717 -9.38508 0
-2.12879 -9.72036 435.896
-1.52636 -9.83298 0
-0.306433 -9.94602 0
-0.306433 -9.94602 435.896
-4.15901 -9.0399 0
-4.97537 -8.61759 435.896
-3.87865 -9.16369 435.896
-6.47413 -7.55664 435.896
-6.70377 -7.35369 0
-3.59462 9.27879 435.896
-3.87866 9.16369 30.0125
-3.01659 9.48248 435.896
-2.12879 9.72036 435.896
-3.87866 9.16369 12.8625
-3.59462 9.27879 8.575
-3.87866 9.16369 0
-1.22283 9.87532 435.896
-0.306435 9.94602 435.896
-9.48248 3.01659 0
-4.97537 8.61759 435.896
-4.15901 9.0399 27.1542
-4.15901 9.0399 0
-4.43543 8.90753 52.8792
-4.43543 8.90753 0
-5.99666 7.94086 114.333
-6.70377 7.35368 435.896
-6.92705 7.14375 435.896
-6.47413 7.55664 435.896
-9.72036 2.12879 8.575
-9.78131 1.82844 0
-9.94602 0.306434 435.896
-7.35369 6.70377 435.896
-7.55664 6.47413 435.896
-7.94086 5.99666 5.71667
-8.29496 5.49644 435.896
-9.0399 4.15901 435.896
-9.94602 0.306434 2.85833
-8.76672 4.70763 118.621
-8.76672 4.70763 435.896
-8.90754 4.43543 21.4375
-8.90754 4.43543 0
-9.83298 1.52636 435.896
-9.87532 1.22283 435.896
-9.48248 3.01659 435.896
-9.72036 2.12879 70.0292
-9.72036 2.12879 435.896
9.87532 -1.22283 335.854
9.87532 -1.22283 0
9.72036 -2.12879 435.896
-9.90829 -0.91814 435.896
-9.83298 -1.52636 435.896
-9.87532 -1.22283 0
-5.99666 -7.94086 44.3042
-8.61759 -4.97537 435.896
-7.94086 -5.99666 0
-7.55664 -6.47413 435.896
-9.72036 -2.12879 388.733
-9.57088 -2.72315 435.896
-9.48248 -3.01659 435.896
-9.0399 -4.15902 435.896
-3.30717 -9.38508 435.896
-2.12879 -9.72036 0
-1.52636 -9.83298 435.896
-5.23839 -8.46029 435.896
-4.97537 -8.61759 0
-4.70763 -8.76672 435.896
-2.42712 9.6502 11.4333
-2.72315 9.57088 0
-6.92705 7.14375 0
-8.90754 4.43543 37.1583
-8.12176 5.74928 0
-7.94086 5.99666 0
-4.70763 8.76672 25.725
-4.97537 8.61759 2.85833
-5.23839 8.46029 2.85833
-4.43543 8.90753 435.896
-5.99666 7.94086 435.896
-9.72036 2.12879 0
-7.55664 6.47413 87.1792
-9.83298 1.52636 12.8625
-9.87532 1.22283 14.2917
-9.38508 3.30718 435.896
9.83298 -1.52636 435.896
9.87532 -1.22283 435.896
-5.99666 -7.94086 0
-7.94086 -5.99666 435.896
-9.6502 -2.42712 367.296
-4.15901 -9.0399 175.788
-4.15901 -9.0399 435.896
-2.12879 9.72036 0
-2.42712 9.6502 0
-9.6502 2.42712 5.71667
-9.83298 1.52636 0
-9.87532 1.22283 12.8625
-8.12176 5.74928 31.4417
-7.75243 6.23836 74.3167
-8.46029 5.23839 0
-5.99666 7.94086 77.175
-3.59462 9.27879 0
-9.93187 0.612577 0
-9.93187 -0.612579 435.896
-9.72036 -2.12879 435.896
-9.6502 -2.42712 435.896
-8.61759 4.97537 18.5792
-8.12176 5.74928 11.4333
-8.76672 4.70763 102.9
-8.76672 4.70763 0
-4.97537 8.61759 0
-4.43543 8.90753 32.8708
-6.23836 7.75243 0
-9.94602 0.306434 0
-5.23839 8.46029 0
-7.55664 6.47413 0
-5.99666 7.94086 0
-9.87532 1.22283 0
-0.918139 9.90829 0
-8.61759 4.97537 0
-4.70763 8.76672 0
-9.6502 2.42712 0
-9.90829 0.918138 0
-8.29496 5.49644 0
-9.0399 4.15901 0
3  0 1 2
3  3 1 4
3  5 6 7
3  1 0 8
3  8 2 9
3  8 0 2
3  10 2 11
3  12 13 6
3  1 9 14
3  1 8 9
3  13 15 16
3  13 12 15
3  10 11 17
3  12 6 5
3  2 1 18
3  19 20 21
3  22 13 23
3  9 2 24
3  25 26 27
3  16 15 28
3  29 1 30
3  18 1 29
3  31 32 33
3  34 35 36
3  6 13 22
3  24 2 10
3  37 23 38
3  10 39 40
3  9 24 37
3  22 23 41
3  14 9 25
3  25 9 26
3  42 28 43
3  25 44 45
3  1 14 42
3  16 28 46
3  47 48 49
3  15 12 50
3  51 52 53
3  54 55 56
3  57 58 59
3  29 30 60
3  7 6 31
3  61 62 63
3  64 6 65
3  5 7 66
3  67 68 69
3  70 71 72
3  11 2 73
3  11 73 74
3  6 22 39
3  24 75 76
3  22 24 77
3  24 10 75
3  23 13 78
3  37 79 80
3  81 78 82
3  9 37 81
3  37 24 79
3  22 41 83
3  26 9 84
3  26 84 85
3  13 16 44
3  14 86 87
3  16 14 88
3  14 25 86
3  28 15 89
3  42 90 91
3  92 89 93
3  1 42 92
3  42 14 90
3  16 46 94
3  95 96 97
3  98 99 100
3  101 102 103
3  50 101 104
3  18 29 20
3  20 105 106
3  29 107 108
3  50 12 101
3  30 1 3
3  109 110 111
3  57 112 113
3  15 50 114
3  29 60 115
3  60 110 116
3  34 36 117
3  118 119 120
3  121 31 122
3  123 124 125
3  35 66 126
3  5 66 127
3  128 129 130
3  131 61 70
3  132 133 71
3  127 66 134
3  135 67 136
3  137 138 139
3  140 119 118
3  12 5 62
3  73 2 141
3  6 39 142
3  73 141 143
3  10 17 144
3  145 144 146
3  11 142 147
3  75 148 149
3  75 10 148
3  39 150 151
3  39 22 150
3  75 150 152
3  22 77 153
3  78 13 154
3  81 37 155
3  81 155 156
3  23 78 157
3  158 154 159
3  9 81 158
3  79 41 160
3  79 161 162
3  80 163 164
3  37 80 164
3  79 24 161
3  22 83 165
3  84 9 166
3  13 44 167
3  168 167 169
3  25 27 170
3  44 171 172
3  26 167 173
3  86 174 175
3  86 25 174
3  44 176 177
3  44 16 176
3  86 176 178
3  16 88 179
3  89 15 180
3  92 42 181
3  92 181 182
3  28 89 183
3  184 180 185
3  1 92 184
3  90 46 186
3  90 187 188
3  91 189 190
3  42 91 190
3  90 14 187
3  16 94 191
3  18 20 98
3  19 21 95
3  109 50 192
3  60 30 193
3  101 95 194
3  195 196 197
3  98 20 198
3  12 18 96
3  104 101 55
3  106 199 200
3  54 103 201
3  20 29 105
3  104 202 47
3  47 29 48
3  57 203 112
3  3 204 205
3  206 207 208
3  51 209 210
3  4 1 211
3  15 114 212
3  109 192 213
3  109 214 110
3  115 215 216
3  217 216 218
3  7 31 128
3  219 128 220
3  219 33 221
3  222 223 224
3  225 65 226
3  32 31 121
3  117 227 228
3  229 230 231
3  126 66 232
3  36 233 230
3  5 234 137
3  2 18 138
3  235 236 237
3  238 239 240
3  12 62 241
3  61 63 70
3  131 70 242
3  18 243 244
3  63 62 245
3  62 5 246
3  246 247 248
3  249 236 239
3  135 243 250
3  251 252 253
3  254 255 256
3  257 258 259
3  141 2 260
3  6 142 143
3  144 17 261
3  10 144 145
3  260 6 262
3  142 11 74
3  142 74 263
3  263 74 264
3  147 142 265
3  142 39 261
3  261 17 266
3  17 11 266
3  267 149 268
3  148 10 40
3  150 149 267
3  150 75 149
3  148 40 269
3  269 40 270
3  24 76 77
3  153 77 271
3  76 272 273
3  76 75 272
3  152 150 274
3  150 22 275
3  156 155 157
3  155 37 276
3  277 156 278
3  81 156 277
3  155 276 279
3  38 23 280
3  154 13 281
3  158 81 82
3  158 82 282
3  282 82 283
3  281 13 284
3  9 158 159
3  80 160 285
3  80 79 160
3  285 160 286
3  41 23 163
3  23 37 287
3  288 23 289
3  161 83 290
3  165 83 291
3  290 83 292
3  41 79 162
3  161 24 293
3  165 293 294
3  166 9 295
3  84 166 296
3  297 298 299
3  27 298 300
3  300 298 297
3  25 170 301
3  296 295 168
3  167 26 302
3  167 297 303
3  167 44 297
3  298 27 299
3  26 173 304
3  175 174 177
3  174 25 305
3  176 306 307
3  86 175 306
3  174 305 177
3  44 177 308
3  14 87 309
3  87 310 311
3  87 312 310
3  87 86 312
3  176 310 313
3  176 16 310
3  181 183 314
3  181 42 43
3  89 315 316
3  92 182 315
3  181 43 317
3  28 183 318
3  180 15 319
3  184 92 93
3  184 93 320
3  89 180 321
3  319 15 322
3  1 184 185
3  91 186 323
3  91 90 186
3  46 189 324
3  46 28 189
3  190 325 326
3  42 190 326
3  187 94 327
3  187 328 329
3  46 188 330
3  46 90 188
3  187 14 328
3  16 191 331
3  101 12 96
3  332 333 196
3  96 18 334
3  18 98 100
3  51 335 52
3  335 206 52
3  193 30 336
3  114 50 109
3  105 29 47
3  104 47 337
3  198 20 19
3  20 102 21
3  196 333 97
3  19 95 338
3  98 198 332
3  332 198 339
3  54 340 55
3  55 101 56
3  105 202 341
3  202 104 341
3  340 106 342
3  340 54 106
3  202 105 47
3  50 343 344
3  345 346 48
3  49 346 347
3  206 205 348
3  52 114 53
3  30 3 207
3  207 3 208
3  206 335 207
3  335 51 207
3  203 349 112
3  112 212 113
3  349 211 350
3  203 57 4
3  349 350 351
3  203 4 349
3  30 352 336
3  110 60 111
3  215 115 353
3  50 107 217
3  107 29 217
3  115 216 354
3  31 6 64
3  229 231 355
3  356 7 357
3  64 358 124
3  128 31 220
3  359 123 125
3  219 129 128
3  222 224 130
3  35 233 36
3  252 254 256
3  137 234 138
3  121 122 124
3  35 126 233
3  358 64 225
3  66 7 356
3  360 361 362
3  7 363 357
3  126 232 360
3  7 364 363
3  138 234 365
3  66 34 134
3  366 367 227
3  66 35 34
3  356 361 360
3  127 368 367
3  226 2 359
3  244 136 369
3  62 61 131
3  135 136 243
3  136 67 369
3  246 5 235
3  370 235 371
3  236 249 372
3  373 240 374
3  62 246 257
3  63 245 259
3  257 246 248
3  63 259 375
3  246 373 247
3  33 32 221
3  12 241 376
3  241 119 140
3  140 118 68
3  67 135 376
3  241 62 251
3  254 251 255
3  251 254 252
3  225 359 377
3  2 6 260
3  6 143 378
3  144 261 146
3  39 10 145
3  143 141 378
3  141 260 378
3  74 73 264
3  143 142 263
3  73 143 264
3  263 264 379
3  261 39 146
3  145 146 380
3  142 261 381
3  266 11 147
3  261 266 381
3  266 147 381
3  149 148 268
3  151 150 267
3  148 151 268
3  267 268 382
3  40 39 270
3  151 148 269
3  39 151 270
3  269 270 383
3  273 384 385
3  272 75 152
3  77 76 271
3  275 22 153
3  76 275 271
3  153 271 386
3  150 275 384
3  275 76 273
3  273 272 384
3  272 152 384
3  279 387 388
3  276 37 38
3  156 157 278
3  78 81 277
3  157 78 278
3  277 278 389
3  23 157 387
3  157 155 279
3  279 276 387
3  276 38 387
3  82 78 283
3  154 158 282
3  78 154 283
3  282 283 390
3  13 9 391
3  159 154 281
3  9 159 391
3  159 281 391
3  160 41 286
3  163 80 285
3  41 163 286
3  285 286 392
3  164 163 288
3  163 23 288
3  37 164 287
3  164 288 287
3  83 41 393
3  162 161 290
3  41 162 393
3  162 290 393
3  83 161 394
3  293 24 294
3  161 293 394
3  293 165 394
3  24 22 294
3  165 294 395
3  9 13 295
3  166 295 296
3  84 296 169
3  168 169 396
3  27 300 170
3  170 300 171
3  171 300 397
3  44 25 171
3  167 302 398
3  302 26 85
3  300 297 397
3  297 44 397
3  297 299 303
3  173 299 399
3  299 27 399
3  27 26 399
3  177 305 308
3  305 25 45
3  306 175 400
3  176 86 306
3  175 177 400
3  177 176 400
3  305 45 308
3  44 308 401
3  14 309 88
3  88 309 402
3  310 312 313
3  312 86 178
3  402 311 403
3  310 16 402
3  402 309 311
3  309 87 311
3  312 178 313
3  176 313 404
3  315 182 405
3  89 92 315
3  405 314 406
3  183 89 405
3  405 182 314
3  182 181 314
3  317 318 407
3  183 181 317
3  317 43 318
3  43 28 318
3  320 321 408
3  180 184 320
3  320 93 321
3  93 89 321
3  15 1 409
3  185 180 319
3  1 185 409
3  185 319 409
3  323 324 410
3  189 91 323
3  323 186 324
3  186 46 324
3  190 189 325
3  189 28 325
3  28 326 411
3  28 42 326
3  188 327 330
3  188 187 327
3  327 94 412
3  94 46 330
3  328 191 329
3  191 328 413
3  191 94 414
3  94 187 329
3  328 14 413
3  14 16 413
3  96 100 415
3  338 95 416
3  99 98 417
3  332 196 418
3  15 212 112
3  212 204 58
3  212 114 52
3  114 352 209
3  215 192 216
3  192 215 353
3  115 60 419
3  214 109 353
3  110 214 419
3  193 420 421
3  104 55 422
3  55 340 342
3  423 108 343
3  50 104 345
3  102 101 21
3  101 96 95
3  99 195 197
3  424 338 416
3  198 425 426
3  198 424 425
3  424 198 338
3  198 19 338
3  102 20 103
3  20 201 427
3  20 106 201
3  106 54 201
3  106 105 199
3  105 341 199
3  107 50 108
3  50 345 343
3  423 48 428
3  48 29 429
3  352 30 209
3  30 210 430
3  204 212 205
3  348 205 431
3  30 207 210
3  207 51 210
3  204 3 58
3  3 59 432
3  3 4 59
3  4 57 59
3  211 1 433
3  349 4 211
3  1 15 350
3  351 350 434
3  193 336 435
3  114 109 436
3  352 114 336
3  114 420 437
3  218 216 438
3  216 217 439
3  217 29 439
3  29 115 439
3  364 7 223
3  7 224 440
3  233 360 362
3  363 364 441
3  7 128 224
3  128 130 442
3  33 220 443
3  33 219 220
3  121 124 123
3  444 445 446
3  31 64 122
3  64 124 447
3  2 138 359
3  222 130 231
3  65 6 448
3  225 64 65
3  6 2 226
3  225 226 359
3  138 449 132
3  373 238 240
3  66 356 232
3  356 360 450
3  451 444 452
3  233 126 360
3  453 363 451
3  361 356 453
3  231 230 454
3  368 127 455
3  234 5 365
3  366 365 456
3  5 456 457
3  5 127 456
3  366 456 367
3  127 367 458
3  138 18 256
3  120 459 460
3  18 12 243
3  243 12 461
3  137 371 462
3  235 462 463
3  235 370 236
3  236 132 464
3  373 246 238
3  249 238 372
3  238 246 465
3  246 235 372
3  62 257 245
3  257 259 466
3  244 369 467
3  258 257 468
3  247 468 248
3  257 248 469
3  259 470 471
3  67 376 68
3  12 376 250
3  376 135 250
3  376 241 472
3  241 140 472
3  376 472 473
3  472 140 68
3  131 255 474
3  255 251 474
3  119 241 475
3  252 475 253
3  475 241 476
3  241 251 253
3  6 378 262
3  378 260 262
3  264 143 379
3  143 263 379
3  146 39 380
3  39 145 380
3  142 381 265
3  381 147 265
3  268 151 382
3  151 267 382
3  270 151 383
3  151 269 383
3  271 275 386
3  275 153 386
3  150 384 274
3  384 152 274
3  384 275 385
3  275 273 385
3  278 78 389
3  78 277 389
3  23 387 280
3  387 38 280
3  387 157 388
3  157 279 388
3  283 154 390
3  154 282 390
3  13 391 284
3  391 281 284
3  286 163 392
3  163 285 392
3  23 287 289
3  287 288 289
3  83 393 292
3  393 290 292
3  83 394 291
3  394 165 291
3  294 22 395
3  22 165 395
3  295 13 168
3  13 167 168
3  302 85 477
3  84 477 478
3  170 171 301
3  171 25 301
3  171 397 172
3  397 44 172
3  299 173 303
3  167 303 479
3  173 399 304
3  399 26 304
3  306 400 307
3  400 176 307
3  308 45 401
3  45 44 401
3  88 402 179
3  402 16 179
3  311 310 403
3  310 402 403
3  313 178 404
3  178 176 404
3  315 405 316
3  405 89 316
3  314 183 406
3  183 405 406
3  318 183 407
3  183 317 407
3  321 180 408
3  180 320 408
3  15 409 322
3  409 319 322
3  324 189 410
3  189 323 410
3  326 325 411
3  325 28 411
3  94 330 412
3  330 327 412
3  94 329 414
3  329 191 414
3  191 413 331
3  413 16 331
3  18 100 334
3  100 96 334
3  100 99 415
3  415 99 480
3  196 97 481
3  196 417 482
3  417 98 482
3  98 332 482
3  15 112 351
3  112 349 351
3  212 52 348
3  52 206 348
3  192 353 213
3  353 109 213
3  214 353 483
3  353 115 483
3  199 341 342
3  342 422 484
3  47 49 485
3  345 104 337
3  343 345 486
3  48 423 343
3  95 21 194
3  21 101 194
3  97 339 487
3  95 97 488
3  97 333 339
3  333 332 339
3  424 416 488
3  416 95 489
3  101 103 490
3  103 54 56
3  201 103 427
3  103 20 427
3  48 346 49
3  346 345 347
3  29 108 429
3  108 423 429
3  114 209 491
3  209 51 53
3  3 205 492
3  205 206 208
3  210 209 430
3  209 30 430
3  113 212 493
3  58 57 113
3  59 58 432
3  58 3 432
3  1 350 433
3  350 211 433
3  60 436 494
3  436 109 111
3  436 60 495
3  60 193 495
3  114 436 420
3  420 436 496
3  192 50 218
3  50 217 218
3  216 439 354
3  439 115 354
3  129 497 498
3  219 221 497
3  227 367 228
3  117 138 499
3  364 223 441
3  451 441 444
3  119 475 120
3  255 242 449
3  242 70 133
3  255 131 242
3  259 258 500
3  132 501 502
3  224 223 440
3  223 7 440
3  220 31 443
3  31 33 443
3  130 224 442
3  224 128 442
3  363 441 451
3  362 361 503
3  124 122 447
3  122 64 447
3  6 226 448
3  226 65 448
3  359 138 117
3  359 117 229
3  367 368 228
3  455 34 117
3  360 232 450
3  232 356 450
3  233 362 504
3  233 504 505
3  363 453 357
3  356 357 506
3  34 455 134
3  127 134 507
3  138 365 499
3  365 366 499
3  456 365 457
3  365 5 457
3  367 456 458
3  456 127 458
3  243 136 244
3  460 459 508
3  370 371 509
3  371 137 509
3  235 5 462
3  5 137 462
3  247 373 374
3  238 249 239
3  236 372 237
3  372 235 237
3  246 372 465
3  372 238 465
3  248 468 469
3  468 257 469
3  12 250 461
3  250 243 461
3  68 118 69
3  69 510 511
3  472 68 473
3  68 376 473
3  251 62 474
3  131 474 512
3  241 253 476
3  253 475 476
3  302 477 398
3  477 84 169
3  167 398 513
3  398 477 514
3  477 85 478
3  85 84 478
3  303 173 479
3  173 167 479
3  99 417 195
3  417 196 195
3  196 482 418
3  482 332 418
3  350 15 434
3  15 351 434
3  205 212 431
3  212 348 431
3  214 483 419
3  115 419 515
3  342 341 422
3  341 104 422
3  199 342 200
3  342 106 200
3  337 347 516
3  337 47 347
3  343 108 344
3  108 50 344
3  345 48 486
3  48 343 486
3  97 96 197
3  99 197 480
3  339 425 517
3  425 424 517
3  425 339 426
3  339 198 426
3  339 517 487
3  517 424 488
3  103 56 490
3  56 101 490
3  48 429 428
3  429 423 428
3  209 53 491
3  53 114 491
3  205 208 492
3  208 3 492
3  212 58 493
3  58 113 493
3  436 111 494
3  111 60 494
3  436 495 421
3  495 193 421
3  420 518 519
3  420 193 518
3  216 192 438
3  192 218 438
3  221 32 229
3  32 121 229
3  441 223 444
3  221 229 520
3  229 498 521
3  129 219 497
3  252 256 522
3  511 523 524
3  69 118 510
3  118 120 510
3  239 236 525
3  236 370 526
3  259 500 470
3  70 63 375
3  259 245 466
3  245 257 466
3  258 468 500
3  132 71 527
3  229 117 230
3  117 36 230
3  368 455 528
3  455 117 528
3  361 453 503
3  231 446 529
3  357 453 506
3  453 356 506
3  134 455 507
3  455 127 507
3  117 499 227
3  499 366 227
3  523 18 530
3  256 18 523
3  370 509 526
3  236 526 132
3  462 371 463
3  371 235 463
3  474 62 512
3  62 131 512
3  169 296 396
3  296 168 396
3  477 169 514
3  169 167 514
3  110 419 116
3  419 60 116
3  419 483 515
3  483 115 515
3  422 55 484
3  55 342 484
3  49 347 485
3  347 47 485
3  347 345 516
3  345 337 516
3  197 96 480
3  415 480 531
3  97 197 481
3  197 196 481
3  97 487 532
3  487 517 533
3  95 488 489
3  488 416 489
3  436 421 496
3  421 420 496
3  336 518 435
3  518 193 435
3  518 336 437
3  336 114 437
3  359 229 123
3  229 121 123
3  223 231 445
3  223 222 231
3  138 256 449
3  256 255 449
3  120 475 459
3  475 252 459
3  67 511 524
3  67 69 511
3  526 509 132
3  138 132 139
3  247 374 534
3  525 464 535
3  470 536 537
3  240 239 525
3  500 468 536
3  468 247 536
3  362 503 504
3  505 504 538
3  503 453 539
3  453 451 539
3  117 228 540
3  228 368 540
3  511 510 523
3  510 120 523
3  467 530 541
3  18 244 467
3  398 514 513
3  514 167 513
3  480 96 531
3  96 415 531
3  517 488 533
3  488 97 533
3  518 437 519
3  437 420 519
3  124 358 125
3  359 125 377
3  231 130 355
3  130 129 355
3  230 505 542
3  444 223 445
3  132 449 133
3  449 242 133
3  256 460 508
3  459 252 522
3  509 139 543
3  509 137 139
3  500 536 470
3  536 247 534
3  240 525 535
3  525 236 464
3  503 539 454
3  539 451 454
3  504 503 538
3  230 233 505
3  368 528 540
3  117 540 544
3  256 523 460
3  523 120 460
3  467 369 530
3  369 67 530
3  67 524 545
3  524 523 545
3  487 533 532
3  533 97 532
3  358 377 546
3  358 225 377
3  229 355 498
3  355 129 498
3  70 375 71
3  375 259 71
3  139 132 543
3  132 509 543
3  534 374 527
3  374 240 527
3  536 534 537
3  534 527 547
3  240 535 501
3  535 464 501
3  231 454 452
3  454 451 452
3  503 454 548
3  454 230 538
3  540 528 544
3  528 117 544
3  459 522 508
3  256 508 549
3  530 18 541
3  18 467 541
3  523 530 545
3  67 545 550
3  377 125 546
3  125 358 546
3  498 497 521
3  497 221 521
3  71 133 72
3  133 70 72
3  527 71 537
3  470 537 471
3  132 527 501
3  240 501 551
3  231 452 446
3  452 444 446
3  505 538 542
3  538 230 542
3  454 538 548
3  538 503 548
3  508 522 549
3  522 256 549
3  545 530 550
3  530 67 550
3  229 521 520
3  521 221 520
3  537 71 471
3  259 471 552
3  527 537 547
3  537 534 547
3  501 464 502
3  464 132 502
3  501 527 551
3  527 240 551
3  446 445 529
3  445 231 529
3  471 71 552
3  71 259 552
