OFF
1462 2920 0
60.8872 -245.273 144.288
101.425 -300.338 205.725
67.7069 -361.288 259.196
49.5153 259.549 175.268
-7.71729 260.722 176.347
90.6854 309.799 220.737
291.53 -108.282 201.334
98.2952 -32.6561 50.1433
190.012 -24.3191 113.977
241.157 -329.125 332.935
347.17 -152.02 304.971
31.6765 94.0581 47.1653
40.7887 115.079 63.5062
58.4219 80.1332 47.1544
-91.5206 210.243 139.579
-0.722949 189.617 115.142
-17.3829 124.821 66.437
96.1042 -11.2782 46.8916
10.1248 -2.12615 0.719587
-206.189 -316.993 239.074
-14.4766 -159.075 89.0474
301.453 236.949 429.116
172.163 321.746 435.896
232.084 271.575 434.53
-201.985 124.284 140.239
-92.0524 79.8598 58.4452
-160.817 35.1202 89.4978
340.62 60.845 257.985
234.897 99.1904 152.271
324.971 175.631 300.544
82.7416 -51.8153 46.9895
8.81306 -5.23454 0.626289
88.0919 -42.0575 46.9869
341.896 43.8852 252.382
5.1818 8.61664 0.368296
4.90282 8.76592 0.348477
-185.52 -63.7168 115.731
-108.63 -16.3589 54.6203
96.1257 10.9732 46.8901
204.871 36.744 116.887
402.099 -81.2696 372.943
376.509 -130.53 414.334
254.943 -353.863 431.909
156.818 -178.482 145.532
-44.4546 368.24 435.896
-285.713 245.971 434.538
-182.288 278.816 435.896
56.1017 245.007 165.1
-305.552 251.913 323.035
-226.619 208.582 222.223
94.4935 -369.043 435.896
-391.206 41.2028 435.896
234.065 251.582 435.896
376.381 -9.90835 435.896
339.397 85.6267 435.896
331.325 242.385 382.212
172.949 421.795 384.616
296.373 273.753 409.01
-181.109 368.456 399.699
-66.1593 403.307 386.211
-67.9418 384.753 321.553
16.4619 120.548 63.4603
90.5846 79.3635 58.2877
155.422 144.514 122.394
98.0526 33.321 50.1412
-3.6152 -5.02858 -0.260309
-3.83569 -4.99866 -0.275953
-3.7736 -4.92023 -0.271554
-403.683 87.1984 391.65
-404.137 -16.1176 400.935
-206.356 -298.426 435.896
347.368 -126.812 434.535
249.024 -278.017 435.896
77.64 -419.736 369.316
-29.4062 -411.926 418.456
88.2088 41.7971 46.9862
9.41661 4.1551 0.669204
-273.597 -322.365 365.192
-381.634 -141.565 360.841
-334.889 103.701 256.87
-401.632 33.1541 379.408
-303.606 278.481 405.037
-76.4667 395.134 419.746
-282.771 290.839 430.52
-208.891 316.92 433.182
-103.342 330.418 257.902
280.993 6.35206 184.526
387.809 -86.6881 332.428
175.082 299.014 251.245
-177.66 188.984 165.654
253.054 195.207 227.023
-317.195 -6.19967 238.833
-302.877 -101.199 230.934
-334.127 -71.4955 265.563
10.3595 -0.305993 0.736296
10.3448 -0.611752 0.735248
-2.80331 -4.47656 -0.202555
98.9044 -177.815 118.995
115.961 -127.738 96.6757
-3.32831 -5.66474 -0.239769
-3.38008 -5.74979 -0.243423
-3.50652 -5.56487 -0.25248
-2.85709 4.56048 -0.20639
-2.80331 4.47656 -0.202555
-2.85708 -4.56048 -0.20639
260.404 -178.773 229.378
10.3595 0.306019 0.736296
10.3448 0.611753 0.735248
-341.76 -221.931 386.223
-389.047 -109.545 403.631
-395.101 -68.7727 434.549
-293.182 -237.107 434.537
-8.81306 5.23454 -0.626289
-8.97688 4.97146 -0.637936
6.93424 -105.71 50.4048
19.9982 -97.4155 47.1864
-346.462 205.127 423.795
-247.375 -61.0676 165.351
-107.2 -391.728 387.518
-60.2966 -401.503 374.128
292.565 284.511 348.887
284.633 268.556 322.81
-3.31841 4.62678 -0.239235
-3.16991 -4.72168 -0.228674
-3.31841 -4.62678 -0.239235
-98.0288 -1.67134 47.0421
-10.3595 -0.306026 -0.736296
-10.3448 -0.611752 -0.735248
394.922 -24.1172 433.197
3.74327 9.27843 0.266086
3.44385 9.3848 0.244808
-191.847 253.954 232.278
243.354 298.714 423.712
8.63814 103.185 50.1436
3.14119 9.48226 0.223298
2.83556 9.57071 0.201576
-10.037 131.028 70.8018
8.52955 196.518 121.107
89.6701 -50.7817 50.0838
60.2642 -78.7207 47.1512
-243.861 77.1129 165.357
-86.4854 -372.159 303.768
-123.585 -48.2138 68.4058
-95.7522 -23.9581 47.1124
-15.6598 -104.86 50.4141
232.374 273.108 277.256
-3.32831 5.66474 -0.239769
-3.14724 5.75923 -0.226836
-3.2766 5.57966 -0.236116
403.744 10.2527 372.767
351.036 165.497 404.808
292.451 193.648 434.528
-10.3644 -9.06084e-07 -0.736645
-98.0068 2.66782 47.0421
-10.3595 0.306026 -0.736296
-20.9757 101.52 50.1481
-48.243 111.738 63.4635
97.5878 196.465 138.664
-22.5784 392.933 423.743
-31.5749 382.04 430.47
-1.2732 9.87529 -0.0905175
-3.4491 7.9062 -0.246843
-1.58925 9.83294 -0.112986
-45.4767 86.0017 46.9605
6.24605 7.9392 0.4439
32.1661 -93.8864 47.1648
-95.658 24.3297 47.1124
-10.1882 1.82612 -0.7241
-10.2419 1.52438 -0.727926
-56.5739 -78.2 46.8757
-7.21562 -7.14125 -0.512776
-6.98294 -7.35138 -0.496247
1.58924 -9.83294 0.112986
76.3223 -72.5225 50.3311
-85.9833 47.6015 47.0673
-9.41661 4.1551 -0.669204
12.0188 -374.096 434.538
-74.7288 -360.73 430.452
-256.439 -279.29 430.47
-278.501 -303.526 410.425
-316.157 -117.719 435.896
-356.493 -35.9892 435.896
-238.26 224.339 435.896
8.27199 5.99318 0.587833
8.46044 5.74565 0.601226
2.21657 9.72028 0.15758
1.90381 9.78125 0.135347
-68.7028 -67.7183 46.8683
20.6053 97.2835 47.1859
405.019 5.06733 400.919
94.2954 360.741 433.174
-3.19494 6.28784 -0.229989
-3.34358 6.10524 -0.24067
-3.39281 6.19166 -0.244132
1.19693 96.841 46.9131
-28.0977 92.7854 46.9239
9.54548 3.87481 0.67837
8.81306 5.23454 0.62629
82.12 52.8376 46.992
10.1248 2.12615 0.719587
10.1882 -1.82612 0.7241
-3.0727 4.89582 -0.22174
-2.91622 4.98314 -0.210572
-3.01871 4.81203 -0.217901
-234.594 -158.665 185.974
-262.994 -124.276 191.824
-170.721 -100.547 114.617
5.72477 -8.29367 0.40687
5.45586 -8.45918 0.387767
-1.90381 9.78125 -0.135347
-2.52726 9.65007 -0.179663
-2.83556 9.57071 -0.201576
0.319053 9.94602 0.0226831
0.637793 9.93186 0.0453448
-29.6202 -99.3855 50.1525
-45.1444 -86.1745 46.9603
-5.45586 -8.45918 -0.387767
87.465 -59.352 51.6355
101.201 -83.8371 66.989
121.126 -108.988 90.6075
10.594 -357.441 262.551
-57.4722 -303.029 207.765
-360.52 -140.49 431.836
-1.90381 -9.78125 -0.135347
-1.58923 -9.83294 -0.112986
-3.22656 4.80383 -0.232702
-3.37766 4.70722 -0.243448
-3.43696 4.78761 -0.247662
-2.91091 4.64436 -0.210226
60.3479 357.447 434.533
9.66528 3.59089 0.686891
8.97688 -4.97146 0.637936
-6.67386 -7.48241 -0.474455
-6.60417 -7.4102 -0.469664
-6.36325 -7.60206 -0.452554
-7.6602 6.70084 -0.544362
-7.44144 6.92433 -0.52882
8.64086 5.49269 0.614049
7.6602 6.70084 0.544361
7.87168 6.47101 0.559387
-8.27199 5.99319 -0.587833
-8.46045 5.74565 -0.601226
-6.00186 5.66372 -0.428725
-6.33539 5.6129 -0.452189
-6.07697 5.73078 -0.433983
-2.81374 4.81242 -0.203281
-2.96479 4.72821 -0.214063
-3.25676 6.91271 -0.234003
1.58925 9.83294 0.112986
-3.21286 6.82367 -0.230938
-5.06468 -5.43422 -0.36279
-5.23642 -5.28207 -0.374921
-4.99465 -5.36225 -0.357863
6.49792 -7.75056 0.461792
6.24605 -7.93919 0.4439
-3.09829 -5.67265 -0.22338
111.827 -56.1692 65.0811
7.87169 -6.47099 0.559387
-2.90311 -5.32601 -0.209563
-3.0189 -5.15374 -0.217866
10.0518 -2.4242 0.714392
-105.523 30.5225 54.6196
-3.49147 -6.3644 -0.251056
-3.38118 -6.63894 -0.243044
-3.54091 -6.45071 -0.254521
7.44145 -6.92432 0.52882
7.21562 -7.14124 0.512776
-3.49632 4.86798 -0.251877
-3.49632 -4.86798 -0.251877
-3.64961 -4.76322 -0.26276
8.97689 4.97146 0.637936
6.49793 7.75056 0.461792
7.6602 -6.70085 0.544362
10.3644 0 0.736645
10.2859 1.22122 0.731061
10.3202 0.916914 0.733503
10.1882 1.82612 0.7241
9.2788 4.43148 0.659403
4.33123 9.03935 0.307865
4.61921 8.90687 0.328327
-3.10218 6.11211 -0.223468
9.87726 3.01319 0.701973
9.77591 3.30359 0.694762
-3.39681 -5.05006 -0.24479
-3.55574 -4.94829 -0.256092
-4.90282 8.76592 -0.348477
-5.18179 8.61664 -0.368296
-5.1148 7.96746 -0.364467
-5.36758 7.81265 -0.382433
-5.17143 8.04956 -0.368347
-86.3552 -46.9268 47.0674
-3.30072 -7.0017 -0.237067
0.955961 -9.90828 0.0679632
-3.34475 -7.09067 -0.240133
-2.96754 5.06845 -0.214219
-3.28793 6.46345 -0.236515
-9.87726 3.01319 -0.701973
-9.77591 3.30358 -0.694762
-6.25811 5.54817 -0.446777
-4.7791 7.0062 -0.341811
-4.55315 7.14353 -0.32574
-4.72071 6.92523 -0.337756
-10.2788 -130.78 68.2559
-0.637794 9.93186 -0.0453448
-0.319054 9.94602 -0.0226831
-3.52151 7.44622 -0.252408
2.21658 -9.72028 0.15758
1.90381 -9.78125 0.135347
-3.21287 -6.82367 -0.230939
-3.04942 5.58604 -0.219924
6.98294 7.35139 0.496247
-3.00059 5.49939 -0.21647
-9.66528 3.59089 -0.686891
3.74328 -9.27842 0.266086
4.03915 -9.16325 0.287112
0.319051 -9.94602 0.0226832
-9.77591 -3.30359 -0.694762
79.4052 -57.187 47.014
8.46044 -5.74566 0.601226
9.13219 -4.70367 0.648978
-2.91622 -4.98314 -0.210572
-2.86495 -4.89779 -0.206926
9.54548 -3.87481 0.678369
9.41661 -4.1551 0.669204
5.98825 8.12029 0.425587
7.44145 6.92432 0.52882
-2.95182 5.41272 -0.213016
7.21562 7.14124 0.512776
-5.12748 8.53312 -0.364603
-4.85134 8.68075 -0.344981
-5.07327 8.44954 -0.360911
-3.62477 9.00576 -0.258068
-3.86907 8.80475 -0.275583
-3.66419 9.09668 -0.26074
-0.955945 9.90828 -0.0679635
-3.36595 7.72612 -0.241108
-3.40749 7.81618 -0.243975
-9.54548 3.87481 -0.67837
-6.49018 5.74213 -0.463016
-5.66499 7.25076 -0.403964
-5.4301 7.41458 -0.387281
-5.36851 7.33584 -0.383031
-4.32307 7.27406 -0.309362
-4.37613 7.35834 -0.313036
-4.13934 7.48353 -0.296172
-3.53252 8.08617 -0.252582
-3.49078 7.9962 -0.249712
-3.69937 7.80125 -0.264699
-9.13218 4.70368 -0.648977
-9.2788 4.43148 -0.659403
-5.45586 8.45918 -0.387767
-5.72477 8.29367 -0.40687
-9.87726 -3.01319 -0.701973
4.61922 -8.90686 0.328326
-3.14852 -6.19999 -0.226728
-3.10217 -6.11211 -0.223468
-81.0345 -54.7133 47.0134
-94.9552 -80.5442 66.2889
-5.4269 -7.89297 -0.386502
-5.61536 -7.6504 -0.400037
-5.36759 -7.81265 -0.382432
-5.62733 5.32736 -0.402452
-3.4279 6.72662 -0.24631
-3.63996 6.62323 -0.261452
-3.47469 6.81428 -0.249577
8.07566 -6.23505 0.573882
-4.2401 -7.6551 -0.303129
-3.99387 -7.77619 -0.285586
-4.0415 -7.86341 -0.288866
-4.15315 5.74913 -0.298299
-3.96811 5.86829 -0.285143
-4.09313 5.66925 -0.294074
-7.44144 -6.92433 -0.52882
9.13218 4.70368 0.648977
8.27199 -5.99319 0.587833
375.382 103.177 381.82
10.2419 1.52438 0.727926
10.2859 -1.22122 0.731061
10.2419 -1.52439 0.727926
-3.19623 -5.84579 -0.230293
-3.14724 -5.75923 -0.226836
9.2788 -4.43148 0.659404
8.64087 -5.49268 0.614049
-3.96003 5.15539 -0.284753
-3.79398 5.26915 -0.272964
-3.73433 5.189 -0.268745
10.3202 -0.916923 0.733502
0.955944 9.90828 0.0679635
-3.88926 6.1483 -0.279426
-3.7442 6.34411 -0.269025
-3.69199 6.25932 -0.265365
-3.28326 4.88594 -0.236731
-3.12673 4.97958 -0.225579
9.87726 -3.01318 0.701973
9.77591 -3.30359 0.694762
-3.0983 5.67265 -0.22338
10.0518 2.4242 0.714392
9.96924 2.71997 0.708519
-3.83439 6.06508 -0.275573
-3.65479 7.71254 -0.261624
-4.28153 -4.91293 -0.307523
-4.34871 4.98738 -0.312274
-4.28153 4.91293 -0.307523
-4.96509 8.28223 -0.353531
-4.69741 8.42498 -0.3345
-4.91114 8.19848 -0.349843
-7.30964 6.04232 -0.520363
-7.22965 5.98072 -0.514793
-8.18776 5.93702 -0.581977
-7.87167 6.47101 -0.559387
-8.07568 6.23504 -0.573882
4.03916 9.16324 0.287112
-7.06986 5.85727 -0.503655
-6.91886 6.86941 -0.492298
-6.69512 7.07084 -0.476419
-6.62338 7.00049 -0.471465
-9.96924 2.71997 -0.708519
-6.18088 5.48336 -0.441366
-3.22494 -5.49454 -0.232465
-3.27659 -5.57966 -0.236116
-3.39772 -5.39783 -0.244789
-5.13478 -5.50613 -0.367718
-5.3088 -5.35186 -0.380013
-3.0003 4.47501 -0.216596
-3.05679 4.55727 -0.220621
-2.86496 4.89779 -0.206926
-2.96479 -4.72821 -0.214063
-3.05679 -4.55727 -0.220621
-2.91091 -4.64436 -0.210226
-3.43696 -4.78762 -0.247662
-3.64962 4.76322 -0.26276
-3.55574 4.9483 -0.256093
-3.0003 -4.47501 -0.216596
5.72477 8.29367 0.40687
5.45587 8.45918 0.387767
-3.05588 6.0242 -0.220208
-3.24529 5.9323 -0.233751
-2.21657 9.72028 -0.15758
-3.74327 9.27843 -0.266086
-4.03916 9.16324 -0.287112
-3.82675 8.71504 -0.272704
-4.0134 8.42122 -0.286252
-4.05856 8.50964 -0.289336
-7.14972 5.91903 -0.509224
-6.80057 5.99964 -0.484683
-7.34655 6.44709 -0.522644
-7.63036 6.28783 -0.542656
-7.71073 6.34898 -0.548231
-7.26833 6.38342 -0.517217
-7.55007 6.22659 -0.537081
-8.64086 5.4927 -0.614049
-3.9233 8.24426 -0.280088
-3.70021 8.44572 -0.264073
-3.87837 8.15573 -0.277008
-6.30271 5.9315 -0.449763
-6.3781 5.99827 -0.455025
-6.10939 6.11512 -0.436086
-3.2414 6.37566 -0.233251
-3.97328 5.50935 -0.285627
-3.91345 5.42933 -0.281405
-4.08461 5.31193 -0.293557
-3.18081 -5.0633 -0.22942
-3.28325 -4.88594 -0.236731
-3.12673 -4.97957 -0.225579
-6.11631 7.7867 -0.435015
-5.8014 7.88564 -0.412805
-6.05157 7.71035 -0.430575
-7.21562 7.14125 -0.512776
-6.98295 7.35138 -0.496247
-6.91086 7.28138 -0.491288
-3.4838 5.91978 -0.250733
-6.24605 7.93919 -0.4439
-6.49792 7.75056 -0.461792
-5.76873 6.15038 -0.412118
-6.03626 6.04608 -0.430983
-5.83953 6.22163 -0.417057
-6.55171 6.93007 -0.466513
-6.3263 7.12053 -0.450517
-6.25704 7.04792 -0.445733
-5.45375 5.49125 -0.390198
-5.27517 5.64975 -0.377577
-5.20494 5.57797 -0.372647
-4.27339 5.90875 -0.306752
-4.39715 5.70245 -0.315583
-4.45986 5.7804 -0.319991
4.33122 -9.03935 0.307866
4.90283 -8.76592 0.348477
-2.81374 -4.81242 -0.203281
-3.00059 -5.49939 -0.216469
6.74365 -7.55455 0.479247
6.98293 -7.3514 0.496247
-10.3202 0.916918 -0.733502
-5.09185 5.1423 -0.364742
-10.3448 0.61175 -0.735248
-10.2859 -1.22122 -0.731061
-10.3202 -0.91692 -0.733502
-4.02558 -5.94988 -0.289184
-3.77958 -5.98182 -0.271722
-3.83439 -6.06508 -0.275573
-3.9107 -5.78665 -0.281104
-3.72484 -5.8985 -0.267871
2.83555 -9.57071 0.201576
2.52726 -9.65007 0.179663
-3.28793 -6.46345 -0.236514
-3.33453 -6.55121 -0.239778
-3.61621 -8.26601 -0.258325
-2.52726 -9.65007 -0.179663
-3.65818 -8.35588 -0.261198
-3.74328 -9.27842 -0.266086
-4.03914 -9.16325 -0.287112
-1.2732 -9.87529 -0.0905175
-3.4491 -7.90621 -0.246843
-3.43301 -7.2685 -0.246268
-3.47722 -7.35738 -0.249338
-3.61544 -7.07705 -0.259385
-3.01872 -4.81203 -0.217901
-3.19624 5.84578 -0.230293
-3.2944 6.01879 -0.237211
-3.14853 6.19999 -0.226728
-3.47722 7.35738 -0.249337
-4.34961e-07 9.95074 -3.19137e-08
-3.89883 7.60163 -0.279029
-3.14119 9.48226 -0.223298
-3.44385 9.3848 -0.244808
-3.57434 8.17611 -0.255453
-4.18968 7.56934 -0.29965
-4.24011 7.6551 -0.303129
-4.0415 7.86341 -0.288866
-3.78449 8.62531 -0.269826
-3.74231 8.53553 -0.266949
-3.70369 9.18757 -0.263412
-4.33123 9.03935 -0.307865
-4.28558 8.95116 -0.304774
-4.57061 8.82015 -0.325031
-4.61921 8.90687 -0.328327
-7.38972 6.10383 -0.525935
-5.98134 6.36391 -0.426938
-5.9104 6.29281 -0.421997
-6.18259 6.18408 -0.44119
-7.74646 6.00014 -0.551009
-7.99326 6.17646 -0.568162
-7.79117 6.41004 -0.553809
-7.19018 6.31967 -0.511792
-7.46986 6.16525 -0.531507
1.2732 9.87529 0.0905175
-4.64627 8.33962 -0.331009
-4.42533 8.55973 -0.315153
-3.84881 6.51357 -0.27635
-3.79647 6.42886 -0.272687
2.52725 9.65007 0.179663
-3.33452 6.55121 -0.239779
-3.00965 5.93626 -0.21695
-3.12182 5.3242 -0.225164
-3.28915 5.23063 -0.237103
-3.23496 5.14698 -0.233261
-3.38008 5.74979 -0.243423
6.74363 7.55456 0.479247
-3.49147 6.3644 -0.251057
-3.44212 6.27804 -0.247594
-5.01914 8.36591 -0.35722
-5.22814 8.1316 -0.372228
-5.28494 8.21358 -0.376111
-5.3988 8.37737 -0.38388
-4.37708 8.47284 -0.311863
-4.59522 8.25422 -0.32752
-3.99387 7.77619 -0.285586
-3.56588 7.53503 -0.255479
-4.14699 5.39013 -0.29796
-5.123 7.0203 -0.366047
-5.34516 6.86593 -0.381824
-5.40897 6.94302 -0.386249
-6.53458 7.33789 -0.464876
-6.29604 7.52771 -0.447938
-6.22892 7.45328 -0.443322
-5.56242 6.70499 -0.397241
-5.77455 6.5376 -0.412284
-5.84324 6.61072 -0.417058
-10.0518 2.4242 -0.714392
-5.55261 5.25989 -0.3972
-6.56767 5.80663 -0.468431
-6.98387 6.52946 -0.497164
-3.85367 -5.34927 -0.277184
-3.62461 -5.37784 -0.26092
-3.68171 -5.45968 -0.264955
-10.2859 1.22122 -0.731061
-6.07697 -5.73078 -0.433983
-5.81729 -5.83855 -0.41568
-5.89021 -5.9078 -0.42078
5.1818 -8.61664 0.368297
-4.7076 5.72246 -0.337518
-4.82067 5.50704 -0.345559
-4.88835 5.58106 -0.350318
-3.79397 -5.26916 -0.272964
-3.96002 -5.15539 -0.284753
-3.89782 -5.07704 -0.280352
-3.11333 -4.63949 -0.224647
-3.11333 4.63949 -0.224647
-3.04942 -5.58604 -0.219924
-2.95182 -5.41272 -0.213016
-3.4521 -5.48136 -0.248634
-4.27527 6.72966 -0.306423
-4.11156 6.93649 -0.294679
-4.05887 6.85199 -0.29101
-5.40338 5.12472 -0.3867
-5.01966 5.07232 -0.359653
-4.94754 -5.00227 -0.354566
-5.01966 -5.07232 -0.359653
-4.08461 -5.31193 -0.293557
-4.02228 -5.23369 -0.289154
-10.2419 -1.52438 -0.727926
-3.19493 -6.28784 -0.229989
0.637803 -9.93186 0.0453448
3.44385 -9.3848 0.244809
-3.24141 -6.37566 -0.233251
-5.98824 -8.1203 -0.425587
-6.24605 -7.9392 -0.4439
-6.74364 -7.55455 -0.479247
-4.54424 8.16876 -0.324032
-3.96831 8.33276 -0.28317
-4.44254 7.99773 -0.317059
-4.18484 8.12484 -0.298715
-4.39181 7.91213 -0.313575
-5.43009 6.55451 -0.38804
-5.6374 6.39115 -0.402738
-5.70594 6.46441 -0.40751
-3.65818 8.35589 -0.261199
-3.78872 7.97856 -0.270851
-3.83351 8.06716 -0.273929
-3.61622 8.26601 -0.258325
-3.99652 9.07367 -0.284228
-4.24002 8.86293 -0.301684
-6.41275 5.67755 -0.457602
-6.15216 5.79776 -0.439242
-7.05993 6.59549 -0.502437
-7.82865 6.05901 -0.556726
-6.72287 5.93538 -0.479264
-3.744 7.88992 -0.267774
-4.27008 7.18974 -0.30569
-4.08908 7.39768 -0.292695
-4.03889 7.31179 -0.289219
-3.59039 6.53699 -0.257986
-3.38119 6.63893 -0.243044
-3.38884 7.1796 -0.243201
-3.433 7.26851 -0.246268
-3.17336 5.40938 -0.228814
-3.34341 5.31424 -0.240946
-3.22495 5.49454 -0.232465
-3.01891 5.15373 -0.217866
-3.18082 5.06329 -0.22942
-3.07034 5.23898 -0.221515
-3.6817 5.45969 -0.264955
-3.85369 5.34926 -0.277184
-3.67474 5.1088 -0.264526
-3.83569 4.99865 -0.275953
-3.51059 5.21403 -0.252854
-3.61521 5.02857 -0.260309
-3.37765 -4.70723 -0.243448
-5.49177 7.49325 -0.391532
-5.79351 7.40423 -0.412829
-5.55353 7.57185 -0.395784
-5.66501 8.21367 -0.402793
-4.79995 8.59554 -0.341486
-6.16189 7.37877 -0.438708
-5.8579 7.48086 -0.417263
-6.09496 7.30418 -0.434095
-4.23278 8.21191 -0.302
-4.54595 6.68206 -0.325598
-4.75711 6.54522 -0.340607
-4.60413 6.76317 -0.32965
-3.85142 7.51429 -0.275752
-6.18787 6.97524 -0.440951
-6.40864 6.78899 -0.456611
-6.48014 6.85957 -0.461561
-6.99007 5.79541 -0.498088
-6.02809 7.22953 -0.429484
-5.4269 7.89297 -0.386502
-5.55678 5.93623 -0.397308
-5.62736 6.00769 -0.402244
-5.36402 6.09746 -0.383661
-10.1248 2.12615 -0.719587
-4.85478 5.21814 -0.348012
-4.92468 5.29023 -0.352937
-7.6602 -6.70084 -0.544362
-3.45367 5.13206 -0.248822
-3.91345 -5.42933 -0.281405
-3.05589 -6.02419 -0.220208
-3.00965 -5.93625 -0.21695
1.2732 -9.87529 0.0905179
-3.25677 -6.9127 -0.234003
-3.2944 -6.01879 -0.237211
-3.24529 -5.9323 -0.233751
-3.16992 4.72168 -0.228674
-4.05791 4.96015 -0.291699
-3.99328 4.88364 -0.287122
5.98824 -8.1203 0.425587
-2.96754 -5.06845 -0.214219
-5.7021 5.39477 -0.407705
-5.09185 -5.1423 -0.364742
-4.92468 -5.29023 -0.352937
-5.1641 -5.21221 -0.369831
-6.02809 -7.22953 -0.429484
-5.96132 -7.15481 -0.424874
-5.7292 -7.32754 -0.408396
1.18661e-07 -9.95074 8.70636e-09
3.14118 -9.48226 0.223299
-8.46045 -5.74565 -0.601226
-8.64086 -5.4927 -0.614049
-9.66528 -3.59089 -0.686891
-9.54548 -3.87481 -0.67837
-0.637798 -9.93186 -0.0453444
-0.319051 -9.94602 -0.0226832
-3.56587 -7.53503 -0.255479
-3.70963 -7.25206 -0.265928
-3.52152 -7.44622 -0.252407
-4.85133 -8.68076 -0.344981
-5.07328 -8.44953 -0.360911
-5.01913 -8.36592 -0.35722
-3.34357 -6.10524 -0.24067
-3.99921 6.31462 -0.287134
-4.52263 5.8583 -0.324401
-3.6103 7.6238 -0.258551
-4.16433 7.02095 -0.298348
-3.98878 7.22586 -0.285744
-3.93873 7.13988 -0.28227
-4.83296 7.55615 -0.345087
-5.01352 7.32945 -0.358045
-5.07233 7.41013 -0.362106
-4.80348 8.03086 -0.342471
-4.85727 8.11469 -0.346157
-4.14913 8.68636 -0.295508
-4.3289 8.3859 -0.308574
-5.89021 5.9078 -0.42078
-5.82803 7.00514 -0.415658
-5.60087 7.17392 -0.399533
-5.53682 7.09702 -0.395104
-4.88916 7.63852 -0.348961
-5.13121 7.49075 -0.366168
-5.19017 7.57132 -0.370233
-6.62341 6.59623 -0.47184
-6.83197 6.39715 -0.486623
-6.90788 6.46335 -0.491893
-4.25616 6.27577 -0.305357
-4.45425 6.14781 -0.31944
-4.31397 6.35713 -0.309403
-4.96398 6.40208 -0.355297
-5.23217 6.32832 -0.374247
-5.02732 6.47954 -0.359715
-7.36499 6.85873 -0.52354
-6.76695 7.1411 -0.481374
-6.99292 6.9375 -0.497416
-7.06707 7.0055 -0.502535
-6.45356 6.06495 -0.460288
-3.16903 6.73462 -0.227875
-3.52154 6.90191 -0.252845
-3.68958 6.70943 -0.264919
-3.73927 6.7956 -0.268387
-3.34475 7.09067 -0.240133
-3.73886 5.54149 -0.268991
-3.56101 5.64834 -0.256326
-3.67017 5.81515 -0.264022
-3.61556 5.73176 -0.260174
-3.79608 5.62325 -0.273027
-4.08313 6.03141 -0.293226
-4.21323 5.82897 -0.302525
-3.45209 5.48137 -0.248634
-3.39772 5.39782 -0.244789
-3.9442 6.23148 -0.283279
8.07567 6.23504 0.573882
-3.50652 5.56487 -0.252479
-3.34 4.96802 -0.24076
-4.05792 -4.96015 -0.291699
-3.99328 -4.88364 -0.287122
-4.33452 5.62445 -0.311176
-4.31704 5.26569 -0.310015
-5.22776 5.95023 -0.374129
-4.96932 6.02586 -0.355873
-5.15974 5.87652 -0.369365
-3.77361 4.92022 -0.271554
-5.8636 7.96393 -0.417064
-5.47286 7.02005 -0.390676
-5.24561 7.17818 -0.374537
-5.67729 7.72888 -0.404292
-4.47368 8.64658 -0.318444
-5.61536 7.6504 -0.400037
-5.00182 7.8031 -0.356711
-5.05827 7.88531 -0.360588
-4.74863 8.51029 -0.337992
-4.64262 7.77903 -0.331424
-4.69616 7.86302 -0.335105
-5.30701 7.25704 -0.378783
-5.60535 8.13358 -0.398718
-5.34182 8.29551 -0.379994
-5.54578 8.05344 -0.394645
-5.98692 7.63392 -0.426136
-5.89463 7.08001 -0.420265
-6.11879 6.90247 -0.43617
-5.72921 7.32752 -0.408396
-4.33362 5.98848 -0.31098
-6.2274 5.86467 -0.444502
-6.40266 6.39051 -0.45651
-6.32923 6.32178 -0.451402
-6.60471 6.19806 -0.470818
-3.92871 -4.80709 -0.282547
-4.5506 -5.21043 -0.326533
-4.38197 -5.34196 -0.314596
-4.61803 -5.28466 -0.331288
-3.92871 4.80709 -0.282546
-4.57578 -4.92922 -0.328322
-4.64544 5.00153 -0.333243
-4.57578 4.92922 -0.328322
-5.67728 -7.72889 -0.404292
-5.85789 -7.48087 -0.417263
9.96924 -2.71997 0.708519
9.66528 -3.59089 0.686891
-3.73432 -5.18901 -0.268744
-3.67473 -5.10881 -0.264526
-3.56756 -5.29596 -0.256886
-4.41595 5.06178 -0.317026
-4.48324 5.13613 -0.32178
-4.41595 -5.06178 -0.317026
-4.34871 -4.98738 -0.312274
-4.57715 5.57042 -0.328346
-4.51203 5.49432 -0.323762
-4.75306 5.43297 -0.340801
-5.09179 5.80274 -0.364601
-5.34547 5.72147 -0.382508
-10.1248 -2.12616 -0.719587
-10.1882 -1.82612 -0.7241
-5.62733 -5.32736 -0.402452
-8.07568 -6.23504 -0.573882
-8.27199 -5.99318 -0.587833
-9.13218 -4.70368 -0.648977
-3.69936 -7.80125 -0.264699
-3.49077 -7.9962 -0.249711
-4.95479 -7.24872 -0.353984
-4.72079 -7.39126 -0.337344
-4.77685 -7.47372 -0.341215
-0.955956 -9.90828 -0.0679628
-4.13934 -7.48353 -0.296171
-3.94631 -7.68893 -0.282306
-4.18968 -7.56934 -0.29965
-3.92331 -8.24426 -0.280088
-4.08919 -7.9506 -0.292148
-3.87837 -8.15573 -0.277008
-2.21658 -9.72028 -0.15758
-3.70369 -9.18757 -0.263412
-3.95395 -8.98407 -0.281345
-3.48379 -5.91978 -0.250733
-3.53574 -6.00473 -0.254389
-3.67018 -5.81515 -0.264022
-4.21323 -5.82897 -0.302524
-4.15314 -5.74914 -0.298299
-3.43191 -5.8348 -0.247077
-3.38884 -7.1796 -0.2432
-3.75682 7.3395 -0.269202
-3.94631 7.68893 -0.282307
-4.60895 7.22616 -0.329607
-4.8376 7.08709 -0.345868
-4.94544 7.72084 -0.352835
-3.58541 8.9148 -0.255398
-3.91148 8.89443 -0.278463
-4.10381 8.59802 -0.292421
-3.95396 8.98407 -0.281345
-4.13699 8.03774 -0.295431
-4.2808 8.29892 -0.305286
-6.87835 6.06382 -0.490102
-6.9562 6.1279 -0.495523
-5.48627 5.86471 -0.392374
-5.29585 6.02388 -0.378894
-5.24923 7.65182 -0.374298
-4.58916 7.69499 -0.327744
-4.68551 5.35885 -0.336044
-5.85185 5.52939 -0.418213
-5.92683 5.59659 -0.423469
-5.67167 5.69983 -0.405484
-6.77098 6.733 -0.482066
-7.50322 6.57414 -0.5335
-7.13608 6.66143 -0.507711
-7.2123 6.72729 -0.512986
-6.69716 6.66465 -0.476953
-6.75614 6.33087 -0.481353
-6.47616 6.45917 -0.461618
-7.03412 6.19191 -0.500945
-3.30072 7.0017 -0.237067
-4.00625 6.76745 -0.287344
-3.78903 6.88173 -0.271856
-3.9537 6.68287 -0.283678
-4.93971 6.78301 -0.353322
-3.80408 7.42691 -0.272476
-5.03492 6.10156 -0.360465
-4.7744 6.16937 -0.342049
-4.9548 7.24872 -0.353985
-4.72079 7.39126 -0.337345
-4.89616 7.16793 -0.349925
-3.89783 5.07704 -0.280352
-3.5409 6.45071 -0.254521
-3.62461 5.37784 -0.26092
-5.92588 8.04214 -0.421325
-5.98825 8.12029 -0.425586
-6.74364 7.55456 -0.479247
-6.67387 7.48241 -0.474455
-4.52211 8.73338 -0.321737
-4.0892 7.9506 -0.292148
-4.74978 7.94696 -0.338788
-5.49621 6.62979 -0.39264
-5.30836 7.73227 -0.378365
-7.11212 6.25584 -0.506367
-3.71159 4.84174 -0.267157
-3.16903 -6.73462 -0.227875
-3.71158 -4.84175 -0.267156
-3.0727 -4.89582 -0.22174
-3.45367 -5.13207 -0.248822
-4.14074 6.11291 -0.297268
-4.71516 5.0738 -0.338165
-4.78494 5.146 -0.343088
-4.55061 5.21042 -0.326533
-5.3088 5.35186 -0.380013
-5.06468 5.43422 -0.36279
-5.23642 5.28206 -0.374921
-5.1641 5.21221 -0.369831
-4.18736 5.11302 -0.300855
-4.12261 5.03661 -0.296276
-4.44697 5.41816 -0.319178
-4.61803 5.28466 -0.331288
-6.10372 5.41849 -0.435956
-5.77695 5.46212 -0.412958
-6.41275 -5.67755 -0.457602
-5.22813 -8.13161 -0.372228
-5.48629 -7.97324 -0.390572
-4.19454 -8.77466 -0.298595
-4.24002 -8.86293 -0.301684
-4.42534 -8.55973 -0.315153
-7.34655 -6.44709 -0.522643
-7.63036 -6.28783 -0.542656
-7.26833 -6.38342 -0.517217
-10.0518 -2.4242 -0.714392
-4.03889 -7.31179 -0.289219
-3.98877 -7.22586 -0.285744
-3.80408 -7.42692 -0.272476
-3.40749 -7.81618 -0.243974
-3.61031 -7.62379 -0.258551
-3.74232 -8.53553 -0.266948
-3.70021 -8.44573 -0.264072
-3.50691 -8.73282 -0.25006
-3.53252 -8.08617 -0.252582
-3.57433 -8.17611 -0.255452
-4.54425 -8.16876 -0.324031
-4.74978 -7.94696 -0.338787
-4.49335 -8.08327 -0.320545
-5.1818 -8.61664 -0.368297
-5.15422 -6.63429 -0.368555
-5.21779 -6.71156 -0.372976
-5.43009 -6.55451 -0.38804
-3.73886 -5.54149 -0.268991
-4.1226 -5.03662 -0.296276
-3.61556 -5.73177 -0.260173
-4.48249 7.52676 -0.320387
-4.42927 7.44257 -0.316711
-4.66483 7.30873 -0.333475
-4.44177 6.97812 -0.318009
-4.49742 7.06085 -0.321874
-4.29059 7.74083 -0.30661
-3.6625 7.16457 -0.262656
-3.88877 7.05387 -0.278798
-3.70962 7.25206 -0.265928
-4.19454 8.77466 -0.298595
-5.9632 5.97698 -0.425881
-6.64524 5.87104 -0.473847
-4.34116 7.8265 -0.310092
-5.96132 7.1548 -0.424874
-5.69505 6.8552 -0.406447
-5.7615 6.93021 -0.411052
-5.74445 5.76922 -0.410582
-5.81729 5.83855 -0.41568
-5.912 6.68377 -0.421835
-5.6287 6.78013 -0.401843
-5.06183 6.94125 -0.361804
-5.00073 6.86216 -0.357562
-5.21779 6.71156 -0.372976
-5.18427 7.09927 -0.370291
-5.50056 6.24444 -0.393197
-5.69801 6.07907 -0.40718
-5.98085 6.75674 -0.426612
-5.38124 5.42159 -0.385105
-5.16635 6.25279 -0.369652
-5.43225 6.17099 -0.388428
-5.47797 5.19233 -0.39195
-6.46507 7.26552 -0.460088
-7.2886 6.79305 -0.518263
-6.83886 7.21128 -0.48633
-6.84488 6.80124 -0.487181
-7.58167 6.63754 -0.53893
-7.42485 6.51065 -0.528071
-6.54975 6.52774 -0.466729
-6.12346 6.50591 -0.436824
-6.19464 6.57679 -0.441769
-4.51468 6.2274 -0.323671
-4.57518 6.30693 -0.327903
-4.37186 6.43844 -0.31345
-3.61545 7.07705 -0.259385
-4.63575 6.38641 -0.332137
-4.42981 6.5197 -0.317498
-4.48784 6.6009 -0.321548
-4.33069 6.81253 -0.310284
-4.3939 6.06817 -0.315209
-4.21991 6.64674 -0.302562
-5.1006 6.17721 -0.365058
-3.34 -4.96802 -0.24076
-3.23496 -5.14698 -0.233261
-3.22656 -4.80383 -0.232702
-3.56757 5.29596 -0.256887
-4.99465 5.36225 -0.357863
-3.85336 5.70497 -0.277065
-3.72485 5.8985 -0.267871
-3.58776 6.08963 -0.258047
-3.63984 6.17449 -0.261705
-5.7393 7.8073 -0.408548
-5.48629 7.97324 -0.390572
-6.18113 7.86299 -0.439457
-6.36325 7.60207 -0.452554
-5.92236 7.55743 -0.421699
-4.49335 8.08327 -0.320545
-3.39281 -6.19166 -0.244132
-4.20944 5.46828 -0.302364
-4.03318 5.58932 -0.28985
-5.7021 -5.39477 -0.407705
-5.02391 -5.72891 -0.359839
-5.09179 -5.80274 -0.364601
-5.27517 -5.64976 -0.377577
-5.02391 5.72891 -0.359839
-4.83832 5.87427 -0.346693
-4.77293 5.79839 -0.342105
-5.13478 5.50613 -0.367718
-4.9561 5.65501 -0.355078
-6.49792 -7.75056 -0.461792
-5.34182 -8.29551 -0.379995
-5.60536 -8.13358 -0.398718
-5.54577 -8.05345 -0.394644
-5.84324 -6.61072 -0.417059
-5.6287 -6.78013 -0.401843
-5.91201 -6.68376 -0.421835
-7.82865 -6.05901 -0.556726
-7.38971 -6.10383 -0.525935
-8.81306 -5.23454 -0.626289
-8.97689 -4.97146 -0.637936
-4.38619 -6.89535 -0.314146
-4.33069 -6.81253 -0.310283
-4.11155 -6.9365 -0.294679
-5.34547 -5.72147 -0.382508
-5.52632 -5.56084 -0.395292
-3.78872 -7.97856 -0.270852
-3.6625 -7.16457 -0.262656
-3.44384 -9.3848 -0.244808
-4.61922 -8.90686 -0.328326
-4.90283 -8.76592 -0.348477
-4.96509 -8.28223 -0.353531
-5.17143 -8.04955 -0.368346
-4.91114 -8.19848 -0.349843
-5.12749 -8.53312 -0.364603
-4.79994 -8.59555 -0.341486
-4.57061 -8.82015 -0.325031
-4.10382 -8.59802 -0.292421
-4.05858 -8.50963 -0.289336
-3.86908 -8.80475 -0.275583
-3.99651 -9.07368 -0.284227
-4.20943 -5.46829 -0.302364
-3.97327 -5.50935 -0.285627
-4.03317 -5.58933 -0.28985
-4.77439 -6.16938 -0.342049
-4.51468 -6.2274 -0.323671
-4.57517 -6.30694 -0.327903
-4.89616 -7.16793 -0.349925
-4.66483 -7.30873 -0.333475
-4.88835 -5.58106 -0.350318
-4.9561 -5.65501 -0.355078
-4.53578 7.61089 -0.324065
-5.41584 5.79312 -0.387441
-6.33723 6.71833 -0.451663
-5.56894 6.31784 -0.397967
-4.90071 6.32457 -0.350879
-4.83752 6.247 -0.346463
-5.52632 5.56084 -0.395293
-7.1413 7.07342 -0.507655
-6.39564 7.19306 -0.455302
-6.68039 6.26451 -0.476085
-6.26589 6.6476 -0.446715
-6.04978 6.82965 -0.43139
-3.83886 6.96782 -0.275326
-4.21717 7.10537 -0.302018
-4.58547 5.93615 -0.328811
-4.10942 6.48077 -0.294846
-4.16463 6.56378 -0.298704
-4.05428 6.39772 -0.290989
-4.66237 6.84423 -0.333702
-4.8179 6.62454 -0.344844
-4.87877 6.7038 -0.349082
-3.39681 5.05006 -0.24479
-3.91071 5.78665 -0.281104
-3.77959 5.98181 -0.271722
-3.43191 5.83481 -0.247077
-4.02559 5.94987 -0.289184
-4.71136 6.09168 -0.337635
-4.64838 6.01394 -0.333223
-4.90379 5.9501 -0.351283
-4.02229 5.23368 -0.289154
-6.43054 7.67635 -0.457173
-6.60418 7.4102 -0.469665
-3.07034 -5.23898 -0.221514
-3.51059 -5.21403 -0.252853
-3.12182 -5.3242 -0.225164
-3.28916 -5.23063 -0.237103
-4.94754 5.00227 -0.354566
-4.71515 -5.0738 -0.338165
-4.87546 -4.93218 -0.349479
-4.75711 -6.54521 -0.340607
-4.48783 -6.60091 -0.321548
-4.54595 -6.68206 -0.325598
-3.93873 -7.13989 -0.28227
-3.75682 -7.33951 -0.269202
-6.25811 -5.54817 -0.446777
-6.18088 -5.48336 -0.441366
-6.00186 -5.66372 -0.428725
-9.96924 -2.71997 -0.708519
-6.33539 -5.6129 -0.452189
-6.49018 -5.74213 -0.463016
-5.72477 -8.29367 -0.406869
-6.18112 -7.86299 -0.439457
-4.58916 -7.69499 -0.327743
-4.64262 -7.77903 -0.331424
-4.83295 -7.55616 -0.345087
-6.25704 -7.04792 -0.445733
-6.43055 -7.67635 -0.457173
-6.09495 -7.30418 -0.434095
-6.39564 -7.19306 -0.455302
-6.3263 -7.12053 -0.450517
-5.18426 -7.09928 -0.370291
-5.47285 -7.02006 -0.390676
-5.40897 -6.94303 -0.386249
-7.2123 -6.72729 -0.512986
-7.2886 -6.79305 -0.518263
-7.58167 -6.63754 -0.53893
-7.99326 -6.17646 -0.568162
-5.34517 -6.86593 -0.381823
-5.56242 -6.70499 -0.397241
-4.88916 -7.63852 -0.34896
-4.69616 -7.86301 -0.335105
-4.28558 -8.95116 -0.304774
-4.47367 -8.64658 -0.318444
-3.8335 -8.06717 -0.273929
-3.44211 -6.27805 -0.247594
-4.69639 -6.46584 -0.336371
-3.56846 -6.9895 -0.256114
-3.32449 -7.63603 -0.238242
-3.65481 -7.71254 -0.261624
-3.89883 -7.60163 -0.279029
-3.54613 -8.82382 -0.252728
-3.78449 -8.62531 -0.269825
-3.14117 -9.48226 -0.223298
-3.82673 -8.71505 -0.272703
-3.91147 -8.89443 -0.278463
-5.66502 -8.21366 -0.402793
-5.3988 -8.37737 -0.38388
-4.23278 -8.21191 -0.302
-4.2808 -8.29892 -0.305286
-3.66418 -9.09668 -0.260739
-5.1148 -7.96747 -0.364466
-3.85336 -5.70498 -0.277065
-3.79608 -5.62325 -0.273027
-3.56101 -5.64834 -0.256326
-3.63984 -6.17449 -0.261705
-3.69198 -6.25932 -0.265365
-3.58776 -6.08963 -0.258047
-4.64544 -5.00153 -0.333243
-6.5291 6.13155 -0.465553
-5.29806 6.40378 -0.378844
-5.36404 6.47918 -0.383441
-3.53575 6.00472 -0.254389
-3.56846 6.9895 -0.256114
-4.19842 6.19436 -0.301312
-3.90122 6.59824 -0.280013
-4.3862 6.89535 -0.314146
-5.28144 6.78877 -0.377399
-3.34341 -5.31425 -0.240946
-4.38197 5.34195 -0.314596
-4.27194 5.54639 -0.306769
-4.25216 5.18938 -0.305434
-4.78494 -5.146 -0.343088
-4.00625 -6.76745 -0.287344
-3.83886 -6.96782 -0.275326
-4.05887 -6.852 -0.29101
-5.40338 -5.12472 -0.3867
-4.39715 -5.70245 -0.315583
-4.33452 -5.62444 -0.311176
-4.55314 -7.14353 -0.32574
-4.77912 -7.00618 -0.341811
-4.72071 -6.92524 -0.337756
-5.49177 -7.49325 -0.391531
-5.55352 -7.57186 -0.395783
-3.85142 -7.5143 -0.275752
-4.21716 -7.10537 -0.302018
-4.27008 -7.18974 -0.30569
-4.44177 -6.97813 -0.318009
-6.62338 -7.00049 -0.471465
-6.69512 -7.07084 -0.476419
-7.30964 -6.04232 -0.520363
-7.22965 -5.98072 -0.514793
-9.41661 -4.1551 -0.669204
-9.2788 -4.43148 -0.659403
-7.14972 -5.91904 -0.509224
-6.04978 -6.82964 -0.43139
-6.26589 -6.6476 -0.446715
-5.98085 -6.75674 -0.426612
-5.59896 5.63037 -0.400388
-4.64235 5.64646 -0.332931
-5.77695 -5.46212 -0.412958
-5.92588 -8.04214 -0.421325
-5.28494 -8.21358 -0.376111
-5.92236 -7.55743 -0.421699
-6.53457 -7.3379 -0.464876
-6.76695 -7.1411 -0.481373
-6.46507 -7.26552 -0.460088
-5.86359 -7.96393 -0.417064
-5.7615 -6.93021 -0.411052
-6.16189 -7.37877 -0.438708
-5.07232 -7.41014 -0.362106
-5.13121 -7.49076 -0.366169
-6.55171 -6.93007 -0.466512
-6.72287 -5.93538 -0.479265
-7.79117 -6.41004 -0.553809
-7.87167 -6.47101 -0.559387
-8.18776 -5.93702 -0.581977
-7.05993 -6.59549 -0.502437
-7.71073 -6.34898 -0.548231
-7.55007 -6.22659 -0.537081
-7.46986 -6.16525 -0.531507
-7.06986 -5.85727 -0.503655
-4.14914 -8.68636 -0.295507
-4.18483 -8.12485 -0.298714
-4.3918 -7.91214 -0.313575
-4.34116 -7.82651 -0.310092
-4.44254 -7.99773 -0.317059
-4.80349 -8.03085 -0.342472
-4.64626 -8.33962 -0.33101
-4.85727 -8.11469 -0.346156
-4.83759 -7.08709 -0.345868
-5.01351 -7.32946 -0.358044
-3.52155 -6.9019 -0.252845
-3.79647 -6.42886 -0.272687
-3.84881 -6.51357 -0.276349
-3.9992 -6.31463 -0.287133
-3.68957 -6.70944 -0.264919
-3.4747 -6.81427 -0.249577
-4.01341 -8.42121 -0.286252
-4.2906 -7.74082 -0.30661
-2.83555 -9.57071 -0.201576
-4.32889 -8.3859 -0.308574
-5.19018 -7.57131 -0.370232
-4.94545 -7.72084 -0.352835
-5.00182 -7.8031 -0.356711
-4.33122 -9.03935 -0.307866
-4.18736 -5.11302 -0.300855
-4.31703 -5.2657 -0.310015
-4.77684 7.47373 -0.341215
-6.05236 6.43495 -0.431881
-6.25588 6.25297 -0.446295
-5.15423 6.63428 -0.368555
-5.09074 6.55694 -0.364134
-4.6964 6.46584 -0.336371
-4.48324 -5.13613 -0.321779
-4.57716 -5.57041 -0.328346
-4.68551 -5.35885 -0.336044
-4.51203 -5.49431 -0.323761
-4.75306 -5.43297 -0.340801
-4.45986 -5.7804 -0.319991
-4.27338 -5.90876 -0.306752
-4.27194 -5.54639 -0.306769
-4.09313 -5.66925 -0.294074
-3.74419 -6.34411 -0.269025
-3.90122 -6.59824 -0.280013
-4.10941 -6.48078 -0.294846
-4.05427 -6.39773 -0.290989
-4.53578 -7.61089 -0.324065
-4.48249 -7.52676 -0.320387
-5.30702 -7.25704 -0.378783
-5.60087 -7.17392 -0.399533
-5.53682 -7.09702 -0.395104
-4.90071 -6.32458 -0.350879
-5.123 -7.02029 -0.366047
-5.06182 -6.94126 -0.361804
-5.00073 -6.86216 -0.357562
-6.29605 -7.5277 -0.447938
-5.79351 -7.40422 -0.412829
-6.87835 -6.06382 -0.490102
-6.80057 -5.99964 -0.484683
-5.36402 -6.09746 -0.383661
-5.43225 -6.17098 -0.388428
-5.62735 -6.00769 -0.402244
-6.56767 -5.80663 -0.468431
-5.29585 -6.02388 -0.378894
-5.1006 -6.17721 -0.365059
-5.73929 -7.8073 -0.408548
-6.91086 -7.28138 -0.491288
-6.83886 -7.21128 -0.48633
-5.8014 -7.88565 -0.412805
-6.22893 -7.45327 -0.443322
-5.98692 -7.63393 -0.426136
-7.1413 -7.07342 -0.507655
-7.36499 -6.85873 -0.523541
-7.50322 -6.57414 -0.5335
-4.60896 -7.22615 -0.329607
-5.30837 -7.73226 -0.378364
-5.24559 -7.17819 -0.374536
-3.73927 -6.7956 -0.268387
-4.63576 -6.38641 -0.332136
-4.42981 -6.5197 -0.317498
-3.88875 -7.05388 -0.278797
-4.13699 -8.03774 -0.29543
-3.96833 -8.33275 -0.28317
-4.52211 -8.73339 -0.321737
-3.17335 -5.40939 -0.228814
-4.85478 -5.21814 -0.348012
-5.20494 -5.57797 -0.372647
-4.44696 -5.41816 -0.319178
-4.25616 -6.27577 -0.305357
-4.31398 -6.35712 -0.309403
-5.22776 -5.95023 -0.374129
-5.48627 -5.86471 -0.392374
-5.41584 -5.79312 -0.387441
-3.96812 -5.86828 -0.285143
-5.67167 -5.69983 -0.405484
-5.59896 -5.63038 -0.400388
-3.63995 -6.62323 -0.261452
-3.9442 -6.23149 -0.283279
-4.14073 -6.11292 -0.297268
-4.08313 -6.03142 -0.293226
-3.59039 -6.53699 -0.257986
-4.19841 -6.19437 -0.301312
-4.39389 -6.06818 -0.315209
-4.66239 -6.84422 -0.333702
-4.9397 -6.78301 -0.353322
-4.87878 -6.70379 -0.349082
-5.15974 -5.87652 -0.369365
-5.03492 -6.10157 -0.360466
-5.77455 -6.5376 -0.412284
-5.9104 -6.29281 -0.421997
-5.70594 -6.46441 -0.40751
-5.98134 -6.36391 -0.426938
-5.69506 -6.8552 -0.406447
-6.48014 -6.85957 -0.461561
-6.77097 -6.733 -0.482066
-6.40864 -6.78899 -0.456611
-6.18787 -6.97524 -0.440951
-6.25587 -6.25297 -0.446295
-6.18259 -6.18409 -0.44119
-6.60471 -6.19806 -0.470818
-6.5291 -6.13155 -0.465553
-5.38124 -5.42159 -0.385105
-6.15216 -5.79776 -0.439242
-5.92683 -5.59659 -0.423469
-5.05828 -7.8853 -0.360588
-6.05157 -7.71035 -0.430575
-6.98387 -6.52946 -0.497164
-6.91886 -6.86941 -0.492298
-6.68039 -6.26451 -0.476086
-7.19018 -6.31968 -0.511792
-6.19464 -6.57679 -0.441769
-6.90788 -6.46335 -0.491893
-6.84488 -6.80124 -0.487181
-4.74863 -8.51029 -0.337992
-4.42927 -7.44257 -0.316711
-4.69742 -8.42497 -0.3345
-3.42791 -6.72662 -0.24631
-5.02731 -6.47955 -0.359714
-4.8179 -6.62454 -0.344844
-4.08907 -7.39768 -0.292694
-3.62476 -9.00576 -0.258068
-4.25217 -5.18938 -0.305434
-5.55261 -5.25988 -0.3972
-4.82067 -5.50705 -0.345559
-4.7076 -5.72246 -0.337518
-4.64235 -5.64646 -0.332931
-5.74445 -5.76923 -0.410582
-5.55678 -5.93623 -0.397308
-5.09073 -6.55695 -0.364134
-3.88926 -6.1483 -0.279425
-4.21991 -6.64674 -0.302562
-4.27528 -6.72965 -0.306422
-3.78904 -6.88173 -0.271856
-3.9537 -6.68287 -0.283678
-4.83752 -6.247 -0.346463
-4.52263 -5.8583 -0.3244
-5.28143 -6.78878 -0.377399
-6.45356 -6.06495 -0.460288
-5.29808 -6.40377 -0.378844
-5.36405 -6.47918 -0.383441
-6.9562 -6.1279 -0.495523
-5.69801 -6.07907 -0.40718
-5.36853 -7.33583 -0.383031
-5.89464 -7.08001 -0.420265
-7.13608 -6.66143 -0.507711
-6.11879 -6.90247 -0.43617
-6.33723 -6.71834 -0.451663
-6.62341 -6.59624 -0.47184
-6.69716 -6.66466 -0.476952
-5.4301 -7.41458 -0.387281
-6.30271 -5.9315 -0.449763
-6.3781 -5.99827 -0.455025
-5.45375 -5.49125 -0.390198
-6.10372 -5.41849 -0.435956
-5.85185 -5.52939 -0.418213
-5.24923 -7.65182 -0.374298
-6.11631 -7.7867 -0.435015
-6.99292 -6.9375 -0.497415
-7.42485 -6.51066 -0.528071
-7.03412 -6.19191 -0.500945
-6.54975 -6.52774 -0.466728
-6.75614 -6.33087 -0.481353
-7.06707 -7.0055 -0.502534
-4.37612 -7.35834 -0.313036
-4.32307 -7.27406 -0.309362
-4.37707 -8.47284 -0.311862
-4.49742 -7.06085 -0.321874
-4.14699 -5.39013 -0.29796
-5.16635 -6.25279 -0.369652
-4.83832 -5.87428 -0.346694
-4.77293 -5.7984 -0.342105
-4.45425 -6.14781 -0.319439
-4.64836 -6.01395 -0.333222
-4.58546 -5.93615 -0.328811
-4.90379 -5.95009 -0.351283
-4.96933 -6.02585 -0.355874
-4.96398 -6.40209 -0.355296
-4.33361 -5.98849 -0.31098
-5.6374 -6.39116 -0.402738
-5.50056 -6.24444 -0.393197
-5.23218 -6.32832 -0.374247
-6.2274 -5.86467 -0.444502
-5.82802 -7.00515 -0.415658
-5.49621 -6.62978 -0.39264
-6.91034 -5.73347 -0.492522
-6.64524 -5.87105 -0.473847
-5.56894 -6.31783 -0.397967
-6.83197 -6.39715 -0.486623
-7.11211 -6.25584 -0.506367
-4.59522 -8.25421 -0.32752
-4.71135 -6.09168 -0.337635
-4.16433 -7.02096 -0.298348
-4.60412 -6.76318 -0.329649
-5.9632 -5.97698 -0.425881
-5.76873 -6.15038 -0.412118
-6.03626 -6.04608 -0.430983
-6.47616 -6.45917 -0.461618
-6.05236 -6.43495 -0.431881
-5.47797 -5.19233 -0.39195
-6.10939 -6.11512 -0.436086
-4.16463 -6.56378 -0.298704
-4.37186 -6.43844 -0.31345
-6.32923 -6.32178 -0.451402
-5.83953 -6.22163 -0.417057
-6.12346 -6.50591 -0.436824
-6.40266 -6.39051 -0.456509
-5.66501 -7.25075 -0.403963
3  0 1 2
3  3 4 5
3  6 7 8
3  9 6 10
3  11 12 13
3  14 15 16
3  17 7 18
3  0 19 20
3  21 22 23
3  24 25 26
3  27 28 29
3  30 31 32
3  27 33 28
3  13 34 35
3  36 26 37
3  38 39 17
3  7 39 8
3  39 6 8
3  40 41 42
3  43 9 1
3  44 45 46
3  5 12 47
3  24 48 49
3  50 44 51
3  52 53 54
3  55 56 57
3  58 59 60
3  12 61 47
3  62 63 28
3  39 38 64
3  39 7 17
3  65 66 67
3  68 69 51
3  50 51 70
3  71 72 42
3  73 42 74
3  75 64 76
3  19 77 78
3  68 48 79
3  68 79 80
3  58 48 81
3  82 83 84
3  59 58 82
3  48 58 85
3  6 39 86
3  87 6 33
3  88 63 5
3  59 56 60
3  2 9 73
3  6 86 33
3  48 24 79
3  14 25 89
3  28 90 29
3  90 63 88
3  62 64 75
3  91 92 93
3  94 95 96
3  43 97 98
3  99 100 101
3  102 103 104
3  0 43 1
3  43 6 105
3  38 106 107
3  78 108 109
3  70 110 111
3  72 50 42
3  25 112 113
3  0 114 115
3  48 116 81
3  48 68 116
3  117 26 36
3  79 91 93
3  118 119 74
3  45 83 51
3  80 93 78
3  69 110 51
3  85 58 60
3  14 85 4
3  116 83 81
3  83 58 81
3  58 83 82
3  44 82 84
3  33 86 28
3  86 39 28
3  39 64 28
3  64 62 28
3  44 72 52
3  120 29 121
3  122 123 124
3  125 126 127
3  6 87 10
3  41 128 42
3  11 129 130
3  25 24 89
3  14 89 131
3  89 48 131
3  59 82 56
3  22 21 132
3  133 15 61
3  11 134 135
3  16 15 136
3  15 3 137
3  30 32 138
3  0 139 97
3  24 26 140
3  26 125 37
3  44 50 72
3  9 42 73
3  83 116 51
3  116 68 51
3  119 19 141
3  1 9 2
3  142 37 143
3  20 19 144
3  69 80 78
3  69 68 80
3  92 91 117
3  79 140 117
3  3 15 4
3  15 14 4
3  83 45 84
3  45 44 84
3  63 90 28
3  90 88 145
3  60 56 5
3  146 147 148
3  87 33 149
3  21 128 150
3  44 52 22
3  151 21 23
3  40 128 41
3  151 52 54
3  152 153 154
3  14 155 156
3  48 89 49
3  89 24 49
3  48 85 131
3  85 14 131
3  5 63 157
3  120 56 55
3  56 82 158
3  158 82 159
3  56 88 5
3  160 161 162
3  156 155 163
3  13 62 164
3  139 0 165
3  166 167 168
3  169 170 171
3  165 115 172
3  139 173 98
3  174 25 175
3  97 139 98
3  43 0 97
3  53 128 54
3  74 176 177
3  6 9 105
3  9 43 105
3  87 40 10
3  9 10 42
3  128 71 42
3  10 40 42
3  91 79 117
3  79 24 140
3  52 72 53
3  70 178 179
3  180 51 181
3  178 70 111
3  45 51 182
3  51 44 46
3  119 73 74
3  50 176 74
3  183 62 184
3  11 185 186
3  108 110 109
3  80 79 93
3  140 26 117
3  169 19 187
3  133 61 188
3  12 63 13
3  4 85 5
3  85 60 5
3  55 21 150
3  90 145 121
3  128 40 189
3  27 29 149
3  72 71 53
3  71 128 53
3  22 56 190
3  56 158 190
3  133 155 16
3  155 14 16
3  191 192 193
3  155 133 194
3  163 155 195
3  25 14 156
3  3 61 137
3  61 15 137
3  64 196 76
3  75 197 198
3  64 38 199
3  200 17 18
3  201 202 203
3  63 62 13
3  204 205 206
3  207 139 208
3  194 133 209
3  25 156 163
3  155 210 211
3  212 188 213
3  214 19 215
3  214 215 216
3  165 0 115
3  125 153 152
3  32 7 138
3  30 138 217
3  98 218 219
3  218 6 219
3  2 141 220
3  2 19 221
3  77 19 118
3  19 119 118
3  110 70 180
3  70 51 180
3  111 110 222
3  108 77 179
3  51 46 182
3  46 45 182
3  93 92 78
3  19 78 205
3  178 111 179
3  111 222 179
3  114 223 224
3  225 226 227
3  204 19 205
3  37 125 143
3  199 102 228
3  129 11 13
3  63 12 157
3  12 5 157
3  61 3 47
3  3 5 47
3  88 56 145
3  29 90 121
3  29 55 149
3  29 120 55
3  22 52 23
3  52 151 23
3  56 132 57
3  56 22 132
3  190 158 159
3  22 190 229
3  15 133 136
3  133 16 136
3  196 64 230
3  62 75 198
3  32 31 231
3  232 233 234
3  235 25 236
3  198 197 237
3  198 237 184
3  238 62 239
3  25 240 241
3  242 243 244
3  245 228 246
3  247 248 249
3  61 12 188
3  12 11 188
3  250 251 252
3  19 214 144
3  253 254 255
3  218 138 256
3  98 173 218
3  138 7 256
3  257 258 259
3  104 18 260
3  141 19 220
3  19 2 220
3  19 0 221
3  0 2 221
3  119 141 73
3  141 2 73
3  128 21 54
3  21 151 54
3  50 70 176
3  42 50 74
3  51 110 181
3  110 180 181
3  78 77 108
3  118 74 179
3  19 169 215
3  117 36 205
3  166 26 261
3  25 174 166
3  262 263 264
3  205 36 206
3  200 18 104
3  265 173 266
3  267 268 269
3  197 270 202
3  62 271 164
3  173 272 257
3  145 56 121
3  56 120 121
3  132 21 57
3  21 55 57
3  55 150 189
3  150 128 189
3  33 27 149
3  40 87 149
3  82 44 159
3  44 190 159
3  190 44 229
3  44 22 229
3  106 38 273
3  274 38 275
3  276 107 102
3  106 273 103
3  75 76 277
3  278 279 280
3  64 281 282
3  268 283 284
3  163 285 286
3  287 288 289
3  290 142 143
3  291 292 293
3  184 237 294
3  134 295 135
3  296 297 298
3  299 300 301
3  114 0 144
3  20 144 302
3  138 218 217
3  218 173 217
3  7 6 256
3  6 218 256
3  6 43 219
3  43 98 219
3  110 108 222
3  74 70 179
3  110 69 109
3  69 78 109
3  222 108 179
3  77 118 179
3  176 70 177
3  70 74 177
3  303 304 305
3  36 37 142
3  78 92 205
3  92 117 205
3  125 26 153
3  26 166 153
3  26 25 261
3  25 166 261
3  306 307 308
3  19 204 206
3  309 310 311
3  174 312 297
3  139 313 314
3  139 165 313
3  115 114 315
3  290 143 316
3  30 317 318
3  230 282 228
3  38 17 273
3  319 231 320
3  18 7 260
3  321 322 323
3  107 103 102
3  106 103 107
3  13 164 324
3  196 230 245
3  325 326 311
3  327 325 311
3  62 327 310
3  62 198 184
3  328 329 330
3  285 163 195
3  331 332 333
3  334 335 336
3  337 175 338
3  339 340 341
3  183 184 294
3  134 11 130
3  342 343 344
3  345 346 347
3  25 348 349
3  163 350 351
3  144 0 302
3  0 20 302
3  316 143 352
3  353 354 355
3  173 317 217
3  317 30 217
3  206 356 357
3  206 36 142
3  19 206 357
3  358 359 360
3  168 167 361
3  362 363 364
3  317 173 365
3  366 367 368
3  369 370 371
3  170 169 372
3  270 373 202
3  317 374 318
3  40 149 189
3  55 189 375
3  199 38 276
3  107 276 376
3  199 276 102
3  274 107 376
3  17 95 94
3  95 377 378
3  207 379 380
3  319 321 381
3  30 318 382
3  383 384 385
3  17 377 386
3  200 95 378
3  188 387 213
3  203 245 246
3  388 389 390
3  225 391 392
3  393 7 394
3  147 164 395
3  64 396 397
3  64 199 396
3  398 388 390
3  35 34 280
3  225 201 203
3  75 373 270
3  346 399 347
3  155 194 209
3  400 401 402
3  403 404 405
3  112 406 407
3  112 407 113
3  241 240 408
3  25 409 410
3  247 249 362
3  129 411 191
3  348 113 412
3  413 414 415
3  206 142 356
3  142 290 356
3  356 187 357
3  187 19 357
3  312 243 297
3  416 296 417
3  165 172 307
3  418 419 420
3  114 144 223
3  250 421 422
3  32 319 381
3  365 257 259
3  95 104 96
3  374 317 365
3  189 149 375
3  149 55 375
3  38 107 275
3  107 274 275
3  423 424 228
3  76 245 425
3  276 38 376
3  38 274 376
3  426 427 428
3  319 32 231
3  429 268 267
3  273 17 94
3  377 95 386
3  95 17 386
3  377 17 378
3  17 200 378
3  430 431 267
3  373 75 277
3  427 432 428
3  230 64 282
3  396 281 397
3  281 64 397
3  13 433 434
3  280 435 436
3  133 188 334
3  188 304 303
3  155 209 437
3  133 160 162
3  155 438 439
3  440 441 442
3  412 443 444
3  286 285 328
3  445 446 447
3  446 448 449
3  406 112 450
3  112 25 450
3  451 452 453
3  454 455 456
3  13 278 411
3  295 134 457
3  310 327 311
3  237 197 294
3  458 459 460
3  461 462 463
3  464 465 466
3  467 468 469
3  192 470 193
3  163 471 472
3  473 474 475
3  476 477 478
3  479 480 481
3  482 483 484
3  139 314 485
3  139 353 486
3  321 426 487
3  265 266 488
3  173 489 490
3  173 254 253
3  491 492 493
3  153 166 491
3  494 143 495
3  496 497 498
3  497 499 500
3  501 502 503
3  165 502 501
3  504 262 503
3  505 506 507
3  508 144 509
3  510 224 511
3  512 513 514
3  321 320 515
3  173 265 272
3  294 197 202
3  197 75 270
3  146 516 147
3  433 13 324
3  517 191 518
3  34 13 434
3  335 303 305
3  519 304 520
3  133 334 160
3  347 399 521
3  155 522 523
3  209 345 524
3  525 526 527
3  210 155 437
3  528 211 529
3  438 523 530
3  531 439 532
3  531 533 534
3  406 450 535
3  536 537 538
3  450 539 535
3  240 540 446
3  409 541 410
3  25 235 409
3  450 241 539
3  450 25 241
3  542 543 449
3  542 535 543
3  188 544 387
3  247 544 248
3  545 404 546
3  547 363 548
3  304 519 305
3  185 549 550
3  191 517 192
3  278 13 279
3  434 551 435
3  129 13 411
3  311 326 552
3  553 552 554
3  516 555 436
3  434 433 551
3  62 310 556
3  310 309 556
3  327 62 325
3  62 238 325
3  557 295 558
3  294 202 201
3  559 560 561
3  350 286 562
3  563 564 546
3  565 525 527
3  336 335 566
3  567 458 460
3  568 569 570
3  571 572 573
3  174 175 337
3  574 575 576
3  166 416 577
3  578 168 361
3  175 349 579
3  445 580 448
3  581 582 583
3  166 168 584
3  585 586 587
3  139 588 208
3  314 313 354
3  314 354 485
3  104 103 96
3  95 200 104
3  589 590 591
3  592 593 594
3  424 595 596
3  424 427 595
3  173 139 254
3  597 489 255
3  257 598 258
3  582 599 101
3  600 601 602
3  491 584 603
3  143 125 495
3  604 605 606
3  581 607 608
3  143 494 609
3  354 313 610
3  502 165 306
3  611 315 293
3  610 612 613
3  614 215 615
3  215 169 616
3  427 426 595
3  365 173 257
3  335 334 303
3  334 188 303
3  336 161 160
3  334 336 160
3  563 617 564
3  441 528 618
3  619 620 621
3  622 623 624
3  210 437 625
3  626 627 628
3  211 210 452
3  522 155 211
3  439 629 630
3  522 440 331
3  532 439 630
3  531 155 439
3  631 632 244
3  113 407 443
3  633 580 445
3  25 468 467
3  540 240 410
3  240 25 410
3  240 446 449
3  634 241 408
3  635 412 444
3  448 542 449
3  544 188 248
3  188 11 248
3  544 247 387
3  625 437 628
3  11 135 549
3  135 295 549
3  134 130 457
3  164 271 395
3  636 347 521
3  637 638 639
3  248 186 249
3  640 362 641
3  212 642 520
3  520 642 643
3  34 434 435
3  279 13 35
3  644 311 552
3  102 104 228
3  644 645 646
3  183 294 647
3  325 238 326
3  392 391 648
3  435 551 516
3  435 516 436
3  556 309 395
3  271 62 556
3  309 644 646
3  552 649 554
3  650 384 651
3  652 653 385
3  652 654 655
3  226 656 227
3  286 328 562
3  350 163 286
3  657 658 659
3  351 350 660
3  533 661 329
3  155 531 534
3  662 663 664
3  619 665 620
3  666 667 668
3  638 521 669
3  670 671 672
3  673 412 635
3  477 664 674
3  288 675 289
3  338 579 454
3  348 25 113
3  416 166 296
3  296 298 417
3  676 677 678
3  167 166 679
3  312 631 243
3  243 631 244
3  631 312 337
3  312 174 337
3  680 492 681
3  169 187 682
3  654 683 655
3  581 684 607
3  588 355 685
3  208 685 686
3  172 687 688
3  588 139 486
3  355 689 690
3  355 379 685
3  393 394 428
3  225 691 122
3  599 419 101
3  597 255 418
3  488 266 597
3  656 429 227
3  427 424 423
3  245 230 228
3  103 273 96
3  273 94 96
3  583 582 101
3  692 653 693
3  254 139 694
3  139 207 694
3  489 253 255
3  489 173 253
3  463 695 259
3  266 173 490
3  361 167 696
3  168 578 584
3  697 698 699
3  700 701 702
3  502 306 504
3  306 165 307
3  703 513 512
3  704 165 501
3  705 356 706
3  290 707 708
3  114 709 710
3  709 513 710
3  711 712 713
3  714 715 716
3  354 610 717
3  165 704 612
3  172 115 687
3  115 292 687
3  292 115 611
3  115 315 611
3  566 335 305
3  547 548 718
3  161 346 162
3  346 345 162
3  161 399 346
3  589 719 484
3  345 636 524
3  565 627 626
3  336 566 720
3  721 722 723
3  724 725 726
3  727 728 564
3  627 625 628
3  437 209 524
3  210 625 452
3  625 627 453
3  440 442 332
3  438 155 523
3  441 618 620
3  441 440 528
3  563 729 730
3  439 438 629
3  244 632 731
3  732 733 734
3  735 736 737
3  738 739 740
3  741 742 743
3  744 745 746
3  235 236 747
3  748 749 750
3  348 412 673
3  751 635 444
3  410 541 447
3  540 410 447
3  186 752 249
3  248 11 186
3  753 754 755
3  642 212 213
3  249 752 550
3  185 11 549
3  457 130 191
3  130 129 191
3  519 520 643
3  642 213 756
3  757 758 650
3  759 760 761
3  482 762 763
3  764 148 765
3  550 295 557
3  766 389 388
3  304 188 520
3  188 212 520
3  34 435 280
3  279 35 280
3  425 245 203
3  76 196 245
3  277 76 425
3  432 423 228
3  62 767 239
3  62 183 767
3  768 146 764
3  644 309 311
3  767 649 239
3  648 391 769
3  66 770 771
3  763 772 483
3  433 324 147
3  324 164 147
3  148 646 765
3  458 757 459
3  567 460 773
3  774 775 776
3  653 777 693
3  429 267 227
3  465 464 778
3  779 734 780
3  404 545 405
3  675 288 781
3  782 630 546
3  658 783 659
3  727 784 785
3  728 287 405
3  661 533 786
3  782 532 630
3  285 195 534
3  195 155 534
3  619 787 788
3  789 736 726
3  790 791 792
3  340 657 737
3  236 25 467
3  572 793 573
3  670 794 795
3  796 658 657
3  296 166 297
3  166 174 297
3  797 482 719
3  679 166 577
3  794 339 732
3  175 25 349
3  798 338 454
3  799 800 801
3  798 631 338
3  631 337 338
3  593 581 608
3  802 67 771
3  803 804 805
3  806 777 802
3  777 806 693
3  807 808 809
3  354 353 485
3  353 139 485
3  502 504 503
3  359 810 811
3  588 486 355
3  486 353 355
3  393 260 812
3  104 260 428
3  428 394 813
3  426 428 487
3  257 272 598
3  272 265 598
3  322 7 323
3  7 32 323
3  318 374 259
3  31 30 382
3  258 598 259
3  260 393 428
3  394 7 813
3  268 429 462
3  427 423 432
3  282 281 228
3  269 268 284
3  814 815 816
3  817 809 818
3  819 807 820
3  821 822 823
3  491 166 584
3  167 679 696
3  824 480 825
3  826 143 827
3  143 609 827
3  827 609 828
3  125 152 126
3  829 187 830
3  356 290 831
3  832 511 833
3  834 835 836
3  114 510 837
3  838 839 840
3  114 710 703
3  710 513 703
3  232 616 171
3  841 842 843
3  223 144 844
3  845 508 846
3  847 848 849
3  496 850 851
3  380 379 99
3  852 689 847
3  690 689 100
3  355 354 689
3  315 703 853
3  307 172 308
3  345 209 162
3  209 133 162
3  720 566 854
3  636 345 347
3  452 625 453
3  855 565 626
3  636 521 855
3  856 343 300
3  399 161 720
3  161 336 720
3  857 856 299
3  735 858 788
3  522 211 859
3  211 528 859
3  729 860 861
3  523 522 333
3  438 530 862
3  530 860 862
3  522 331 333
3  620 618 863
3  441 665 442
3  665 864 442
3  865 407 866
3  774 867 868
3  657 869 737
3  724 787 870
3  871 681 823
3  872 873 874
3  476 672 875
3  446 540 447
3  541 409 876
3  877 876 878
3  580 633 879
3  241 634 543
3  738 740 879
3  740 580 879
3  799 880 881
3  406 535 882
3  543 634 449
3  408 240 449
3  213 387 883
3  387 247 883
3  191 411 518
3  411 278 518
3  884 885 886
3  247 362 364
3  887 299 301
3  669 399 888
3  753 642 756
3  753 883 364
3  457 191 193
3  549 295 550
3  192 517 470
3  295 457 193
3  775 889 890
3  891 892 893
3  281 396 228
3  396 199 228
3  202 373 425
3  373 277 425
3  649 326 239
3  326 238 239
3  649 767 647
3  767 183 647
3  645 644 553
3  894 383 385
3  683 431 655
3  267 431 769
3  764 146 148
3  271 556 395
3  760 757 761
3  389 640 895
3  758 757 760
3  757 458 761
3  764 896 650
3  896 384 650
3  384 383 651
3  459 651 460
3  152 154 604
3  653 692 894
3  790 465 778
3  351 897 898
3  478 477 674
3  468 899 900
3  328 285 329
3  533 532 901
3  617 727 564
3  545 728 405
3  451 902 863
3  784 903 858
3  858 735 737
3  575 574 904
3  403 560 559
3  905 785 869
3  533 901 786
3  533 531 532
3  532 782 901
3  901 782 786
3  855 521 344
3  665 441 620
3  733 339 341
3  905 657 659
3  468 25 899
3  25 163 899
3  297 243 298
3  243 242 298
3  882 535 906
3  412 113 443
3  430 267 269
3  907 430 269
3  693 802 771
3  401 400 820
3  908 308 263
3  849 848 500
3  610 313 612
3  313 165 612
3  207 208 686
3  208 588 685
3  260 7 812
3  7 393 812
3  432 228 428
3  228 104 428
3  7 322 813
3  428 813 487
3  907 909 67
3  598 265 488
3  382 318 695
3  695 910 320
3  321 323 381
3  323 32 381
3  123 426 515
3  379 690 100
3  595 426 123
3  426 321 515
3  815 66 65
3  815 65 911
3  492 154 493
3  809 808 818
3  762 482 912
3  913 914 915
3  916 917 918
3  492 491 919
3  920 383 921
3  871 922 923
3  872 416 924
3  696 577 925
3  699 698 252
3  708 707 926
3  927 928 358
3  929 930 931
3  932 933 934
3  143 826 935
3  936 937 938
3  262 504 263
3  837 510 939
3  510 114 224
3  711 837 939
3  709 114 837
3  292 611 293
3  315 114 703
3  711 939 940
3  709 837 711
3  941 942 943
3  944 223 945
3  946 947 948
3  214 216 949
3  950 951 952
3  684 581 953
3  909 65 67
3  954 770 594
3  852 847 955
3  689 354 717
3  689 717 847
3  717 848 847
3  99 379 100
3  379 355 690
3  521 399 669
3  956 957 958
3  725 789 726
3  637 959 960
3  526 525 957
3  525 343 957
3  526 957 961
3  527 526 961
3  638 342 344
3  962 963 964
3  860 530 333
3  530 523 333
3  860 332 861
3  860 729 862
3  332 860 333
3  331 440 332
3  862 729 965
3  629 438 862
3  451 618 529
3  618 528 529
3  332 442 861
3  442 864 730
3  528 440 859
3  440 522 859
3  798 474 966
3  867 676 868
3  579 349 967
3  349 348 673
3  474 473 966
3  632 631 798
3  339 733 732
3  863 902 968
3  796 339 969
3  663 658 664
3  779 970 971
3  794 732 795
3  857 893 958
3  676 972 973
3  974 975 576
3  734 733 341
3  976 977 978
3  891 568 979
3  473 980 981
3  982 970 974
3  983 361 696
3  984 985 745
3  417 242 873
3  986 578 916
3  748 571 987
3  988 749 878
3  672 671 879
3  748 750 989
3  987 571 573
3  670 672 478
3  476 875 990
3  235 988 991
3  580 740 448
3  541 876 992
3  739 542 740
3  740 542 448
3  881 739 993
3  444 443 865
3  994 799 995
3  455 751 538
3  517 518 280
3  518 278 280
3  752 186 550
3  186 185 550
3  854 964 723
3  996 997 998
3  519 643 999
3  548 766 718
3  547 754 363
3  389 548 640
3  883 247 364
3  550 557 895
3  997 1000 1001
3  1002 666 1003
3  1004 797 719
3  600 602 1005
3  889 868 1006
3  299 856 300
3  342 637 960
3  893 892 958
3  647 294 392
3  202 425 203
3  228 424 246
3  691 225 203
3  283 1007 1008
3  656 123 1009
3  656 226 122
3  226 225 122
3  294 201 392
3  201 225 392
3  553 644 552
3  391 227 769
3  765 654 1010
3  459 757 650
3  759 470 760
3  516 146 555
3  146 768 555
3  768 758 555
3  516 551 147
3  551 433 147
3  762 766 388
3  369 371 772
3  681 1011 823
3  718 766 912
3  759 1012 1013
3  558 1014 1015
3  758 768 650
3  768 764 650
3  431 907 655
3  692 383 894
3  1016 792 1017
3  897 351 660
3  163 351 898
3  790 778 660
3  897 778 1018
3  778 464 1018
3  464 466 1019
3  1020 1016 781
3  330 559 561
3  330 661 559
3  285 534 329
3  534 533 329
3  861 442 730
3  729 861 730
3  617 903 727
3  903 784 727
3  617 864 1021
3  903 617 1021
3  341 340 737
3  657 905 869
3  662 1020 663
3  1020 783 663
3  1020 793 1016
3  793 466 1016
3  287 728 785
3  728 727 785
3  675 560 289
3  560 403 289
3  629 862 965
3  564 545 546
3  627 902 453
3  902 451 453
3  902 627 527
3  627 565 527
3  288 287 905
3  287 785 905
3  662 987 573
3  899 163 472
3  907 777 655
3  431 430 907
3  283 65 284
3  909 907 269
3  67 66 771
3  383 692 921
3  385 384 1010
3  653 894 385
3  693 806 802
3  400 692 770
3  315 853 293
3  703 512 853
3  1022 610 613
3  704 501 503
3  685 379 686
3  379 207 686
3  813 322 487
3  322 321 487
3  266 490 597
3  490 489 597
3  461 463 259
3  31 382 695
3  321 319 320
3  462 461 1007
3  429 656 462
3  462 656 1009
3  66 815 594
3  582 581 592
3  154 153 493
3  153 491 493
3  492 919 681
3  567 1023 1024
3  935 826 1025
3  1026 1027 1028
3  1025 827 828
3  495 125 127
3  603 584 986
3  584 578 986
3  1029 1030 1031
3  1032 983 481
3  480 1029 481
3  1031 589 1033
3  152 604 606
3  707 290 316
3  615 215 1034
3  1035 1036 1037
3  1038 1039 1040
3  1041 705 1042
3  1043 356 1044
3  705 706 1042
3  1045 1046 1047
3  711 940 938
3  848 717 1022
3  1028 1048 1049
3  944 1050 832
3  513 712 1051
3  224 223 944
3  144 506 844
3  942 506 943
3  144 508 1052
3  844 506 505
3  941 841 942
3  1053 1054 714
3  1052 508 845
3  1055 1056 1057
3  715 1058 1035
3  714 1059 1060
3  1061 1062 1063
3  929 1064 930
3  144 214 1053
3  1065 1066 1067
3  953 581 583
3  1068 1069 1070
3  834 1071 1072
3  421 1073 1074
3  847 849 955
3  521 638 344
3  525 565 855
3  566 305 854
3  305 519 962
3  524 636 626
3  636 855 626
3  437 524 628
3  524 626 628
3  956 892 1075
3  968 961 1075
3  343 856 957
3  892 956 958
3  211 452 529
3  452 451 529
3  676 867 972
3  776 825 1076
3  538 537 456
3  635 455 967
3  455 579 967
3  349 673 967
3  175 579 338
3  635 751 455
3  537 475 456
3  474 798 454
3  339 794 969
3  794 670 969
3  340 339 657
3  339 796 657
3  738 671 1077
3  671 670 795
3  974 970 975
3  734 341 789
3  732 734 971
3  734 779 971
3  985 980 745
3  980 473 1078
3  1079 1000 1080
3  775 774 889
3  679 577 696
3  1081 696 925
3  298 242 417
3  872 417 873
3  236 467 1082
3  467 469 1082
3  748 987 414
3  987 1083 414
3  671 738 879
3  672 476 478
3  413 877 878
3  414 1083 415
3  796 969 674
3  969 670 478
3  749 988 750
3  988 235 747
3  876 409 991
3  409 235 991
3  633 992 877
3  633 445 992
3  634 408 449
3  446 445 448
3  535 539 543
3  539 241 543
3  535 542 906
3  739 880 882
3  623 537 624
3  880 799 1084
3  671 795 1077
3  982 995 1085
3  880 739 881
3  1077 1086 1085
3  557 390 895
3  548 363 640
3  962 519 999
3  885 884 1087
3  213 883 756
3  883 753 756
3  363 754 364
3  754 753 364
3  342 638 637
3  959 637 1088
3  389 766 548
3  1004 1089 742
3  886 1090 1091
3  741 1090 1092
3  960 959 1093
3  601 963 602
3  1000 890 1080
3  890 1000 997
3  984 745 744
3  1094 1093 668
3  857 568 893
3  568 891 893
3  1093 1094 1095
3  300 960 301
3  203 246 596
3  246 424 596
3  122 691 123
3  595 123 596
3  649 647 648
3  647 392 648
3  654 645 683
3  645 553 683
3  326 649 552
3  649 648 554
3  431 1096 769
3  391 225 227
3  309 646 395
3  646 645 765
3  645 654 765
3  764 765 1010
3  1097 1098 1013
3  470 517 1099
3  517 555 1099
3  555 758 1099
3  555 517 436
3  517 280 436
3  646 148 395
3  148 147 395
3  398 370 1100
3  370 369 763
3  890 996 1101
3  1101 1102 1103
3  370 763 1100
3  763 762 1100
3  398 1100 388
3  1100 762 388
3  651 383 1104
3  459 650 651
3  654 385 1010
3  654 652 385
3  791 328 330
3  675 781 1017
3  464 1019 1105
3  778 897 660
3  897 471 898
3  471 163 898
3  790 660 562
3  660 350 562
3  466 793 572
3  468 900 469
3  287 289 405
3  289 403 405
3  329 661 330
3  791 330 561
3  782 404 786
3  404 403 786
3  864 617 730
3  617 563 730
3  728 545 564
3  404 782 546
3  864 665 1021
3  665 619 1021
3  618 451 863
3  902 527 961
3  957 956 961
3  724 735 787
3  466 465 1016
3  781 1016 1017
3  783 658 663
3  969 478 674
3  1016 465 792
3  465 790 792
3  630 629 965
3  729 563 546
3  785 784 869
3  736 341 737
3  472 471 1018
3  471 897 1018
3  900 899 1105
3  900 1019 1106
3  308 172 688
3  504 908 263
3  254 694 255
3  380 99 419
3  461 259 1107
3  592 814 816
3  231 31 320
3  31 695 320
3  65 909 284
3  909 269 284
3  802 777 67
3  777 907 67
3  815 1108 816
3  1008 1109 1110
3  1023 371 1024
3  371 1012 1024
3  1104 383 920
3  401 920 921
3  1111 1112 1113
3  492 680 604
3  154 492 604
3  919 1011 681
3  607 684 1066
3  495 127 697
3  1114 1115 1116
3  1117 1118 937
3  1119 1120 1121
3  143 1122 352
3  578 361 983
3  731 677 973
3  873 972 874
3  984 678 985
3  1032 916 983
3  1029 480 824
3  707 316 1123
3  1124 708 926
3  216 215 1125
3  215 614 1125
3  215 616 1034
3  614 615 1126
3  1127 1128 1129
3  615 1034 1126
3  1130 701 700
3  1126 1034 1131
3  1132 1133 1134
3  1135 1136 1137
3  1138 1139 1140
3  829 830 1141
3  1142 1137 1143
3  356 1043 706
3  1144 1128 1145
3  930 1146 1147
3  367 1050 1148
3  223 844 505
3  262 1149 503
3  503 1149 613
3  853 512 514
3  1114 1150 1115
3  514 513 1051
3  293 853 1151
3  513 709 1152
3  709 711 1152
3  510 511 939
3  511 1153 940
3  832 839 1154
3  939 511 940
3  941 1155 1156
3  1157 1158 1156
3  1050 505 1148
3  223 505 945
3  144 1052 1157
3  1159 845 846
3  1160 1036 1161
3  1058 949 1161
3  1162 1163 948
3  1052 1159 1164
3  1058 715 714
3  1053 214 1054
3  927 1056 1055
3  1056 360 1165
3  849 1166 1167
3  100 852 1168
3  684 953 1066
3  1166 1066 1167
3  1169 1170 498
3  497 1171 1169
3  1112 808 1172
3  808 913 818
3  692 400 402
3  807 401 820
3  1066 953 1167
3  1171 497 500
3  343 525 344
3  525 855 344
3  787 735 788
3  858 903 788
3  731 632 966
3  632 798 966
3  677 731 981
3  678 677 985
3  1173 444 865
3  751 444 1173
3  454 579 455
3  673 635 967
3  477 1083 664
3  1083 662 664
3  783 288 659
3  288 905 659
3  732 971 1086
3  971 982 1086
3  975 574 576
3  624 575 904
3  857 299 976
3  574 569 904
3  780 734 789
3  891 979 725
3  970 982 971
3  995 881 1085
3  1079 1080 1006
3  676 678 868
3  537 536 624
3  1174 1078 1175
3  416 417 924
3  417 872 924
3  244 731 973
3  972 867 874
3  572 571 1106
3  1082 469 989
3  988 747 750
3  747 236 750
3  662 1083 987
3  476 413 415
3  413 749 414
3  749 748 414
3  879 633 875
3  672 879 875
3  992 876 877
3  749 413 878
3  664 658 674
3  658 796 674
3  541 992 447
3  992 445 447
3  542 739 906
3  739 882 906
3  537 623 475
3  455 538 456
3  538 751 1173
3  799 994 800
3  1086 982 1085
3  799 881 995
3  1014 193 1176
3  295 193 558
3  398 390 1015
3  390 557 1015
3  363 362 640
3  390 389 895
3  399 720 888
3  753 755 1177
3  962 999 1087
3  720 854 888
3  721 1088 722
3  1088 637 639
3  884 886 1091
3  741 1092 1178
3  547 718 1092
3  766 762 912
3  1079 984 744
3  600 1002 1003
3  886 755 1179
3  1090 886 1179
3  721 1003 1180
3  1003 666 1180
3  996 1102 1101
3  1089 1102 742
3  890 889 1080
3  868 678 1006
3  299 887 977
3  1181 569 976
3  666 1002 667
3  622 904 978
3  957 856 958
3  856 857 958
3  123 691 596
3  691 203 596
3  320 910 515
3  910 123 515
3  123 910 1009
3  910 462 1009
3  123 656 124
3  656 122 124
3  431 683 1096
3  683 553 1096
3  777 653 655
3  653 652 655
3  384 896 1010
3  896 764 1010
3  470 1099 760
3  1099 758 760
3  1098 1014 1013
3  371 370 1097
3  1012 371 1097
3  370 398 1098
3  193 470 1176
3  470 759 1176
3  1029 1031 1033
3  822 821 772
3  328 791 562
3  791 790 562
3  1019 572 1106
3  466 572 1019
3  661 786 559
3  786 403 559
3  902 961 968
3  620 863 968
3  787 621 870
3  620 968 621
3  288 783 781
3  783 1020 781
3  560 1017 561
3  560 675 1017
3  729 546 965
3  546 630 965
3  869 784 737
3  784 858 737
3  687 292 688
3  292 291 688
3  504 306 908
3  306 308 908
3  255 694 380
3  694 207 380
3  695 318 259
3  374 365 259
3  283 268 1007
3  268 462 1007
3  462 910 463
3  910 695 463
3  1007 461 1008
3  816 1108 1182
3  922 1183 923
3  371 1023 1184
3  773 460 1185
3  460 651 1104
3  1111 605 604
3  606 605 1186
3  1112 605 1113
3  605 1111 1113
3  986 916 918
3  590 1011 917
3  1111 604 914
3  604 680 914
3  250 1073 421
3  1187 1188 1189
3  251 1190 699
3  851 1191 1192
3  1193 1194 1195
3  1196 1197 702
3  832 1154 1198
3  1199 1200 1201
3  1202 1133 1203
3  1204 1043 1205
3  290 1206 1207
3  1043 1208 1205
3  1122 143 935
3  1209 1210 1211
3  916 578 983
3  872 1081 925
3  1081 480 479
3  1212 874 1076
3  824 776 1103
3  821 1213 483
3  1032 591 917
3  591 590 917
3  316 352 1119
3  352 1122 1120
3  826 827 1025
3  1122 935 1214
3  614 1215 1160
3  715 1035 1216
3  811 810 1217
3  1218 1219 1220
3  1160 1215 1221
3  216 1160 1161
3  1129 1128 1144
3  1209 1211 1222
3  1220 1133 1223
3  1224 1144 1225
3  1134 1202 1226
3  1133 1220 1203
3  356 831 1044
3  831 1207 1227
3  829 1228 1229
3  705 1041 1230
3  932 934 1231
3  1228 829 1232
3  706 1043 1204
3  1233 1041 1234
3  1208 1044 1235
3  1208 1043 1044
3  1061 1159 1236
3  1237 1238 1239
3  1128 1238 1240
3  1241 1242 1243
3  1071 1244 1072
3  1129 1245 836
3  717 610 1022
3  1149 1022 613
3  291 293 1246
3  1247 1248 1249
3  1246 1151 1250
3  712 513 713
3  308 688 263
3  291 1246 1251
3  513 1152 713
3  1152 711 713
3  1153 832 1198
3  839 838 1154
3  1153 511 832
3  944 832 833
3  1252 1162 1237
3  366 842 1253
3  1162 1238 1237
3  1158 1252 1156
3  505 1050 945
3  1050 944 945
3  506 942 507
3  506 144 1254
3  144 1157 1254
3  941 1254 1155
3  1054 1058 714
3  949 216 1161
3  1163 1062 1255
3  1159 1052 845
3  1159 1061 1063
3  1256 1257 1258
3  1058 1054 949
3  1054 214 949
3  509 144 1259
3  144 1053 1259
3  262 1170 1169
3  497 1169 498
3  592 581 593
3  400 770 954
3  808 807 1172
3  807 819 1172
3  819 820 1260
3  820 400 954
3  401 809 817
3  401 807 809
3  848 1171 500
3  804 803 1261
3  953 955 1167
3  955 849 1167
3  961 956 1075
3  724 1262 725
3  903 1021 788
3  1021 619 788
3  731 966 981
3  966 473 981
3  1077 795 1086
3  795 732 1086
3  536 575 624
3  622 624 904
3  994 974 576
3  575 536 1263
3  976 299 977
3  887 1093 1095
3  970 570 975
3  970 779 570
3  568 570 979
3  570 779 780
3  1080 889 1006
3  889 774 868
3  677 981 985
3  981 980 985
3  873 242 972
3  677 676 973
3  750 1082 989
3  750 236 1082
3  1083 477 415
3  477 476 415
3  875 633 990
3  633 877 990
3  876 991 878
3  991 988 878
3  623 1078 475
3  1078 473 475
3  536 538 1264
3  538 1173 1264
3  1173 800 1264
3  800 994 1263
3  882 1084 866
3  800 1173 801
3  982 974 995
3  974 994 995
3  739 738 993
3  738 1077 993
3  193 1014 558
3  557 558 1015
3  1014 1098 1015
3  1098 398 1015
3  550 895 641
3  895 640 641
3  886 885 755
3  755 885 1177
3  999 885 1087
3  888 854 722
3  643 642 999
3  885 999 1177
3  638 669 639
3  669 888 639
3  854 305 964
3  305 962 964
3  639 888 722
3  1088 639 722
3  482 797 912
3  797 1004 912
3  743 996 998
3  996 890 997
3  1000 1002 1001
3  1002 600 1001
3  755 754 1179
3  754 547 1179
3  959 1088 1180
3  1088 721 1180
3  1004 719 1089
3  1031 1030 1089
3  1102 1030 1103
3  1030 824 1103
3  343 342 300
3  342 960 300
3  1093 959 668
3  667 1094 668
3  622 1265 1175
3  1265 1266 1174
3  1079 744 1267
3  744 667 1267
3  227 267 769
3  1096 553 554
3  1096 554 769
3  554 648 769
3  458 1012 761
3  1012 759 761
3  1012 458 1024
3  458 567 1024
3  370 1098 1097
3  1012 1097 1013
3  1014 1176 1013
3  1176 759 1013
3  821 590 1213
3  590 589 1213
3  1019 900 1105
3  899 472 1105
3  793 1020 573
3  1020 662 573
3  469 1106 989
3  469 900 1106
3  1017 792 561
3  792 791 561
3  968 1075 870
3  787 619 621
3  892 1262 1075
3  621 968 870
3  255 380 419
3  418 255 419
3  1108 815 911
3  419 599 420
3  772 821 483
3  763 369 772
3  567 773 1183
3  817 818 1185
3  491 603 919
3  917 1011 918
3  822 871 823
3  871 680 681
3  808 1112 913
3  1112 1111 913
3  494 495 1190
3  605 1112 1186
3  803 1268 1261
3  251 699 252
3  1191 1269 1192
3  1270 1271 1272
3  1273 1191 1274
3  1066 1166 1067
3  1275 1276 851
3  850 1191 851
3  1170 264 1277
3  1278 1279 1280
3  1281 835 1282
3  835 834 1072
3  1283 1284 1285
3  1150 1114 1286
3  1287 834 1135
3  1288 951 1289
3  234 233 1290
3  1291 811 1132
3  1292 1208 1293
3  1294 1295 1296
3  1124 1206 708
3  1206 290 708
3  1206 1124 1297
3  831 290 1207
3  1214 935 1025
3  1294 1298 1299
3  696 1081 479
3  776 824 825
3  719 1031 1089
3  719 589 1031
3  890 1101 1103
3  1030 1029 824
3  589 591 1033
3  591 1032 1033
3  1011 919 918
3  916 1032 917
3  585 1123 1121
3  352 1120 1119
3  928 810 358
3  810 359 358
3  810 928 1300
3  928 1037 1300
3  216 1125 1160
3  1125 614 1160
3  233 1301 1302
3  1291 700 702
3  1303 1037 1221
3  1215 614 1126
3  1217 810 1300
3  1035 1037 1216
3  359 811 1291
3  1197 359 1291
3  1037 1036 1221
3  1304 1305 1290
3  1301 170 1306
3  372 682 1307
3  170 372 1306
3  169 682 372
3  682 1229 1140
3  1130 1134 1226
3  1042 706 1204
3  1041 1233 1230
3  187 356 830
3  356 705 830
3  682 187 1229
3  187 829 1229
3  830 1233 933
3  1138 1140 1308
3  1238 1162 1240
3  1257 1144 1145
3  1239 1281 1253
3  1072 1244 1309
3  359 1197 360
3  360 1197 1310
3  1245 1311 1135
3  1244 1071 1287
3  612 704 613
3  704 503 613
3  1250 1151 1312
3  293 1151 1246
3  1313 1070 1314
3  1118 1117 1315
3  712 1118 1315
3  712 711 1118
3  832 1050 839
3  1050 367 839
3  511 224 833
3  224 944 833
3  843 842 1148
3  842 366 368
3  1148 505 507
3  942 841 843
3  841 1237 1316
3  1237 1239 1316
3  1238 1281 1239
3  842 1239 1253
3  1062 1158 1063
3  1252 1237 1317
3  506 1254 943
3  1254 941 943
3  1155 1254 1156
3  1254 1157 1156
3  1059 714 716
3  1059 1318 1060
3  929 846 1064
3  846 508 1064
3  1159 846 1236
3  846 929 1236
3  1053 714 1060
3  1064 509 930
3  848 1022 1171
3  1022 1149 1171
3  770 692 771
3  692 693 771
3  593 954 594
3  770 66 594
3  954 593 1260
3  820 954 1260
3  914 680 923
3  920 401 817
3  499 1166 500
3  1166 849 500
3  569 1181 904
3  977 887 978
3  570 569 975
3  569 574 975
3  575 1263 576
3  1263 994 576
3  569 568 976
3  568 857 976
3  341 736 789
3  979 780 725
3  570 780 979
3  780 789 725
3  678 984 1006
3  984 1079 1006
3  972 242 973
3  242 244 973
3  825 1212 1076
3  1081 872 1212
3  1106 571 989
3  571 748 989
3  877 413 990
3  413 476 990
3  475 474 456
3  474 454 456
3  801 1173 865
3  882 880 1084
3  800 1263 1264
3  1263 536 1264
3  881 993 1085
3  993 1077 1085
3  362 249 641
3  249 550 641
3  963 1087 602
3  963 962 1087
3  600 1003 601
3  1003 721 601
3  999 642 1177
3  642 753 1177
3  722 854 723
3  964 963 723
3  1004 742 1178
3  742 741 1178
3  742 996 743
3  602 884 1005
3  719 482 484
3  482 763 483
3  959 1180 668
3  1180 666 668
3  960 1093 301
3  1093 887 301
3  887 1266 1265
3  1094 744 746
3  745 1174 746
3  1266 887 1095
3  745 980 1174
3  1095 1094 746
3  1094 667 744
3  667 1002 1267
3  1002 1000 1267
3  1000 1079 1267
3  472 1018 1105
3  1018 464 1105
3  1075 1262 870
3  1262 724 870
3  259 598 1107
3  1110 1109 1319
3  689 852 100
3  955 953 1168
3  597 418 1319
3  418 1182 1319
3  599 582 816
3  582 592 816
3  822 772 1184
3  772 371 1184
3  773 818 1183
3  680 871 923
3  692 402 921
3  402 401 921
3  919 603 918
3  603 986 918
3  1011 590 823
3  590 821 823
3  818 913 915
3  913 1111 914
3  127 126 697
3  697 606 1320
3  1271 1269 1272
3  1321 421 1074
3  1275 1322 1065
3  1322 804 1065
3  1112 803 1186
3  1186 803 805
3  1323 1279 1324
3  1325 1326 1327
3  499 497 1328
3  497 496 1328
3  1329 1330 1327
3  1287 1135 1137
3  1250 1331 1251
3  1332 1333 1334
3  1278 1280 1248
3  1335 1331 1247
3  1323 1324 1069
3  1280 1323 1336
3  1288 1244 1287
3  1336 1323 1337
3  1338 1339 1340
3  1325 1341 1342
3  1038 1343 1143
3  951 1339 1289
3  1344 1345 1346
3  1235 831 1227
3  1311 1245 1224
3  1245 1129 1224
3  1217 1304 1223
3  1197 1291 702
3  1136 1222 1347
3  1348 1349 1350
3  1130 1348 1351
3  1351 1348 1350
3  1346 1352 1353
3  1354 1292 1355
3  421 1321 1356
3  585 587 1357
3  577 416 925
3  416 872 925
3  983 479 481
3  983 696 479
3  1029 1033 481
3  1033 1032 481
3  1030 1102 1089
3  1102 996 742
3  776 775 1103
3  775 890 1103
3  1123 1119 1121
3  1123 316 1119
3  1326 1329 1327
3  1121 1120 1358
3  1241 1243 1359
3  1056 927 358
3  1037 928 1216
3  928 927 1216
3  1036 1035 1161
3  1035 1058 1161
3  616 169 171
3  1218 1304 1290
3  232 234 1131
3  234 1126 1131
3  1037 1303 1300
3  1305 1304 1217
3  1303 1360 1300
3  1036 1160 1221
3  1304 1220 1223
3  1130 700 1134
3  1220 1219 1203
3  233 1218 1290
3  1301 1306 1302
3  233 232 1301
3  934 1361 1231
3  1138 1362 1139
3  1292 1354 1363
3  933 1233 934
3  934 1233 1364
3  1211 1210 1365
3  934 1364 1366
3  1361 1349 1231
3  1233 830 1230
3  830 705 1230
3  1349 1226 1367
3  1139 682 1140
3  830 933 1141
3  829 1141 1232
3  927 1055 716
3  1318 1059 1368
3  1281 1238 1127
3  1238 1128 1127
3  1369 1072 1309
3  366 1369 840
3  1245 834 836
3  1281 1127 1129
3  1257 1145 947
3  1055 1057 1370
3  1331 1335 1371
3  1335 263 1371
3  1278 1250 1312
3  1151 853 514
3  1372 1114 1373
3  712 1315 1051
3  1154 1374 1198
3  1188 1315 1189
3  940 1153 1198
3  940 1198 938
3  842 368 1148
3  368 367 1148
3  942 843 507
3  843 1148 507
3  1237 841 1317
3  841 941 1317
3  366 1253 1282
3  1253 1281 1282
3  1239 842 1316
3  842 841 1316
3  1158 1157 1375
3  1157 1052 1375
3  1162 1252 1062
3  1252 1158 1062
3  1252 1317 1156
3  1317 941 1156
3  508 509 1064
3  1259 1318 1146
3  1318 1368 1147
3  1057 1242 1370
3  1318 1259 1060
3  1259 1053 1060
3  1171 1149 1169
3  1149 262 1169
3  593 608 1260
3  819 1260 1376
3  815 814 594
3  814 592 594
3  1260 608 1376
3  608 607 1376
3  818 773 1185
3  460 1104 1185
3  904 1181 978
3  1181 976 978
3  1262 892 725
3  892 891 725
3  774 776 1076
3  1212 872 874
3  480 1081 825
3  1081 1212 825
3  1084 801 866
3  1084 799 801
3  1087 884 602
3  884 1091 1005
3  963 601 723
3  601 721 723
3  1091 743 998
3  1092 718 1178
3  1091 1090 743
3  1090 741 743
3  1090 1179 1092
3  1179 547 1092
3  718 912 1178
3  912 1004 1178
3  997 1001 998
3  1001 600 1005
3  483 1213 484
3  1213 589 484
3  980 1078 1174
3  1265 1174 1175
3  419 99 101
3  599 816 420
3  852 955 1168
3  953 583 101
3  1182 1108 911
3  1008 461 1107
3  1107 598 1109
3  1008 1107 1109
3  1104 920 1185
3  920 817 1185
3  871 822 922
3  822 1184 922
3  697 126 606
3  126 152 606
3  1190 495 699
3  495 697 699
3  1356 828 1377
3  1025 828 1356
3  1276 499 851
3  1275 851 1192
3  805 1270 1320
3  1065 804 1261
3  1276 1065 1067
3  1276 1275 1065
3  803 1112 1268
3  1376 607 1261
3  1073 1378 1379
3  1073 250 1378
3  1273 1379 1380
3  1378 252 1272
3  1341 1325 1327
3  586 1381 1382
3  1341 1048 1027
3  1026 1321 1074
3  1326 1325 1298
3  1339 950 1383
3  496 498 1384
3  498 1170 1384
3  1332 1384 1277
3  1246 1250 1251
3  1115 1385 1386
3  1387 1187 1388
3  1279 1323 1280
3  1248 1280 1249
3  1389 1342 1068
3  1333 1336 1337
3  1187 1189 1385
3  1273 1274 1390
3  1389 1150 1286
3  1045 1116 1046
3  1339 1383 1340
3  1383 1372 1373
3  835 1072 1282
3  1071 834 1287
3  1288 1287 1391
3  1352 1355 1392
3  950 1339 951
3  1339 1194 1289
3  1393 950 1394
3  1389 1286 1299
3  1233 1234 1364
3  1204 1205 1395
3  1296 1295 1396
3  587 586 1296
3  834 1245 1135
3  1136 1311 1285
3  1397 1283 1225
3  1283 1224 1225
3  1347 1039 1137
3  701 1351 1398
3  1226 1202 1367
3  1138 1308 1399
3  1209 1400 1401
3  1361 1402 1403
3  1397 1404 1284
3  1349 1361 1403
3  1297 1405 1406
3  1395 1205 1292
3  707 1123 926
3  1123 585 926
3  1321 1028 1407
3  586 585 1121
3  1120 1122 1408
3  1120 1409 1358
3  1356 1377 422
3  1381 1326 1382
3  1404 1256 1410
3  1056 358 360
3  1215 1126 1221
3  1360 1221 1411
3  1034 616 1131
3  616 232 1131
3  234 1360 1411
3  1360 1303 1221
3  1360 1305 1300
3  1305 1217 1300
3  700 1132 1134
3  700 1291 1132
3  1133 1202 1134
3  1231 1349 1367
3  1305 1360 1290
3  1360 234 1290
3  1133 1132 1223
3  1304 1218 1220
3  170 1301 171
3  1301 232 171
3  1139 1362 1412
3  1218 233 1302
3  1141 933 1232
3  1228 1232 1413
3  1414 1395 1363
3  1210 1401 1415
3  1416 1414 1363
3  1207 1206 1297
3  1041 1042 1234
3  1234 1042 1364
3  372 1307 1417
3  682 1139 1307
3  1232 933 1413
3  933 932 1413
3  715 1216 716
3  1216 927 716
3  1244 1193 1309
3  936 1374 1200
3  1154 838 1374
3  838 1418 1419
3  839 367 840
3  367 366 840
3  1257 1256 1225
3  1224 1129 1144
3  835 1281 836
3  1281 1129 836
3  931 1242 1420
3  1146 1318 1147
3  1410 1256 1258
3  1056 1165 1057
3  1128 1240 1145
3  929 931 1420
3  1315 1188 1051
3  1188 514 1051
3  1244 1194 1193
3  1419 1193 1421
3  1374 936 1198
3  1198 936 938
3  1072 1369 1282
3  1369 366 1282
3  1158 1375 1063
3  1159 1063 1164
3  930 509 1146
3  509 1259 1146
3  819 1376 1268
3  1268 1376 1261
3  922 1184 1183
3  818 915 1183
3  887 1265 978
3  1265 622 978
3  736 735 726
3  735 724 726
3  874 867 1076
3  867 774 1076
3  443 407 865
3  801 865 866
3  1001 1005 998
3  1005 1091 998
3  1078 623 1175
3  623 622 1175
3  1174 1266 746
3  1266 1095 746
3  953 101 1168
3  101 100 1168
3  816 1182 420
3  1182 418 420
3  65 283 911
3  283 1008 911
3  598 488 1109
3  1182 1110 1319
3  1184 1023 1183
3  1023 567 1183
3  1186 805 1320
3  606 1186 1320
3  1269 1378 1272
3  1378 250 252
3  499 1328 851
3  1328 496 851
3  1270 1322 1271
3  1269 1271 1192
3  607 1066 1422
3  1066 1065 1422
3  1166 499 1067
3  499 1276 1067
3  804 1322 805
3  1322 1270 805
3  252 698 1272
3  698 1270 1272
3  1025 1356 1407
3  1214 1025 1049
3  1298 1325 1342
3  1299 1286 1423
3  1424 1026 1425
3  1426 1069 1427
3  1026 1074 1425
3  1428 1337 1427
3  1341 1429 1430
3  1323 1426 1337
3  1342 1389 1299
3  1286 1431 1423
3  496 1384 1334
3  1384 1332 1334
3  1384 1170 1277
3  263 1335 264
3  263 688 1371
3  688 291 1371
3  1151 514 1312
3  514 1188 1387
3  1247 1331 1248
3  1332 1247 1249
3  1117 937 1047
3  1389 1068 1070
3  1432 1333 1337
3  1280 1336 1249
3  950 1393 1383
3  1393 1372 1383
3  1194 1244 1289
3  1244 1288 1289
3  1311 1136 1135
3  1136 1347 1137
3  1433 952 1345
3  1391 1142 1143
3  1345 1343 1346
3  1434 1295 1435
3  702 701 1398
3  1211 1365 1040
3  1124 926 1436
3  926 585 1357
3  1209 1222 1437
3  1285 1284 1437
3  1343 1438 1143
3  1287 1142 1391
3  1311 1224 1283
3  1144 1257 1225
3  1196 1404 1410
3  1243 1165 1359
3  1196 702 1404
3  1351 1400 1398
3  1203 1219 1417
3  1362 1202 1203
3  1349 1348 1226
3  1348 1130 1226
3  1401 1402 1415
3  1400 1351 1350
3  1222 1285 1437
3  701 1130 1351
3  1227 1406 1392
3  1124 1405 1297
3  586 1121 1381
3  1120 1408 1409
3  1408 1122 1409
3  1122 1214 1409
3  828 609 1377
3  1027 1048 1028
3  1310 1410 1359
3  1165 360 1310
3  1221 1126 1411
3  1126 234 1411
3  1132 811 1223
3  811 1217 1223
3  1412 1203 1417
3  1219 1218 1302
3  1227 1439 1440
3  1434 1393 1441
3  1204 1395 1414
3  1442 1402 1366
3  1416 1442 1414
3  1042 1414 1443
3  1307 1139 1417
3  1219 1302 1417
3  1140 1229 1308
3  1229 1228 1308
3  1362 1203 1412
3  1139 1412 1417
3  1413 1231 1399
3  1413 932 1231
3  1162 1062 1163
3  1242 1444 1420
3  1059 716 1368
3  716 1055 1368
3  1242 1057 1243
3  1242 1147 1370
3  1241 946 1444
3  946 948 1255
3  1240 1162 948
3  946 1241 947
3  838 840 1418
3  840 1369 1418
3  1194 1339 1195
3  1339 1338 1195
3  937 1118 938
3  1118 711 938
3  1063 1375 1164
3  1375 1052 1164
3  1112 1172 1268
3  1172 819 1268
3  1183 915 923
3  915 914 923
3  407 406 866
3  406 882 866
3  1182 911 1110
3  911 1008 1110
3  1109 488 1319
3  488 597 1319
3  1270 698 1320
3  698 697 1320
3  1271 1322 1192
3  1322 1275 1192
3  607 1422 1261
3  1422 1065 1261
3  1341 1027 1429
3  1027 1424 1429
3  1294 1299 1423
3  1298 1342 1299
3  1026 1424 1027
3  1069 1068 1445
3  1425 1074 1379
3  1074 1073 1379
3  1432 1428 1390
3  496 1334 1274
3  1337 1426 1427
3  1426 1323 1069
3  1286 1114 1431
3  1114 1372 1431
3  1334 1333 1274
3  1333 1432 1274
3  264 1335 1277
3  1170 262 264
3  1331 1371 1251
3  1371 291 1251
3  1188 1187 1387
3  1312 1387 1388
3  1335 1247 1277
3  1247 1332 1277
3  1331 1250 1248
3  1250 1278 1248
3  1336 1333 1249
3  1333 1332 1249
3  1446 1045 1047
3  937 936 1199
3  1418 1193 1419
3  1315 1117 1047
3  1338 1373 1447
3  1373 1114 1447
3  951 1438 952
3  1438 1343 1345
3  1433 1345 1344
3  952 1438 1345
3  1295 1434 1396
3  1448 1449 1450
3  1433 1441 1394
3  1441 1393 1394
3  1442 1416 1451
3  1343 1038 1452
3  1222 1211 1347
3  1347 1211 1040
3  1311 1283 1285
3  1283 1397 1284
3  1438 951 1391
3  951 1288 1391
3  1438 1391 1143
3  1142 1287 1137
3  1137 1039 1143
3  1039 1038 1143
3  1256 1404 1225
3  1404 1397 1225
3  1202 1362 1367
3  1308 1413 1399
3  1350 1402 1401
3  1400 1350 1401
3  1406 1227 1440
3  1364 1442 1366
3  1329 1409 1330
3  1409 1214 1330
3  1409 1329 1358
3  1329 1326 1381
3  1329 1381 1358
3  1381 1121 1358
3  609 494 1377
3  421 1356 422
3  251 422 1453
3  422 1377 1453
3  1310 1197 1410
3  1197 1196 1410
3  1405 1454 1406
3  1405 1124 1436
3  1205 1208 1292
3  1406 1353 1392
3  1228 1413 1308
3  1231 1367 1399
3  1302 1306 1417
3  1306 372 1417
3  1242 931 1147
3  931 930 1147
3  1147 1368 1370
3  1368 1055 1370
3  1057 1165 1243
3  1165 1310 1359
3  948 1163 1255
3  1444 1255 1420
3  1444 946 1255
3  1242 1241 1444
3  947 1145 948
3  1145 1240 948
3  1193 1418 1309
3  1418 1369 1309
3  1431 1372 1423
3  1372 1393 1435
3  1424 1428 1427
3  1429 1068 1430
3  1379 1378 1380
3  1378 1269 1380
3  1424 1425 1428
3  1432 1337 1428
3  1324 1455 1456
3  1115 1313 1314
3  1191 850 1274
3  850 496 1274
3  1278 1312 1388
3  1312 514 1387
3  1389 1070 1313
3  1070 1456 1314
3  1324 1279 1455
3  1187 1455 1388
3  1338 1447 1201
3  1200 1419 1421
3  1045 1446 1199
3  1446 937 1199
3  1383 1373 1340
3  1373 1338 1340
3  1116 1115 1046
3  1045 1199 1201
3  1406 1454 1353
3  1039 1347 1040
3  1352 1452 1457
3  1433 1344 1458
3  1326 1298 1382
3  1298 1294 1382
3  1434 1441 1449
3  587 1296 1448
3  950 952 1394
3  952 1433 1394
3  1038 1040 1459
3  1040 1365 1459
3  1459 1365 1460
3  1365 1210 1451
3  1284 1404 1461
3  1404 702 1461
3  1284 1398 1437
3  1222 1136 1285
3  1367 1362 1399
3  1362 1138 1399
3  1402 1442 1415
3  1210 1209 1401
3  1402 1350 1403
3  1350 1349 1403
3  1402 1361 1366
3  1361 934 1366
3  1414 1442 1443
3  1042 1204 1414
3  1356 1321 1407
3  1321 1026 1028
3  1330 1048 1327
3  1048 1341 1327
3  1377 494 1453
3  251 250 422
3  494 1190 1453
3  1190 251 1453
3  1257 947 1258
3  947 1241 1258
3  926 1357 1436
3  1405 1436 1450
3  1363 1354 1457
3  1395 1292 1363
3  1044 831 1235
3  1207 1439 1227
3  1062 1061 1255
3  1061 1236 1255
3  1393 1434 1435
3  1295 1294 1423
3  1269 1191 1380
3  1191 1273 1380
3  1425 1379 1428
3  1274 1432 1390
3  1068 1342 1430
3  1342 1341 1430
3  1068 1429 1445
3  1429 1424 1427
3  1455 1279 1388
3  1279 1278 1388
3  1070 1069 1456
3  1069 1324 1456
3  1115 1150 1313
3  1150 1389 1313
3  1456 1455 1385
3  1455 1187 1385
3  1447 1045 1201
3  1199 936 1200
3  1045 1447 1116
3  1447 1114 1116
3  1344 1454 1458
3  1436 1448 1450
3  586 1382 1296
3  1382 1294 1296
3  1452 1459 1457
3  1452 1038 1459
3  1442 1451 1415
3  1451 1210 1415
3  1284 1461 1398
3  1461 702 1398
3  1442 1364 1443
3  1364 1042 1443
3  1048 1330 1049
3  1330 1214 1049
3  1410 1258 1359
3  1258 1241 1359
3  1352 1457 1355
3  1451 1416 1363
3  1255 1236 1420
3  1236 929 1420
3  1295 1423 1435
3  1423 1372 1435
3  1428 1379 1390
3  1379 1273 1390
3  1429 1427 1445
3  1427 1069 1445
3  1046 1115 1386
3  937 1446 1047
3  1456 1385 1314
3  1385 1115 1314
3  1200 1374 1419
3  1374 838 1419
3  1193 1195 1421
3  1195 1338 1421
3  1343 1452 1346
3  1452 1352 1346
3  1454 1405 1450
3  1296 1396 1448
3  1434 1449 1396
3  1396 1449 1448
3  1398 1400 1437
3  1400 1209 1437
3  1028 1049 1407
3  1049 1025 1407
3  1457 1354 1355
3  1297 1406 1440
3  1208 1235 1293
3  1235 1227 1293
3  1363 1457 1460
3  1457 1459 1460
3  1385 1189 1047
3  1189 1315 1047
3  1385 1047 1386
3  1047 1046 1386
3  1200 1421 1201
3  1421 1338 1201
3  1436 1357 1448
3  1357 587 1448
3  1449 1441 1458
3  1441 1433 1458
3  1454 1344 1353
3  1344 1346 1353
3  1292 1293 1355
3  1353 1352 1392
3  1439 1207 1440
3  1207 1297 1440
3  1365 1451 1460
3  1451 1363 1460
3  1449 1458 1450
3  1458 1454 1450
3  1355 1293 1392
3  1293 1227 1392
