OFF
1250 2496 0
281.192 -281.375 261.216
235.979 -161.448 167.816
423.033 -178.972 366.285
114.158 84.9926 66.9368
97.1376 49.2825 48.3098
93.5956 60.3145 49.8135
118.945 4.25904 49.5852
232.964 -40.799 119.695
99.8727 -43.3667 48.3048
-289.609 -82.5383 192.595
-211.949 -46.3898 126.607
-194.939 -159.541 137.796
425.182 -2.89804 434.561
460.425 66.7554 384.829
432.101 -18.6919 333.792
414.466 66.1208 293.981
55.0303 95.4917 49.6535
4.75533 8.76585 0.218453
4.48039 8.90672 0.205822
28.7531 -369.383 435.896
-102.799 -408.635 434.56
184.148 -363.082 434.551
-389.819 234.827 435.896
-374.292 209.451 243.391
-422.689 172.615 351.825
374.754 15.3484 242.725
306.309 348.538 418.822
140.09 356.048 433.185
240.36 264.489 435.896
41.6756 -112.133 49.6627
5.55718 -228.968 121.498
-18.7821 -188.907 94.6557
274.554 347.235 359.192
427.135 166.801 397.751
-459.978 1.25169 392.509
-449.819 -48.8101 404.25
-431.146 109.436 430.594
15.7494 220.898 116.833
93.1849 161.118 97.9547
34.1071 125.277 59.3587
83.8618 204.384 124.615
217.123 294.414 226.463
367.38 141.623 292.433
326.699 -311.28 388.381
274.819 -331.672 342.946
104.335 -72.8145 56.6187
195.705 -204.721 154.826
-185.15 381.562 423.864
-7.97111 445.831 434.572
-258.013 374.516 401.629
-279.358 -266.476 264.378
-246.526 -169.116 181.971
-9.7493 -2.4269 -0.447813
-99.0695 -51.0469 51.052
-116.192 -0.42703 52.85
-127.015 -417.532 427.92
-251.657 -346.942 302.339
-43.1005 -447.12 369.946
30.645 368.221 267.257
82.2093 411.83 338.666
-441.077 -51.2693 382.981
-298.542 -130.952 219.417
-320.256 -122.284 245.732
337.508 143.72 435.896
413.729 84.7903 430.548
182.401 46.896 94.4539
233.605 163.63 167.841
-63.8279 87.5061 49.4501
-56.5012 93.7821 49.5892
-6.77162 7.35259 -0.311074
-9.82025 -2.12861 -0.451071
10.0485 0.306411 0.461547
10.0485 -0.306384 0.461547
-2.81451 -4.53249 -0.130139
289.494 84.3129 182.308
-153.333 -366.037 272.939
-104.818 454.675 375.733
-90.1046 -260.652 161.847
-36.7974 -302.251 192.847
-202.896 -195.867 166.244
100.008 -329.77 232.697
142.973 -365.579 304.235
-230.214 354.652 427.877
-367.741 -163.126 435.896
-391.094 -205.911 430.592
-240.701 -339.208 433.214
-415.047 -127.612 381.434
8.20427 5.74843 0.376873
-120.288 292.401 187.329
72.3307 78.6698 48.0425
6.53965 7.55555 0.300418
70.7426 80.2419 48.0577
6.99718 7.14268 0.321434
9.25739 3.8782 0.42523
9.13225 4.15851 0.419485
9.25739 -3.8782 0.42523
9.13225 -4.1585 0.419485
9.5797 -3.01628 0.440028
9.48122 -3.30682 0.435507
-6.53965 7.55555 -0.300418
-185.127 11.3299 97.9369
-128.943 -23.8861 64.4438
-8.36204 109.175 49.5969
-36.4428 106.47 48.7504
-12.6223 -412.669 431.871
203.437 -240.7 188.519
196.833 -281.872 223.418
-15.01 -374.709 276.876
-74.869 -81.9839 49.785
346.441 -231.562 430.533
3.04726 9.48203 0.139985
-314.408 -27.0899 201.531
-34.4174 344.369 240.491
349.291 -2.29341 435.896
383.262 -36.6975 435.896
86.2752 108.314 67.7216
78.0787 85.566 52.7883
-13.5733 265.828 153.192
-64.7743 129.284 69.6662
-101.012 185.163 114.502
-9.97696 1.22274 -0.458265
-9.93414 1.52624 -0.456299
-5.65234 5.12267 -0.260279
-9.93414 -1.52623 -0.456299
-9.97696 -1.22274 -0.458265
-5.65234 -5.12267 -0.260279
-45.8459 -217.679 118.21
9.93414 -1.52624 0.456299
9.88189 -1.82829 0.4539
1.54191 9.83284 0.0708323
1.84707 9.78113 0.0848505
-3.19179 6.89673 -0.147267
-155.536 -52.8788 88.216
72.5419 -379.582 299.955
225.526 -264.776 435.896
-166.767 -294.828 435.896
-4.34961e-07 9.95074 -2.02345e-08
2.45463 401.196 304.755
69.6843 100.194 57.1975
8.8561 4.70701 0.406805
8.99844 4.43486 0.413341
-2.97113 5.12779 -0.137327
-99.5303 60.3277 52.8619
-8.3793 5.49565 -0.384911
-8.54638 5.23765 -0.392583
-7.63324 6.47315 -0.350649
-56.9569 -91.5787 48.1533
-6.77162 -7.35259 -0.311073
-6.53965 -7.55554 -0.300418
-4.4804 -8.90672 -0.205822
-4.75533 -8.76585 -0.218453
-4.70752 -8.67947 -0.216299
6.30148 -7.75134 0.289478
8.3793 5.49565 0.384911
8.37931 -5.49563 0.38491
8.54639 -5.23765 0.392583
8.02147 5.99576 0.368478
290.297 218.064 434.532
-125.018 -56.7839 68.8605
-85.8119 -111.209 67.96
-218.943 17.578 123.132
-160.428 55.89 88.6883
-7.25238 -6.15644 -0.333326
-7.59669 -6.0545 -0.34907
-7.17626 -6.09303 -0.329861
-6.56605 -108.982 49.5312
-1.5419 -9.83285 -0.0708328
-214.712 -369.414 387.876
-267.018 -325.765 398.476
262.739 -345.925 361.605
132.719 -396.384 405.089
95.3458 -389.569 433.199
409.195 -79.1563 431.877
-400.37 81.6507 434.552
-381.738 -63.9913 435.896
-384.523 -134.23 434.551
9.37376 3.59422 0.430572
9.66909 2.72288 0.444131
-2.87159 4.95717 -0.132755
-6.06436 5.83834 -0.279081
-5.74053 5.87976 -0.264266
-5.99254 5.77018 -0.275804
10.0532 0 0.461766
-2.97112 -5.12779 -0.137327
6.77162 7.3526 0.311074
-320.114 -208.782 435.896
24.7755 -412.765 430.534
-6.8708 -417.861 425.176
327.141 -247.247 433.211
340.084 -175.135 435.896
0.927499 9.90825 0.0426075
0.618819 9.93184 0.0284276
-3.44851 5.18389 -0.159269
-3.60778 5.07657 -0.166588
-3.66534 5.15692 -0.169229
7.63325 6.47315 0.350649
7.83107 6.23741 0.359734
-2.95213 5.47592 -0.13643
-2.86686 4.61627 -0.132546
10.0342 0.612531 0.46089
8.02147 -5.99577 0.368478
7.83106 -6.23742 0.359734
9.7493 2.4269 0.447813
-3.11856 -4.69127 -0.144119
-3.02396 -4.86759 -0.139767
-3.22849 -4.85551 -0.14917
-4.19454 4.8755 -0.193512
-4.10354 5.07756 -0.189337
-3.97858 4.92422 -0.183607
10.0342 -0.612529 0.46089
9.97696 -1.22272 0.458265
-9.48123 3.30682 -0.435507
-9.5797 3.01628 -0.440028
-10.0532 -8.78883e-07 -0.461766
-10.0485 0.306416 -0.461547
-7.2161 6.92601 -0.33149
-7.4282 6.70274 -0.341231
-0.309565 9.94601 -0.0142203
334.13 -51.9537 435.896
10.6628 371.41 435.896
-33.8127 -350.305 435.896
234.172 -335.46 433.207
320.62 -201.349 435.896
-3.28347 4.93762 -0.151695
-3.49269 4.91584 -0.161306
-3.33848 5.01972 -0.15422
2.75085 9.5705 0.126369
-3.00868 4.52698 -0.139068
-3.06362 -4.60913 -0.141594
-5.41856 5.22425 -0.249578
-5.25346 5.38693 -0.242015
-5.11445 5.24596 -0.235656
-3.48514 -7.52213 -0.160617
-3.32832 -7.80573 -0.153348
-3.61111 -7.79004 -0.166335
-10.5766 -114.818 52.7279
8.54639 5.23765 0.392584
8.70537 4.97469 0.399884
5.02577 -8.61666 0.230876
5.29142 -8.45931 0.24308
7.42819 6.70275 0.341231
244.17 -223.745 435.896
129.504 339.417 435.896
-111.277 342.737 435.896
-131.826 -312.49 435.896
-5.6709 5.80941 -0.261088
-5.53168 5.66865 -0.254731
-5.84894 5.63381 -0.269248
-5.18516 8.29279 -0.238284
-5.38496 8.04916 -0.247504
-5.49634 8.21237 -0.252537
-2.95879 5.91557 -0.136694
5.55207 8.29394 0.255053
5.29143 8.45931 0.24308
-9.88189 -1.82829 -0.4539
-5.72614 -5.18874 -0.263654
8.8561 -4.70701 0.406805
-3.04644 -5.64942 -0.140754
-3.14081 -5.82289 -0.145077
7.21611 -6.92599 0.33149
7.42819 -6.70275 0.341231
-5.02576 -8.61666 -0.230876
-6.78727 -6.93268 -0.311911
-6.99976 -6.72249 -0.321667
-6.71735 -6.86263 -0.308736
-8.54638 -5.23765 -0.392583
-8.3793 -5.49565 -0.384911
-4.21032 -8.37971 -0.193641
-4.37348 -8.07453 -0.20121
-4.16537 -8.29183 -0.19161
1.2353 9.87523 0.0567467
-3.02395 4.86759 -0.139767
-1.23529 -9.87523 -0.0567468
3.63113 -9.27818 0.166807
3.91801 -9.16302 0.179988
7.21611 6.926 0.331489
9.82026 -2.1286 0.451071
-2.86686 -4.61627 -0.132546
-5.28394 -7.40168 -0.243083
-5.45104 -7.15901 -0.250791
-5.22589 -7.32169 -0.240448
-4.67274 -8.02239 -0.21493
-4.52174 -7.76752 -0.208093
9.88189 1.82829 0.4539
9.82025 2.12861 0.451071
-2.91921 4.70005 -0.134953
9.93414 1.52624 0.456299
9.5797 3.01629 0.440028
-10.0103 0.918072 -0.459796
-7.07186 6.79035 -0.324942
-7.2798 6.57156 -0.33449
3.34078 9.38455 0.153469
-3.18134 6.3561 -0.146874
-5.34689 5.15593 -0.246299
-3.37764 -4.75506 -0.156024
-3.37765 4.75506 -0.156024
-3.32014 -4.67466 -0.153383
-3.27553 7.07546 -0.151082
-4.4416 6.65945 -0.204679
-4.38628 6.57758 -0.202158
-4.64639 6.52109 -0.214089
-3.76036 8.80125 -0.172888
-3.94784 8.50405 -0.181576
-3.99001 8.59326 -0.18348
8.70537 -4.97469 0.399885
-3.64366 4.80727 -0.168239
-3.70368 4.88585 -0.170994
-7.36249 -5.87136 -0.338405
-6.94802 -5.90265 -0.319464
-7.02408 -5.96613 -0.32293
8.20427 -5.74844 0.376873
-9.37375 -3.59422 -0.430573
-9.48123 -3.30682 -0.435507
-6.09536 -5.5188 -0.280528
0.92752 -9.90824 0.0426067
0.61883 -9.93184 0.0284273
-3.31743 -7.1648 -0.152989
6.77161 -7.3526 0.311074
6.99718 -7.14269 0.321434
6.53966 -7.55554 0.300418
-5.75726 -6.26913 -0.264979
-6.01923 -6.16098 -0.276976
-5.94953 -6.0907 -0.273799
-9.66908 -2.72288 -0.444131
-5.87378 -5.32082 -0.270404
-5.94762 -5.38683 -0.273779
1.2353 -9.87523 0.056747
1.54191 -9.83285 0.070833
-3.28347 -4.93762 -0.151695
-3.18116 -5.11884 -0.146986
-3.39348 -5.10181 -0.156745
-22.4905 -107.765 50.8664
-35.0579 -106.475 52.3227
-0.618825 -9.93184 -0.028427
7.63327 -6.47313 0.350648
6.30148 7.75134 0.289478
-4.54944 -7.29241 -0.209487
-4.60229 -7.37586 -0.211888
-4.77389 -7.15041 -0.219801
-8.99844 -4.43486 -0.413341
-9.13225 -4.15851 -0.419485
-4.25938 4.95022 -0.196485
10.0103 -0.918076 0.459796
9.7493 -2.4269 0.447814
9.66908 -2.72289 0.444132
-3.17352 4.77339 -0.146645
-2.97158 -4.78382 -0.13736
-2.90499 -5.38917 -0.134268
-3.07072 5.29837 -0.141898
9.48122 3.30682 0.435507
-7.83107 6.2374 -0.359734
-6.36531 6.91976 -0.292643
-6.71735 6.86263 -0.308736
-6.43298 6.99195 -0.295715
-3.86355 8.3256 -0.177767
-3.68165 8.62033 -0.169338
-10.0103 -0.918074 -0.459796
-10.0485 -0.306415 -0.461547
-4.22855 5.23085 -0.195067
-4.16604 5.15422 -0.192202
-4.32424 5.02493 -0.199458
-4.03222 -8.68245 -0.185383
-4.25528 -8.46757 -0.195672
-9.88189 1.82828 -0.4539
-9.7493 2.4269 -0.447813
-8.70537 4.97469 -0.399884
-8.85611 4.70701 -0.406805
-3.75569 -6.94955 -0.173161
-3.5382 -7.06052 -0.163153
-3.80309 -7.03616 -0.17532
269.329 -236.128 435.896
2.15047 9.72012 0.0987883
-3.49596 5.62107 -0.161421
-3.31993 5.72469 -0.153322
-3.27005 5.63945 -0.151038
-3.63112 9.27818 -0.166808
-3.91802 9.16301 -0.179987
-4.2012 9.03915 -0.192997
-4.11666 8.86083 -0.18919
8.99844 -4.43486 0.413341
-3.7637 4.96442 -0.173748
-3.91612 4.84753 -0.180742
-3.82374 5.04297 -0.176502
-3.09227 -6.17991 -0.142802
-3.04776 -6.0918 -0.140766
-4.82389 -8.27717 -0.221765
-4.97291 -7.95956 -0.228689
-4.77349 -8.19225 -0.219487
-2.97157 4.78383 -0.13736
-3.06362 4.60913 -0.141594
5.55208 -8.29393 0.255053
-5.49025 5.29255 -0.252857
3.91802 9.16301 0.179987
-3.04777 6.0918 -0.140766
-3.09228 6.17991 -0.142802
-3.61946 6.23597 -0.167025
-3.42426 6.34308 -0.158043
-3.5695 6.15078 -0.164742
-4.37095 7.51252 -0.201253
-4.08795 7.55554 -0.188269
-4.27051 7.34246 -0.196692
-3.32972 6.16972 -0.153721
-3.1368 6.268 -0.144838
-3.28248 6.08302 -0.15156
3.63112 9.27818 0.166808
5.02576 8.61666 0.230876
6.05734 7.93979 0.278264
-3.12053 5.38365 -0.144183
9.97696 1.22273 0.458265
-7.48084 6.34654 -0.34372
-6.99718 7.14269 -0.321434
-3.43516 4.83545 -0.158665
-10.0342 -0.612531 -0.46089
4.4804 -8.90672 0.205822
-3.99957 -6.00412 -0.184505
-4.18412 -5.87958 -0.192985
-3.94439 -5.92215 -0.181982
-5.4621 5.59825 -0.251552
-5.63368 5.42911 -0.259414
-5.70542 5.49736 -0.262692
-10.0342 0.61253 -0.46089
-3.32972 -6.16972 -0.153721
-3.37698 -6.2564 -0.155882
-3.51955 -6.06558 -0.162458
-5.72614 5.18873 -0.263654
2.45182 9.64989 0.112632
-7.3625 5.87136 -0.338405
-9.25739 3.8782 -0.42523
-9.13225 4.1585 -0.419485
-6.56797 5.5849 -0.302132
-8.99844 4.43486 -0.413341
-7.17626 6.09303 -0.329861
-6.90914 6.24318 -0.317632
-6.83507 6.17743 -0.31426
-9.82025 2.12861 -0.451071
-5.87378 5.32082 -0.270404
-5.23829 8.37606 -0.240682
-4.21032 8.37971 -0.193641
-4.25528 8.46757 -0.195672
0.309564 9.94601 0.0142202
-1.84707 9.78113 -0.0848505
-2.15047 9.72012 -0.0987883
-5.29142 8.45931 -0.24308
-5.55208 8.29394 -0.255054
-2.15047 -9.72012 -0.0987882
-2.45183 -9.64989 -0.112632
-3.73725 -8.05786 -0.172052
-3.98581 -7.94023 -0.183484
-3.89615 -7.76437 -0.179419
-2.8716 -4.95717 -0.132755
-9.25739 -3.8782 -0.42523
-3.2336 5.20256 -0.149392
-3.18117 5.11883 -0.146986
-3.27045 6.53226 -0.150945
-3.40425 6.79643 -0.15705
-3.35964 6.70838 -0.155015
4.2012 9.03915 0.192996
-3.04645 5.64942 -0.140754
-2.99929 5.56267 -0.138592
-3.23524 5.99632 -0.149399
-3.18802 5.90961 -0.147238
10.0103 0.918068 0.459796
-6.50066 7.06413 -0.298787
-6.21242 7.18472 -0.285588
-9.5797 -3.01628 -0.440028
-6.26424 -5.33033 -0.288263
-5.63368 -5.42911 -0.259414
-5.79995 -5.25479 -0.267029
-5.56196 -5.36084 -0.256135
-3.44319 7.43281 -0.15871
-3.40125 7.34349 -0.156803
-5.69096 7.96104 -0.26152
-5.63275 7.88119 -0.258887
-5.87522 7.70574 -0.270025
-7.54176 5.64411 -0.346628
-7.12845 5.68801 -0.327737
-9.66908 2.72289 -0.444131
-9.37375 3.59422 -0.430573
-6.41608 5.45765 -0.295198
-6.34016 5.39401 -0.291731
-6.7116 6.45083 -0.308568
-7.05735 6.3746 -0.324376
-6.78361 6.51878 -0.311843
-8.20427 5.74842 -0.376873
-7.94147 5.93722 -0.364837
-7.59669 6.0545 -0.34907
-6.92718 7.07271 -0.31826
-6.70384 7.28051 -0.308002
-0.927499 9.90824 -0.0426076
-0.61882 9.93184 -0.0284276
-3.52712 7.61144 -0.162523
-4.70809 7.54269 -0.216689
-4.76101 7.62609 -0.21909
-4.47146 7.68253 -0.205813
-4.66304 6.98682 -0.214762
-4.99384 7.00164 -0.229908
-4.71846 7.06862 -0.217282
-4.47291 6.28062 -0.206176
-4.53072 6.36079 -0.208814
-4.33099 6.49569 -0.199637
-4.81395 7.70948 -0.22149
-5.16245 7.72256 -0.237434
-4.91991 7.87621 -0.226289
-6.30148 7.75134 -0.289478
-6.23834 7.67525 -0.286621
-5.23102 6.45516 -0.240872
-5.02788 6.61143 -0.231546
-5.16822 6.37876 -0.238011
-1.84707 -9.78113 -0.0848503
-0.927515 -9.90824 -0.0426065
1.18661e-07 -9.95074 5.52017e-09
0.309561 -9.94601 0.0142205
-3.31503 -6.62033 -0.15298
-3.23365 -6.9861 -0.149174
-5.80745 -8.12072 -0.266785
-5.55208 -8.29394 -0.255053
-5.69096 -7.96105 -0.26152
-5.99659 -7.8618 -0.275518
-5.63274 -7.88119 -0.258887
-7.63324 -6.47315 -0.350649
-7.4282 -6.70274 -0.341231
-7.2161 -6.92601 -0.33149
-7.14397 -6.85818 -0.328216
-4.60397 5.69041 -0.21225
-4.54136 5.61385 -0.209386
-4.71369 5.47289 -0.217292
-7.02408 5.96613 -0.32293
-5.63269 7.39343 -0.259035
-5.45825 7.6415 -0.250986
-5.40013 7.56157 -0.248352
-3.5586 5.34802 -0.164318
-3.3385 5.36999 -0.154204
5.80746 8.12071 0.266785
-3.00327 6.00369 -0.13873
-3.39097 5.4537 -0.15661
-3.12875 5.03509 -0.14458
-3.22849 4.85551 -0.14917
-3.47156 6.42974 -0.160203
-3.66944 6.32114 -0.169308
-6.78361 -6.51878 -0.311843
-6.57757 -6.72248 -0.302386
-6.85564 -6.58671 -0.315118
-5.39053 -7.08083 -0.248042
-5.60813 -6.91324 -0.258035
-7.05047 5.62685 -0.324181
-5.94953 6.0907 -0.273799
-5.87985 6.02041 -0.270621
-6.64395 5.6485 -0.305599
-4.87795 6.84151 -0.224635
-4.03221 8.68245 -0.185384
-8.02147 5.99576 -0.368478
-6.15871 6.30147 -0.28333
-6.49568 6.24686 -0.298741
-6.22846 6.37169 -0.286506
-5.89224 6.41385 -0.271128
-6.08896 6.23124 -0.280153
-6.35183 6.11077 -0.292188
-6.27994 6.04269 -0.288912
-6.99976 6.72249 -0.321667
-6.92769 6.65461 -0.318393
-1.2353 9.87523 -0.0567468
-2.45182 9.64989 -0.112632
-3.56372 8.34887 -0.16401
-4.02184 6.45731 -0.185464
-3.96918 6.37374 -0.18306
-4.10998 6.16802 -0.18955
-3.87858 9.07259 -0.178213
-3.65314 7.87932 -0.168241
-3.76178 7.5005 -0.173321
-3.80656 7.58846 -0.175354
-2.75085 9.57049 -0.126369
-3.04726 9.48203 -0.139986
-3.64232 8.52985 -0.167562
-4.48039 8.90672 -0.205822
-4.75533 8.76585 -0.218453
-4.30026 8.55542 -0.197703
-4.07443 8.77164 -0.187287
-6.05734 7.93979 -0.278264
-5.9359 7.78378 -0.272771
-5.99661 7.86179 -0.275518
-5.34202 7.48163 -0.245718
-5.57212 7.3153 -0.256287
-5.62235 6.12433 -0.258829
-6.29824 6.44189 -0.289683
-6.56763 6.31487 -0.302017
-6.36804 6.51206 -0.292859
-4.57205 7.85249 -0.210372
-3.63113 -9.27818 -0.166807
-3.918 -9.16302 -0.179988
-3.40125 -7.34349 -0.156803
-2.75084 -9.5705 -0.126369
2.45183 -9.64988 0.112632
2.75084 -9.5705 0.126369
-3.17035 -5.46893 -0.146468
-3.22019 -5.55419 -0.148753
-3.04725 -9.48203 -0.139986
-3.34077 -9.38455 -0.15347
-3.44594 -8.07733 -0.15868
2.15047 -9.72012 0.0987883
1.84707 -9.78113 0.0848503
-0.309561 -9.94601 -0.0142205
-4.81397 -7.70947 -0.221489
-4.86693 -7.79285 -0.223889
-5.05134 -7.55915 -0.232397
-5.23828 -8.37606 -0.240682
-5.44065 -8.13077 -0.25002
-5.18516 -8.29279 -0.238284
-6.30148 -7.75135 -0.289478
-6.05734 -7.93979 -0.278263
-4.91726 -6.07298 -0.226564
-4.7262 -6.21984 -0.217792
-4.7865 -6.29819 -0.220543
-6.50066 -7.06413 -0.298787
-6.43298 -6.99196 -0.295715
-6.21242 -7.18472 -0.285588
-8.02147 -5.99576 -0.368478
-7.94147 -5.93722 -0.364837
-7.75293 -6.17647 -0.35618
-7.07186 -6.79035 -0.324942
-6.85722 -7.0027 -0.315086
-6.47416 -7.48142 -0.297453
-4.61274 5.0362 -0.21268
-4.90604 -5.03439 -0.226116
-4.90604 5.03439 -0.226116
-4.64875 5.39827 -0.21432
-4.58381 5.32363 -0.211348
-4.81437 5.25411 -0.221914
-7.44054 -5.93244 -0.34196
-7.78154 -5.82004 -0.357554
-3.71703 7.41252 -0.171288
-3.61367 5.43007 -0.166842
-4.35734 6.12024 -0.200901
-4.24186 5.95981 -0.195624
-6.02731 6.5585 -0.277276
-5.82047 6.73906 -0.267783
-5.75521 6.66473 -0.264814
-3.94387 5.20006 -0.18201
-7.54176 -5.64411 -0.346628
-5.33004 -7.00264 -0.245293
-5.54523 -6.83693 -0.255175
-5.26956 -6.92443 -0.242544
-6.49202 5.52129 -0.298665
-6.79595 5.77562 -0.312532
-6.31709 5.71661 -0.29065
-6.1362 5.90647 -0.282358
-6.20806 5.97459 -0.285635
-6.53898 5.91423 -0.30077
-4.84682 6.37652 -0.223294
-5.04271 6.22589 -0.232288
-4.90716 6.45484 -0.226045
-4.41619 5.46069 -0.203659
-4.35363 5.38409 -0.200795
-6.98323 6.30891 -0.321004
-7.25238 6.15644 -0.333326
-7.32851 6.21984 -0.336791
-7.67481 6.11549 -0.352625
-7.44054 5.93244 -0.34196
-7.51861 5.99348 -0.345515
-1.54191 9.83284 -0.0708323
-3.40673 7.9868 -0.156903
-3.34078 9.38455 -0.15347
-5.21804 7.80423 -0.239952
-5.3293 7.96753 -0.244986
-5.079 8.1262 -0.233487
-4.97526 8.53181 -0.228599
-4.87433 8.36206 -0.224043
-4.8239 8.27717 -0.221765
-5.02576 8.61666 -0.230876
-5.80747 8.12071 -0.266785
-6.11212 7.523 -0.280906
-4.8848 7.31396 -0.224841
-5.45104 7.15901 -0.250791
-5.734 7.06578 -0.263754
-5.51157 7.23716 -0.253539
-5.16784 7.2417 -0.237814
-5.05183 7.08167 -0.232543
-6.50771 6.65235 -0.299211
-6.57757 6.72247 -0.302386
-6.29767 6.84755 -0.28957
-6.16245 6.70306 -0.283423
-5.88574 6.81339 -0.270751
-6.09487 6.63079 -0.28035
-6.78727 6.93268 -0.311911
-5.3641 6.21829 -0.247
-5.42923 6.29274 -0.24997
-5.07899 -8.12621 -0.233487
-4.87432 -8.36207 -0.224044
-4.51651 -8.33387 -0.207678
-4.46883 -8.24743 -0.205522
-4.07443 -8.77164 -0.187287
-3.94785 -8.50404 -0.181575
-3.72098 -8.7108 -0.171113
-3.99003 -8.59325 -0.183479
-3.52443 -8.25837 -0.162233
-4.33817 -6.95852 -0.19988
-4.2854 -6.87502 -0.197478
-4.12 -7.08729 -0.189849
9.37375 -3.59422 0.430573
-2.82185 -4.87185 -0.130469
-3.70367 -4.88585 -0.170994
4.75533 -8.76585 0.218453
-3.6723 -7.32453 -0.169254
-3.89796 -7.20933 -0.179637
3.04725 -9.48203 0.139986
3.34078 -9.38455 0.15347
-3.13679 -6.26801 -0.144838
-3.23524 -5.99632 -0.1494
-6.40869 -7.40728 -0.294487
-6.70384 -7.28052 -0.308002
-6.63609 -7.20841 -0.304931
-4.32584 -7.98806 -0.199054
-6.23834 -7.67524 -0.286621
-6.17522 -7.59913 -0.283763
-4.9958 -7.47745 -0.229878
-4.76102 -7.62609 -0.219089
-6.16245 -6.70307 -0.283423
-6.23005 -6.77532 -0.286496
-6.43787 -6.58222 -0.296035
-8.20427 -5.74843 -0.376873
-5.62235 -6.12433 -0.258829
-5.6898 -6.19674 -0.261904
-7.35398 -6.63717 -0.33786
-6.99717 -7.14269 -0.321434
-6.92718 -7.07271 -0.31826
-6.26424 5.33033 -0.288263
-5.94763 5.38683 -0.273779
-4.74715 5.18148 -0.218836
-4.67994 5.10885 -0.215758
-4.3046 5.671 -0.198529
-4.90863 5.69668 -0.226207
-4.77866 5.5475 -0.220264
-5.01614 5.47189 -0.231145
-5.27523 5.08759 -0.243019
-4.12642 5.79933 -0.190346
-3.99958 6.00411 -0.184505
-3.9444 5.92214 -0.181982
-3.31504 6.62032 -0.15298
-3.51887 6.5164 -0.162363
-3.76945 6.49147 -0.173875
-4.24444 5.59254 -0.195776
-4.1843 5.51407 -0.193023
-4.91727 6.07297 -0.226563
-4.7262 6.21984 -0.217792
-4.85458 5.99649 -0.223701
-4.70425 6.60121 -0.216726
-4.55228 6.82316 -0.209721
-4.49694 6.74131 -0.2072
-3.52368 4.65007 -0.16273
-3.64366 -4.80727 -0.168239
-3.43516 -4.83546 -0.158665
-3.55023 4.99621 -0.163947
-3.28604 5.28628 -0.151798
-8.8561 -4.70701 -0.406805
-8.70537 -4.97469 -0.399884
-6.36531 -6.91976 -0.292642
-6.64745 -6.79256 -0.305561
-6.24316 5.65069 -0.287276
-7.40467 6.2832 -0.340256
-7.13148 6.44028 -0.327747
-6.16925 5.58476 -0.283902
-6.39103 5.78251 -0.294023
-5.82475 6.34149 -0.268054
-5.55957 6.44159 -0.255908
-5.75726 6.26913 -0.264979
-5.77717 5.56559 -0.26597
-5.32299 5.45738 -0.245194
-4.48519 5.9063 -0.206786
-4.28541 6.87501 -0.197478
-4.82003 6.76143 -0.221999
-5.08827 6.6897 -0.234296
-7.75293 6.17646 -0.35618
-7.78154 5.82004 -0.357554
-6.76102 6.11167 -0.310888
-7.62167 5.70278 -0.35027
-3.48518 8.16785 -0.160457
-3.44594 8.07733 -0.15868
-4.01976 6.9171 -0.185286
-3.89798 7.20932 -0.179637
-3.85053 7.12274 -0.177478
-3.56911 7.70074 -0.164429
-4.39096 7.04201 -0.202282
-4.44377 7.12549 -0.204684
-4.82933 7.23219 -0.222321
-3.77933 8.14711 -0.173957
-3.82143 8.23636 -0.175862
-3.98582 7.94023 -0.183484
-4.03068 8.02814 -0.185516
-4.49659 7.20896 -0.207086
-4.54944 7.29241 -0.209487
-4.7231 8.10733 -0.217209
-4.77349 8.19225 -0.219487
-4.56424 8.42029 -0.209834
-4.61198 8.50669 -0.211989
-5.74921 8.04089 -0.264153
-5.57456 7.80131 -0.256253
-4.34526 8.64326 -0.199733
-4.97292 7.95955 -0.228689
-6.85722 7.0027 -0.315086
-5.16879 5.99484 -0.23809
-5.42013 5.907 -0.249603
-5.48751 5.97947 -0.252679
-5.67106 6.98952 -0.260895
-5.05133 7.55916 -0.232397
-5.22588 7.3217 -0.240449
-5.20911 6.84621 -0.239795
-6.85564 6.58671 -0.315118
-4.97526 -8.53181 -0.228599
-4.12046 -8.20395 -0.189579
-3.9057 -8.41483 -0.179671
-4.20119 -9.03915 -0.192997
-4.07555 -8.11606 -0.187547
-4.27821 -7.90158 -0.196898
-4.15892 -8.95 -0.191094
-2.95213 -5.47592 -0.13643
-2.91922 -4.70005 -0.134953
-4.84682 -6.37652 -0.223294
-5.04271 -6.22589 -0.232288
-5.13195 4.95086 -0.23646
-4.97549 5.10493 -0.229296
-5.04497 5.17545 -0.232476
-3.85368 4.77083 -0.177877
4.20119 -9.03915 0.192997
-3.603 -8.43937 -0.165785
-3.77934 -8.14711 -0.173957
-3.54848 -5.70474 -0.163826
-3.77896 -5.67616 -0.174413
-3.49596 -5.62107 -0.161421
-3.82144 -8.23636 -0.175862
-3.22589 -6.44418 -0.148909
-3.65315 -7.87931 -0.168241
-3.85134 -7.67642 -0.177386
-3.83914 -8.98216 -0.176438
-3.79974 -8.89171 -0.174663
-3.64232 -8.52985 -0.167561
-4.39028 -8.7311 -0.201763
-5.29142 -8.45932 -0.24308
-5.85996 -7.21827 -0.269473
-6.08168 -7.03625 -0.279654
-5.734 -7.06579 -0.263754
-5.38495 -8.04916 -0.247503
-5.49635 -8.21236 -0.252536
-4.88479 -7.31396 -0.22484
-4.94029 -7.39571 -0.227359
-5.16784 -7.2417 -0.237813
-4.22032 -7.25741 -0.194411
-4.39096 -7.04201 -0.202282
-4.82933 -7.2322 -0.222321
-6.56763 -6.31487 -0.302017
-6.7116 -6.45083 -0.308568
-6.90914 -6.24318 -0.317632
-5.88574 -6.81339 -0.270751
-5.67106 -6.98952 -0.260895
-7.48084 -6.34654 -0.34372
-7.2798 -6.57156 -0.33449
-7.40466 -6.2832 -0.340256
-7.32851 -6.21984 -0.336791
-7.13148 -6.44028 -0.327747
-6.92769 -6.65461 -0.318393
-6.34324 -7.33311 -0.291521
-6.11213 -7.52299 -0.280906
-6.09537 5.5188 -0.280528
-5.08343 5.54445 -0.234222
-5.15074 5.61699 -0.237299
-5.39254 5.52782 -0.248373
-5.79995 5.25478 -0.267029
-4.94887 5.39931 -0.228068
-4.88162 5.32672 -0.224991
-3.81129 6.12295 -0.175849
-3.75869 6.03933 -0.173445
-4.16521 6.24996 -0.192072
-4.29108 5.30748 -0.197931
-4.5189 5.24898 -0.208376
-4.22045 6.33188 -0.194594
-4.07452 6.54088 -0.187867
-3.8341 5.75816 -0.176936
-3.65356 5.87205 -0.168636
-3.60101 5.7884 -0.166231
-4.01107 5.6388 -0.185068
-4.06874 5.71907 -0.187707
-4.36478 5.74945 -0.201282
-3.8838 5.12152 -0.179256
-3.96916 -6.37375 -0.183061
-4.02183 -6.45732 -0.185464
-4.27571 -6.4138 -0.197115
-3.91612 -4.84753 -0.180742
-3.17036 5.46892 -0.146468
-3.2202 5.55419 -0.148753
-7.05047 -5.62685 -0.324181
-6.64395 -5.6485 -0.305599
-6.61297 5.98007 -0.304143
-6.94802 5.90265 -0.319464
-5.21806 5.68952 -0.240375
-5.2854 5.76203 -0.243451
-5.92073 5.702 -0.272526
-5.03868 5.8458 -0.232149
-6.01924 6.16098 -0.276976
-5.26957 6.92443 -0.242544
-4.23266 6.7915 -0.195076
-4.06987 7.0022 -0.187567
-3.31742 7.16481 -0.152989
-4.76213 6.68133 -0.219363
-4.22032 7.25741 -0.194411
-4.17016 7.17235 -0.19213
-4.12046 8.20395 -0.189579
-3.61355 6.68969 -0.166683
-3.86952 6.66176 -0.17844
-3.70829 6.86294 -0.171002
-3.721 8.71079 -0.171113
-4.32584 7.98806 -0.199054
-4.42114 8.16098 -0.203367
-4.16538 8.29183 -0.19161
-4.92479 8.44694 -0.226321
-4.70752 8.67947 -0.216298
-4.43533 8.81891 -0.203793
-5.85995 7.21827 -0.269473
-6.08168 7.03624 -0.279654
-5.6933 7.47153 -0.261783
-5.5164 7.72141 -0.25362
-4.42119 7.59753 -0.203533
-4.6023 7.37585 -0.211888
-4.65518 7.45928 -0.214288
-3.89615 7.76437 -0.179419
-4.18305 7.72858 -0.192584
-5.6898 6.19674 -0.261904
-5.62477 6.51598 -0.258877
-5.29382 6.53154 -0.243733
-5.75391 7.54962 -0.26453
-5.81455 7.62769 -0.267277
-6.14704 7.11049 -0.282621
-5.98599 7.37067 -0.27519
-6.47416 7.48142 -0.297453
-6.56837 7.13628 -0.301859
-6.6361 7.20841 -0.304931
-4.34526 -8.64327 -0.199733
-4.90715 -6.45485 -0.226045
-3.71703 -7.41252 -0.171288
6.05734 -7.93979 0.278263
5.80745 -8.12072 0.266785
-3.7637 -4.96442 -0.173748
-5.21806 -5.68952 -0.240375
-5.2854 -5.76203 -0.243451
-5.53168 -5.66865 -0.254731
-5.41856 -5.22425 -0.249578
-4.25938 -4.95022 -0.196485
-4.61274 -5.0362 -0.21268
-4.67994 -5.10885 -0.215758
-4.04105 -5.0009 -0.186473
-4.19454 -4.8755 -0.193512
-4.08795 -7.55554 -0.188269
-4.27051 -7.34246 -0.196692
-3.99291 -7.38245 -0.183954
-4.49693 -6.74132 -0.2072
-4.60766 -6.905 -0.212241
-4.82002 -6.76143 -0.221999
-3.58289 -7.14853 -0.165187
-3.01654 -9.38833 -0.138607
-4.70809 -7.54269 -0.216689
-5.05182 -7.08168 -0.232543
-4.91992 -7.87621 -0.226289
-6.29767 -6.84755 -0.289569
-5.16246 -7.72256 -0.237433
-5.21805 -7.80422 -0.239951
-5.40012 -7.56158 -0.248352
-7.05735 -6.3746 -0.324376
-7.83107 -6.2374 -0.359734
-7.51861 -5.99348 -0.345515
-4.54542 5.98471 -0.209538
-4.66593 6.14147 -0.215041
-4.54557 4.96353 -0.209602
-4.4784 4.89085 -0.206524
-3.09362 5.73616 -0.142915
-3.83814 5.39791 -0.177149
-3.89576 5.47822 -0.179789
-3.66875 5.51211 -0.169366
-3.8639 6.20655 -0.178253
-4.7919 5.91999 -0.220839
-4.17993 6.70797 -0.192673
-3.78053 5.31759 -0.174509
-5.35275 5.83453 -0.246527
-5.49439 6.36717 -0.252939
-4.12721 6.62443 -0.19027
-3.99292 7.38245 -0.183954
-3.81947 6.57662 -0.176157
-3.73725 8.05786 -0.172052
-4.12001 7.08728 -0.189849
-3.558 9.09497 -0.163519
-4.62238 7.93745 -0.212651
-4.67273 8.0224 -0.21493
-4.51652 8.33386 -0.207678
-3.85134 7.67642 -0.177386
-5.02595 8.04288 -0.231088
-6.27782 7.25893 -0.288554
-4.9958 7.47744 -0.229878
-6.01635 6.96198 -0.276686
-6.43787 6.58221 -0.296035
-5.48235 6.76061 -0.252315
-5.54523 6.83694 -0.255175
-5.33004 7.00264 -0.245293
-6.34325 7.33311 -0.291521
-3.12875 -5.0351 -0.14458
-3.12053 -5.38365 -0.144183
-3.65355 -5.87206 -0.168636
-3.41971 -5.89515 -0.15789
-3.46962 -5.98037 -0.160174
-3.00327 -6.00369 -0.13873
-5.35275 -5.83453 -0.246527
-5.03867 -5.8458 -0.232149
-5.16879 -5.99484 -0.23809
-5.5048 -4.99047 -0.253528
-5.27523 -5.08759 -0.243019
-6.83507 -6.17743 -0.31426
-5.70542 -5.49736 -0.262692
-6.09487 -6.63079 -0.28035
-3.94386 -5.20006 -0.18201
-4.10354 -5.07756 -0.189338
-4.72923 -5.84348 -0.217976
-4.90863 -5.69668 -0.226207
-4.66659 -5.76695 -0.215113
-4.38911 5.09963 -0.202431
-3.58366 -4.72868 -0.165484
-3.88379 -5.12153 -0.179256
-3.82374 -5.04298 -0.176502
-3.72292 -5.23727 -0.171869
-3.61354 -6.68969 -0.166683
-3.44889 -6.88447 -0.159084
-4.37094 -7.51252 -0.201253
-4.06987 -7.0022 -0.187568
-4.01974 -6.91711 -0.185286
-4.58853 -6.44095 -0.211451
-5.42013 -5.907 -0.249603
-5.48751 -5.97947 -0.252679
-5.6709 -5.80941 -0.261088
-3.96965 -6.83201 -0.183004
-4.12721 -6.62443 -0.19027
-3.91958 -6.74689 -0.180722
-5.42923 -6.29274 -0.24997
-5.3641 -6.21829 -0.247
-3.35934 -7.25415 -0.154896
-3.55799 -9.09497 -0.163519
-3.68165 -8.62033 -0.169337
-5.57211 -7.31531 -0.256288
-5.9359 -7.78378 -0.272771
-5.32929 -7.96754 -0.244986
-4.18305 -7.72858 -0.192584
-4.23062 -7.81509 -0.194741
-4.47145 -7.68253 -0.205813
-5.34202 -7.48163 -0.245718
-5.10688 -7.64087 -0.234915
-5.51638 -7.72142 -0.25362
-5.27367 -7.88588 -0.242469
-5.10982 -7.1617 -0.235178
-6.36804 -6.51206 -0.292859
-6.56797 -5.58491 -0.302132
-6.56837 -7.13628 -0.301859
-4.12417 5.43558 -0.19027
-4.06405 5.35709 -0.187517
-3.14082 5.82288 -0.145077
-3.36981 5.80993 -0.155606
-3.46962 5.98037 -0.160174
-3.51956 6.06558 -0.162458
-3.88924 5.84016 -0.179459
-4.7865 6.29819 -0.220543
-4.42498 5.82788 -0.204034
-4.6666 5.76695 -0.215113
-3.5662 -6.60306 -0.164523
-6.87198 5.83914 -0.315998
-3.96966 6.832 -0.183004
-3.58288 7.14853 -0.165187
-3.6723 7.32453 -0.169254
-4.33818 6.95852 -0.19988
-3.69519 7.96859 -0.170147
-4.23063 7.81508 -0.194741
-5.35664 6.60792 -0.246594
-5.60813 6.91324 -0.258035
-5.68998 6.59036 -0.261846
-5.95977 6.48618 -0.274202
-5.39053 7.08083 -0.248042
-6.40869 7.40728 -0.294487
-6.64745 6.79256 -0.305561
-4.65974 -8.59309 -0.214144
-4.43532 -8.81892 -0.203793
-4.42115 -8.16098 -0.203366
-4.61198 -8.5067 -0.211989
-3.47157 -6.42974 -0.160203
-3.51887 -6.51641 -0.162363
-3.66944 -6.32115 -0.169309
-5.32299 -5.45738 -0.245194
-4.33098 -6.4957 -0.199637
-4.38628 -6.57759 -0.202159
-4.53072 -6.36079 -0.208814
-5.20358 -5.01924 -0.23974
-3.28604 -5.28628 -0.151799
-4.32424 -5.02493 -0.199458
-4.1843 -5.51407 -0.193023
-4.24445 -5.59254 -0.195776
-4.35363 -5.38409 -0.200795
-3.32015 4.67465 -0.153383
-3.60778 -5.07657 -0.166588
-3.62758 -7.23654 -0.16722
-5.41949 -6.68427 -0.249455
-5.48236 -6.7606 -0.252315
-4.42119 -7.59753 -0.203533
-5.23102 -6.45516 -0.240872
-5.29382 -6.53154 -0.243733
-3.87857 -9.07259 -0.178213
-6.14704 -7.11049 -0.282621
-5.98598 -7.37068 -0.27519
-5.75391 -7.54962 -0.26453
-5.81454 -7.6277 -0.267277
-6.04905 -7.44684 -0.278048
-5.55957 -6.44158 -0.255908
-5.62477 -6.51598 -0.258877
-6.98323 -6.30891 -0.321004
-4.18413 5.87958 -0.192985
-4.3046 -5.671 -0.198529
-4.60397 -5.69041 -0.21225
-4.54137 -5.61384 -0.209386
-4.4729 -6.28063 -0.206176
-7.20645 5.74915 -0.331293
-5.29898 6.14382 -0.24403
-5.23388 6.06934 -0.24106
-3.5382 7.06052 -0.163153
-3.75569 6.94955 -0.173161
-3.91958 6.74689 -0.180722
-6.04905 7.44684 -0.278048
-4.7231 -8.10733 -0.217208
-5.15073 -5.61699 -0.237299
-5.25346 -5.38693 -0.242015
-4.74715 -5.18149 -0.218836
-4.97549 -5.10493 -0.229296
-5.77717 -5.56559 -0.26597
-5.23388 -6.06934 -0.24106
-5.29898 -6.14382 -0.24403
-4.77866 -5.5475 -0.220264
-3.44346 -5.53739 -0.159016
-3.50354 -5.26597 -0.161793
-3.31993 -5.72469 -0.153322
-3.36981 -5.80993 -0.155606
-3.86952 -6.66176 -0.17844
-4.44376 -7.12549 -0.204684
-5.39254 -5.52782 -0.248373
-6.29824 -6.4419 -0.289683
-4.97998 -6.14944 -0.229426
-5.14868 -6.76797 -0.237045
-5.35665 -6.60791 -0.246594
-3.76179 -7.5005 -0.173321
-5.87522 -7.70575 -0.270024
-5.45824 -7.6415 -0.250986
-5.69329 -7.47154 -0.261783
-5.82046 -6.73907 -0.267783
-4.71846 -7.06862 -0.217281
-3.54848 5.70474 -0.163826
-3.41971 5.89515 -0.15789
-4.72924 5.84347 -0.217976
-3.42426 -6.34308 -0.158042
-4.93588 -6.92158 -0.227272
-4.01107 -5.6388 -0.185068
-3.9534 -5.55852 -0.182428
-5.08343 -5.54445 -0.234222
-4.71369 -5.4729 -0.217292
-4.66591 -6.14149 -0.215041
-4.35734 -6.12025 -0.2009
-3.35933 7.25415 -0.154896
-3.44889 6.88447 -0.159084
-3.56621 6.60305 -0.164523
-5.4621 -5.59825 -0.251552
-4.94887 -5.39931 -0.228068
-5.01614 -5.47189 -0.231145
-7.12845 -5.68801 -0.327737
-6.79595 -5.77562 -0.312532
-6.87198 -5.83914 -0.315998
-3.61367 -5.43007 -0.166841
-3.66875 -5.51211 -0.169365
-3.78052 -5.3176 -0.174509
-3.7587 -6.03933 -0.173445
-3.70611 -5.9557 -0.17104
-4.23265 -6.7915 -0.195075
-5.02787 -6.61144 -0.231546
-6.1587 -6.30147 -0.28333
-5.95976 -6.48618 -0.274202
-6.76102 -6.11167 -0.310888
-6.49568 -6.24686 -0.298741
-6.02731 -6.5585 -0.277276
-3.76945 -6.49147 -0.173874
-4.29958 -6.04004 -0.198262
-4.10997 -6.16803 -0.18955
-4.22855 -5.23086 -0.195067
-4.06405 -5.35709 -0.187517
-4.48519 -5.9063 -0.206786
-4.36478 -5.74945 -0.201281
-4.54541 -5.98471 -0.209538
-4.7919 -5.91999 -0.220839
-4.38911 -5.09963 -0.202431
-4.45399 -5.17431 -0.205403
-4.12417 -5.43559 -0.19027
-3.89576 -5.47822 -0.179789
-3.83409 -5.75816 -0.176936
-5.55493 6.05191 -0.255754
-5.04496 -5.17545 -0.232476
-4.81437 -5.25411 -0.221913
-3.55022 -4.99621 -0.163947
-4.07451 -6.54088 -0.187867
-3.81948 -6.57662 -0.176157
-4.70425 -6.60122 -0.216726
-5.10547 -6.30233 -0.235149
-6.61297 -5.98007 -0.304143
-5.82475 -6.3415 -0.268054
-5.89224 -6.41385 -0.271128
-6.08896 -6.23124 -0.280153
-5.84894 -5.63381 -0.269248
-5.92073 -5.702 -0.272526
-5.68998 -6.59036 -0.261846
-6.01635 -6.96198 -0.276686
-6.24316 -5.6507 -0.287276
-5.99254 -5.77018 -0.275804
-6.31709 -5.71661 -0.29065
-3.6952 -7.96859 -0.170147
-3.5695 -6.15078 -0.164742
-3.81129 -6.12295 -0.175849
-3.8639 -6.20656 -0.178253
-3.91652 -6.29016 -0.180657
-4.1652 -6.24996 -0.192071
-4.06873 -5.71908 -0.187707
-5.74053 -5.87976 -0.264266
-4.54557 -4.96353 -0.209602
-4.4162 -5.46069 -0.203659
-5.49439 -6.36717 -0.252939
-5.87985 -6.02041 -0.270621
-6.20806 -5.97459 -0.285635
-6.27994 -6.04269 -0.288912
-6.53898 -5.91423 -0.30077
-4.12642 -5.79933 -0.190346
-4.5189 -5.24898 -0.208376
-6.06436 -5.83834 -0.279081
-4.29108 -5.30748 -0.197931
-4.88162 -5.32672 -0.224991
-5.18395 -5.31645 -0.238835
-4.66306 -6.98681 -0.214761
-6.35183 -6.11077 -0.292188
-5.55492 -6.05191 -0.255754
-6.49202 -5.52129 -0.298665
-3.88924 -5.84016 -0.179459
-4.58381 -5.32363 -0.211348
-4.64875 -5.39827 -0.21432
-7.20645 -5.74915 -0.331293
-6.16925 -5.58476 -0.283902
-6.41608 -5.45765 -0.295198
-3.83814 -5.39791 -0.177149
-6.39103 -5.78251 -0.294023
-6.1362 -5.90647 -0.282358
3  0 1 2
3  3 4 5
3  6 7 8
3  9 10 11
3  12 2 13
3  13 14 15
3  16 17 18
3  19 20 21
3  22 23 24
3  1 25 2
3  26 27 28
3  29 30 31
3  32 26 33
3  34 35 36
3  37 38 39
3  7 25 1
3  40 41 38
3  41 32 33
3  42 41 33
3  0 43 44
3  45 7 46
3  47 48 49
3  50 51 11
3  52 53 54
3  55 56 57
3  41 58 59
3  60 61 62
3  26 63 64
3  65 3 66
3  7 6 65
3  67 68 69
3  52 54 70
3  71 72 73
3  38 16 39
3  3 65 4
3  3 41 66
3  13 2 14
3  74 65 66
3  56 75 57
3  48 76 49
3  7 1 46
3  77 30 78
3  77 79 11
3  79 56 50
3  80 0 81
3  0 2 43
3  48 47 82
3  83 84 85
3  56 86 50
3  56 84 86
3  5 4 87
3  45 46 29
3  23 76 88
3  48 26 59
3  89 90 91
3  89 5 92
3  65 6 4
3  6 93 94
3  95 8 96
3  97 6 98
3  68 99 69
3  100 54 101
3  63 12 64
3  102 103 37
3  2 25 14
3  41 15 66
3  30 46 80
3  55 104 20
3  46 0 105
3  106 0 80
3  80 107 78
3  53 108 11
3  84 35 86
3  86 35 60
3  30 80 78
3  43 2 109
3  39 16 110
3  33 26 64
3  9 51 61
3  51 50 61
3  24 34 36
3  9 61 111
3  88 76 112
3  102 37 39
3  25 7 74
3  7 65 74
3  15 74 66
3  41 42 15
3  26 32 59
3  63 113 114
3  41 3 38
3  46 30 29
3  115 3 116
3  3 115 38
3  89 116 5
3  116 3 5
3  79 50 11
3  51 9 11
3  1 0 46
3  0 106 105
3  88 112 117
3  118 23 119
3  40 38 37
3  120 121 122
3  103 99 68
3  123 124 125
3  14 25 15
3  25 74 15
3  75 56 77
3  56 79 77
3  126 77 11
3  54 53 101
3  127 6 128
3  129 130 131
3  10 132 11
3  50 86 61
3  57 80 133
3  19 21 134
3  22 48 82
3  19 83 135
3  35 84 36
3  83 19 22
3  76 23 49
3  23 22 49
3  102 39 136
3  100 10 111
3  76 137 112
3  76 48 59
3  58 41 117
3  41 40 37
3  115 116 138
3  116 16 138
3  139 140 141
3  142 143 144
3  142 67 145
3  146 147 148
3  7 45 8
3  149 150 151
3  45 29 152
3  87 4 153
3  41 37 117
3  103 88 37
3  45 154 155
3  5 87 156
3  13 15 33
3  15 42 33
3  37 88 117
3  32 41 59
3  22 63 28
3  26 157 63
3  106 80 105
3  80 46 105
3  107 80 57
3  75 107 57
3  132 101 158
3  126 11 159
3  61 60 111
3  23 100 160
3  100 23 54
3  23 142 161
3  146 108 147
3  30 77 126
3  162 163 164
3  29 165 166
3  55 85 167
3  85 84 168
3  57 169 170
3  21 20 171
3  109 2 172
3  20 104 171
3  47 49 82
3  49 22 82
3  23 34 24
3  22 24 36
3  22 173 174
3  36 175 174
3  16 38 138
3  38 115 138
3  176 177 178
3  179 180 181
3  71 6 182
3  95 96 183
3  142 23 67
3  89 92 184
3  16 116 91
3  116 89 91
3  88 103 118
3  23 118 67
3  23 161 54
3  161 142 54
3  63 157 28
3  22 19 63
3  26 48 27
3  157 26 28
3  107 75 78
3  75 77 78
3  146 126 159
3  101 53 158
3  60 34 111
3  34 23 111
3  20 135 185
3  85 55 20
3  84 56 168
3  85 168 167
3  57 81 169
3  81 0 44
3  170 21 186
3  55 57 187
3  109 172 188
3  12 189 188
3  2 12 172
3  172 12 188
3  36 84 175
3  173 22 36
3  35 34 60
3  10 9 111
3  76 59 137
3  59 58 137
3  137 58 112
3  112 58 117
3  39 190 191
3  192 193 194
3  195 196 197
3  71 198 199
3  182 6 72
3  90 92 197
3  140 94 178
3  200 45 201
3  30 126 31
3  126 146 31
3  177 6 202
3  203 204 205
3  92 90 184
3  90 89 184
3  206 207 208
3  127 209 210
3  142 211 212
3  213 54 214
3  67 215 216
3  102 136 217
3  23 88 119
3  88 118 119
3  132 10 101
3  10 100 101
3  63 218 113
3  63 19 218
3  12 13 64
3  13 33 64
3  27 48 28
3  22 28 219
3  11 108 159
3  108 146 159
3  85 20 185
3  19 135 220
3  168 56 167
3  56 55 167
3  80 81 133
3  81 57 133
3  169 43 170
3  43 21 170
3  57 170 186
3  104 55 187
3  171 104 186
3  21 171 186
3  21 43 221
3  188 189 222
3  84 83 175
3  173 36 174
3  23 160 111
3  160 100 111
3  61 86 62
3  86 60 62
3  223 224 225
3  39 110 226
3  227 73 228
3  229 230 231
3  232 233 234
3  29 235 165
3  236 4 237
3  4 236 153
3  71 182 72
3  29 238 239
3  5 195 240
3  236 237 141
3  67 118 68
3  118 103 68
3  53 11 158
3  11 132 158
3  21 221 188
3  218 19 241
3  113 218 189
3  113 189 114
3  28 48 242
3  22 219 243
3  135 83 185
3  83 85 185
3  20 220 244
3  20 19 220
3  43 169 44
3  169 81 44
3  218 241 189
3  241 19 189
3  175 83 174
3  83 22 174
3  245 246 247
3  248 249 250
3  18 17 251
3  91 252 253
3  70 254 255
3  8 45 256
3  257 238 258
3  45 259 260
3  146 261 150
3  262 263 264
3  108 265 266
3  141 140 178
3  29 31 235
3  267 268 269
3  39 129 270
3  237 139 141
3  4 140 139
3  271 141 178
3  29 166 272
3  29 273 274
3  87 153 141
3  275 195 197
3  128 276 277
3  6 209 72
3  278 279 280
3  268 281 282
3  94 93 178
3  195 5 196
3  92 275 197
3  92 5 275
3  283 202 284
3  198 285 286
3  4 6 94
3  177 176 287
3  288 120 122
3  216 289 290
3  110 291 292
3  54 254 70
3  293 288 122
3  54 124 123
3  54 121 120
3  213 288 293
3  48 219 242
3  219 28 242
3  219 48 243
3  48 22 243
3  220 135 244
3  135 20 244
3  104 187 186
3  187 57 186
3  21 188 222
3  189 19 134
3  221 43 188
3  43 109 188
3  189 12 114
3  12 63 114
3  294 295 296
3  191 190 297
3  298 299 300
3  301 302 303
3  45 304 256
3  224 305 306
3  307 308 309
3  200 154 310
3  311 312 313
3  314 315 316
3  45 317 318
3  317 45 319
3  108 53 265
3  320 321 322
3  323 324 325
3  153 236 141
3  29 326 327
3  328 329 330
3  235 31 331
3  146 331 332
3  232 333 272
3  334 259 318
3  4 139 237
3  140 4 94
3  110 16 291
3  90 197 335
3  336 337 338
3  339 53 340
3  72 209 73
3  207 206 341
3  209 6 342
3  6 127 210
3  343 6 344
3  203 296 345
3  276 343 346
3  347 334 318
3  196 156 348
3  196 5 156
3  195 275 240
3  275 5 240
3  285 283 286
3  6 71 199
3  6 176 93
3  93 176 178
3  176 6 349
3  6 177 287
3  142 145 350
3  215 289 216
3  351 352 353
3  354 302 355
3  124 54 356
3  190 39 270
3  259 45 318
3  213 356 357
3  358 359 360
3  267 361 362
3  122 121 363
3  54 142 364
3  142 365 366
3  367 368 369
3  189 134 222
3  21 222 370
3  39 371 130
3  372 373 374
3  103 375 376
3  377 376 378
3  8 379 96
3  45 152 319
3  96 379 183
3  379 8 256
3  154 45 310
3  45 200 310
3  45 334 201
3  334 200 201
3  259 334 260
3  334 45 260
3  52 70 324
3  380 381 382
3  273 383 384
3  385 386 387
3  388 389 345
3  238 257 390
3  331 31 332
3  31 146 332
3  254 123 125
3  200 334 347
3  391 230 229
3  392 393 394
3  395 396 397
3  398 399 400
3  401 402 403
3  16 392 404
3  16 253 405
3  91 335 406
3  388 202 285
3  388 177 202
3  202 283 285
3  283 6 286
3  6 210 342
3  210 209 342
3  6 97 344
3  97 343 344
3  128 6 276
3  6 343 276
3  407 197 348
3  156 87 141
3  199 286 408
3  199 198 286
3  6 287 349
3  287 176 349
3  350 145 409
3  215 67 410
3  292 291 402
3  256 155 183
3  411 295 294
3  254 54 123
3  54 412 356
3  356 412 357
3  412 54 357
3  54 213 357
3  413 273 384
3  414 415 416
3  224 223 411
3  417 418 419
3  54 288 420
3  54 420 214
3  421 422 423
3  288 54 120
3  391 122 424
3  127 128 277
3  222 134 370
3  134 21 370
3  292 401 396
3  371 39 425
3  405 253 251
3  129 39 130
3  144 143 426
3  427 428 429
3  142 430 428
3  431 432 433
3  434 364 435
3  436 248 250
3  303 437 438
3  439 191 297
3  103 440 441
3  103 442 443
3  256 304 155
3  304 45 155
3  444 165 445
3  446 447 448
3  449 183 204
3  450 53 311
3  177 388 178
3  388 271 178
3  225 451 452
3  95 183 449
3  130 371 453
3  454 131 455
3  371 425 453
3  392 16 456
3  457 335 458
3  91 90 335
3  459 393 460
3  16 91 253
3  202 6 284
3  6 283 284
3  197 196 348
3  223 225 452
3  286 6 408
3  199 408 461
3  462 463 353
3  410 67 69
3  312 464 465
3  466 467 468
3  420 288 214
3  288 213 214
3  469 136 470
3  425 39 226
3  471 472 473
3  365 474 475
3  142 212 476
3  477 478 479
3  480 481 482
3  483 484 485
3  486 410 487
3  410 69 487
3  488 489 490
3  491 492 493
3  494 495 496
3  497 498 499
3  500 501 502
3  443 442 250
3  99 503 504
3  505 506 507
3  165 444 508
3  333 29 509
3  155 154 183
3  379 256 183
3  29 510 511
3  512 326 513
3  146 514 515
3  516 517 518
3  108 519 520
3  521 520 522
3  425 226 453
3  291 392 402
3  523 524 525
3  192 451 225
3  431 433 526
3  527 528 529
3  392 291 404
3  291 16 404
3  192 530 531
3  456 16 18
3  252 532 457
3  252 91 532
3  393 456 533
3  17 16 405
3  530 534 531
3  535 271 536
3  537 395 538
3  392 456 393
3  408 6 461
3  6 199 461
3  539 540 541
3  542 279 543
3  544 366 475
3  365 142 144
3  179 545 546
3  430 547 428
3  494 548 495
3  549 303 438
3  142 550 483
3  550 484 483
3  365 144 474
3  474 426 526
3  551 552 553
3  554 555 551
3  556 555 557
3  558 559 290
3  102 488 560
3  488 102 489
3  561 441 562
3  563 564 565
3  376 375 566
3  567 568 569
3  103 570 571
3  570 561 572
3  103 573 574
3  549 575 576
3  103 577 503
3  578 504 579
3  527 580 581
3  180 546 582
3  583 584 585
3  586 492 500
3  235 331 587
3  331 146 588
3  511 510 589
3  166 165 508
3  165 235 445
3  235 590 445
3  198 71 73
3  97 98 449
3  29 591 592
3  593 257 594
3  595 235 596
3  166 597 234
3  598 599 512
3  232 589 600
3  601 602 603
3  326 29 314
3  604 605 606
3  607 517 608
3  599 326 512
3  609 610 611
3  612 613 614
3  615 616 617
3  618 262 619
3  148 147 620
3  363 434 424
3  621 622 623
3  53 450 340
3  624 625 626
3  223 295 411
3  266 627 628
3  453 226 292
3  226 110 292
3  190 270 297
3  136 39 439
3  490 469 629
3  534 530 630
3  631 565 632
3  633 634 635
3  335 532 406
3  532 91 406
3  209 127 73
3  224 411 305
3  535 223 452
3  207 359 636
3  451 407 348
3  141 271 535
3  156 141 348
3  141 535 348
3  624 626 525
3  456 18 533
3  627 266 307
3  293 229 231
3  307 265 637
3  638 639 640
3  142 427 477
3  427 641 477
3  544 475 642
3  547 430 544
3  179 643 644
3  645 646 557
3  647 648 649
3  625 650 651
3  652 653 654
3  550 142 350
3  485 484 655
3  143 142 483
3  653 485 654
3  431 656 657
3  145 216 290
3  145 67 216
3  217 136 469
3  489 102 217
3  658 560 659
3  570 103 561
3  103 571 660
3  561 562 572
3  661 662 663
3  573 103 377
3  436 442 664
3  663 665 666
3  442 667 664
3  442 103 667
3  103 443 668
3  249 472 471
3  352 559 558
3  504 578 669
3  492 491 670
3  671 672 673
3  674 670 675
3  676 677 678
3  555 556 551
3  679 680 681
3  558 289 682
3  507 683 684
3  606 685 686
3  687 281 688
3  590 235 595
3  361 689 362
3  690 691 692
3  587 588 596
3  444 445 693
3  694 695 696
3  183 154 347
3  154 200 347
3  467 255 468
3  467 70 255
3  98 6 697
3  346 343 698
3  306 305 699
3  29 413 700
3  29 599 598
3  701 702 369
3  29 703 704
3  705 421 706
3  29 333 600
3  238 413 258
3  326 314 513
3  314 29 315
3  707 708 709
3  607 146 148
3  710 268 282
3  517 711 712
3  516 514 517
3  713 714 601
3  715 716 717
3  718 108 266
3  719 720 322
3  520 519 721
3  520 618 522
3  722 723 709
3  212 211 724
3  435 476 725
3  54 364 434
3  122 363 424
3  726 727 623
3  650 524 728
3  729 730 731
3  213 293 732
3  733 734 735
3  736 537 737
3  292 402 401
3  534 372 374
3  538 738 737
3  439 39 191
3  402 392 394
3  739 740 651
3  741 742 743
3  744 745 746
3  305 747 748
3  748 294 749
3  380 193 306
3  225 224 750
3  193 225 750
3  193 192 225
3  407 451 751
3  451 192 751
3  53 339 752
3  265 753 637
3  255 254 125
3  754 613 755
3  428 547 429
3  427 142 428
3  547 643 429
3  641 429 756
3  418 725 419
3  211 142 477
3  544 430 366
3  430 142 366
3  757 409 758
3  366 365 475
3  759 478 756
3  760 547 642
3  761 762 763
3  725 764 419
3  643 547 760
3  547 544 642
3  391 418 765
3  631 632 766
3  745 767 746
3  548 768 769
3  350 409 770
3  409 757 770
3  483 657 771
3  657 656 771
3  526 433 772
3  474 144 773
3  409 290 758
3  409 145 290
3  774 775 567
3  136 439 470
3  776 777 778
3  779 490 629
3  780 494 781
3  782 495 670
3  440 103 658
3  489 469 490
3  658 775 774
3  561 103 441
3  562 783 784
3  785 786 783
3  375 549 566
3  375 103 660
3  787 496 788
3  377 103 376
3  789 790 791
3  493 492 586
3  248 665 663
3  662 249 663
3  666 665 792
3  667 103 574
3  442 436 250
3  667 574 664
3  250 249 471
3  443 250 793
3  473 472 794
3  577 103 668
3  471 579 793
3  99 103 503
3  669 578 473
3  578 471 473
3  249 662 794
3  795 791 792
3  398 787 788
3  790 789 796
3  289 215 797
3  797 215 486
3  798 799 800
3  495 782 496
3  680 672 801
3  580 802 803
3  548 769 495
3  495 769 804
3  805 677 676
3  584 480 585
3  559 805 758
3  289 797 682
3  215 410 486
3  352 558 682
3  151 150 806
3  149 146 150
3  269 807 808
3  146 149 809
3  447 810 811
3  268 710 269
3  331 588 587
3  588 812 689
3  347 318 813
3  318 317 319
3  277 276 814
3  319 257 813
3  815 816 611
3  70 467 324
3  817 213 732
3  198 73 227
3  818 293 819
3  380 306 820
3  223 535 536
3  73 127 277
3  6 8 697
3  8 95 697
3  29 274 821
3  274 273 821
3  413 238 700
3  238 29 700
3  326 599 327
3  599 29 327
3  446 822 823
3  591 29 598
3  824 825 826
3  703 29 592
3  383 273 705
3  273 29 704
3  822 827 823
3  592 591 828
3  703 592 705
3  591 598 512
3  232 272 233
3  829 448 830
3  445 590 822
3  235 587 596
3  831 361 832
3  827 822 833
3  333 509 272
3  509 29 272
3  315 511 316
3  315 29 511
3  514 516 515
3  521 723 722
3  812 809 834
3  261 146 835
3  836 837 838
3  839 516 518
3  516 605 840
3  261 835 604
3  841 842 843
3  844 845 696
3  338 337 846
3  324 466 325
3  265 53 753
3  847 848 849
3  850 851 838
3  613 262 264
3  618 520 721
3  108 718 615
3  519 852 853
3  854 163 855
3  856 857 853
3  521 108 520
3  707 858 859
3  108 521 722
3  293 122 229
3  122 391 229
3  479 759 860
3  724 479 860
3  729 861 862
3  418 863 765
3  391 864 418
3  864 435 418
3  121 54 363
3  54 434 363
3  730 865 731
3  626 231 866
3  734 867 868
3  631 869 565
3  870 358 871
3  625 624 650
3  533 18 251
3  17 405 251
3  872 873 563
3  874 875 876
3  193 380 194
3  877 739 878
3  524 879 728
3  869 563 565
3  565 734 632
3  647 649 300
3  208 207 880
3  359 358 636
3  881 882 883
3  884 381 699
3  451 348 452
3  348 535 452
3  224 306 750
3  306 193 750
3  457 885 886
3  751 192 531
3  53 752 753
3  887 339 888
3  478 641 756
3  641 427 429
3  478 759 479
3  477 641 478
3  552 556 889
3  474 526 890
3  143 656 426
3  584 583 552
3  891 246 892
3  180 179 546
3  893 245 247
3  180 245 181
3  429 643 756
3  759 756 181
3  760 646 645
3  643 760 644
3  894 891 892
3  545 895 763
3  896 495 804
3  548 494 768
3  289 558 290
3  653 431 485
3  431 653 652
3  481 480 652
3  484 550 770
3  550 350 770
3  431 657 485
3  657 483 485
3  656 143 771
3  143 483 771
3  889 556 557
3  433 432 584
3  776 897 898
3  899 439 297
3  488 490 779
3  489 217 469
3  270 129 131
3  131 130 455
3  494 745 900
3  745 744 900
3  494 787 781
3  780 901 902
3  903 302 354
3  904 905 906
3  658 103 560
3  103 102 560
3  571 907 301
3  907 302 301
3  375 660 549
3  575 549 438
3  908 493 586
3  909 437 910
3  665 248 911
3  248 436 664
3  574 573 912
3  913 795 792
3  471 578 579
3  673 672 914
3  672 915 914
3  527 914 916
3  662 917 794
3  249 248 663
3  918 919 920
3  670 495 675
3  921 399 922
3  919 670 920
3  554 761 555
3  582 545 923
3  762 761 924
3  585 679 681
3  505 925 506
3  925 505 684
3  917 926 927
3  580 673 581
3  432 480 584
3  463 928 351
3  757 481 654
3  481 652 654
3  914 929 916
3  99 504 930
3  931 797 932
3  797 486 932
3  691 690 808
3  261 604 806
3  362 687 688
3  933 812 834
3  812 588 809
3  588 146 809
3  816 815 934
3  827 691 808
3  701 232 935
3  166 508 693
3  257 319 936
3  318 319 813
3  29 390 937
3  390 257 936
3  884 699 938
3  228 346 203
3  939 940 941
3  52 324 323
3  124 356 125
3  125 356 942
3  943 360 341
3  622 944 945
3  306 699 820
3  411 294 747
3  208 381 946
3  946 943 947
3  343 97 698
3  328 294 205
3  273 413 821
3  413 29 821
3  948 949 950
3  705 592 828
3  324 467 466
3  951 952 953
3  333 232 600
3  368 589 954
3  589 510 600
3  510 29 600
3  822 590 833
3  595 691 955
3  690 269 808
3  810 807 811
3  369 368 954
3  233 272 234
3  146 607 608
3  859 517 712
3  540 754 755
3  262 613 612
3  806 604 606
3  835 146 515
3  148 620 711
3  711 620 712
3  605 839 606
3  835 515 604
3  956 282 714
3  281 602 282
3  710 282 811
3  638 640 957
3  602 281 958
3  959 716 837
3  281 386 958
3  960 961 962
3  615 718 616
3  718 266 628
3  311 53 312
3  465 464 325
3  963 541 856
3  540 857 541
3  263 262 618
3  858 707 709
3  108 615 964
3  852 964 617
3  163 718 965
3  163 965 164
3  620 147 708
3  723 521 619
3  708 722 709
3  619 262 612
3  708 147 722
3  147 108 722
3  724 211 479
3  211 477 479
3  546 545 582
3  631 966 967
3  434 435 864
3  894 729 862
3  435 364 476
3  364 142 476
3  476 212 725
3  212 724 725
3  863 418 417
3  435 725 418
3  861 765 862
3  231 230 865
3  626 625 871
3  621 968 969
3  879 733 728
3  525 626 866
3  739 877 740
3  650 739 651
3  532 335 457
3  251 253 970
3  453 292 396
3  537 453 396
3  537 396 395
3  397 875 868
3  728 733 878
3  971 972 973
3  972 877 874
3  734 974 867
3  879 524 523
3  973 972 874
3  729 894 975
3  863 417 862
3  299 976 499
3  869 872 563
3  630 194 977
3  530 194 630
3  530 192 194
3  194 636 977
3  381 884 946
3  206 208 946
3  646 760 642
3  890 526 889
3  426 656 526
3  656 431 526
3  144 426 773
3  426 474 773
3  756 643 181
3  643 179 181
3  555 761 895
3  545 179 644
3  245 799 978
3  799 245 800
3  769 768 506
3  925 684 979
3  484 770 655
3  485 655 654
3  270 131 454
3  297 270 454
3  568 567 779
3  659 560 779
3  130 453 736
3  564 974 565
3  873 872 980
3  976 299 897
3  299 298 897
3  299 498 300
3  900 649 506
3  768 494 900
3  496 782 788
3  787 494 496
3  400 399 981
3  563 905 982
3  907 571 355
3  354 355 572
3  983 562 774
3  562 441 774
3  897 767 984
3  901 400 981
3  571 570 355
3  355 570 572
3  549 660 303
3  660 571 985
3  986 987 909
3  909 789 988
3  987 789 909
3  908 909 910
3  796 789 502
3  903 908 910
3  981 399 989
3  785 921 922
3  990 790 796
3  575 909 988
3  574 912 664
3  248 664 911
3  504 503 579
3  250 471 793
3  503 577 579
3  579 577 793
3  662 661 917
3  917 661 528
3  682 797 462
3  462 931 991
3  674 803 992
3  802 580 501
3  671 673 803
3  919 782 670
3  674 671 803
3  909 908 586
3  670 491 920
3  398 919 918
3  915 993 678
3  480 994 585
3  915 672 993
3  896 995 996
3  646 889 557
3  761 554 924
3  433 584 772
3  889 526 772
3  633 681 634
3  672 671 801
3  670 674 992
3  495 896 997
3  915 928 914
3  991 931 998
3  290 559 758
3  993 680 678
3  480 432 652
3  432 431 652
3  998 931 932
3  797 931 462
3  69 99 930
3  487 69 930
3  685 385 686
3  150 261 806
3  689 361 831
3  362 689 933
3  204 183 999
3  183 347 1000
3  238 390 239
3  390 29 239
3  319 152 936
3  152 29 936
3  1001 1002 1003
3  413 384 1004
3  1005 1006 1007
3  1008 356 1009
3  850 716 715
3  309 1010 164
3  325 466 1011
3  850 715 1012
3  464 53 323
3  53 52 323
3  626 623 818
3  727 621 623
3  946 1013 1014
3  1015 1016 1017
3  206 943 341
3  726 626 871
3  358 360 1018
3  871 625 651
3  388 285 389
3  73 277 228
3  748 747 1019
3  305 411 747
3  699 381 820
3  381 380 820
3  382 208 880
3  381 208 382
3  98 697 449
3  697 95 449
3  346 449 204
3  1020 1021 1022
3  1023 512 1024
3  513 314 316
3  316 368 1024
3  368 1023 1024
3  273 704 705
3  704 703 705
3  1025 336 949
3  702 1026 1027
3  1028 815 611
3  1029 1030 1031
3  1032 1033 1034
3  816 1035 1036
3  511 589 1037
3  589 368 1037
3  361 692 832
3  691 595 1038
3  827 833 1039
3  833 590 1039
3  691 590 955
3  590 595 955
3  267 269 692
3  269 690 692
3  1026 702 696
3  447 827 810
3  272 166 234
3  935 232 234
3  508 444 693
3  234 597 829
3  263 857 264
3  613 264 755
3  279 278 1040
3  754 540 959
3  518 517 1041
3  685 839 1042
3  605 604 840
3  516 839 605
3  517 514 608
3  514 146 608
3  517 607 711
3  607 148 711
3  1025 1043 1044
3  336 1025 337
3  956 1045 282
3  447 811 1044
3  811 1045 1044
3  282 1045 811
3  841 956 842
3  956 714 713
3  962 1046 1047
3  603 602 1047
3  960 386 961
3  1042 1048 1049
3  638 1050 542
3  1050 843 542
3  961 386 1049
3  1046 278 603
3  541 857 856
3  539 541 963
3  618 721 853
3  852 854 853
3  618 619 522
3  619 521 522
3  263 618 853
3  857 263 853
3  721 519 853
3  519 108 964
3  715 1051 1012
3  340 450 1052
3  718 163 616
3  163 854 616
3  851 279 838
3  858 612 614
3  620 708 707
3  1053 858 709
3  434 864 424
3  864 391 424
3  247 246 764
3  725 724 860
3  865 230 731
3  524 650 525
3  861 230 765
3  230 391 765
3  730 729 523
3  650 624 525
3  740 877 1054
3  973 874 876
3  739 728 878
3  739 650 728
3  636 358 1055
3  972 1055 1054
3  533 251 1056
3  372 1057 373
3  1057 459 460
3  401 1058 1059
3  1060 733 735
3  534 630 372
3  875 1060 868
3  867 974 395
3  877 878 1060
3  878 733 1060
3  742 498 497
3  872 869 631
3  649 744 300
3  498 742 1061
3  246 245 978
3  523 766 1062
3  966 975 967
3  523 729 1063
3  367 369 1032
3  512 1023 1064
3  889 642 1065
3  642 475 1065
3  759 181 893
3  181 245 893
3  545 644 645
3  644 760 645
3  681 680 634
3  506 649 507
3  799 798 978
3  798 894 978
3  925 769 506
3  649 648 507
3  805 481 758
3  481 757 758
3  980 976 1066
3  974 564 738
3  453 537 736
3  130 736 455
3  564 563 738
3  469 1067 1068
3  629 469 1068
3  981 568 629
3  767 298 746
3  298 744 746
3  984 767 1069
3  745 494 780
3  901 787 400
3  787 398 400
3  441 440 774
3  440 658 774
3  560 488 779
3  775 658 659
3  786 785 922
3  567 921 1070
3  568 981 569
3  897 984 898
3  437 303 910
3  985 571 301
3  566 549 576
3  378 376 566
3  791 666 792
3  990 663 666
3  302 907 355
3  786 908 903
3  791 575 988
3  789 791 988
3  562 983 783
3  786 903 354
3  983 785 783
3  567 989 921
3  987 986 500
3  661 663 990
3  664 912 911
3  912 665 911
3  577 668 793
3  668 443 793
3  472 249 794
3  462 991 463
3  929 926 916
3  926 917 916
3  677 351 678
3  805 559 677
3  991 929 463
3  929 914 463
3  986 586 500
3  802 501 500
3  782 919 788
3  919 398 788
3  786 922 1071
3  493 908 1071
3  501 796 502
3  986 909 586
3  994 679 585
3  1072 762 924
3  676 480 482
3  679 994 676
3  801 671 1073
3  1072 1074 995
3  556 552 551
3  583 1075 553
3  895 761 763
3  555 895 557
3  804 769 1072
3  684 763 979
3  680 801 1073
3  1076 997 1073
3  998 932 1077
3  926 929 927
3  559 352 1078
3  928 915 351
3  655 770 654
3  770 757 654
3  151 1079 1080
3  809 1080 834
3  689 812 933
3  281 268 1081
3  685 386 385
3  1082 933 834
3  268 267 1081
3  267 362 1081
3  390 936 937
3  936 29 937
3  1083 1084 1085
3  258 413 1004
3  279 851 543
3  468 255 942
3  626 726 623
3  466 468 1086
3  53 464 312
3  1087 1088 1089
3  356 213 1090
3  255 125 942
3  360 969 1018
3  621 969 944
3  946 884 938
3  329 1000 1091
3  621 871 1018
3  871 358 1018
3  360 359 341
3  359 207 341
3  943 1014 1092
3  1093 1094 1095
3  389 285 227
3  285 198 227
3  1096 295 536
3  228 277 814
3  295 223 536
3  204 999 205
3  294 328 749
3  699 305 748
3  207 636 880
3  194 380 382
3  999 328 205
3  536 271 345
3  97 449 698
3  449 346 698
3  813 257 593
3  383 705 706
3  938 1097 1021
3  699 748 749
3  511 1037 316
3  1037 368 316
3  1045 956 337
3  1023 368 367
3  512 513 1024
3  513 316 1024
3  591 512 828
3  825 824 1001
3  597 166 693
3  701 369 1098
3  1099 640 1100
3  1025 1101 337
3  1102 1103 1035
3  308 307 637
3  1051 717 848
3  312 465 313
3  831 596 1104
3  596 588 1104
3  590 691 1039
3  691 827 1039
3  692 691 832
3  361 267 692
3  807 810 808
3  810 827 808
3  448 447 948
3  1025 949 948
3  264 857 755
3  857 540 755
3  540 716 959
3  613 1105 614
3  613 754 1105
3  1106 1107 1108
3  950 844 696
3  1043 447 1044
3  807 269 811
3  269 710 811
3  714 282 601
3  282 602 601
3  1046 603 1047
3  960 962 1047
3  517 859 1041
3  839 518 1042
3  858 1106 1109
3  859 858 1109
3  518 1048 1042
3  1048 961 1049
3  278 1046 1040
3  843 279 542
3  1110 1099 1111
3  337 841 846
3  956 713 842
3  1050 841 843
3  963 854 855
3  1112 162 164
3  854 856 853
3  854 963 856
3  519 964 852
3  964 615 617
3  616 854 617
3  854 852 617
3  718 628 965
3  628 627 965
3  619 612 1053
3  612 858 1053
3  723 619 709
3  619 1053 709
3  246 891 417
3  765 863 862
3  230 861 731
3  861 729 731
3  417 891 862
3  891 894 862
3  865 730 525
3  730 523 525
3  971 636 1055
3  972 971 1055
3  970 253 457
3  253 252 457
3  1056 251 970
3  1056 970 374
3  393 459 394
3  459 402 394
3  636 971 977
3  630 973 372
3  396 401 397
3  397 401 1059
3  875 874 1060
3  874 877 1060
3  974 734 565
3  734 733 1113
3  733 879 1113
3  734 1113 632
3  900 744 649
3  744 298 300
3  498 299 499
3  872 631 497
3  742 648 1061
3  648 647 1061
3  872 499 980
3  872 497 499
3  798 648 741
3  894 741 743
3  742 967 743
3  648 742 741
3  971 973 977
3  973 630 977
3  421 705 422
3  705 828 422
3  1064 1023 1085
3  1114 1115 1116
3  1087 1117 883
3  946 938 1021
3  646 642 889
3  890 889 1065
3  475 474 1118
3  474 890 1118
3  860 759 247
3  759 893 247
3  895 545 557
3  545 645 557
3  683 507 1119
3  1119 648 1120
3  582 923 684
3  545 763 923
3  246 978 892
3  978 894 892
3  899 297 1121
3  1122 906 1123
3  738 563 982
3  537 538 737
3  454 455 737
3  455 736 737
3  499 976 980
3  905 980 1123
3  298 767 897
3  780 984 1069
3  901 981 902
3  984 981 777
3  787 901 781
3  901 780 781
3  567 775 779
3  775 659 779
3  989 399 921
3  398 918 922
3  568 779 629
3  777 629 778
3  660 985 303
3  985 301 303
3  575 378 576
3  378 566 576
3  377 378 795
3  378 575 795
3  437 909 438
3  909 575 438
3  912 573 913
3  795 575 791
3  303 302 910
3  302 903 910
3  918 493 1071
3  399 398 922
3  501 661 796
3  661 990 796
3  473 794 927
3  794 917 927
3  673 914 581
3  914 527 581
3  528 661 529
3  661 501 529
3  929 998 1124
3  929 991 998
3  491 493 920
3  493 918 920
3  671 674 1076
3  673 580 803
3  922 918 1071
3  908 786 1071
3  672 680 993
3  679 676 678
3  633 583 681
3  583 585 681
3  552 583 553
3  583 633 1075
3  1072 769 925
3  768 900 506
3  554 1075 1074
3  995 1074 635
3  674 997 1076
3  671 1076 1073
3  998 669 1124
3  669 473 1124
3  917 528 916
3  528 527 916
3  914 928 463
3  994 480 676
3  677 559 1078
3  463 351 353
3  680 679 678
3  351 915 678
3  806 606 686
3  385 1082 686
3  809 149 1080
3  149 151 1080
3  1082 687 933
3  687 362 933
3  387 386 1125
3  687 1082 385
3  281 1081 688
3  1081 362 688
3  356 1008 942
3  939 1126 1006
3  468 942 1127
3  622 1128 1129
3  313 325 1130
3  1131 1132 1030
3  623 622 1090
3  732 293 818
3  726 871 727
3  871 621 727
3  943 206 947
3  206 946 947
3  938 699 1097
3  1016 1133 1115
3  740 870 651
3  870 871 651
3  969 968 1018
3  968 621 1018
3  295 1096 296
3  389 227 228
3  346 204 203
3  296 1096 345
3  271 388 345
3  1096 536 345
3  747 294 1019
3  294 748 1019
3  636 194 880
3  194 382 880
3  999 183 329
3  183 1000 329
3  1004 384 706
3  828 512 422
3  1091 1134 1135
3  347 813 1000
3  384 383 706
3  826 1136 1137
3  369 1027 1032
3  881 1138 882
3  702 1027 369
3  1027 1033 1032
3  844 1139 845
3  1101 1045 337
3  1043 1025 948
3  702 935 950
3  464 323 325
3  466 1086 1140
3  940 1005 941
3  1051 847 1141
3  1105 837 836
3  1051 715 717
3  609 1142 1007
3  1143 1099 1144
3  831 832 1038
3  832 691 1038
3  588 689 1104
3  689 831 1104
3  448 948 950
3  1145 935 234
3  445 822 693
3  822 446 693
3  827 447 823
3  447 446 823
3  1040 836 838
3  279 1040 838
3  604 515 840
3  515 516 840
3  956 841 337
3  951 695 694
3  278 713 603
3  713 601 603
3  518 1146 1108
3  962 1147 1148
3  620 707 712
3  707 859 712
3  1040 962 1148
3  962 961 1147
3  842 713 843
3  279 843 280
3  1149 639 543
3  1139 336 1150
3  639 638 543
3  638 542 543
3  163 162 855
3  849 1112 164
3  231 865 866
3  865 525 866
3  358 870 1055
3  877 972 1054
3  1057 372 1151
3  372 973 1151
3  402 459 403
3  401 403 1058
3  393 533 460
3  533 1056 460
3  970 457 374
3  751 531 885
3  403 459 1058
3  876 1058 1152
3  867 395 868
3  395 397 868
3  734 868 735
3  868 1060 735
3  1113 879 632
3  766 632 1062
3  505 507 684
3  507 648 1119
3  498 1061 300
3  1061 647 300
3  894 798 741
3  966 631 766
3  975 966 1153
3  729 975 1153
3  422 512 1154
3  1136 706 1137
3  952 1155 953
3  1088 1028 1089
3  825 1156 1157
3  749 328 330
3  1149 850 1012
3  1126 1016 1006
3  1126 1127 1158
3  1115 1133 1159
3  824 826 1137
3  1117 1160 1161
3  584 552 772
3  552 889 772
3  475 1118 1065
3  1118 890 1065
3  725 860 764
3  860 247 764
3  648 798 1120
3  683 1119 800
3  923 763 684
3  1072 925 979
3  1121 470 1162
3  470 439 1162
3  563 873 905
3  454 904 1163
3  395 974 538
3  974 738 538
3  873 980 905
3  906 905 1123
3  454 737 1164
3  737 738 1164
3  984 777 898
3  777 776 898
3  767 745 1069
3  745 780 1069
3  981 984 902
3  984 780 902
3  981 989 569
3  989 567 569
3  785 983 921
3  774 567 1070
3  1121 1163 906
3  777 981 629
3  573 377 913
3  377 795 913
3  791 790 666
3  790 990 666
3  912 913 792
3  665 912 792
3  354 572 784
3  572 562 784
3  789 987 502
3  987 500 502
3  929 1124 927
3  1124 473 927
3  501 580 529
3  580 527 529
3  486 487 932
3  487 930 1077
3  504 669 930
3  932 487 1077
3  500 492 992
3  492 670 992
3  495 997 675
3  997 674 675
3  1075 554 553
3  554 551 553
3  634 680 1073
3  634 1073 996
3  554 1074 924
3  1074 1072 924
3  352 682 353
3  682 462 353
3  352 351 1078
3  351 677 1078
3  481 805 482
3  805 676 482
3  839 685 606
3  151 806 686
3  1080 1079 834
3  1079 1082 834
3  386 281 1125
3  687 385 387
3  1086 1126 1140
3  1011 466 1165
3  1166 1133 1167
3  213 817 1090
3  1168 1169 1170
3  720 320 322
3  817 732 818
3  293 231 819
3  1171 1172 1173
3  257 258 594
3  276 346 814
3  346 228 814
3  389 228 345
3  228 203 345
3  1000 813 593
3  330 329 1091
3  1136 258 706
3  258 1004 706
3  1174 416 1175
3  1023 367 1138
3  589 232 954
3  369 954 1098
3  1087 1033 1088
3  1176 1027 695
3  640 1155 957
3  1143 1144 1177
3  1117 1087 1089
3  1033 1027 1176
3  336 1139 949
3  952 951 694
3  610 1028 611
3  1007 1131 1030
3  1029 1007 1030
3  1141 1178 1179
3  1105 754 837
3  754 959 837
3  716 540 717
3  847 1180 1181
3  540 539 717
3  963 855 1112
3  855 162 1112
3  847 1051 848
3  595 596 1038
3  596 831 1038
3  949 844 950
3  702 701 935
3  1040 1046 962
3  602 958 1047
3  1105 1106 614
3  1106 858 614
3  1045 1101 1044
3  1101 1025 1044
3  958 386 1047
3  386 960 1047
3  859 1146 1041
3  1146 518 1041
3  386 685 1049
3  685 1042 1049
3  843 713 280
3  713 278 280
3  851 850 543
3  850 1149 543
3  640 639 1100
3  1149 1182 1179
3  1055 870 1054
3  870 740 1054
3  875 1058 876
3  1057 876 1152
3  335 197 458
3  407 751 885
3  1057 460 373
3  197 407 885
3  1058 875 1059
3  875 397 1059
3  632 879 1062
3  879 523 1062
3  966 766 1153
3  729 1153 1063
3  742 497 967
3  497 631 967
3  1084 512 1064
3  1085 1023 1183
3  881 1085 1183
3  512 1084 1083
3  1184 1185 1161
3  1186 1013 1187
3  934 815 1028
3  1188 1115 1189
3  610 609 1160
3  1190 1160 1191
3  1142 816 1007
3  1006 609 1007
3  888 340 1052
3  1016 1015 1006
3  1029 1005 1007
3  1015 1190 1191
3  969 360 1092
3  944 1192 1193
3  1194 1187 1195
3  825 1001 1196
3  764 246 419
3  246 417 419
3  245 180 800
3  684 800 1197
3  798 800 1120
3  800 1119 1120
3  683 800 684
3  582 684 1197
3  439 899 1162
3  899 1121 1162
3  1121 297 1163
3  297 454 1163
3  1163 904 906
3  776 1122 1066
3  905 904 982
3  904 738 982
3  738 904 1164
3  904 454 1164
3  921 983 1070
3  983 774 1070
3  469 470 1067
3  470 1121 1067
3  783 786 784
3  786 354 784
3  930 669 1077
3  669 998 1077
3  803 802 992
3  802 500 992
3  997 896 996
3  1073 997 996
3  1082 1079 686
3  1079 151 686
3  281 687 1125
3  687 387 1125
3  1092 1014 1192
3  356 1090 1009
3  1198 1129 1199
3  622 621 944
3  1127 1166 1167
3  1009 1090 1198
3  623 1090 818
3  1090 817 818
3  1097 699 1200
3  699 749 1200
3  1022 1097 1135
3  1136 1134 594
3  294 296 205
3  296 203 205
3  330 1091 1135
3  328 999 329
3  1134 1091 594
3  1091 593 594
3  367 1032 1034
3  1033 1201 1034
3  1033 1087 1201
3  1138 1201 882
3  1023 1138 1202
3  1138 881 1202
3  954 232 1098
3  232 701 1098
3  1145 234 830
3  447 1043 948
3  1155 640 1143
3  1155 338 846
3  1155 1143 1177
3  934 1028 1203
3  1033 1176 1088
3  1028 610 1089
3  1027 1026 695
3  1139 952 845
3  1139 844 949
3  935 1145 950
3  816 934 1204
3  934 1102 1204
3  1205 1180 309
3  1206 1207 1208
3  753 752 1168
3  1209 1031 1210
3  816 1204 1035
3  1204 1102 1035
3  1099 1100 1211
3  639 1149 1211
3  1099 1211 1111
3  1100 639 1211
3  1209 313 1130
3  465 325 313
3  837 716 1212
3  716 850 1212
3  1107 1106 1148
3  1106 1105 836
3  717 539 848
3  539 963 848
3  1180 847 1010
3  1213 1214 1215
3  234 829 830
3  446 448 1216
3  961 1048 1147
3  1048 1107 1148
3  1147 1048 1148
3  859 1109 1108
3  1146 859 1108
3  1109 1106 1108
3  973 876 1151
3  876 1057 1151
3  1058 459 1152
3  459 1057 1152
3  457 458 885
3  458 197 885
3  373 460 374
3  460 1056 374
3  1153 766 1063
3  766 523 1063
3  967 975 743
3  975 894 743
3  422 1217 423
3  423 1001 1003
3  1218 1219 414
3  1219 1220 414
3  881 1220 1085
3  512 1083 1154
3  1084 1064 1085
3  1083 1085 1154
3  881 1221 1185
3  415 414 1185
3  1134 1136 826
3  1114 1094 1222
3  1176 695 1088
3  695 951 1088
3  1190 1184 1161
3  1160 609 1191
3  816 1142 611
3  1142 609 611
3  1030 1223 1031
3  1209 941 1031
3  816 1132 1131
3  1132 816 1036
3  1005 940 1006
3  940 939 1006
3  944 1224 1192
3  1013 1186 1014
3  1016 1115 1017
3  1225 1114 1116
3  1013 1022 1173
3  1013 946 1020
3  763 762 979
3  762 1072 979
3  800 180 1197
3  180 582 1197
3  1067 1122 778
3  1122 776 778
3  1122 1067 906
3  1067 1121 906
3  1123 980 1066
3  1122 1123 1066
3  896 804 995
3  804 1072 995
3  942 1009 1198
3  942 1008 1009
3  360 943 1092
3  944 969 1224
3  1133 1166 1159
3  1192 1186 1193
3  1126 1086 1127
3  1086 468 1127
3  1133 1016 1167
3  1127 1167 1158
3  231 626 819
3  626 818 819
3  1097 1200 330
3  1200 749 330
3  1000 593 1091
3  258 1136 594
3  882 1201 883
3  1201 1087 883
3  1201 1138 1034
3  1138 367 1034
3  1220 1219 1085
3  1219 1218 1085
3  934 1203 1177
3  1102 934 1177
3  338 1155 1150
3  336 338 1150
3  841 1050 957
3  1050 638 957
3  1103 1102 1177
3  1203 953 1177
3  640 1099 1143
3  1144 1103 1177
3  1028 1088 1203
3  1088 951 1203
3  610 1160 1089
3  1160 1117 1089
3  702 950 696
3  695 1026 696
3  1103 1110 1226
3  1110 1206 1226
3  1207 1178 1208
3  719 322 1227
3  1178 1207 1179
3  1182 1149 1012
3  1206 1110 1111
3  1031 1223 1214
3  1228 1229 1230
3  1209 1130 941
3  837 1212 838
3  1212 850 838
3  848 1112 849
3  848 963 1112
3  597 693 1216
3  693 446 1216
3  1106 836 1148
3  836 1040 1148
3  1107 1048 1108
3  1048 518 1108
3  885 531 886
3  531 534 886
3  421 423 1003
3  824 1002 1001
3  1218 414 416
3  415 1114 1231
3  1085 1217 1154
3  1217 422 1154
3  1094 1093 1222
3  945 1193 1232
3  1013 1020 1022
3  1097 330 1135
3  1134 826 1172
3  826 825 1172
3  423 1217 1001
3  1217 1174 1175
3  1160 1190 1161
3  1184 415 1185
3  609 1006 1191
3  1006 1015 1191
3  816 1131 1007
3  1223 1227 1233
3  1224 1092 1192
3  943 946 1014
3  1021 1097 1022
3  1172 825 1195
3  1186 1187 1234
3  1187 1194 1234
3  415 1188 1189
3  415 1184 1188
3  1234 1093 1095
3  1234 1194 1093
3  1184 1190 1188
3  1115 1188 1017
3  1134 1171 1135
3  1020 946 1021
3  1022 1171 1173
3  1171 1022 1135
3  1067 778 1068
3  778 629 1068
3  976 897 1066
3  897 776 1066
3  1074 1075 635
3  1075 633 635
3  1014 1186 1192
3  1224 969 1092
3  1166 1198 1235
3  1235 1198 1199
3  942 1198 1236
3  1198 1166 1236
3  1167 1016 1158
3  1016 1126 1158
3  1185 1221 1161
3  1221 881 883
3  1023 1202 1183
3  1202 881 1183
3  1139 1150 1237
3  1150 1155 1237
3  841 957 846
3  957 1155 846
3  953 1155 1177
3  1203 951 953
3  952 694 845
3  845 694 696
3  1208 1238 1229
3  1035 1103 1226
3  1223 1030 1239
3  939 941 1165
3  1035 1226 320
3  1226 1206 320
3  1182 1012 1141
3  1012 1051 1141
3  1178 1141 1181
3  1141 847 1181
3  1182 1141 1179
3  1178 1181 1238
3  450 311 1240
3  1169 887 888
3  941 1011 1165
3  466 1140 1165
3  941 1130 1011
3  1130 325 1011
3  308 1205 309
3  266 265 307
3  752 887 1168
3  752 339 887
3  1010 849 164
3  307 309 164
3  597 1216 829
3  1216 448 829
3  534 374 886
3  374 457 886
3  1002 706 1003
3  706 421 1003
3  414 1220 1185
3  1220 881 1185
3  1222 1196 1241
3  1218 416 1174
3  706 1002 1137
3  1002 824 1137
3  1187 1013 1195
3  1171 1134 1172
3  1221 883 1161
3  883 1117 1161
3  1188 1190 1017
3  1190 1015 1017
3  1128 1232 1242
3  1243 1225 1159
3  1093 1156 1222
3  1225 1243 1242
3  1115 1114 1189
3  1114 415 1189
3  995 635 996
3  635 634 996
3  1186 1234 1193
3  1128 945 1232
3  1243 1235 1242
3  1128 622 945
3  1198 1090 1129
3  1090 622 1129
3  1166 1127 1236
3  1127 942 1236
3  1155 952 1237
3  952 1139 1237
3  1099 1110 1144
3  1110 1103 1144
3  1035 719 1239
3  1030 1132 1036
3  1035 320 720
3  320 1206 321
3  1211 1207 1111
3  1207 1206 1111
3  1207 1211 1179
3  1211 1149 1179
3  941 1005 1031
3  1005 1029 1031
3  1140 1126 1165
3  1126 939 1165
3  887 1169 1168
3  637 1168 1244
3  321 1208 1229
3  1181 1180 1205
3  339 340 888
3  1227 322 1233
3  313 1210 1245
3  1031 1214 1210
3  311 313 1246
3  1213 1246 1245
3  847 849 1010
3  965 627 164
3  448 950 830
3  950 1145 830
3  416 1222 1241
3  1114 1222 1231
3  1217 1085 1174
3  1085 1218 1174
3  1115 1159 1116
3  1159 1225 1116
3  1243 1159 1235
3  1159 1166 1235
3  1094 1114 1095
3  1114 1225 1095
3  1013 1173 1247
3  1173 1172 1247
3  1193 1234 1232
3  945 944 1193
3  1030 1036 1239
3  1036 1035 1239
3  1181 1205 1238
3  321 1206 1208
3  1205 1169 1230
3  719 1035 720
3  753 1168 637
3  308 637 1244
3  1180 1010 309
3  627 307 164
3  1169 1205 1170
3  1205 308 1170
3  1169 888 1248
3  1248 888 1215
3  1213 1052 1240
3  1052 450 1240
3  1246 313 1245
3  313 1209 1210
3  1228 1248 1249
3  1248 1215 1249
3  1210 1214 1245
3  1214 1213 1245
3  1222 416 1231
3  416 415 1231
3  1222 1156 1196
3  1156 825 1196
3  1196 1001 1175
3  1001 1217 1175
3  1129 1128 1199
3  1199 1128 1242
3  1194 1195 1157
3  1195 825 1157
3  1234 1095 1232
3  1235 1199 1242
3  1169 1248 1230
3  1208 1178 1238
3  1168 1170 1244
3  1170 308 1244
3  888 1052 1215
3  1052 1213 1215
3  311 1246 1240
3  1246 1213 1240
3  1223 1239 1227
3  1239 719 1227
3  1196 1175 1241
3  1175 416 1241
3  1172 1195 1247
3  1195 1013 1247
3  1156 1093 1157
3  1093 1194 1157
3  1232 1095 1242
3  1095 1225 1242
3  322 1228 1249
3  1238 1205 1229
3  1228 322 1229
3  322 321 1229
3  1229 1205 1230
3  1248 1228 1230
3  1249 1215 1233
3  322 1249 1233
3  1215 1214 1233
3  1214 1223 1233
