OFF
1614 3224 0
8.95991 -5.23061 0.726599
8.78499 -5.48889 0.7124
-2.94071 -4.99722 -0.243565
69.3718 180.973 111.646
68.8097 95.2806 63.0468
51.253 88.347 51.2605
10.4895 0.915574 0.850945
101.69 4.71265 51.2223
10.5143 0.61085 0.852968
174.516 97.5778 116.103
-153.034 272.426 220.008
-265.266 225.703 268.708
-217.628 357.032 382.387
-182.542 -302.474 237.218
-49.2731 -98.6114 57.1976
-33.1574 -145.237 87.9995
101.437 -2.26235 51.1861
10.2913 -2.12328 0.834809
10.3556 -1.82359 0.840042
354.759 -128.622 323.629
381.564 0 349.17
382.089 0 350.534
-3.8848 -8.71725 -0.316212
-3.68144 -9.00697 -0.299295
-3.92878 -8.80653 -0.319581
-288.624 -278.228 410.323
-214.059 -305.386 430.46
-302.342 -209.742 430.45
-292.363 242.761 425.045
-373.196 84.1856 420.993
-356.301 94.3731 427.729
-309.693 278.846 391.73
-401.08 135.324 383.906
80.4949 380.303 322.728
130.355 308.262 251.903
5.00681 275.114 190.667
220.885 -119.139 162.361
179.893 -58.7865 117.75
214.643 5.17858 139.639
108.21 -81.2293 69.9198
99.9945 -8.89408 51.0711
143.673 -27.1204 83.8477
232.533 59.6889 158.904
-7.33624 7.13905 -0.594908
-7.09963 7.34944 -0.575729
-7.02516 7.2806 -0.56994
8.21062 -6.23185 0.665802
8.00328 -6.46802 0.648986
-23.9052 -86.583 46.1417
-19.5104 -106.681 58.2937
-51.4929 -88.9915 51.3278
336.206 -77.4937 269.914
319.547 0 248.111
320.72 0 249.52
-397.133 -24.796 374.011
-397.131 -43.4981 394.137
-396.329 40.3543 353.845
-356.77 -117.386 322.211
-203.022 273.92 435.896
-271.065 199.985 435.896
4.1057 9.16319 0.333079
4.4027 9.03922 0.357157
300.455 149.139 246.602
211.496 223.262 218.181
346.448 230.956 418.493
94.9855 41.9609 53.9719
111.945 45.6772 64.6529
-4.72306 -6.85541 -0.386629
-4.94309 -6.71567 -0.404472
-4.88056 -6.6369 -0.399536
-304.882 -136.792 265.234
-332.977 -160.52 321.949
10.4101 -1.52223 0.844478
85.6182 -52.9021 51.0985
9.93743 -3.29974 0.80602
34.2423 -263.847 184.755
-2.65468 -304.283 216.685
11.9632 -155.283 88.6668
122.625 -4.01232 66.0774
-342.52 -180.305 360.298
-110.251 159.924 116.882
-152.003 161.934 138.927
-209.387 -329.7 348.319
-159.318 -371.046 368.718
398.379 0 435.896
237.558 281.329 430.453
-310.431 113.48 435.896
47.6664 326.379 435.896
-114.343 319.303 435.896
-152.423 344.354 422.319
-256.608 305.281 404.887
85.5462 53.0254 51.0989
9.7036 3.87072 0.787008
10.5342 0 0.854589
10.5292 -0.30554 0.854184
-87.6993 203.383 144.196
-38.6898 407.507 395.644
379.386 -95.6626 435.896
206.362 246.854 435.896
185.491 128.334 139.216
83.5092 67.7673 55.6445
-4.00002 6.69423 -0.328517
-3.78236 6.80601 -0.310788
-3.9462 6.60988 -0.324251
-235.333 -130.397 183.62
249.607 -199.112 217.714
291.719 -294.088 366.305
206.476 -276.232 271.339
140.164 -208.488 175.658
159.52 -277.437 247.126
82.362 -87.8602 63.333
42.1145 -93.1635 51.2714
5.81999 -8.29286 0.472028
-4.65397 -7.70152 -0.379881
-4.84387 -7.48129 -0.395481
-4.59888 -7.61793 -0.375588
397.336 0 414.283
397.202 0 412.931
25.0591 -351.905 263.644
-7.43567 -402.675 364.65
1.8505 -350.243 258.122
-328.026 84.3855 252.05
-247.896 144.972 199.559
-207.228 98.0843 142.21
351.406 44.0169 293.119
-6.85625 7.55287 -0.556005
-6.78412 7.48184 -0.550409
360.749 -159.723 377.952
306.032 0 232.564
304.748 0 231.146
-2.25273 -9.72035 -0.182803
-3.6666 -8.27011 -0.299403
-3.62327 -8.18054 -0.296048
-10.5342 -9.20929e-07 -0.854589
-5.00866 -5.02274 -0.410703
-10.5292 -0.30557 -0.854184
-26.2889 154.627 92.647
-26.8297 -373.232 311.396
86.1089 -199.192 147.815
-3.42806 -7.18762 -0.28163
1.18661e-07 -9.95074 1.00405e-08
-3.47346 -7.27628 -0.285204
5.26773 -8.61617 0.427273
4.984 -8.76558 0.404276
-2.98981 -4.74347 -0.247607
-3.0832 -4.57367 -0.255211
-2.93509 -4.65958 -0.243157
147.15 -308.676 435.896
31.2516 -343.553 435.896
-38.7036 -416.265 431.881
-271.164 -175.46 435.896
-335.576 -157.957 435.896
-385.17 -86.5539 415.65
255.121 -310.226 394.178
190.631 344.259 379.226
49.2626 394.453 425.11
220.031 295.749 430.452
-372.5 16.1447 430.461
-4.017 -8.98496 -0.326325
-3.80483 -9.27842 -0.308685
-4.06129 -9.0741 -0.3297
-1.09706 110.066 57.181
19.9796 86.9034 46.0686
137.168 367.582 388.629
14.4715 88.1077 46.0844
-3.07695 -5.59871 -0.25444
-3.25493 -5.50842 -0.268975
-3.20237 -5.42333 -0.264736
321.884 0 250.928
397.463 0 415.634
-7.33623 -7.13905 -0.594908
-7.09962 -7.34944 -0.575729
-88.8972 19.0113 46.2497
-91.739 46.4877 51.3279
-10.3556 1.82359 -0.840042
-0.971475 9.9083 -0.0788409
-0.64815 9.93187 -0.052602
0.648149 9.93187 0.052602
387.308 0 365.511
387.731 0 366.871
5.54648 -8.45855 0.449863
-16.4756 -88.0731 46.1198
-3.02145 -95.6748 49.2958
-10.7553 -89.196 46.1417
-3.40925 -4.72483 -0.281689
-3.34903 4.64438 -0.276802
-3.34903 -4.64439 -0.276802
-3.19812 -4.73814 -0.264551
-3.2557 -4.8203 -0.269223
-210.363 -24.3267 122.396
-142.234 -130.086 115.47
-86.2933 -55.8867 51.3241
-9.5728 -4.15096 -0.776377
-9.4329 -4.42733 -0.76501
-73.6959 71.5695 51.3158
-9.12632 4.96741 -0.740109
-321.189 -190.229 331.645
-137.483 -312.657 435.896
-337.438 0.444788 435.896
-289.122 204.793 431.794
-48.7219 327.093 435.896
292.983 262.262 384.626
-7.99187 344.677 433.154
-83.1493 344.648 433.162
0.971475 9.9083 0.0788408
1.2939 9.87533 0.105005
7.33624 7.13905 0.594908
7.56586 6.92187 0.613521
-3.40926 4.72483 -0.281689
10.2173 -2.42102 0.828784
10.1336 -2.71653 0.821973
10.0403 -3.00951 0.814382
-4.02588 8.33653 -0.328266
-4.19544 8.04281 -0.342431
-4.24494 8.12946 -0.346267
40.1078 194.541 118.615
298.091 -117.54 231.059
290.023 0 215.492
291.408 0 216.919
4.40269 -9.03922 0.357158
4.69557 -8.90664 0.380897
-3.74893 -4.86035 -0.3092
-3.65094 -5.04605 -0.301255
-3.81207 -4.93877 -0.314304
-54.3226 87.3058 51.3289
275.917 -297.153 427.824
316.893 -238.979 419.72
397.059 0 411.58
-4.06545 -5.25179 -0.334739
-4.00198 -5.17363 -0.329628
-3.89393 -5.36634 -0.320849
6.35017 -7.93798 0.514993
6.08796 -8.11929 0.493744
-3.50037 -9.38484 -0.283999
-3.19265 -9.48233 -0.259044
2.88194 -9.57079 0.233844
2.56854 -9.65015 0.208422
-3.32201 -6.4739 -0.273766
-6.70462 -6.20746 -0.54591
-6.49884 -6.39978 -0.529298
-6.78237 -6.273 -0.552045
-3.08477 -6.03533 -0.254808
-3.03757 -5.94749 -0.251022
-3.22667 -5.85821 -0.266484
0.324231 -9.94602 0.0263135
6.10885 -95.4386 49.2875
-2.97752 -5.4255 -0.24642
-3.04514 -5.1678 -0.252028
-2.99289 -5.08253 -0.247796
8.60166 -5.74205 0.697524
-290.069 -4.60281 203.75
-352.68 -48.9268 299.953
-101.656 73.457 66.3984
-49.1911 112.924 67.4469
396.908 0 410.228
397.581 0 416.985
396.582 0 407.524
396.406 0 406.172
274.196 184.1 434.519
-306.552 181.121 430.423
-8.41016 -5.98976 -0.681987
-8.60167 -5.74203 -0.697524
-8.3236 -5.93495 -0.675165
-2.88044 -4.57565 -0.238709
-3.02584 4.49136 -0.250544
-2.88044 4.57565 -0.238709
10.4895 -0.91558 0.850944
10.4547 -1.21946 0.848113
-3.29242 6.92137 -0.270917
10.5143 -0.610846 0.852968
-3.19812 4.73814 -0.264551
-3.14062 4.65593 -0.25988
-3.14062 -4.65593 -0.25988
2.25273 9.72035 0.182803
2.56854 9.65015 0.208422
5.81998 8.29287 0.472027
6.08797 8.11929 0.493744
10.4929 117.047 63.0389
-3.58004 8.09092 -0.292695
-1.61511 9.83298 -0.13107
-3.53692 8.00126 -0.289344
9.82518 3.58689 0.796891
9.93743 3.29973 0.80602
302.153 0 228.307
285.816 0 211.205
307.306 0 233.982
284.395 0 209.775
392.166 0 383.159
392.481 0 384.514
-10.4101 1.52223 -0.844478
-109.422 -15.1126 57.2144
-10.4547 -1.21946 -0.848113
-10.4101 -1.52223 -0.844478
-4.42483 -6.45163 -0.363046
-4.21425 -6.57608 -0.345942
-4.27096 -6.6587 -0.350434
-8.21063 -6.23184 -0.665802
-73.3116 -71.9598 51.3155
-29.6659 115.583 64.4826
286.509 -237.757 306.066
-3.13204 -6.12313 -0.258596
-3.1794 -6.21089 -0.262386
-3.32691 -6.03097 -0.274523
3.50038 -9.38484 0.284
-3.2744 -6.38627 -0.269971
-3.22685 -6.29861 -0.266178
7.78827 -6.69813 0.631553
7.56587 -6.92186 0.613522
-3.12677 -5.68526 -0.258453
6.85626 -7.55286 0.556005
6.60635 -7.74911 0.535753
-4.87549 -8.03514 -0.397079
-4.93116 -8.11836 -0.401384
-5.13452 -7.88987 -0.418095
-10.4895 -0.91558 -0.850944
-10.5143 -0.610849 -0.852968
-5.22978 -5.23171 -0.428441
-3.31334 -4.90241 -0.273897
-3.46955 -4.80522 -0.286578
-3.93859 -5.0954 -0.324518
-3.71156 -5.12622 -0.30615
-3.77227 -5.20632 -0.311048
-1.6151 -9.83298 -0.13107
-1.2939 -9.87533 -0.105005
-7.56586 -6.92187 -0.613521
4.10568 -9.16319 0.333079
-3.29243 -6.92137 -0.270917
1.2939 -9.87533 0.105005
0.971492 -9.9083 0.0788407
0.648162 -9.93187 0.0526021
-338.882 23.4557 261.512
-110.429 2.53651 57.2141
-189.503 -294.065 434.528
-105.634 -361.466 433.179
396.031 0 403.468
395.831 0 402.115
396.749 0 408.876
398.375 0 434.545
148.41 294.666 435.896
-2.82587 4.49167 -0.234263
-2.93509 4.65958 -0.243157
-3.0832 4.57367 -0.255211
-4.30626 -6.28962 -0.353628
-4.50765 -6.16257 -0.369966
-4.24711 -6.20852 -0.348923
-5.43745 -6.49173 -0.444363
-5.71633 -6.40358 -0.466779
-5.64605 -6.33089 -0.461223
-2.82587 -4.49167 -0.234263
-3.14989 -5.3382 -0.260498
-3.26451 -5.16222 -0.26988
-3.09748 -5.25302 -0.256262
9.82518 -3.5869 0.796892
323.04 0 252.335
288.63 0 214.064
287.227 0 212.635
296.853 0 222.62
298.192 0 224.043
318.364 0 246.702
393.934 0 391.288
394.2 0 392.642
391.842 0 381.803
-5.15598 -5.16214 -0.422527
-115.228 33.0185 63.274
-0.324233 9.94602 -0.0263135
-3.3227 7.55235 -0.272621
-4.39789 -5.00732 -0.361579
-4.62941 -4.94975 -0.380217
-4.39789 5.00732 -0.361579
-10.5143 0.610847 -0.852968
-10.5292 0.305571 -0.854184
-5.15695 -5.81943 -0.422394
-4.89846 -5.89067 -0.401594
-4.96549 -5.96609 -0.406933
-3.36536 -7.64222 -0.275961
-3.4081 -7.73204 -0.279303
-3.56453 -7.45346 -0.29236
-5.85598 -5.47935 -0.47857
-5.77941 -5.41254 -0.47246
-5.60012 -5.57819 -0.458042
-10.3556 -1.82359 -0.840042
-5.09981 -6.11671 -0.417616
-5.36595 -6.03917 -0.439022
-5.29619 -5.96602 -0.433477
-9.12632 -4.96741 -0.740109
-9.28403 -4.69957 -0.752917
-6.90413 -6.00911 -0.562006
-6.19764 -6.12756 -0.505511
-5.92218 -6.23446 -0.483402
-5.99493 -6.30495 -0.489154
-4.40198 -7.83253 -0.359408
-4.34977 -7.74731 -0.355344
-4.14604 -7.9561 -0.338598
-308.977 -73.4934 233.535
-3.0272 5.51212 -0.250429
-6.0094 5.61267 -0.490794
-5.82345 5.78495 -0.475827
-5.74891 5.71613 -0.469897
395.622 0 400.762
396.223 0 404.82
398.119 0 425.091
398.18 0 426.442
398.049 0 423.74
65.8164 342.78 433.156
7.78828 6.69813 0.631553
-2.88195 9.57078 -0.233844
-2.56854 9.65015 -0.208422
-23.9863 86.5616 46.1418
8.41015 -5.98977 0.681987
-3.37493 -5.32938 -0.2788
-3.48676 -5.14843 -0.287929
-3.31969 -5.24583 -0.274339
-3.42888 -5.06647 -0.28325
-3.87529 -5.01711 -0.31941
-3.83306 -5.28636 -0.315948
-3.1544 -4.99486 -0.260966
-3.09946 -4.91111 -0.256511
-2.9898 4.74347 -0.247607
-2.83658 4.82647 -0.235108
9.7036 -3.87071 0.787008
9.5728 -4.15096 0.776378
-2.83658 -4.82647 -0.235108
-2.88861 -4.91187 -0.239336
9.28403 -4.69955 0.752917
9.12631 -4.96742 0.74011
-4.36549 6.37065 -0.358337
-4.42483 6.45163 -0.363046
-4.21425 6.57607 -0.345942
4.69557 8.90665 0.380897
4.984 8.76558 0.404276
1.93482 9.78131 0.15701
9.5728 4.15096 0.776377
10.3556 1.82359 0.840042
10.4101 1.52223 0.844478
390.099 0 375.02
389.725 0 373.663
386.875 0 364.152
303.455 0 229.727
315.971 0 243.881
317.172 0 245.292
314.76 0 242.469
390.464 0 376.377
393.087 0 387.225
393.378 0 388.579
394.707 0 395.35
394.948 0 396.703
393.66 0 389.934
-9.28403 4.69956 -0.752917
-3.80482 9.27843 -0.308685
-4.1057 9.16319 -0.333079
2.88195 9.57078 0.233844
-3.32201 6.4739 -0.273767
-4.56484 -5.51231 -0.374933
-4.49839 -5.43642 -0.369607
-4.32022 -5.56374 -0.355204
-9.93743 -3.29973 -0.80602
-6.08625 -5.67919 -0.49691
-6.1632 -5.74559 -0.503028
375.012 -102.232 435.896
-1.93483 -9.78131 -0.15701
-2.88194 -9.57079 -0.233844
-5.38882 -7.73707 -0.438718
-5.19299 -7.97136 -0.422625
-5.45004 -7.81673 -0.443468
-10.0403 -3.00952 -0.814382
-4.38416 -6.00386 -0.360126
-4.18807 -6.12734 -0.344219
-4.32942 -4.93302 -0.356062
-4.32942 4.93302 -0.356062
2.25273 -9.72035 0.182803
1.93483 -9.78131 0.15701
-0.648157 -9.93187 -0.0526016
-0.324231 -9.94602 -0.0263135
-3.20246 -6.74366 -0.263785
-3.82 -5.99591 -0.314555
-3.62527 -6.10263 -0.298699
-3.67853 -6.18731 -0.302952
7.33624 -7.13904 0.594907
7.09961 -7.34946 0.575729
-3.27676 -5.9446 -0.270502
-3.58004 -8.09092 -0.292695
-3.74783 -7.80729 -0.306696
-3.53691 -8.00127 -0.289344
-3.70626 -7.17323 -0.3042
-3.51894 -7.3649 -0.288781
-0.971487 -9.9083 -0.0788403
395.406 0 399.409
397.793 0 419.688
397.887 0 421.039
397.691 0 418.337
398.314 0 430.494
398.278 0 429.143
398.343 0 431.844
-3.0446 -4.82732 -0.252058
8.21063 6.23184 0.665802
8.41016 5.98976 0.681987
-3.51894 7.3649 -0.288781
-5.84953 6.16387 -0.477651
-5.92218 6.23446 -0.483402
-5.64605 6.33089 -0.461223
-3.78531 6.3565 -0.311466
-3.62971 6.54812 -0.298682
-3.57902 6.46205 -0.294651
-3.2557 4.8203 -0.269224
-6.74473 5.88227 -0.549391
-9.4329 4.42733 -0.76501
-6.82438 5.94574 -0.555698
-2.25273 9.72035 -0.182803
-1.93483 9.78131 -0.157011
-3.62328 8.18053 -0.296048
-3.59041 -4.96583 -0.296361
-5.08748 -5.74602 -0.416855
-5.06844 -6.87301 -0.414351
-4.8431 -7.01642 -0.396078
-4.90327 -7.09681 -0.400806
-5.36972 -6.41689 -0.439009
-5.67446 -5.64721 -0.463969
-3.78236 -6.80601 -0.310788
-3.9462 -6.60988 -0.324251
-3.73138 -6.7201 -0.306751
-3.81208 4.93876 -0.314304
-4.03574 4.90309 -0.332375
-3.8753 5.01711 -0.31941
-3.37107 -4.98447 -0.278573
-3.52994 -4.88556 -0.291468
-10.2173 2.42102 -0.828784
-5.93264 5.54606 -0.484681
-5.85598 5.47935 -0.47857
-3.68588 -4.78187 -0.304097
-3.37107 4.98447 -0.278573
-3.31334 4.90241 -0.273897
-3.46956 4.80521 -0.286578
10.1336 2.71652 0.821973
10.0403 3.00952 0.814382
-3.14989 5.3382 -0.260498
-3.26451 5.16222 -0.26988
-3.31968 5.24583 -0.274339
-3.22686 6.2986 -0.266178
-3.17941 6.21089 -0.262386
-4.49412 8.56184 -0.365481
-4.30781 8.86388 -0.34992
-4.26055 8.77612 -0.346305
10.2173 2.42102 0.828784
299.522 0 225.465
300.842 0 226.887
308.571 0 235.398
309.828 0 236.814
311.075 0 238.229
312.312 0 239.643
333.025 0 264.965
334.089 0 266.365
369.259 0 321.797
369.956 0 323.17
342.272 0 277.536
343.254 0 278.929
388.953 0 370.947
389.343 0 372.305
388.147 0 368.23
388.554 0 369.588
391.17 0 379.091
390.821 0 377.734
391.51 0 380.447
392.788 0 385.869
395.181 0 398.056
394.458 0 393.996
-5.9833 7.08703 -0.487279
-5.91467 7.01296 -0.481906
-6.21141 6.9097 -0.505737
-10.2913 2.12328 -0.834809
-4.46645 -5.08153 -0.367098
-4.70046 -5.02185 -0.385933
-3.03756 5.94749 -0.251022
-3.17668 5.77175 -0.262468
-3.22668 5.8582 -0.266484
-4.29959 -5.20827 -0.353639
-4.53509 -5.15568 -0.372619
-10.4895 0.915578 -0.850944
-10.4547 1.21946 -0.848113
-5.22978 5.23171 -0.428441
-4.77158 -5.09388 -0.39165
-4.60382 -5.22975 -0.378142
-4.84279 -5.16582 -0.39737
-3.74894 4.86035 -0.3092
-3.17668 -5.77175 -0.262468
-3.54472 -5.23032 -0.29261
-92.4439 -26.6137 49.3445
-10.1336 -2.71653 -0.821973
-10.2173 -2.42102 -0.828784
329.289 -161.868 435.896
-6.08796 -8.1193 -0.493744
-5.81998 -8.29287 -0.472027
-4.43427 -7.36679 -0.362723
-4.19377 -7.49129 -0.343165
-4.24566 -7.5767 -0.347223
3.19265 -9.48232 0.259045
-4.48904 -7.45057 -0.367009
-4.67086 -7.23525 -0.381943
-6.39757 -7.52936 -0.519571
-6.46704 -7.60271 -0.524962
-6.7121 -7.41072 -0.544816
-5.35468 -6.79963 -0.437391
-5.28924 -6.723 -0.432237
-6.28703 -6.58587 -0.512187
-6.06939 -6.7656 -0.494594
-6.36033 -6.65584 -0.517951
-5.36918 -8.21532 -0.436232
-5.09888 -8.36762 -0.414316
-5.15506 -8.45053 -0.418632
-6.28294 -7.86278 -0.5098
-5.95882 -7.96479 -0.483783
-6.02333 -8.04209 -0.488762
-6.82438 -5.94575 -0.555698
-6.74473 -5.88227 -0.549391
-6.47197 -6.01017 -0.527519
-8.95991 -5.23061 -0.726599
-8.78498 -5.4889 -0.7124
-5.93264 -5.54606 -0.484681
-6.0094 -5.61267 -0.490794
-5.77776 -6.86451 -0.471167
-5.99857 -6.69339 -0.489027
-5.70948 -6.79013 -0.465802
-5.89809 -5.85368 -0.48176
-5.97282 -5.9223 -0.487694
-6.04766 -5.99082 -0.493631
-6.1226 -6.05925 -0.49957
-6.31739 -5.8781 -0.515269
-5.70293 -5.34563 -0.466353
-10.2913 -2.12328 -0.834809
-5.37764 -5.37058 -0.440276
-5.30367 -5.30119 -0.434357
-3.42748 -6.20355 -0.282568
1.6151 -9.83298 0.13107
3.80484 -9.27842 0.308686
-3.41314 -5.76338 -0.281703
-3.15761 -6.65473 -0.260222
-3.02719 -5.51213 -0.250429
-3.33754 -7.01016 -0.274486
-3.38275 -7.09891 -0.278057
-3.56146 -6.91134 -0.292772
-3.80328 -7.34757 -0.311829
-3.6102 -7.54199 -0.295941
-3.85193 -7.43467 -0.315646
-302.218 -114.076 248.626
397.972 0 422.389
398.363 0 433.195
398.233 0 427.793
-3.20941 -5.07857 -0.265422
-2.88861 4.91186 -0.239336
-4.70046 5.02185 -0.385933
-4.77158 5.09388 -0.39165
3.80482 9.27843 0.308685
1.61511 9.83298 0.13107
5.26773 8.61617 0.427272
-3.13205 6.12313 -0.258596
-3.33754 7.01016 -0.274486
-3.09946 4.91112 -0.256511
-3.1544 4.99487 -0.260966
-3.0446 4.82732 -0.252058
-2.94071 4.99722 -0.243565
-6.56845 7.26811 -0.533637
-6.32822 7.4559 -0.514183
-6.25899 7.38233 -0.508797
-8.95992 5.23061 -0.726599
-4.81815 -6.55803 -0.394602
-4.96369 -6.33856 -0.406505
-4.75585 -6.47909 -0.38967
-5.57587 -6.25809 -0.45567
-5.5058 -6.18521 -0.450118
-5.30209 -6.34198 -0.433657
-4.32509 -7.19902 -0.354158
-4.0903 -7.32032 -0.335058
-4.14197 -7.40584 -0.33911
-4.16749 -5.05582 -0.343004
-4.37963 -7.28293 -0.358439
-4.54379 -6.61337 -0.372473
-4.60346 -6.69411 -0.377189
-4.48426 -6.53253 -0.367758
-3.83582 -5.63896 -0.31604
-3.65246 -5.74637 -0.301133
-3.70822 -5.8296 -0.305605
-3.71913 -5.47568 -0.306662
-3.77743 -5.55735 -0.31135
-3.60277 -5.31217 -0.297292
-3.66091 -5.39395 -0.301976
-3.43027 -5.41289 -0.283263
-31.7702 84.4938 46.1847
-4.54431 8.64814 -0.369331
-16.5231 88.0648 46.1198
-3.50038 9.38484 -0.283999
10.2913 2.12328 0.834809
10.4547 1.21946 0.848113
10.5292 0.305565 0.854184
313.541 0 241.056
294.149 0 219.771
295.506 0 221.196
327.569 0 257.956
328.679 0 259.359
-4.19376 7.49129 -0.343165
-3.99852 7.69563 -0.327112
-3.94956 7.60869 -0.323288
-10.0403 3.00952 -0.814382
-10.1336 2.71653 -0.821973
-7.56586 6.92188 -0.613521
-5.51139 7.89631 -0.448222
-5.31033 8.13408 -0.431694
-5.2516 8.05276 -0.427158
-5.37764 5.37058 -0.440276
-5.30367 5.30119 -0.434358
-4.24566 7.57669 -0.347222
-4.29767 7.66203 -0.351282
-4.04759 7.78251 -0.330938
-3.68588 4.78187 -0.304097
-3.52994 4.88555 -0.291469
-4.2335 -5.13208 -0.348321
-3.42805 7.18762 -0.28163
0.324232 9.94602 0.0263134
-3.38276 7.09891 -0.278057
-6.90413 6.00911 -0.562007
-7.26104 5.92658 -0.590537
-89.5397 14.8466 46.2357
-3.97283 -8.89577 -0.322952
-3.76359 -9.18799 -0.305552
-4.29766 -7.66203 -0.351282
-4.6134 -7.1531 -0.377435
-6.0678 -6.37533 -0.494909
-6.14076 -6.44562 -0.500666
-6.34803 -6.26389 -0.5174
-5.22392 -6.64628 -0.427086
-5.0057 -6.7944 -0.409411
-4.5443 -8.64814 -0.369331
-4.82384 -8.51193 -0.392009
-4.77072 -8.42723 -0.387925
-6.62696 -6.14181 -0.539777
-6.27278 -6.19578 -0.511455
-4.3552 -8.95158 -0.353538
-4.59461 -8.73437 -0.373184
-8.12586 -6.1746 -0.659136
-7.75494 -6.2887 -0.629483
-7.83761 -6.34862 -0.635981
-7.34311 -5.98724 -0.597023
-5.77698 -6.09318 -0.471903
-5.84953 -6.16387 -0.477651
-6.54942 -6.07605 -0.533647
-6.66516 -5.81869 -0.543086
-9.82518 -3.58689 -0.796892
-9.7036 -3.87072 -0.787008
-6.50634 -5.69117 -0.530483
-5.63219 -5.95152 -0.460414
-5.82345 -5.78495 -0.475827
-4.94883 -5.59892 -0.405784
-4.76473 -5.73956 -0.390924
-5.01811 -5.67251 -0.411319
-5.08227 -5.09249 -0.416614
-4.98548 -5.30946 -0.408815
-3.8943 -5.72052 -0.320732
-3.76407 -5.91278 -0.310079
-3.95287 -5.80201 -0.325425
-3.89248 -6.52548 -0.319987
-3.46542 -6.7365 -0.285164
-3.62971 -6.54812 -0.298682
-3.41751 -6.64902 -0.281363
-3.5721 -6.0179 -0.294447
-3.93217 -6.16197 -0.323512
-3.9884 -6.24491 -0.327994
-4.12913 -6.0461 -0.339518
-3.5134 -6.82394 -0.288967
-4.45431 -7.91769 -0.363474
-3.45094 -7.82183 -0.282648
-4.49883 -6.98857 -0.368425
-4.55606 -7.07087 -0.372929
-3.90069 -7.52171 -0.319466
-3.70188 -7.71889 -0.303109
-3.87604 6.07897 -0.319033
-3.67853 6.18731 -0.302952
-3.62527 6.10263 -0.298699
7.09962 7.34945 0.575729
-3.4081 7.73204 -0.279304
-4.5439 7.53429 -0.371297
-4.34977 7.74731 -0.355344
-4.19964 5.76529 -0.345383
-4.13832 5.68563 -0.340472
-4.38413 5.64156 -0.360325
-3.2474 6.83253 -0.26735
-3.20246 6.74366 -0.263785
-3.85193 7.43466 -0.315646
-3.80328 7.34757 -0.311828
-4.03873 7.23474 -0.331008
-3.02584 -4.49136 -0.250543
-4.12901 -5.32987 -0.339852
-4.19266 -5.4079 -0.344967
-4.36576 -5.2844 -0.35896
-4.44585 -6.08326 -0.365045
-4.57644 -5.87458 -0.375699
-5.52587 -5.50908 -0.452118
-5.34381 -5.66706 -0.437461
-4.53509 5.15568 -0.372619
-4.46645 5.08153 -0.367098
-4.63155 -6.32098 -0.379814
-4.56955 -6.24181 -0.374889
-4.05395 -6.77851 -0.332785
-4.27064 -7.11505 -0.349879
-4.4417 -6.90621 -0.363924
-4.21632 -7.031 -0.345603
-3.83885 -6.44102 -0.315726
-3.78531 -6.35651 -0.311466
-4.04471 -6.3278 -0.332478
-4.70512 -6.02955 -0.385959
-4.64073 -5.9521 -0.380828
-3.54119 -5.57974 -0.292195
-3.30758 -5.59346 -0.273216
-3.36033 -5.67844 -0.277458
-4.07028 -5.9648 -0.334818
-4.01154 -5.88343 -0.330121
-4.32255 -5.92441 -0.355209
-4.26105 -5.84489 -0.350295
8.78498 5.4889 0.7124
8.95991 5.23061 0.726599
9.28403 4.69956 0.752917
9.4329 4.42733 0.76501
9.4329 -4.42733 0.76501
-10.9156 89.1793 46.142
292.783 0 218.346
379.378 0 343.711
378.81 0 342.345
379.937 0 345.076
356.905 0 299.746
357.743 0 301.128
325.323 0 255.147
326.451 0 256.552
337.226 0 270.559
338.253 0 271.956
-9.5728 4.15095 -0.776377
-9.93743 3.29973 -0.80602
-6.42707 5.62725 -0.524184
-6.1632 5.74559 -0.503028
-4.4027 9.03922 -0.357158
-5.26773 8.61617 -0.427272
-4.98399 8.76559 -0.404277
-4.40199 7.83253 -0.359408
-7.75494 6.2887 -0.629483
-7.46529 6.44931 -0.606231
-7.38481 6.38679 -0.599907
-8.41016 5.98976 -0.681987
-8.0412 6.11721 -0.652472
-8.00326 6.46805 -0.648986
-8.21063 6.23184 -0.665802
-5.38881 7.73708 -0.438718
-5.57437 7.49902 -0.453965
-5.63815 7.57688 -0.458928
-5.3697 6.41691 -0.439009
-5.43745 6.49173 -0.444363
-6.08625 5.67919 -0.49691
-6.65008 6.53523 -0.541205
-6.86023 6.33842 -0.558182
-6.93819 6.40373 -0.564321
-7.34311 5.98724 -0.597023
-7.06395 6.13547 -0.574631
-6.984 6.07235 -0.568318
-4.03573 -4.90309 -0.332375
-3.96998 -4.82662 -0.327064
-4.34427 -8.3026 -0.353945
-4.11942 -8.51252 -0.335475
-4.16635 -8.60045 -0.339082
-4.984 -8.76558 -0.404276
-4.69557 -8.90664 -0.380897
-4.55932 -8.0878 -0.371615
-4.39411 -8.38907 -0.357788
-5.76603 -7.73233 -0.468862
-6.08204 -7.63656 -0.494241
-6.01532 -7.56094 -0.48906
-5.07615 -7.80831 -0.413567
-4.81994 -7.95183 -0.392775
-7.48701 -6.85753 -0.607363
-7.78828 -6.69812 -0.631553
-8.00326 -6.46805 -0.648986
-5.55166 -7.02899 -0.452866
-5.48589 -6.95262 -0.447705
-5.2573 -7.10841 -0.429188
-5.92784 -6.62108 -0.483461
-5.02859 -6.41562 -0.411647
-5.1587 -6.56948 -0.421937
-5.54648 -8.45855 -0.449863
-5.26773 -8.61617 -0.427273
-5.42815 -8.29648 -0.440773
-5.48725 -8.37756 -0.445316
-5.69617 -8.13451 -0.462497
-5.14511 -7.41759 -0.419742
-4.95978 -7.64495 -0.404519
-5.20586 -7.49759 -0.424482
-6.60635 -7.74911 -0.535753
-6.35017 -7.93798 -0.514992
-6.98399 -6.07235 -0.568318
-6.57441 -6.46756 -0.53525
-5.63444 -8.05521 -0.457735
-5.89443 -7.8874 -0.478806
-5.83017 -7.80991 -0.473833
-6.58571 -5.75498 -0.536783
-6.24025 -5.8119 -0.509147
-5.45171 -5.43987 -0.446196
-5.62653 -5.27863 -0.460247
-4.63138 -5.58814 -0.380261
-4.69801 -5.66388 -0.385591
-4.87964 -5.52525 -0.400252
-3.57902 -6.46205 -0.294651
-3.37715 -6.11728 -0.278544
-3.59678 -5.66308 -0.296663
-3.46604 -5.84827 -0.285949
-3.36972 -6.56148 -0.277564
-3.2474 -6.83253 -0.26735
-3.65789 -7.08599 -0.300389
-3.79393 -7.89561 -0.310286
-2.56854 -9.65015 -0.208422
-4.7645 -7.86846 -0.388475
-4.09677 -7.86933 -0.334767
-3.88461 -6.97767 -0.31887
-3.83344 -6.89186 -0.314828
-3.75472 -7.26043 -0.308013
-3.41752 6.64902 -0.281363
-3.36971 6.56148 -0.277564
-4.72842 7.31734 -0.386453
-4.48904 7.45057 -0.367009
-3.8401 7.9839 -0.313878
-4.09677 7.86933 -0.334767
-3.88639 8.07213 -0.317471
-1.2939 9.87533 -0.105005
-4.34961e-07 9.95074 -3.68041e-08
-3.52842 6.37593 -0.290621
-3.47791 6.28976 -0.286594
-3.04515 5.1678 -0.252029
-2.99289 5.08253 -0.247796
6.35018 7.93798 0.514993
5.54648 8.45855 0.449863
6.60635 7.74911 0.535753
-3.12677 5.68525 -0.258453
-4.0726 8.42456 -0.33187
-4.11941 8.51253 -0.335475
-3.88482 8.71724 -0.316213
-4.82384 8.51193 -0.392009
-4.59462 8.73437 -0.373184
-5.23456 -6.26697 -0.428308
-5.03261 -6.04143 -0.412274
-5.70453 -6.0224 -0.466157
-5.43583 -6.11223 -0.444569
-5.27196 -5.59571 -0.431727
-4.51225 -5.79697 -0.370572
-4.74155 -5.37766 -0.389193
-5.12854 -5.45276 -0.420267
-5.16714 -6.19188 -0.422961
-5.09359 -6.49259 -0.416791
-4.8989 -6.26143 -0.401365
-4.69365 -6.40007 -0.384741
-4.38469 -6.82377 -0.359425
-5.50529 -6.56647 -0.449719
-5.19424 -7.03003 -0.42424
-5.42023 -6.87617 -0.442546
-4.32778 -6.74127 -0.354929
-4.15763 -6.49338 -0.341452
-4.3655 -6.37065 -0.358336
-3.4779 -6.28977 -0.286594
-4.19963 -5.7653 -0.345382
-4.9141 -5.23768 -0.403091
-4.38414 -5.64156 -0.360325
-4.25639 -5.48586 -0.350085
-3.9549 -5.44626 -0.325752
-3.4857 -5.49633 -0.287728
383.614 0 354.624
384.105 0 355.986
374.595 0 332.769
375.223 0 334.139
349.876 0 288.662
350.786 0 290.05
363.364 0 310.79
364.132 0 312.168
324.186 0 253.742
329.779 0 260.762
330.87 0 262.164
335.144 0 267.764
336.189 0 269.162
340.281 0 274.747
341.281 0 276.142
-5.67446 5.64721 -0.463969
-6.70462 6.20746 -0.545909
-6.62696 6.14181 -0.539777
-5.61754 7.10526 -0.458029
-5.84615 6.93878 -0.476535
-7.92039 6.40839 -0.642482
-6.46704 7.60272 -0.524962
-6.7121 7.41072 -0.544816
-5.89443 7.88739 -0.478807
-5.63445 8.0552 -0.457736
-5.83018 7.8099 -0.473833
-7.54588 6.5117 -0.612558
-7.17274 6.59894 -0.582753
-4.7707 8.42724 -0.387925
-5.04286 8.28461 -0.410003
-6.28703 6.58587 -0.512187
-6.57441 6.46756 -0.53525
-6.36033 6.65584 -0.517951
-6.72852 7.00406 -0.546809
-6.9539 6.80477 -0.565048
-7.03014 6.87186 -0.571015
-4.14198 7.40583 -0.339111
-4.32509 7.19902 -0.354158
-4.37963 7.28293 -0.358439
-3.66661 8.2701 -0.299403
-6.72587 6.60278 -0.547162
-6.50726 6.79546 -0.529487
-6.43374 6.72571 -0.523718
-6.08205 7.63655 -0.494241
-6.39757 7.52936 -0.519571
-9.7036 3.87072 -0.787008
-6.66517 5.81869 -0.543086
-4.1675 5.05581 -0.343003
-7.5899 6.16849 -0.616492
-8.78498 5.4889 -0.7124
-8.60167 5.74203 -0.697524
-4.10157 4.97949 -0.337688
-5.70293 5.34563 -0.466353
-3.97929 -8.24844 -0.324666
-3.93278 -8.16032 -0.321067
-3.75357 -8.4491 -0.30612
-3.71004 -8.35963 -0.302761
-3.64054 -8.91639 -0.296169
-5.04285 -8.28461 -0.410003
-4.40269 -9.03922 -0.357158
-5.0179 -7.72667 -0.409042
-5.68355 -7.18145 -0.463194
-5.61755 -7.10526 -0.458028
-5.38379 -7.26491 -0.439091
-5.26674 -7.57749 -0.429225
-5.32772 -7.65732 -0.433971
-7.54587 -6.5117 -0.612558
-7.46529 -6.44931 -0.606231
-7.17274 -6.59894 -0.582753
-6.53664 -7.67596 -0.530356
-6.85625 -7.55287 -0.556005
-6.78411 -7.48184 -0.550409
-4.6632 -6.77481 -0.381908
-4.90176 -7.56316 -0.399999
-5.08447 -7.33752 -0.415004
-5.57285 -7.9758 -0.452977
-5.31032 -8.13409 -0.431694
-5.2516 -8.05275 -0.427158
-5.21132 -8.5334 -0.422951
-6.21586 -7.78747 -0.504611
-7.25953 -7.07244 -0.588931
-5.84615 -6.93878 -0.476535
-5.75802 -8.21374 -0.46726
-7.42527 -6.04779 -0.60351
-6.42707 -5.62725 -0.524184
-5.41576 -5.73831 -0.443196
-5.22652 -5.89277 -0.427934
-5.4878 -5.80947 -0.448933
-5.74891 -5.71613 -0.469897
-5.05697 -5.38115 -0.41454
-3.93587 -7.06342 -0.322913
-4.10797 -6.86274 -0.337055
-3.49387 -7.91157 -0.285995
-3.656 -7.63046 -0.299524
-4.16208 -6.94691 -0.341328
-4.0726 -8.42455 -0.331869
-3.84096 -8.62791 -0.312846
-4.21339 -8.68831 -0.342692
-4.24493 -8.12947 -0.346267
-4.50676 -8.00277 -0.367543
-3.6805 -6.63414 -0.302715
-3.97928 8.24845 -0.324666
-3.79722 8.53853 -0.309482
-3.55901 8.73512 -0.289924
-3.98725 7.1491 -0.326959
-3.71004 8.35963 -0.302761
8.60166 5.74203 0.697525
-2.97753 5.4255 -0.246419
8.00327 6.46804 0.648986
-3.09748 5.25302 -0.256263
-3.08476 6.03533 -0.254808
6.85625 7.55287 0.556005
-3.84096 8.62791 -0.312846
-3.64053 8.9164 -0.296169
-4.61199 8.17275 -0.375688
-4.55932 8.08779 -0.371615
-4.81994 7.95184 -0.392775
-4.65397 7.70151 -0.379881
-4.84387 7.4813 -0.395481
-4.90176 7.56316 -0.399999
-4.39411 8.38907 -0.357788
-6.39463 -5.94419 -0.521393
-4.76962 -6.10692 -0.391093
-5.55995 -5.88054 -0.454672
-4.8342 -6.18422 -0.396228
-5.15598 5.16214 -0.422527
-4.43203 -5.36044 -0.364282
-4.67264 -5.30374 -0.383667
-5.85723 -6.54868 -0.477898
-5.57324 -6.64112 -0.455078
-5.78674 -6.47618 -0.472338
-4.00002 -6.69423 -0.328517
-4.07708 -5.60591 -0.335563
-4.44814 -5.7193 -0.365448
-4.01594 -5.52612 -0.330656
-4.10158 -4.97948 -0.337688
-3.51903 -5.93311 -0.290197
-3.20942 5.07857 -0.265422
385.528 0 360.07
385.986 0 361.431
380.488 0 346.441
381.03 0 347.806
371.996 0 327.287
372.659 0 328.658
377.055 0 338.244
377.649 0 339.611
346.146 0 283.104
347.092 0 284.495
353.462 0 294.209
354.336 0 295.594
360.205 0 305.272
361.008 0 306.653
366.382 0 316.298
367.114 0 317.673
331.952 0 263.565
339.272 0 273.352
-3.96998 4.82662 -0.327063
-4.12901 5.32987 -0.339852
-4.29959 5.20827 -0.353639
-4.36577 5.28439 -0.35896
-6.35018 7.93798 -0.514993
-6.60635 7.74911 -0.535753
-4.3552 8.95158 -0.353537
-5.94873 7.48524 -0.483882
-6.01532 7.56094 -0.48906
-5.70203 7.65464 -0.463894
-3.20238 5.42333 -0.264736
-5.77775 6.86451 -0.471167
-5.95882 7.96479 -0.483783
-6.28295 7.86277 -0.509801
-6.02333 8.04209 -0.488762
-4.87548 8.03514 -0.397078
-6.14034 6.8377 -0.500164
-6.80177 6.67023 -0.553122
-6.5809 6.86511 -0.535259
-7.14401 6.19848 -0.580947
-6.78237 6.273 -0.552045
-5.89809 5.85368 -0.48176
-5.97282 5.9223 -0.487694
-5.70453 6.0224 -0.466158
-6.47197 6.01017 -0.527519
-7.42527 6.04779 -0.60351
-6.65464 6.93464 -0.541032
-6.42527 7.12507 -0.52247
-7.78828 6.69812 -0.631553
-5.19299 7.97135 -0.422625
-5.13451 7.88987 -0.418095
-3.45094 7.82183 -0.282649
-6.58571 5.75498 -0.536783
-6.04766 5.99082 -0.493631
-6.24025 5.8119 -0.509147
-6.31739 5.8781 -0.515269
-4.93512 4.95292 -0.404794
-4.93512 -4.95292 -0.404794
-8.12586 6.1746 -0.659136
-7.22417 6.26137 -0.587264
-7.30444 6.32414 -0.593584
-7.50754 6.1082 -0.61
-5.00866 5.02274 -0.410703
-4.49412 -8.56184 -0.365481
-4.71768 -8.34248 -0.383844
-4.44406 -8.47549 -0.361633
-4.66478 -8.25764 -0.379765
-4.64502 -8.82054 -0.37704
-4.612 -8.17275 -0.375688
-4.70918 -7.78503 -0.384177
-5.51073 -7.42107 -0.449005
-5.44721 -7.34303 -0.444047
-6.42338 -6.33189 -0.523348
-7.67236 -6.22867 -0.622987
-7.5899 -6.1685 -0.616492
-7.30444 -6.32414 -0.593584
-4.78302 -6.93596 -0.391352
-4.78608 -7.39936 -0.390966
-4.5439 -7.53428 -0.371297
-7.50753 -6.1082 -0.61
-7.14401 -6.19848 -0.580947
-7.92039 -6.40839 -0.642482
-6.65008 -6.53523 -0.541205
-6.43374 -6.72571 -0.523718
-6.72587 -6.60278 -0.547162
-7.26104 -5.92658 -0.590537
-3.98725 -7.14911 -0.326959
-3.94955 -7.60869 -0.323288
-4.03872 -7.23474 -0.331008
-4.29455 -8.21606 -0.350105
-4.0476 -7.78251 -0.330938
-3.59972 8.82578 -0.293045
-3.75472 7.26043 -0.308013
-3.56452 7.45347 -0.29236
-3.70625 7.17323 -0.3042
-2.92794 5.33883 -0.242412
-3.5904 4.96583 -0.296361
-3.65094 5.04605 -0.301255
-3.48676 5.14842 -0.287929
-5.57324 6.64112 -0.455077
-5.78673 6.47618 -0.472337
-5.85723 6.54868 -0.477898
-3.77227 5.20632 -0.311048
-3.83307 5.28635 -0.315948
-3.66091 5.39395 -0.301977
-3.61021 7.54199 -0.295941
-5.70947 6.79014 -0.465802
-5.42023 6.87617 -0.442547
-5.6413 6.71568 -0.460438
-5.55995 5.88054 -0.454672
-5.63219 5.95151 -0.460414
-5.36595 6.03917 -0.439022
-3.30759 5.59345 -0.273216
-4.16634 8.60045 -0.339082
-4.50676 8.00277 -0.367543
-4.29455 8.21606 -0.350105
-4.0613 9.0741 -0.329701
-4.72841 -7.31734 -0.386453
-5.6413 -6.71568 -0.460439
-6.64021 -7.33947 -0.539225
-6.32822 -7.45589 -0.514183
-3.73187 -6.27193 -0.307208
-3.87605 -6.07897 -0.319032
-4.10112 -6.41062 -0.336964
-3.60963 -6.99869 -0.296579
-4.83155 -5.81515 -0.396258
-4.13832 -5.68563 -0.340472
386.435 0 362.792
384.588 0 357.348
385.062 0 358.709
382.606 0 351.898
383.114 0 353.261
370.645 0 324.543
371.325 0 325.915
373.313 0 330.029
373.958 0 331.399
378.234 0 340.978
375.842 0 335.507
376.453 0 336.876
344.227 0 280.321
345.191 0 281.713
348.029 0 285.884
348.957 0 287.273
351.687 0 291.437
352.579 0 292.823
355.201 0 296.978
356.057 0 298.362
358.573 0 302.51
359.393 0 303.892
361.802 0 308.032
362.588 0 309.411
364.89 0 313.545
365.64 0 314.921
367.838 0 319.048
368.553 0 320.423
-6.1899 7.30865 -0.503413
-6.4968 7.19664 -0.528052
-6.14889 7.71206 -0.499425
-4.64503 8.82054 -0.37704
-4.93116 8.11836 -0.401384
-4.98695 8.20152 -0.405692
-4.71768 8.34248 -0.383843
-5.21132 8.5334 -0.422951
-5.48726 8.37756 -0.445317
-6.08797 8.11928 -0.493744
-4.95977 7.64495 -0.404519
-5.14512 7.41758 -0.419742
-5.50529 6.56647 -0.449719
-5.35468 6.79962 -0.437391
-5.28925 6.72299 -0.432237
-4.7645 7.86847 -0.388475
-5.0936 6.49258 -0.416791
-5.15871 6.56947 -0.421938
-4.88057 6.63689 -0.399536
-4.43428 7.36678 -0.362723
-5.4878 5.80947 -0.448933
-5.02396 7.25736 -0.410269
-5.08448 7.33751 -0.415005
-7.10649 6.93884 -0.576984
-6.8025 7.07337 -0.552588
-5.92784 6.62108 -0.483461
-6.14076 6.44562 -0.500666
-6.21384 6.5158 -0.506425
-6.87778 6.73756 -0.559084
-5.99856 6.69339 -0.489026
-5.71634 6.40358 -0.46678
-6.49884 6.39978 -0.529298
-6.27278 6.19578 -0.511455
-6.0678 6.37533 -0.494909
-5.99494 6.30494 -0.489154
-6.39463 5.94419 -0.521393
-6.42338 6.33188 -0.523348
-7.25114 6.66377 -0.588902
-7.32965 6.72849 -0.595053
-7.62657 6.57397 -0.618888
-6.8766 7.14257 -0.558369
-6.95082 7.21165 -0.564153
-7.25953 7.07244 -0.588931
-4.66478 8.25765 -0.379765
-4.14605 7.9561 -0.338598
-3.93278 8.16032 -0.321067
-3.75358 8.4491 -0.30612
-6.50634 5.69117 -0.530483
-6.19764 6.12756 -0.505511
-9.82518 3.58689 -0.796892
-7.01627 6.46892 -0.570463
-7.67237 6.22867 -0.622987
-5.2002 -5.52428 -0.425996
-3.72246 -9.0975 -0.302422
-3.88639 -8.07213 -0.317471
-3.84011 -7.9839 -0.313878
-4.10568 -9.16319 -0.333079
-4.87711 -8.59655 -0.396096
-4.93049 -8.6811 -0.400185
-4.30782 -8.86388 -0.34992
-4.98695 -8.20152 -0.405692
-5.63814 -7.57688 -0.458928
-5.57437 -7.49902 -0.453965
-5.32048 -7.18671 -0.434138
-7.22417 -6.26137 -0.587264
-6.86023 -6.33842 -0.558182
-7.02516 -7.28061 -0.56994
-6.95081 -7.21165 -0.564153
-7.18295 -7.0057 -0.582956
-6.8766 -7.14257 -0.558369
-6.28257 -6.9816 -0.511312
-6.35386 -7.05338 -0.516889
-6.5809 -6.86511 -0.535258
-7.70737 -6.63612 -0.625219
-7.62656 -6.57397 -0.618888
-7.32965 -6.72849 -0.595053
-7.25114 -6.66377 -0.588902
-6.87778 -6.73756 -0.559084
-6.72851 -7.00406 -0.546809
-7.03014 -6.87186 -0.571015
-6.9539 -6.80477 -0.565048
-7.01627 -6.46892 -0.570463
-6.9382 -6.40373 -0.564321
-6.4968 -7.19664 -0.528052
-6.42527 -7.12507 -0.52247
-7.10648 -6.93884 -0.576984
-4.96356 -7.17712 -0.405536
-5.13128 -6.95157 -0.419294
-3.99852 -7.69563 -0.327111
-3.76359 9.18798 -0.305553
-3.27439 6.38627 -0.269971
-3.25494 5.50841 -0.268975
-3.37494 5.32938 -0.2788
-3.43027 5.41288 -0.283263
-3.90069 7.52171 -0.319466
-4.0903 7.32031 -0.335058
-5.06844 6.87301 -0.414351
-5.13129 6.95156 -0.419295
-3.74785 7.80728 -0.306696
-3.92877 8.80653 -0.319581
-4.34428 8.30259 -0.353945
-4.70918 7.78503 -0.384177
-3.19266 9.48232 -0.259044
-3.68145 9.00697 -0.299295
-3.46238 9.29314 -0.281116
-4.01701 8.98496 -0.326326
-4.69557 8.90664 -0.380898
-3.52841 -6.37594 -0.290621
9.12632 4.96741 0.740109
-4.56484 5.51232 -0.374933
-4.74155 5.37766 -0.389193
-4.81055 5.45149 -0.394722
-4.98548 5.30946 -0.408815
-6.64022 7.33946 -0.539225
-6.53663 7.67597 -0.530356
-5.57285 7.9758 -0.452977
-5.76605 7.73232 -0.468862
-4.87711 8.59655 -0.396095
-5.15505 8.45054 -0.418632
-4.9305 8.6811 -0.400185
-5.42815 8.29648 -0.440773
-5.36918 8.21532 -0.436232
-5.09889 8.36761 -0.414316
-5.45003 7.81673 -0.443469
-5.88225 7.40943 -0.478706
-5.25732 7.10841 -0.429188
-5.19423 7.03003 -0.42424
-5.48589 6.95262 -0.447705
-4.84279 5.16582 -0.39737
-5.08227 5.09249 -0.416614
-4.9141 5.23768 -0.403091
-3.56146 6.91134 -0.292772
-3.73138 6.7201 -0.306751
-4.32778 6.74127 -0.354929
-4.27096 6.65871 -0.350434
-4.48427 6.53253 -0.367759
-4.59888 7.61793 -0.375588
-5.0179 7.72667 -0.409042
-4.45432 7.91768 -0.363474
-6.28257 6.98159 -0.511312
-6.12091 7.23489 -0.498033
-6.35387 7.05338 -0.516889
-5.68355 7.18145 -0.463194
-5.44719 7.34304 -0.444047
-5.3205 7.1867 -0.434139
-6.54942 6.07605 -0.533647
-6.34803 6.26389 -0.5174
-7.83761 6.34861 -0.635981
-3.79392 7.89562 -0.310286
-6.1226 6.05924 -0.49957
-8.3236 5.93495 -0.675165
-7.95663 6.0597 -0.645811
-4.83156 5.81515 -0.396258
-5.08748 5.74601 -0.416855
-4.89847 5.89066 -0.401594
-4.62941 4.94975 -0.380217
-3.9386 5.0954 -0.324518
-4.00198 5.17362 -0.329628
-3.89394 5.36634 -0.320849
-4.06546 5.25178 -0.334739
-3.79722 -8.53853 -0.309482
-3.559 -8.73513 -0.289924
-4.02589 -8.33652 -0.328266
-4.26055 -8.77612 -0.346305
-6.14889 -7.71206 -0.499425
-5.02396 -7.25736 -0.410269
-6.21384 -6.5158 -0.506425
-5.51139 -7.89631 -0.448222
-7.38481 -6.38679 -0.599907
-5.9833 -7.08702 -0.487279
-5.91467 -7.01296 -0.481906
-5.94872 -7.48524 -0.483882
-6.25899 -7.38234 -0.508797
-6.18989 -7.30866 -0.503413
-6.05204 -7.16101 -0.492654
-5.81589 -7.33354 -0.473533
-6.14034 -6.8377 -0.500164
-6.21141 -6.90969 -0.505737
-7.09445 -6.53399 -0.576607
-6.65464 -6.93464 -0.541032
-7.40828 -6.79307 -0.601207
-4.19544 -8.04281 -0.342431
-3.42888 5.06647 -0.28325
3.19266 9.48232 0.259044
-3.5721 6.0179 -0.294447
-3.42749 6.20355 -0.282568
-3.37716 6.11728 -0.278544
-3.1576 6.65474 -0.260222
-3.47345 7.27628 -0.285204
-3.6579 7.08598 -0.300389
-4.21632 7.031 -0.345602
-3.49388 7.91157 -0.285995
-3.70186 7.7189 -0.303109
-3.83885 6.44102 -0.315726
-3.6805 6.63413 -0.302716
-3.72247 9.0975 -0.302423
-4.21339 8.68831 -0.342693
-4.44406 8.47549 -0.361633
-4.96356 7.17712 -0.405536
-4.78608 7.39935 -0.390966
-5.8159 7.33353 -0.473533
-5.51073 7.42107 -0.449005
-4.81055 -5.45149 -0.394722
-5.52587 5.50908 -0.452118
-5.45171 5.43987 -0.446196
-5.77941 5.41254 -0.47246
-5.69617 8.13451 -0.462497
-7.48701 6.85753 -0.607363
-7.40828 6.79307 -0.601207
-5.81998 8.29287 -0.472028
-5.07615 7.80831 -0.413567
-5.32771 7.65733 -0.43397
-4.1621 6.9469 -0.341328
-5.55166 7.02899 -0.452865
-5.43583 6.11223 -0.444569
-5.22393 6.64628 -0.427086
-4.69801 5.66389 -0.385592
-4.94883 5.59892 -0.405784
-4.76473 5.73956 -0.390924
-4.61341 7.15309 -0.377435
-4.55606 7.07087 -0.372929
-7.09445 6.53399 -0.576607
-6.05205 7.16101 -0.492655
-7.18295 7.0057 -0.582956
-4.90327 7.09681 -0.400806
-4.67085 7.23526 -0.381943
-5.62653 5.27863 -0.460247
-4.87964 5.52525 -0.400252
-5.05697 5.38115 -0.41454
-5.12854 5.45276 -0.420267
-5.2002 5.52427 -0.425996
-3.60963 6.99869 -0.296579
-6.56845 -7.26811 -0.533637
-6.80249 -7.07337 -0.552588
-7.95663 -6.05971 -0.645811
-7.06395 -6.13548 -0.574631
-6.80177 -6.67023 -0.553122
-6.50726 -6.79546 -0.529487
-4.01154 5.88343 -0.330121
-3.95287 5.802 -0.325426
-3.73187 6.27193 -0.307208
-4.15764 6.49337 -0.341452
-3.51339 6.82395 -0.288967
-3.65598 7.63047 -0.299524
-3.36536 7.64222 -0.275961
-3.97284 8.89577 -0.322952
-5.75801 8.21374 -0.467261
-5.54648 8.45855 -0.449863
-5.57587 6.25809 -0.45567
-5.5058 6.18521 -0.450118
-6.21586 7.78747 -0.504612
-5.74966 7.25754 -0.468362
-4.27065 7.11504 -0.349879
-4.84308 7.01643 -0.396078
-4.72305 6.85542 -0.386629
-4.94308 6.71568 -0.404472
-4.78302 6.93595 -0.391353
-5.00571 6.79439 -0.409411
-7.70737 6.63611 -0.625219
-5.27196 5.59571 -0.431727
-4.0771 5.6059 -0.335563
-6.12091 -7.23488 -0.498033
-5.70203 -7.65465 -0.463894
-5.74968 -7.25753 -0.468362
-3.54473 5.23032 -0.29261
-3.71157 5.12621 -0.306151
-3.98839 6.24491 -0.327994
-4.04472 6.32779 -0.332478
-4.38469 6.82377 -0.359426
-5.15695 5.81943 -0.422394
-4.96549 5.96609 -0.406933
-4.19266 5.4079 -0.344968
-4.43203 5.36044 -0.364282
-3.89248 6.52548 -0.319988
-5.29619 5.96602 -0.433477
-5.09982 6.1167 -0.417616
-5.26672 7.5775 -0.429225
-5.38378 7.26491 -0.439092
-4.9637 6.33856 -0.406505
-4.8989 6.26143 -0.401365
-5.16713 6.19188 -0.422961
-4.49884 6.98857 -0.368426
-4.6632 6.77481 -0.381908
-4.69365 6.40007 -0.384741
-4.60345 6.69411 -0.377189
-4.44171 6.9062 -0.363924
-4.57644 5.87457 -0.375699
-4.44586 6.08325 -0.365045
-4.38417 6.00386 -0.360126
-5.60012 5.57819 -0.458043
-5.22652 5.89277 -0.427934
-5.41576 5.73831 -0.443196
-4.32256 5.92441 -0.35521
-4.51225 5.79697 -0.370573
-4.67264 5.30374 -0.383667
-4.60383 5.22975 -0.378142
-3.46604 5.84827 -0.285949
-3.51903 5.93311 -0.290197
-3.32691 6.03097 -0.274522
-3.83582 5.63896 -0.31604
-3.70822 5.8296 -0.305605
-3.65246 5.74637 -0.301133
-3.27675 5.94461 -0.270502
3.50038 9.38484 0.283999
-4.54381 6.61335 -0.372473
-5.77698 6.09318 -0.471903
-4.64074 5.9521 -0.380828
-3.93217 6.16197 -0.323512
-4.30626 6.28961 -0.353629
-6.0694 6.76559 -0.494594
-4.2335 5.13208 -0.34832
-5.03261 6.04144 -0.412273
-3.71913 5.47568 -0.306663
-3.48569 5.49634 -0.287728
-3.60278 5.31216 -0.297292
-3.07695 5.59871 -0.25444
-4.01595 5.52611 -0.330657
-3.77743 5.55735 -0.311351
-4.81815 6.55803 -0.394602
-5.23455 6.26697 -0.428308
-5.0286 6.41561 -0.411647
-4.76963 6.10691 -0.391093
-4.70513 6.02954 -0.385959
-4.05395 6.77851 -0.332785
-5.20586 7.49759 -0.424482
-4.50766 6.16257 -0.369966
-4.63155 6.32097 -0.379814
-3.82002 5.9959 -0.314555
-3.76407 5.91278 -0.310079
-4.18808 6.12734 -0.344219
-4.10113 6.41062 -0.336964
-4.44814 5.7193 -0.365448
-4.63137 5.58814 -0.380261
-3.59678 5.66308 -0.296663
-3.5412 5.57973 -0.292194
-4.32022 5.56374 -0.355204
-4.2564 5.48585 -0.350085
-3.89431 5.72051 -0.320732
-5.88226 -7.40943 -0.478706
-3.36032 5.67844 -0.277458
-5.30208 6.34198 -0.433657
-5.34381 5.66705 -0.437461
-4.12914 6.0461 -0.339518
-3.88461 6.97767 -0.31887
-4.83421 6.18421 -0.396228
-4.07029 5.9648 -0.334819
-5.01811 5.67251 -0.411319
-4.10797 6.86273 -0.337055
-3.41314 5.76338 -0.281703
-3.9549 5.44626 -0.325752
-3.93588 7.06341 -0.322913
-3.46541 6.73651 -0.285164
-4.75585 6.47908 -0.38967
-4.56956 6.24181 -0.374889
-3.83343 6.89186 -0.314828
-4.49839 5.43641 -0.369607
-4.24712 6.20851 -0.348923
-4.26105 5.84489 -0.350295
3  0 1 2
3  3 4 5
3  6 7 8
3  3 9 4
3  10 11 12
3  13 14 15
3  16 17 18
3  19 20 21
3  22 23 24
3  25 26 27
3  28 29 30
3  31 11 32
3  33 34 35
3  36 37 38
3  39 40 41
3  9 42 38
3  43 44 45
3  46 39 47
3  48 49 50
3  51 52 53
3  32 54 55
3  54 56 57
3  58 28 59
3  60 5 61
3  62 63 64
3  7 65 66
3  67 68 69
3  70 71 57
3  72 16 18
3  34 63 3
3  40 73 74
3  40 39 73
3  75 76 77
3  7 9 78
3  79 55 57
3  10 80 81
3  82 13 83
3  84 64 85
3  86 87 88
3  89 12 90
3  91 65 92
3  93 7 94
3  95 10 35
3  10 96 33
3  86 97 98
3  63 62 99
3  35 34 3
3  4 100 5
3  101 102 103
3  104 13 70
3  105 106 107
3  108 105 109
3  110 111 112
3  113 114 115
3  64 116 117
3  118 119 120
3  28 31 32
3  121 122 123
3  70 13 71
3  11 10 81
3  62 64 124
3  7 16 94
3  44 125 126
3  116 127 117
3  42 128 129
3  41 40 78
3  37 41 38
3  37 39 41
3  75 118 120
3  119 118 106
3  130 131 132
3  133 134 135
3  3 63 99
3  95 35 136
3  83 13 137
3  75 138 108
3  139 140 141
3  15 14 49
3  142 111 143
3  144 145 146
3  76 13 77
3  13 15 77
3  147 148 149
3  148 150 151
3  150 86 151
3  152 79 25
3  119 106 153
3  150 97 86
3  154 155 156
3  32 11 121
3  28 89 90
3  89 96 12
3  11 31 12
3  96 10 12
3  152 157 32
3  28 32 29
3  158 159 160
3  80 10 95
3  161 5 162
3  10 33 35
3  34 33 154
3  155 154 163
3  33 96 155
3  96 89 155
3  164 161 162
3  9 100 4
3  165 166 167
3  0 73 1
3  66 65 91
3  9 7 66
3  9 62 42
3  78 9 38
3  40 16 78
3  16 7 78
3  138 111 108
3  62 124 168
3  116 64 169
3  127 106 19
3  50 170 171
3  172 173 174
3  175 161 176
3  164 162 177
3  178 64 179
3  105 39 36
3  77 15 49
3  107 118 109
3  112 111 180
3  111 110 108
3  181 49 48
3  182 181 183
3  184 185 186
3  184 187 188
3  104 189 190
3  191 192 193
3  173 194 195
3  56 32 121
3  13 25 196
3  13 82 25
3  97 150 148
3  13 120 137
3  148 151 197
3  151 86 198
3  199 86 59
3  88 87 200
3  157 152 151
3  152 25 151
3  196 79 71
3  54 32 56
3  79 152 55
3  152 32 55
3  32 157 29
3  29 157 30
3  154 64 201
3  63 34 154
3  87 155 202
3  155 89 203
3  204 162 205
3  206 100 207
3  184 208 185
3  17 40 209
3  210 40 211
3  16 40 17
3  212 213 214
3  215 35 3
3  100 9 91
3  9 66 91
3  105 36 216
3  217 42 218
3  111 142 180
3  111 219 220
3  49 14 50
3  221 222 223
3  194 80 224
3  35 215 136
3  225 106 226
3  227 64 117
3  39 37 36
3  41 78 38
3  110 39 108
3  39 105 108
3  111 138 77
3  138 75 77
3  228 229 230
3  231 39 232
3  14 13 50
3  183 233 234
3  235 236 237
3  238 239 240
3  112 241 242
3  112 242 243
3  244 111 245
3  111 77 245
3  47 246 247
3  248 1 249
3  121 11 122
3  121 189 250
3  11 81 122
3  56 251 57
3  81 80 194
3  194 173 252
3  224 80 253
3  81 194 252
3  25 83 149
3  25 82 83
3  13 76 120
3  76 75 120
3  153 106 225
3  64 227 254
3  255 97 169
3  256 127 257
3  64 154 156
3  98 84 258
3  203 89 58
3  203 88 200
3  157 86 30
3  30 86 259
3  12 31 90
3  31 28 90
3  154 33 163
3  33 155 163
3  64 63 201
3  63 154 201
3  260 261 262
3  263 264 265
3  72 266 267
3  204 205 268
3  93 94 269
3  266 93 269
3  211 40 74
3  270 271 272
3  62 9 99
3  9 3 99
3  273 5 274
3  275 5 276
3  5 161 277
3  278 279 280
3  92 65 281
3  65 7 282
3  51 216 283
3  38 42 284
3  42 62 128
3  128 62 285
3  38 286 216
3  168 51 53
3  287 64 288
3  36 38 216
3  172 174 289
3  290 291 292
3  293 294 295
3  296 297 260
3  190 297 50
3  13 104 190
3  298 80 136
3  80 95 136
3  106 118 107
3  105 107 109
3  105 216 19
3  106 105 299
3  77 49 182
3  49 181 182
3  300 301 302
3  303 304 305
3  306 39 307
3  308 309 310
3  311 312 313
3  13 190 50
3  314 315 316
3  184 317 318
3  220 301 143
3  319 320 321
3  182 322 323
3  50 297 324
3  219 111 325
3  326 327 328
3  328 111 329
3  245 182 323
3  25 79 196
3  13 196 71
3  251 56 330
3  56 121 330
3  122 81 123
3  136 215 161
3  290 189 331
3  189 121 123
3  120 119 137
3  119 83 137
3  197 151 332
3  197 332 333
3  334 127 335
3  256 64 336
3  98 97 84
3  84 97 337
3  87 202 200
3  86 98 87
3  98 85 338
3  85 156 338
3  86 199 259
3  89 28 58
3  339 263 265
3  340 264 341
3  215 3 161
3  298 136 161
3  92 281 340
3  210 263 209
3  342 343 344
3  345 346 347
3  210 211 263
3  40 210 209
3  72 348 266
3  348 339 266
3  349 350 351
3  339 348 263
3  211 352 263
3  1 248 2
3  73 352 74
3  352 211 74
3  264 340 265
3  340 281 265
3  168 124 353
3  42 354 355
3  216 356 357
3  52 51 358
3  359 64 360
3  287 19 361
3  362 315 135
3  189 123 363
3  297 190 191
3  176 364 365
3  190 189 191
3  366 367 368
3  369 370 331
3  371 372 373
3  106 127 226
3  127 256 336
3  118 75 109
3  75 108 109
3  374 375 376
3  245 77 182
3  112 180 241
3  180 142 300
3  219 301 220
3  111 220 143
3  377 378 379
3  380 290 292
3  381 382 383
3  384 385 386
3  387 388 389
3  390 391 392
3  71 79 57
3  55 54 57
3  189 393 250
3  251 330 393
3  206 207 394
3  395 396 397
3  86 157 198
3  157 151 198
3  26 151 27
3  151 25 27
3  83 119 149
3  119 153 149
3  332 26 333
3  26 25 149
3  225 147 149
3  148 197 149
3  336 64 254
3  127 227 117
3  335 127 398
3  127 334 399
3  400 64 401
3  400 97 402
3  155 203 202
3  202 203 200
3  88 203 58
3  86 58 59
3  64 156 85
3  156 155 338
3  87 338 403
3  87 98 338
3  199 28 259
3  28 30 259
3  28 199 59
3  86 88 58
3  100 91 207
3  207 91 404
3  405 161 406
3  224 298 407
3  408 39 46
3  73 39 1
3  409 410 411
3  350 410 412
3  413 320 319
3  301 219 305
3  414 229 319
3  415 188 416
3  271 270 417
3  418 340 417
3  94 16 269
3  16 266 269
3  266 16 267
3  16 72 267
3  263 348 18
3  348 72 18
3  263 18 209
3  18 17 209
3  419 420 421
3  422 423 424
3  422 144 421
3  425 426 427
3  428 5 429
3  430 5 273
3  65 282 281
3  92 340 431
3  339 432 433
3  432 7 433
3  38 284 286
3  434 19 435
3  42 217 354
3  178 19 436
3  437 51 283
3  438 62 439
3  438 51 440
3  437 42 129
3  434 64 441
3  299 105 19
3  216 217 218
3  286 284 216
3  106 299 19
3  127 442 443
3  444 64 445
3  359 127 446
3  173 195 447
3  407 448 449
3  274 450 451
3  452 453 454
3  455 456 457
3  191 189 290
3  127 97 226
3  97 225 226
3  225 97 458
3  97 148 147
3  48 159 233
3  182 130 459
3  234 233 23
3  322 182 459
3  242 241 243
3  180 300 241
3  301 300 143
3  300 142 143
3  182 183 460
3  461 462 463
3  191 464 455
3  465 466 344
3  290 331 315
3  467 366 468
3  469 111 470
3  245 471 472
3  469 473 236
3  474 475 476
3  308 166 165
3  409 411 167
3  246 306 307
3  477 39 478
3  309 39 310
3  300 302 479
3  480 481 482
3  483 484 376
3  245 323 485
3  322 480 482
3  70 57 393
3  57 251 393
3  80 298 253
3  298 224 253
3  123 173 363
3  173 172 363
3  173 123 252
3  123 81 252
3  151 26 332
3  153 225 149
3  334 64 399
3  127 399 257
3  127 486 398
3  64 334 335
3  487 64 488
3  487 97 489
3  490 97 491
3  490 64 492
3  84 85 258
3  85 98 258
3  338 155 403
3  155 87 403
3  422 493 144
3  494 91 495
3  364 496 365
3  497 498 499
3  500 501 502
3  270 185 503
3  504 505 506
3  507 508 509
3  1 39 249
3  187 272 493
3  248 408 247
3  39 306 47
3  248 247 415
3  185 270 187
3  221 510 222
3  144 146 421
3  371 511 372
3  512 513 514
3  345 347 515
3  516 377 379
3  219 325 305
3  517 518 519
3  520 521 522
3  318 523 524
3  525 526 527
3  528 318 524
3  529 530 531
3  270 272 187
3  7 532 533
3  532 265 533
3  352 73 419
3  0 422 424
3  534 535 536
3  537 61 538
3  298 161 407
3  539 540 541
3  161 3 277
3  3 5 277
3  432 265 542
3  282 7 533
3  93 266 6
3  266 339 6
3  284 42 355
3  354 217 216
3  356 42 357
3  216 543 544
3  51 545 546
3  51 547 548
3  52 62 53
3  62 168 53
3  128 51 129
3  51 437 129
3  51 439 358
3  51 438 439
3  51 549 550
3  51 551 552
3  216 51 19
3  51 553 554
3  19 555 556
3  557 64 558
3  64 559 560
3  19 559 561
3  127 19 442
3  64 442 562
3  445 64 563
3  64 444 564
3  565 566 567
3  173 525 568
3  569 570 367
3  571 572 573
3  569 574 575
3  576 577 578
3  579 580 581
3  221 520 582
3  112 243 583
3  320 222 584
3  189 363 331
3  363 172 331
3  191 290 585
3  586 585 587
3  97 147 588
3  147 225 588
3  183 181 233
3  181 48 233
3  50 589 590
3  591 592 593
3  304 303 594
3  308 231 583
3  591 595 596
3  597 598 599
3  512 600 601
3  602 603 604
3  605 606 607
3  608 609 610
3  611 612 613
3  191 614 615
3  616 617 586
3  191 585 586
3  192 612 193
3  618 619 620
3  457 621 622
3  464 456 455
3  623 624 625
3  380 626 627
3  628 291 629
3  290 315 314
3  305 304 630
3  470 111 631
3  327 111 328
3  594 235 237
3  111 303 632
3  243 479 633
3  303 111 594
3  473 634 236
3  635 246 307
3  349 246 635
3  39 309 478
3  477 478 635
3  39 110 232
3  110 112 232
3  39 231 310
3  231 308 310
3  636 637 638
3  471 485 375
3  245 472 140
3  140 472 141
3  639 640 641
3  595 591 593
3  472 471 484
3  471 245 485
3  189 104 393
3  70 393 642
3  26 149 333
3  149 197 333
3  227 127 254
3  127 336 254
3  399 64 257
3  64 256 257
3  486 64 398
3  64 335 398
3  97 255 489
3  64 255 169
3  64 643 488
3  97 643 402
3  64 644 492
3  97 644 337
3  97 645 491
3  64 645 401
3  317 415 646
3  418 417 647
3  146 419 421
3  422 0 2
3  648 579 649
3  162 5 205
3  650 5 60
3  205 5 651
3  429 652 653
3  204 268 654
3  655 503 656
3  657 658 647
3  659 660 661
3  195 194 662
3  39 408 249
3  408 248 249
3  306 246 47
3  408 46 247
3  352 419 146
3  248 415 416
3  263 352 146
3  272 271 145
3  411 349 167
3  351 350 646
3  663 664 665
3  326 328 636
3  666 667 668
3  669 670 671
3  291 316 629
3  672 366 467
3  592 591 673
3  663 674 675
3  676 293 295
3  677 678 679
3  230 680 681
3  414 682 683
3  584 409 684
3  241 300 243
3  184 318 531
3  530 503 531
3  510 410 222
3  523 350 412
3  265 532 542
3  432 339 265
3  423 73 424
3  73 0 424
3  224 407 685
3  540 539 686
3  407 161 687
3  407 687 688
3  532 7 542
3  432 542 689
3  433 7 690
3  6 339 433
3  8 7 691
3  93 6 8
3  543 42 544
3  42 437 283
3  547 62 548
3  51 692 440
3  545 62 546
3  62 545 285
3  354 216 355
3  216 284 355
3  216 693 694
3  693 42 694
3  42 543 357
3  543 216 357
3  439 62 358
3  62 52 358
3  553 124 554
3  551 124 552
3  549 124 550
3  51 695 696
3  64 555 558
3  64 557 179
3  555 64 556
3  19 556 435
3  559 64 561
3  19 561 361
3  559 19 560
3  64 560 441
3  442 19 562
3  64 562 288
3  442 64 443
3  127 443 446
3  444 127 564
3  64 564 360
3  64 486 563
3  127 444 445
3  697 698 699
3  173 700 701
3  194 224 702
3  703 704 705
3  577 706 707
3  708 709 710
3  222 410 584
3  528 711 712
3  569 366 713
3  714 715 716
3  682 414 321
3  366 672 713
3  230 229 414
3  229 672 319
3  717 195 718
3  331 172 719
3  97 588 458
3  588 225 458
3  720 233 721
3  391 722 392
3  723 596 513
3  170 50 324
3  724 725 726
3  727 728 601
3  721 159 158
3  729 730 731
3  732 733 726
3  734 735 729
3  736 737 738
3  297 261 260
3  296 260 736
3  614 384 739
3  740 666 741
3  732 611 742
3  346 388 347
3  347 388 741
3  612 192 743
3  733 742 613
3  191 744 745
3  744 746 745
3  747 621 748
3  621 456 748
3  749 750 751
3  626 378 627
3  585 290 627
3  290 380 627
3  315 362 316
3  291 628 292
3  135 134 752
3  331 370 133
3  316 362 753
3  134 579 581
3  754 755 756
3  325 632 305
3  519 518 757
3  304 594 237
3  758 759 760
3  473 469 470
3  111 244 329
3  236 634 237
3  111 632 325
3  632 303 305
3  235 111 236
3  111 469 236
3  635 478 165
3  166 409 167
3  39 477 307
3  477 635 307
3  475 761 630
3  762 763 764
3  329 244 637
3  636 638 765
3  139 244 140
3  244 245 140
3  113 390 766
3  375 485 767
3  768 669 769
3  481 770 771
3  393 330 250
3  330 121 250
3  393 104 642
3  104 70 642
3  97 127 169
3  127 116 169
3  255 64 489
3  64 487 489
3  643 64 402
3  64 400 402
3  643 97 488
3  97 487 488
3  644 64 337
3  64 84 337
3  644 97 492
3  97 490 492
3  645 97 401
3  97 400 401
3  645 64 491
3  64 490 491
3  772 773 774
3  206 394 775
3  175 176 776
3  429 5 652
3  205 651 268
3  777 778 709
3  779 780 781
3  161 508 507
3  176 161 364
3  782 430 783
3  268 651 782
3  784 785 786
3  247 351 646
3  46 47 247
3  185 187 186
3  187 184 186
3  422 2 493
3  415 247 646
3  264 145 341
3  145 271 341
3  145 264 787
3  145 787 146
3  410 350 411
3  350 349 411
3  788 789 790
3  513 596 514
3  465 791 792
3  379 793 794
3  369 576 578
3  648 795 796
3  67 768 769
3  347 666 515
3  293 797 798
3  294 799 295
3  800 801 802
3  803 763 804
3  326 636 758
3  763 803 805
3  228 230 788
3  343 791 344
3  474 755 475
3  806 372 807
3  808 809 810
3  754 677 679
3  474 811 812
3  764 813 814
3  583 243 810
3  809 308 583
3  221 528 524
3  318 317 523
3  808 680 683
3  414 319 321
3  265 281 533
3  281 282 533
3  658 815 816
3  817 91 818
3  73 420 419
3  493 272 144
3  420 73 819
3  73 423 819
3  161 820 687
3  687 820 688
3  542 7 689
3  7 432 689
3  7 6 690
3  6 433 690
3  7 93 691
3  93 8 691
3  42 283 544
3  283 216 544
3  692 62 440
3  62 438 440
3  62 692 548
3  692 51 548
3  545 51 285
3  51 128 285
3  62 547 546
3  547 51 546
3  216 218 821
3  218 42 821
3  42 356 694
3  356 216 694
3  822 19 823
3  822 124 824
3  51 825 826
3  825 124 826
3  695 124 696
3  51 827 828
3  51 829 830
3  829 124 830
3  557 19 179
3  19 178 179
3  555 19 558
3  19 557 558
3  556 64 435
3  64 434 435
3  561 64 361
3  64 287 361
3  560 19 441
3  19 434 441
3  562 19 288
3  19 287 288
3  443 64 446
3  64 359 446
3  564 127 360
3  127 359 360
3  486 127 563
3  127 445 563
3  369 331 576
3  331 577 576
3  831 505 504
3  832 833 834
3  224 685 835
3  836 224 837
3  214 213 838
3  839 840 841
3  842 839 843
3  194 844 845
3  672 467 468
3  846 847 848
3  849 499 850
3  851 832 834
3  852 853 854
3  855 856 857
3  858 859 223
3  222 413 223
3  228 574 713
3  574 569 713
3  320 413 222
3  413 858 223
3  860 861 862
3  183 234 460
3  50 863 864
3  865 860 866
3  867 868 869
3  311 870 871
3  872 324 873
3  297 296 874
3  875 876 877
3  619 878 620
3  663 879 664
3  345 515 880
3  50 881 882
3  883 884 885
3  886 887 888
3  50 889 890
3  191 385 384
3  732 891 386
3  261 297 615
3  297 191 615
3  385 193 611
3  385 191 193
3  733 724 726
3  239 892 240
3  733 387 389
3  893 894 895
3  388 346 389
3  743 896 625
3  743 745 896
3  745 746 896
3  622 623 897
3  744 191 455
3  743 192 745
3  192 191 745
3  456 621 457
3  456 464 617
3  516 616 377
3  585 627 587
3  793 626 898
3  626 380 899
3  628 899 292
3  899 380 292
3  291 314 316
3  291 290 314
3  315 331 135
3  331 133 135
3  752 134 581
3  900 901 902
3  759 804 903
3  630 761 904
3  111 235 594
3  905 633 906
3  760 903 907
3  473 470 908
3  111 327 631
3  327 326 631
3  244 139 637
3  636 328 329
3  478 309 165
3  309 308 165
3  349 635 167
3  635 165 167
3  472 484 141
3  139 141 909
3  484 374 376
3  471 375 374
3  800 768 801
3  592 673 671
3  910 480 132
3  480 322 459
3  481 480 910
3  182 460 911
3  912 865 871
3  113 115 390
3  593 913 722
3  722 913 392
3  909 914 915
3  640 639 916
3  5 430 651
3  917 782 918
3  5 450 274
3  919 777 920
3  5 428 61
3  273 274 783
3  509 508 278
3  161 507 406
3  921 922 923
3  161 175 924
3  925 161 715
3  161 164 715
3  161 925 364
3  773 926 927
3  570 579 648
3  928 495 929
3  817 418 647
3  270 655 657
3  268 782 917
3  162 204 177
3  5 930 276
3  5 275 931
3  930 5 932
3  930 932 933
3  934 935 936
3  937 938 686
3  188 187 416
3  187 493 416
3  272 145 144
3  423 422 421
3  740 667 666
3  668 667 939
3  940 381 383
3  667 941 942
3  793 943 794
3  378 793 379
3  792 750 944
3  791 343 806
3  453 452 945
3  628 629 946
3  381 664 947
3  668 879 948
3  664 949 950
3  674 951 675
3  345 727 952
3  953 954 600
3  951 674 955
3  342 956 957
3  955 676 295
3  801 951 802
3  517 909 915
3  517 519 638
3  475 958 476
3  755 474 756
3  372 806 373
3  812 811 959
3  960 752 581
3  452 454 961
3  574 788 790
3  454 453 962
3  680 414 683
3  680 230 414
3  409 166 684
3  166 308 809
3  678 681 905
3  475 755 761
3  230 681 963
3  681 678 677
3  633 479 906
3  243 300 479
3  410 510 412
3  510 523 412
3  523 510 524
3  510 221 524
3  410 409 584
3  682 584 684
3  166 809 684
3  682 684 964
3  808 683 964
3  683 682 964
3  91 431 818
3  91 92 431
3  42 693 821
3  693 216 821
3  965 124 966
3  19 965 966
3  19 967 968
3  19 51 967
3  51 969 970
3  969 124 970
3  51 971 972
3  971 124 972
3  827 124 828
3  51 353 973
3  51 974 975
3  974 124 975
3  51 976 977
3  976 124 977
3  51 978 979
3  978 124 979
3  980 526 397
3  525 527 568
3  331 719 577
3  719 172 577
3  857 981 982
3  831 173 505
3  566 983 984
3  845 844 985
3  986 987 126
3  988 989 990
3  840 991 992
3  937 993 994
3  717 718 857
3  995 996 997
3  998 999 1000
3  842 194 845
3  1001 1002 1003
3  509 921 1004
3  1005 1006 1007
3  1008 660 1009
3  173 831 1010
3  831 1011 1010
3  468 368 1012
3  447 195 717
3  1013 1014 1015
3  195 662 855
3  521 858 1016
3  174 568 1017
3  672 229 713
3  229 228 713
3  1018 1019 1020
3  1021 911 1020
3  234 23 1022
3  392 1019 1018
3  233 159 721
3  720 721 158
3  730 1023 731
3  50 864 1024
3  887 1025 888
3  1026 1027 1028
3  1029 870 1030
3  1031 1032 1033
3  1034 1035 1036
3  296 736 738
3  768 1037 801
3  768 67 1037
3  114 1038 1039
3  591 723 673
3  1040 605 893
3  881 50 590
3  1041 1042 1023
3  863 882 1043
3  883 605 607
3  863 50 882
3  1044 608 1034
3  889 608 890
3  324 872 1045
3  618 875 1046
3  1047 609 885
3  881 1047 884
3  891 238 240
3  615 614 1048
3  1048 614 739
3  614 191 384
3  193 612 611
3  742 611 613
3  612 743 613
3  733 732 742
3  1046 875 1027
3  724 733 389
3  746 744 1049
3  744 455 1049
3  388 387 624
3  896 746 625
3  740 623 622
3  1050 1051 1052
3  616 586 587
3  748 617 1053
3  617 464 586
3  464 191 586
3  627 378 377
3  378 626 793
3  960 362 752
3  362 135 752
3  629 316 1054
3  362 960 753
3  470 631 908
3  631 326 908
3  914 1055 1056
3  636 329 637
3  485 323 767
3  767 1057 1058
3  375 767 640
3  484 471 374
3  640 767 1058
3  483 376 916
3  1058 770 641
3  951 1059 802
3  673 669 671
3  22 1060 1061
3  720 158 1062
3  1063 1064 766
3  591 596 723
3  768 800 669
3  951 801 675
3  951 955 1059
3  483 1055 914
3  519 1065 765
3  1066 212 1067
3  405 406 1068
3  785 1069 786
3  1070 1004 923
3  508 161 279
3  161 924 279
3  651 430 782
3  715 164 177
3  430 273 783
3  429 653 538
3  495 1071 929
3  712 529 531
3  207 404 1072
3  1073 928 1074
3  431 340 418
3  270 657 417
3  494 495 928
3  318 528 712
3  653 652 1075
3  5 931 652
3  926 918 451
3  571 276 572
3  1076 100 775
3  100 206 775
3  5 100 932
3  100 1076 932
3  1077 936 1078
3  1079 1080 1081
3  1082 1083 1084
3  1080 1079 1085
3  247 246 351
3  246 349 351
3  350 523 646
3  523 317 646
3  415 317 188
3  317 184 188
3  787 264 146
3  264 263 146
3  666 347 741
3  666 668 515
3  624 387 1086
3  623 740 741
3  457 622 897
3  1087 940 373
3  943 793 898
3  371 1050 794
3  516 1050 1052
3  383 382 1088
3  664 939 947
3  950 949 1089
3  370 369 1090
3  580 1091 1092
3  879 663 948
3  68 728 880
3  948 69 880
3  948 663 69
3  725 724 1093
3  1094 1095 952
3  791 465 344
3  466 763 805
3  797 1089 798
3  343 342 957
3  799 914 1056
3  669 800 670
3  955 674 676
3  293 676 797
3  293 957 294
3  957 956 294
3  956 518 1096
3  518 517 1096
3  803 759 1065
3  759 758 1065
3  754 756 1097
3  681 677 963
3  237 634 907
3  304 237 958
3  452 1098 900
3  791 806 807
3  453 1091 962
3  1097 962 1099
3  858 319 1100
3  858 413 319
3  231 232 583
3  232 112 583
3  681 680 905
3  680 808 905
3  678 906 1101
3  754 1097 1099
3  684 809 964
3  809 808 964
3  657 655 658
3  535 1074 1102
3  124 64 1103
3  19 1103 1104
3  20 124 21
3  19 1105 1106
3  51 1107 1108
3  1107 124 1108
3  967 124 968
3  19 1109 1110
3  51 1111 1112
3  1111 124 1112
3  51 1113 1114
3  1113 124 1114
3  51 1115 1116
3  1115 124 1116
3  51 1117 1118
3  1117 124 1118
3  353 124 973
3  51 168 353
3  124 695 828
3  695 51 828
3  124 974 696
3  974 51 696
3  51 975 1119
3  975 124 1119
3  124 976 550
3  976 51 550
3  124 829 977
3  829 51 977
3  124 978 1120
3  978 51 1120
3  124 553 979
3  553 51 979
3  525 701 526
3  525 173 701
3  859 521 1121
3  577 172 289
3  1122 1123 1124
3  526 395 397
3  717 857 982
3  505 173 447
3  702 224 43
3  224 1125 1126
3  1127 540 686
3  1128 1129 1130
3  1131 394 534
3  983 1132 984
3  1133 1134 1135
3  1136 1079 1081
3  997 1007 1137
3  1006 1138 1139
3  856 1140 1141
3  1142 1143 1144
3  1011 504 1145
3  662 1014 1146
3  998 1147 999
3  1147 998 1148
3  844 194 1149
3  194 702 1149
3  938 1127 686
3  846 1150 1151
3  507 509 1004
3  924 175 1152
3  1142 396 851
3  1010 1011 1153
3  1154 1155 1156
3  134 1157 1158
3  700 832 851
3  700 173 832
3  842 845 1159
3  1160 1013 1161
3  194 1014 662
3  1013 1160 1162
3  1157 134 1163
3  859 858 521
3  859 520 223
3  520 221 223
3  468 1012 1016
3  468 366 368
3  318 712 531
3  528 221 711
3  580 579 575
3  1091 580 790
3  275 276 571
3  366 569 367
3  115 391 390
3  130 1021 131
3  861 22 24
3  23 22 1022
3  1164 1165 1166
3  1165 1167 1166
3  1024 864 1168
3  865 866 1169
3  311 1167 312
3  606 1041 1023
3  113 1170 1038
3  1171 1026 1172
3  732 1173 238
3  1174 1175 1176
3  1094 1093 1095
3  618 1046 603
3  801 1037 675
3  1037 663 675
3  67 769 1177
3  769 723 1177
3  115 1178 1179
3  114 1178 115
3  882 884 1043
3  884 1047 885
3  606 605 1041
3  605 1040 1041
3  1040 893 895
3  889 50 1035
3  605 883 893
3  589 608 610
3  738 737 1032
3  615 1180 1175
3  1180 1048 1181
3  725 1093 878
3  296 738 1182
3  1183 1184 1185
3  1186 384 386
3  891 1186 386
3  385 611 386
3  611 732 386
3  746 457 897
3  387 733 613
3  746 1049 457
3  1049 455 457
3  627 377 587
3  377 616 587
3  1098 944 901
3  629 1054 946
3  141 484 909
3  484 483 909
3  767 323 1057
3  323 322 1057
3  376 640 916
3  376 375 640
3  1059 1055 1187
3  1055 483 916
3  770 481 1188
3  481 910 1188
3  639 1189 1187
3  770 670 641
3  391 115 1179
3  860 865 1190
3  913 593 1191
3  595 593 722
3  1064 1063 1190
3  1064 865 912
3  1170 912 887
3  1064 912 1170
3  669 673 769
3  670 770 671
3  914 799 915
3  909 483 914
3  405 1192 1078
3  405 1068 1067
3  508 279 278
3  1193 1194 1195
3  404 91 1073
3  91 494 1073
3  495 91 1071
3  91 815 1071
3  1072 1196 1074
3  394 207 1072
3  1197 1198 1199
3  185 208 503
3  1200 1201 1202
3  1203 1204 1205
3  1152 776 1206
3  1207 1208 1209
3  1210 1211 1212
3  1213 572 933
3  1214 935 1085
3  214 1215 1216
3  448 407 688
3  540 449 1217
3  493 2 416
3  2 248 416
3  420 819 421
3  819 423 421
3  623 741 624
3  741 388 624
3  879 939 664
3  879 668 939
3  382 942 747
3  667 740 941
3  1050 379 794
3  1050 516 379
3  626 899 898
3  899 628 898
3  1088 747 748
3  940 383 1051
3  381 949 664
3  950 1089 797
3  515 948 880
3  515 668 948
3  69 68 880
3  68 67 728
3  1093 724 1095
3  596 1218 514
3  1219 954 876
3  1093 1094 1219
3  312 462 313
3  597 1220 1221
3  762 1222 804
3  638 519 765
3  811 762 764
3  1222 762 1223
3  344 805 1224
3  466 805 344
3  670 800 1189
3  800 802 1189
3  1055 1059 1056
3  1059 955 1056
3  676 674 950
3  664 950 665
3  799 1056 295
3  1056 955 295
3  326 758 760
3  517 638 1225
3  799 294 1096
3  294 956 1096
3  760 759 903
3  473 760 907
3  962 789 1099
3  756 474 812
3  958 475 630
3  304 958 630
3  763 762 804
3  474 476 1223
3  678 905 906
3  809 583 810
3  465 792 813
3  792 807 1226
3  949 381 1089
3  381 940 1089
3  806 343 1087
3  806 1087 373
3  962 1091 790
3  574 228 788
3  811 764 814
3  454 1097 1227
3  1091 453 1092
3  789 962 790
3  320 584 321
3  584 682 321
3  479 302 906
3  905 808 633
3  789 788 1099
3  788 230 963
3  431 418 818
3  418 817 818
3  340 341 417
3  341 271 417
3  1071 815 929
3  417 657 647
3  1103 64 1104
3  19 1228 436
3  19 1229 1230
3  1229 124 1230
3  1105 124 1106
3  124 1105 824
3  19 1231 1232
3  1231 124 1232
3  51 1233 1234
3  1233 124 1234
3  51 1235 1236
3  1235 124 1236
3  1109 124 1110
3  19 1237 823
3  19 1238 1239
3  1238 124 1239
3  51 1240 1241
3  1240 124 1241
3  51 1242 1243
3  1242 124 1243
3  51 1244 1245
3  1244 124 1245
3  51 1246 1247
3  1246 124 1247
3  51 1248 1249
3  1248 124 1249
3  51 1250 1251
3  1250 124 1251
3  51 1252 1253
3  1252 124 1253
3  51 1254 1255
3  1254 124 1255
3  124 827 973
3  827 51 973
3  124 549 1119
3  549 51 1119
3  124 1120 830
3  1120 51 830
3  1256 1257 661
3  1257 659 661
3  986 1258 1009
3  224 125 44
3  661 660 1129
3  835 938 1259
3  1259 938 937
3  1260 1261 1262
3  836 1263 1264
3  1134 1265 1135
3  1266 1084 1267
3  1268 1269 1270
3  1271 1080 1215
3  1272 1273 1274
3  1275 697 1003
3  1276 397 1210
3  1083 1277 1278
3  1279 1280 1000
3  1281 1282 1283
3  999 1147 1284
3  996 853 852
3  1207 1281 1285
3  499 498 1286
3  996 995 1287
3  1288 1289 1290
3  1201 1289 1202
3  1291 1011 1145
3  1292 1287 1283
3  992 991 1293
3  1294 1293 1295
3  1280 1279 1296
3  45 1297 1298
3  1150 705 1261
3  1136 1260 1299
3  1300 778 838
3  1301 1302 1070
3  934 214 1216
3  213 1300 838
3  922 778 1300
3  1302 1301 1066
3  1303 1010 1153
3  1011 831 504
3  1145 1288 1304
3  1288 1290 1304
3  173 1010 1305
3  1010 1303 1305
3  1014 1013 1162
3  1306 854 1161
3  1014 194 1015
3  194 842 1015
3  1161 1307 841
3  1306 1161 841
3  367 570 648
3  1090 369 578
3  133 370 1163
3  134 133 1163
3  521 520 1121
3  520 859 1121
3  319 672 1100
3  858 1100 1016
3  711 582 712
3  711 221 582
3  394 1072 534
3  1074 928 1102
3  579 570 575
3  570 569 575
3  943 1308 751
3  960 945 753
3  960 581 1092
3  581 580 1092
3  23 233 1309
3  233 720 1309
3  1021 1019 1310
3  1311 131 1310
3  22 861 1060
3  1063 1060 1190
3  159 48 1312
3  48 50 1312
3  735 1024 1168
3  606 1313 1314
3  1315 1312 734
3  1165 1316 312
3  1171 1029 1030
3  1167 1165 312
3  887 912 1025
3  912 871 1025
3  462 1316 1042
3  461 1317 1318
3  1038 886 1039
3  1039 1319 877
3  725 1173 726
3  1173 732 726
3  1320 1181 1321
3  891 732 238
3  1094 600 1219
3  878 1093 1219
3  724 389 1095
3  389 346 1095
3  673 723 769
3  595 1179 1218
3  512 728 513
3  723 513 1177
3  881 590 1047
3  609 1047 610
3  607 606 1314
3  884 883 1043
3  1042 1316 1023
3  1317 461 463
3  599 1036 1322
3  1035 50 171
3  608 889 1034
3  1323 1324 1325
3  608 589 890
3  589 50 890
3  1047 590 610
3  590 589 610
3  1326 1327 1328
3  1329 1330 1331
3  1175 1180 1320
3  1181 240 1321
3  1332 1033 1333
3  1334 1335 1336
3  892 239 602
3  1183 1337 1338
3  1330 1332 1331
3  1031 738 1032
3  1339 1334 1340
3  1323 599 1322
3  1324 872 1341
3  738 1031 1182
3  743 625 1086
3  625 624 1086
3  621 941 622
3  941 740 622
3  628 946 1308
3  901 750 902
3  749 946 902
3  1054 316 753
3  481 1057 482
3  1057 322 482
3  770 1058 771
3  640 1058 641
3  1189 802 1187
3  802 1059 1187
3  770 1188 671
3  1188 592 671
3  1218 1178 1342
3  1343 514 1342
3  910 1311 1344
3  131 1311 132
3  1019 392 1310
3  390 1063 766
3  1027 875 1028
3  887 886 1038
3  311 871 1169
3  871 865 1169
3  1068 1302 1067
3  406 1302 1068
3  448 688 1345
3  1192 1077 1078
3  404 1073 1196
3  1073 494 928
3  928 656 1102
3  655 270 503
3  650 537 1346
3  1347 1348 1349
3  1001 1350 1351
3  1352 1269 1353
3  1354 278 280
3  175 776 1152
3  1077 934 936
3  935 1214 1355
3  1080 1356 1216
3  1082 1084 1357
3  688 820 1358
3  1358 1359 1360
3  685 407 835
3  1361 448 1345
3  835 1259 1362
3  224 835 1362
3  939 942 947
3  939 667 942
3  942 382 947
3  382 381 947
3  1088 382 747
3  516 1052 1053
3  943 511 794
3  511 371 794
3  1051 383 1052
3  1050 371 1051
3  663 1037 69
3  1037 67 69
3  728 727 880
3  727 345 880
3  1095 346 952
3  346 345 952
3  600 1094 601
3  728 512 601
3  600 954 1219
3  954 953 876
3  876 953 877
3  875 618 876
3  805 757 1224
3  757 518 1224
3  763 466 764
3  813 1098 814
3  342 344 1224
3  805 803 757
3  950 674 665
3  674 663 665
3  799 1096 915
3  1096 517 915
3  638 637 1225
3  637 139 1225
3  519 757 1065
3  757 803 1065
3  473 908 760
3  908 326 760
3  301 305 904
3  305 630 904
3  1222 476 1363
3  476 1222 1223
3  804 1222 903
3  759 803 804
3  762 811 1223
3  811 474 1223
3  761 755 679
3  755 754 679
3  750 792 1226
3  792 791 807
3  1097 756 1227
3  813 792 944
3  676 950 797
3  1089 940 1087
3  1089 1087 798
3  1087 343 798
3  1308 946 749
3  900 1098 901
3  788 963 1099
3  1097 454 962
3  580 575 790
3  575 574 790
3  243 633 810
3  633 808 810
3  906 302 1101
3  904 761 1101
3  963 677 1099
3  677 754 1099
3  817 647 1364
3  647 658 816
3  1228 64 436
3  64 178 436
3  64 1228 1104
3  1228 19 1104
3  124 1229 966
3  1229 19 966
3  124 1103 1230
3  1103 19 1230
3  1105 19 824
3  19 822 824
3  124 20 1106
3  20 19 1106
3  124 1231 21
3  1231 19 21
3  124 965 1232
3  965 19 1232
3  124 1233 552
3  1233 51 552
3  124 1107 1234
3  1107 51 1234
3  124 1235 1108
3  1235 51 1108
3  124 967 1236
3  967 51 1236
3  1237 124 823
3  124 822 823
3  124 1237 1110
3  1237 19 1110
3  124 1238 968
3  1238 19 968
3  124 1109 1239
3  1109 19 1239
3  124 1240 554
3  1240 51 554
3  124 1111 1241
3  1111 51 1241
3  124 1242 1112
3  1242 51 1112
3  124 969 1243
3  969 51 1243
3  124 1244 970
3  1244 51 970
3  124 1113 1245
3  1113 51 1245
3  124 1246 1114
3  1246 51 1114
3  124 825 1247
3  825 51 1247
3  124 1248 826
3  1248 51 826
3  124 1115 1249
3  1115 51 1249
3  124 1250 1116
3  1250 51 1116
3  124 971 1251
3  971 51 1251
3  124 1252 972
3  1252 51 972
3  124 1117 1253
3  1117 51 1253
3  124 1254 1118
3  1254 51 1118
3  124 551 1255
3  551 51 1255
3  1365 1366 1367
3  1090 578 1368
3  526 701 395
3  701 700 395
3  718 195 855
3  718 855 857
3  45 987 1297
3  1009 660 1369
3  986 126 1370
3  1371 1372 990
3  45 44 126
3  224 44 43
3  1258 1008 1009
3  125 224 1126
3  1373 1374 1375
3  1376 1374 1377
3  937 994 1378
3  705 1150 1379
3  704 1377 1378
3  704 703 1371
3  1125 224 1265
3  1263 1376 1264
3  1256 1128 1380
3  1372 703 1130
3  703 705 1379
3  1381 1382 1383
3  1384 1385 1386
3  1387 1388 102
3  578 577 707
3  1389 1390 1391
3  1382 1269 1208
3  778 777 1392
3  1393 1271 1266
3  1082 1394 838
3  1306 1138 1005
3  1138 1006 1005
3  1395 565 567
3  1148 1396 1397
3  983 1398 1399
3  1400 1381 1383
3  853 1160 854
3  854 1160 1161
3  1292 981 1141
3  1282 1292 1283
3  717 982 1401
3  1289 1282 1202
3  1292 1282 1402
3  1402 1288 982
3  1140 853 1141
3  1287 1292 1141
3  991 840 1403
3  840 839 1403
3  659 1257 1280
3  1257 998 1280
3  1293 991 1295
3  1280 998 1000
3  1299 1260 1262
3  1261 993 1262
3  1394 214 838
3  778 922 709
3  921 509 1404
3  698 921 1404
3  1301 1300 1066
3  1301 922 1300
3  505 447 506
3  447 717 506
3  497 1154 1405
3  1011 1291 1156
3  833 1303 834
3  1142 834 1143
3  832 1305 833
3  832 173 1305
3  1160 853 1140
3  996 1287 1141
3  1161 1013 1307
3  1307 839 841
3  842 1307 1406
3  1307 1013 1407
3  839 1159 1403
3  839 842 1159
3  577 289 706
3  1408 1409 1410
3  370 1090 1385
3  368 367 1411
3  368 1411 796
3  1412 1016 1413
3  1157 579 1158
3  579 134 1158
3  1414 1413 1415
3  522 521 1016
3  453 945 1092
3  945 960 1092
3  23 1309 24
3  1309 720 24
3  1021 130 911
3  130 182 911
3  460 1416 1417
3  1063 1018 1418
3  131 1021 1310
3  1311 910 132
3  1062 1419 1166
3  1312 50 1024
3  160 1315 1419
3  735 730 729
3  1313 1168 1314
3  735 1168 730
3  866 860 862
3  729 1165 1164
3  1316 462 312
3  462 461 313
3  1168 1313 730
3  1313 606 730
3  870 313 1030
3  870 311 313
3  609 608 1044
3  894 609 1420
3  871 870 1025
3  1170 887 1038
3  1179 1178 1218
3  1178 114 1421
3  1173 725 1422
3  878 1219 620
3  513 728 1177
3  728 67 1177
3  953 600 1343
3  600 512 1343
3  883 607 1043
3  882 881 884
3  863 1043 1314
3  1043 607 1314
3  1042 1041 1423
3  1041 1040 1423
3  597 599 1220
3  1035 171 1036
3  889 1035 1034
3  609 1044 1420
3  1323 1322 1045
3  598 1044 1034
3  260 737 736
3  1336 1332 1333
3  1424 737 1174
3  737 260 1174
3  1337 1320 1338
3  1180 615 1048
3  1026 1425 1426
3  1183 892 604
3  1427 1428 1429
3  1430 1425 1431
3  1432 1426 1433
3  1171 1030 1318
3  603 1432 604
3  1424 1434 1032
3  238 1173 239
3  239 1173 1422
3  1335 1341 1331
3  737 1424 1032
3  1424 1337 1434
3  1340 1334 1435
3  874 1329 873
3  1341 872 1436
3  623 625 897
3  625 746 897
3  387 613 1086
3  613 743 1086
3  943 898 1308
3  898 628 1308
3  670 1189 641
3  1189 639 641
3  1058 1057 771
3  1057 481 771
3  1055 916 1187
3  916 639 1187
3  1311 913 1191
3  593 592 1344
3  391 1179 722
3  1179 595 722
3  1191 593 1344
3  1311 1191 1344
3  1019 1021 1020
3  392 1018 1437
3  866 1167 1169
3  1167 311 1169
3  1302 1066 1067
3  212 1077 1067
3  1302 406 1070
3  406 507 1070
3  1300 213 1066
3  213 212 1066
3  820 161 1358
3  161 405 1358
3  1077 1192 1067
3  1192 405 1067
3  935 1355 936
3  1077 212 934
3  815 658 929
3  658 655 929
3  1072 1074 534
3  503 530 656
3  1196 1073 1074
3  1072 404 1196
3  1438 712 1197
3  582 520 1198
3  712 1438 529
3  1438 535 529
3  503 208 531
3  208 184 531
3  451 1439 1346
3  1440 1441 1442
3  450 5 1439
3  274 451 1443
3  697 708 698
3  697 1275 708
3  1195 1444 1445
3  786 1069 1446
3  924 1152 1447
3  1448 280 1447
3  501 1449 1450
3  450 1439 451
3  688 1359 1451
3  1452 539 541
3  1355 1359 936
3  936 1359 1078
3  1085 1299 1453
3  1214 1085 1452
3  1454 1277 1455
3  1456 847 1457
3  1359 1355 1451
3  688 1451 1345
3  1259 1373 1375
3  836 837 1263
3  449 540 1127
3  835 407 449
3  1260 1150 1261
3  837 1362 1375
3  383 1088 1052
3  1052 1088 1053
3  942 941 747
3  941 621 747
3  456 617 748
3  1088 748 1053
3  1094 952 601
3  952 727 601
3  1219 876 620
3  876 618 620
3  518 956 1224
3  956 342 1224
3  139 909 1225
3  909 517 1225
3  1065 758 765
3  758 636 765
3  903 1222 1363
3  634 473 907
3  302 904 1101
3  302 301 904
3  764 466 813
3  466 465 813
3  756 812 1227
3  1098 452 961
3  940 1051 373
3  1051 371 373
3  343 957 798
3  957 293 798
3  750 749 902
3  1054 753 1458
3  807 372 1226
3  372 511 1226
3  750 1226 751
3  1308 749 751
3  761 679 1101
3  679 678 1101
3  815 91 816
3  647 816 1364
3  1017 1459 1460
3  174 173 568
3  568 527 1461
3  527 526 980
3  396 395 851
3  395 700 851
3  856 855 1146
3  855 662 1146
3  1133 1462 988
3  1128 1256 661
3  987 45 126
3  1126 1125 1134
3  702 43 1298
3  1149 1463 1464
3  987 1009 1369
3  1297 1369 1296
3  705 704 994
3  1373 1259 937
3  1376 1377 989
3  1265 1465 1135
3  1371 703 1372
3  1125 1265 1134
3  1265 224 1465
3  1376 1462 1264
3  1008 988 990
3  660 1008 1129
3  848 847 1380
3  848 1380 1130
3  1256 1380 1396
3  1380 1456 1396
3  1136 1081 1466
3  847 846 1467
3  1446 1069 1468
3  697 1001 1003
3  1286 498 1290
3  498 1405 1304
3  983 1400 1469
3  1286 1201 1268
3  1144 1470 1211
3  1471 1268 1270
3  1472 1473 1474
3  919 1454 1455
3  1269 1352 1270
3  1475 1003 1476
3  1207 1132 1383
3  1084 1278 1267
3  1147 1139 1284
3  840 992 1477
3  1396 1478 1397
3  1395 1006 1139
3  852 854 1005
3  854 1306 1005
3  998 1257 1148
3  1257 1256 1148
3  1277 1382 1381
3  1132 1469 1383
3  996 852 997
3  1007 1006 567
3  1282 1289 1402
3  1289 1288 1402
3  853 996 1141
3  1292 1402 982
3  981 857 1141
3  857 856 1141
3  1479 1279 1464
3  1403 845 985
3  1159 845 1403
3  844 1295 985
3  1261 705 994
3  993 1261 994
3  777 919 1455
3  1480 919 1481
3  709 922 710
3  1001 697 699
3  504 506 1145
3  981 1292 982
3  1405 1154 1156
3  1291 1405 1156
3  1290 498 1304
3  498 497 1405
3  1160 1140 1162
3  1014 1162 1146
3  839 1307 843
3  1307 842 843
3  1306 841 1477
3  841 840 1477
3  1013 1015 1407
3  1307 1407 1406
3  174 1017 1482
3  1483 1484 1485
3  706 1486 1485
3  1484 578 707
3  1487 1387 102
3  1163 370 1385
3  1350 784 1351
3  1348 536 1199
3  1416 460 1061
3  460 234 1061
3  1061 1060 1418
3  1018 1063 1437
3  911 1417 1020
3  911 460 1417
3  159 1312 160
3  1312 1315 160
3  1312 1024 734
3  1024 735 734
3  1419 1164 1166
3  1315 734 729
3  720 1062 862
3  1062 866 862
3  1023 1316 731
3  730 606 1023
3  1316 1165 731
3  1165 729 731
3  609 894 885
3  883 885 893
3  886 1319 1039
3  114 113 1038
3  870 1029 1025
3  875 1319 1028
3  1319 875 877
3  1421 114 1039
3  953 1421 877
3  1421 1039 877
3  514 1218 1342
3  596 595 1218
3  619 602 1422
3  602 239 1422
3  1178 1421 1342
3  1343 512 514
3  1168 864 1314
3  864 863 1314
3  599 1323 1220
3  1488 1325 1489
3  1324 1323 1045
3  872 1324 1045
3  1325 1341 1489
3  1488 1339 1428
3  261 1174 262
3  1174 260 262
3  261 1175 1490
3  261 615 1175
3  384 1186 739
3  1186 891 739
3  1181 1048 1491
3  240 1181 1491
3  1220 1488 1221
3  1046 1027 1426
3  892 602 604
3  1046 1432 603
3  1488 1428 1221
3  1427 867 869
3  313 461 1030
3  1030 461 1318
3  1426 1425 1433
3  1435 1334 1336
3  1031 1332 1330
3  1332 1335 1331
3  1032 1434 1033
3  1492 1328 1333
3  1434 1337 1492
3  1492 1185 1493
3  1329 874 1330
3  1031 1330 1182
3  324 297 873
3  297 874 873
3  480 459 132
3  459 130 132
3  392 913 1310
3  913 1311 1310
3  592 1188 1344
3  1188 910 1344
3  1060 1063 1418
3  865 1064 1190
3  1004 921 923
3  1070 507 1004
3  922 1301 923
3  1301 1070 923
3  1359 1358 1078
3  1358 405 1078
3  1359 688 1360
3  688 1358 1360
3  1080 1085 1356
3  934 212 214
3  928 929 656
3  929 655 656
3  656 530 1102
3  1203 1412 1413
3  779 1494 1495
3  1412 522 1016
3  712 582 1197
3  582 1198 1197
3  652 931 1075
3  931 275 1075
3  774 927 1441
3  1496 773 772
3  922 921 710
3  777 709 920
3  1497 101 103
3  1388 1387 1498
3  1354 1448 699
3  784 1350 1499
3  714 716 1387
3  925 715 714
3  1069 785 1193
3  776 176 1500
3  1214 1452 1501
3  1452 1361 1501
3  1085 1079 1299
3  1079 1136 1299
3  1361 1345 1501
3  1345 1451 1501
3  1082 838 1392
3  838 778 1392
3  1362 1259 1375
3  837 224 1362
3  1374 1376 1263
3  1502 1465 1503
3  449 448 1217
3  448 1361 1217
3  938 835 1127
3  835 449 1127
3  617 616 1053
3  616 516 1053
3  237 907 1363
3  907 903 1363
3  944 750 901
3  1098 813 944
3  1098 961 959
3  961 454 959
3  452 900 1458
3  946 1054 902
3  1226 511 751
3  511 943 751
3  900 902 1458
3  902 1054 1458
3  816 91 1364
3  91 817 1364
3  497 499 1504
3  980 397 1276
3  1157 1163 649
3  579 1157 649
3  1305 1303 833
3  1153 1011 1156
3  1470 1144 1505
3  1303 1155 834
3  1162 1140 1146
3  1140 856 1146
3  986 1370 1506
3  1370 1134 1506
3  660 659 1369
3  987 986 1009
3  125 1126 1370
3  126 125 1370
3  1369 659 1296
3  43 45 1298
3  704 1371 1377
3  1377 1371 989
3  1133 1502 1462
3  1462 1502 1264
3  1465 224 1503
3  224 836 1503
3  1380 1128 1130
3  1128 661 1129
3  1008 1258 988
3  1134 1133 1506
3  1150 846 1379
3  846 848 1379
3  847 1456 1380
3  983 566 1398
3  1398 1507 1399
3  1456 1507 1478
3  1139 1147 1397
3  1456 1478 1396
3  1084 1083 1278
3  1080 1271 1081
3  1271 1215 1357
3  1357 1084 1266
3  1507 1457 1399
3  1507 1456 1457
3  1150 1260 1151
3  1260 1136 1151
3  925 714 1444
3  716 654 1387
3  1289 1201 1290
3  1201 1286 1290
3  1281 1283 1285
3  1137 566 984
3  1200 1269 1268
3  1201 1200 1268
3  786 1446 1508
3  1353 1480 1509
3  1510 1511 1512
3  1352 1353 1509
3  919 1480 1454
3  1269 1382 1353
3  1513 1352 1509
3  1513 1511 1273
3  1139 1138 1284
3  992 1284 1477
3  997 852 1007
3  852 1005 1007
3  999 1284 1293
3  1284 992 1293
3  1294 1295 1514
3  1295 844 1514
3  844 1149 1514
3  1149 702 1463
3  999 1293 1000
3  1293 1294 1000
3  994 704 1378
3  1377 1374 1378
3  1275 1475 1481
3  1475 1509 1481
3  1382 1454 1353
3  1382 1277 1454
3  1277 1083 1455
3  777 1455 1392
3  709 708 920
3  708 1275 920
3  921 698 710
3  698 708 710
3  509 278 1404
3  278 1354 1404
3  982 1288 1401
3  1288 1145 1401
3  1405 1291 1304
3  1291 1145 1304
3  1284 1138 1477
3  1138 1306 1477
3  1407 1015 1406
3  1015 842 1406
3  1459 1515 1460
3  1017 568 1461
3  706 289 1482
3  289 174 1482
3  649 1163 1384
3  1411 648 796
3  367 648 1411
3  648 649 795
3  1075 571 573
3  780 1495 1516
3  22 1061 1022
3  1061 234 1022
3  1417 1416 1020
3  1416 1018 1020
3  1018 1416 1418
3  1416 1061 1418
3  1062 158 1419
3  158 160 1419
3  861 24 862
3  24 720 862
3  885 894 893
3  894 1420 895
3  1025 1029 888
3  1029 1171 888
3  725 878 1422
3  878 619 1422
3  1421 953 1342
3  953 1343 1342
3  599 598 1036
3  598 1034 1036
3  1036 171 1322
3  171 170 1322
3  1322 170 1045
3  170 324 1045
3  1341 1335 1489
3  1324 1341 1325
3  1335 1334 1489
3  1340 1327 1517
3  1175 1174 1490
3  1174 261 1490
3  1180 1181 1320
3  891 240 1491
3  1320 1337 1176
3  1175 1320 1176
3  1319 886 1028
3  1027 1026 1426
3  886 888 1028
3  888 1171 1172
3  1425 1326 1433
3  1432 1046 1426
3  602 619 603
3  619 618 603
3  1326 1425 1430
3  1423 867 1518
3  1425 1026 1519
3  1026 1171 1519
3  1318 1317 1431
3  1427 1317 1518
3  597 868 1420
3  1420 868 895
3  1327 1326 1430
3  1327 1430 1517
3  1185 1184 1493
3  1184 1432 1433
3  1492 1337 1185
3  1337 1183 1185
3  1326 1328 1493
3  1328 1492 1493
3  1335 1332 1336
3  1332 1031 1033
3  1330 874 1182
3  874 296 1182
3  1060 861 1190
3  861 860 1190
3  1064 1170 766
3  1170 113 766
3  1063 390 1437
3  390 392 1437
3  214 1394 1215
3  1271 1357 1266
3  1085 935 1356
3  1215 1080 1216
3  530 529 1102
3  529 535 1102
3  1520 1198 1521
3  1198 520 522
3  1522 1523 1449
3  1075 275 571
3  650 60 537
3  60 61 537
3  785 784 1206
3  1193 1206 1194
3  1350 1448 1499
3  1448 1354 280
3  1152 1206 1499
3  1206 784 1499
3  1350 1001 699
3  1448 1350 699
3  715 177 716
3  1524 1446 1468
3  776 1500 1194
3  1500 176 365
3  1451 1355 1501
3  1355 1214 1501
3  1262 993 539
3  1299 1262 539
3  1455 1083 1392
3  1083 1082 1392
3  1374 1263 1375
3  1263 837 1375
3  476 958 1363
3  958 237 1363
3  812 959 1227
3  959 454 1227
3  1098 959 814
3  959 811 814
3  753 945 1458
3  945 452 1458
3  1525 1526 1410
3  834 1155 1143
3  1385 1090 1386
3  1527 1124 1528
3  1368 578 1484
3  1017 1461 1459
3  1449 1523 1529
3  926 773 1496
3  397 396 1210
3  1142 851 834
3  1155 1303 1156
3  1303 1153 1156
3  1155 1154 1143
3  1530 1212 1531
3  1126 1134 1370
3  1133 988 1506
3  1465 1502 1135
3  1502 1133 1135
3  988 1258 1506
3  1258 986 1506
3  1463 1479 1464
3  1463 702 1298
3  659 1280 1296
3  1297 987 1369
3  1297 1296 1479
3  1296 1279 1479
3  988 1462 989
3  1462 1376 989
3  1502 1503 1264
3  1503 836 1264
3  1129 1372 1130
3  989 1371 990
3  1147 1148 1397
3  1148 1256 1396
3  1395 1478 565
3  1478 1507 565
3  1271 1393 1081
3  1466 1393 1532
3  1278 1400 1533
3  1457 847 1467
3  846 1151 1467
3  1081 1393 1466
3  566 565 1398
3  565 1507 1398
3  1467 1151 1466
3  1151 1136 1466
3  782 783 918
3  451 918 1443
3  785 1206 1193
3  1206 776 1194
3  1287 995 1283
3  1283 995 1285
3  1006 1395 567
3  1207 1285 1132
3  499 1286 850
3  1534 1535 1536
3  1282 1281 1202
3  1208 1269 1209
3  1537 1538 1510
3  1475 1275 1003
3  1537 1002 1508
3  784 786 1351
3  1535 1534 1539
3  1524 1540 1541
3  1497 425 427
3  1542 1543 1544
3  1454 1480 1353
3  1511 1513 1512
3  1200 1202 1209
3  1269 1200 1209
3  1400 1278 1381
3  1278 1277 1381
3  1509 1480 1481
3  1509 1475 1512
3  567 566 1137
3  1007 567 1137
3  1295 991 985
3  991 1403 985
3  1294 1514 1464
3  1514 1149 1464
3  1374 1373 1378
3  1373 937 1378
3  919 920 1481
3  920 1275 1481
3  1145 506 1401
3  506 717 1401
3  1459 1461 1545
3  1276 1546 1547
3  1542 1548 1549
3  1384 1550 1551
3  1552 1553 1554
3  1555 1556 1557
3  535 1438 536
3  1438 1197 1199
3  1552 1554 1558
3  276 930 572
3  1419 1315 1164
3  1315 729 1164
3  1488 1220 1325
3  1220 1323 1325
3  1329 1331 1436
3  1331 1341 1436
3  240 892 1321
3  892 1183 1321
3  1048 739 1491
3  739 891 1491
3  1337 1424 1176
3  1424 1174 1176
3  888 1172 1028
3  1172 1026 1028
3  1432 1184 604
3  1184 1183 604
3  868 1221 869
3  868 597 1221
3  1428 1339 1429
3  1339 1340 1429
3  867 1427 1518
3  1423 1040 867
3  1519 1171 1431
3  1171 1318 1431
3  462 1042 463
3  1042 1423 463
3  1221 1428 869
3  1428 1427 869
3  1044 598 1420
3  598 597 1420
3  1425 1519 1431
3  1517 1430 1431
3  1328 1327 1435
3  1327 1340 1435
3  1184 1433 1493
3  1433 1326 1493
3  1215 1394 1357
3  1394 1082 1357
3  1356 935 1216
3  935 934 1216
3  1100 672 1016
3  672 468 1016
3  1213 933 1347
3  572 930 933
3  61 428 538
3  428 429 538
3  1439 5 1559
3  5 650 1559
3  280 279 1447
3  279 924 1447
3  1500 365 1194
3  365 496 1194
3  1448 1447 1499
3  1447 1152 1499
3  698 1404 699
3  1404 1354 699
3  716 177 654
3  177 204 654
3  1361 1452 541
3  1299 539 1453
3  1560 1389 1391
3  1144 1143 1561
3  1211 1470 1212
3  849 850 1273
3  1460 1515 1486
3  1562 1408 1410
3  1545 980 1547
3  1546 1526 1525
3  1487 714 1387
3  1387 654 1498
3  1463 1298 1479
3  1298 1297 1479
3  1372 1129 990
3  1129 1008 990
3  703 1379 1130
3  1379 848 1130
3  1478 1395 1397
3  1395 1139 1397
3  1399 1457 1532
3  1457 1467 1532
3  496 364 1444
3  364 925 1444
3  983 1469 1132
3  1469 1400 1383
3  1352 1513 1270
3  1513 1471 1270
3  1202 1281 1209
3  1281 1207 1209
3  1003 1002 1476
3  1002 1537 1476
3  1002 1351 1508
3  1002 1001 1351
3  1560 1524 1389
3  1351 786 1508
3  1510 1538 1274
3  850 1471 1273
3  1483 1473 1472
3  500 1496 1563
3  1497 1564 425
3  1389 1524 1468
3  1382 1208 1383
3  1208 1207 1383
3  1132 1285 1565
3  1285 995 1565
3  1279 1000 1464
3  1000 1294 1464
3  1461 527 1545
3  527 980 1545
3  706 1482 1460
3  1482 1017 1460
3  1415 1413 1566
3  796 795 1123
3  1163 1385 1384
3  1090 1368 1386
3  1484 707 1485
3  1546 1530 1567
3  1198 522 1521
3  932 1076 933
3  1204 1414 1568
3  1569 1213 1349
3  1521 1203 1570
3  796 1123 1566
3  1122 1414 1415
3  1413 1012 1566
3  1167 866 1166
3  866 1062 1166
3  1334 1339 1489
3  1339 1488 1489
3  872 873 1436
3  873 1329 1436
3  1320 1321 1338
3  1321 1183 1338
3  868 867 895
3  867 1040 895
3  1317 463 1518
3  463 1423 1518
3  1427 1429 1517
3  1429 1340 1517
3  1434 1492 1333
3  1033 1434 1333
3  933 1076 1571
3  1076 775 1571
3  1554 653 1558
3  1572 1555 1573
3  539 1452 1453
3  1452 1085 1453
3  539 993 686
3  993 937 686
3  540 1217 541
3  1217 1361 541
3  1504 499 849
3  1286 1268 850
3  497 1504 1561
3  1154 497 1561
3  1574 1272 1274
3  1534 1575 1576
3  707 706 1485
3  706 1460 1486
3  1210 396 1211
3  1526 1577 1578
3  980 1276 1547
3  1470 1536 1212
3  1522 1449 500
3  500 1449 501
3  101 427 1579
3  1388 1529 103
3  1267 1278 1533
3  1580 1393 1266
3  1400 983 1533
3  1580 1266 1267
3  1467 1466 1532
3  983 1399 1533
3  1393 1580 1532
3  1580 1399 1532
3  1439 1559 1346
3  1559 650 1346
3  918 783 1443
3  783 274 1443
3  1513 1509 1512
3  1476 1537 1510
3  1508 1446 1541
3  1446 1524 1541
3  1194 496 1195
3  1390 426 1391
3  1540 1538 1541
3  1524 1560 1540
3  425 1564 1581
3  1582 1535 1539
3  1494 772 1583
3  774 1584 1583
3  426 425 1582
3  1548 1544 1585
3  501 917 502
3  1529 1388 1450
3  1548 1542 1544
3  1564 1497 1586
3  1137 984 1565
3  984 1132 1565
3  1123 795 1124
3  1587 781 1588
3  1074 535 534
3  1131 534 536
3  1131 1348 1347
3  1213 1347 1349
3  1589 1590 1568
3  1349 1520 1570
3  1016 1012 1413
3  1520 1521 1570
3  1591 780 1592
3  1495 1584 1593
3  1414 1204 1413
3  1204 1203 1413
3  1587 1472 1549
3  1212 1536 1531
3  1517 1431 1594
3  1431 1317 1594
3  1328 1435 1333
3  1435 1336 1333
3  775 394 1571
3  394 1131 1571
3  1440 774 1441
3  1556 1440 1553
3  1569 1590 1595
3  538 1554 1442
3  1268 1471 850
3  1471 1513 1273
3  1143 1154 1561
3  1575 1505 1596
3  1504 1505 1561
3  1505 1144 1561
3  1538 1540 1574
3  1540 1560 1574
3  1470 1505 1575
3  1576 1575 1596
3  1272 1576 1596
3  849 1272 1596
3  1486 1473 1485
3  1473 1483 1485
3  396 1142 1211
3  1142 1144 1211
3  1546 1276 1530
3  1276 1210 1530
3  1515 1459 1597
3  1459 1545 1597
3  1584 1556 1593
3  1598 1548 1585
3  917 918 502
3  918 926 502
3  496 1444 1195
3  1599 1195 1445
3  654 268 1498
3  1449 1529 1450
3  1399 1580 1533
3  1580 1267 1533
3  1475 1476 1512
3  1476 1510 1512
3  1538 1537 1541
3  1537 1508 1541
3  1531 1535 1600
3  1542 1562 1543
3  1567 1531 1600
3  426 1390 427
3  1440 1556 1584
3  1563 772 1601
3  1598 1563 1601
3  1496 772 1563
3  1577 1581 1578
3  1581 1564 1543
3  1486 1515 1602
3  1515 1597 1409
3  1390 1603 1579
3  101 1497 427
3  427 1390 1579
3  1390 1389 1603
3  995 997 1565
3  997 1137 1565
3  536 1438 1199
3  1348 1131 536
3  1569 1349 1570
3  573 572 1595
3  933 1571 1347
3  1571 1131 1347
3  573 1595 1604
3  1595 1590 1604
3  1590 1205 1568
3  779 1495 780
3  1205 1204 1568
3  1414 1122 1605
3  1572 1527 1592
3  1483 1472 1588
3  1123 1415 1566
3  1123 1122 1415
3  1317 1427 1594
3  1427 1517 1594
3  927 1346 1441
3  538 653 1554
3  926 451 927
3  451 1346 927
3  572 1213 1595
3  1213 1569 1595
3  1470 1575 1536
3  1575 1534 1536
3  1538 1574 1274
3  1272 849 1273
3  1273 1511 1274
3  1511 1510 1274
3  1272 1574 1576
3  1574 1534 1576
3  1505 1504 1596
3  1504 849 1596
3  1536 1535 1531
3  1530 1210 1212
3  1409 1597 1525
3  1597 1545 1547
3  1195 1599 1606
3  1599 1603 1606
3  926 1496 502
3  1496 500 502
3  501 1450 1607
3  1450 1498 1607
3  1534 1574 1608
3  1574 1560 1608
3  1581 1577 1609
3  425 1581 1609
3  1598 1522 1563
3  1522 500 1563
3  773 927 774
3  1346 537 1441
3  772 1494 1601
3  1494 779 1601
3  1562 1542 1408
3  781 1365 1588
3  1526 1567 1600
3  1526 1546 1567
3  1560 1391 1539
3  1409 1525 1410
3  1603 1468 1606
3  1603 1389 1468
3  1468 1069 1606
3  1579 1599 1610
3  1348 1520 1349
3  1605 1572 1573
3  1198 1520 1199
3  1520 1348 1199
3  522 1412 1521
3  1412 1203 1521
3  1589 1568 1573
3  1590 1569 1205
3  1124 1551 1528
3  1552 1589 1557
3  1550 1366 1611
3  1366 1365 1611
3  1572 1605 1527
3  1605 1122 1527
3  1384 1386 1550
3  1386 1368 1366
3  1012 368 1566
3  368 796 1566
3  537 538 1442
3  1441 537 1442
3  1590 1589 1604
3  1589 1552 1604
3  1487 102 1610
3  102 101 1610
3  1523 1586 1529
3  102 1388 103
3  1388 1498 1450
3  1498 268 1607
3  268 917 1607
3  917 501 1607
3  1391 1582 1539
3  1391 426 1582
3  1586 1523 1612
3  1612 1523 1585
3  772 774 1583
3  774 1440 1584
3  1409 1408 1602
3  1515 1409 1602
3  1535 1582 1600
3  1567 1530 1531
3  1581 1543 1578
3  1543 1562 1578
3  1577 1600 1609
3  1577 1526 1600
3  1603 1599 1579
3  101 1579 1610
3  1069 1193 1606
3  1193 1195 1606
3  1444 714 1445
3  714 1487 1445
3  1203 1205 1570
3  1205 1569 1570
3  1568 1414 1573
3  1414 1605 1573
3  1556 1555 1593
3  1555 1572 1593
3  1556 1553 1557
3  1553 1552 1557
3  1551 1550 1528
3  1527 1122 1124
3  780 1591 781
3  1366 1368 1367
3  1591 1592 1611
3  1386 1366 1550
3  653 1075 1558
3  1075 573 1558
3  1599 1445 1610
3  1445 1487 1610
3  1529 1586 103
3  1586 1497 103
3  1600 1582 1609
3  1582 425 1609
3  1534 1608 1539
3  1608 1560 1539
3  1598 1601 1548
3  1587 1548 1613
3  1543 1564 1612
3  1564 1586 1612
3  1584 1495 1583
3  1495 1494 1583
3  1473 1602 1474
3  1473 1486 1602
3  1597 1547 1525
3  1547 1546 1525
3  1526 1578 1410
3  1578 1562 1410
3  1555 1557 1573
3  1557 1589 1573
3  1495 1593 1516
3  1593 1572 1516
3  780 1516 1592
3  1516 1572 1592
3  1602 1408 1474
3  1408 1542 1474
3  1548 1587 1549
3  779 1587 1613
3  1550 1611 1528
3  1124 795 1551
3  1368 1484 1367
3  1484 1483 1367
3  1554 1553 1442
3  1553 1440 1442
3  573 1604 1558
3  1604 1552 1558
3  1543 1612 1544
3  1544 1612 1585
3  1523 1522 1585
3  1522 1598 1585
3  1472 1587 1588
3  1587 779 781
3  1365 1367 1588
3  1367 1483 1588
3  1472 1474 1549
3  1474 1542 1549
3  1548 1601 1613
3  1601 779 1613
3  1365 781 1611
3  781 1591 1611
3  795 649 1551
3  649 1384 1551
3  1611 1592 1528
3  1592 1527 1528
