OFF
949 1894 0
396.343 -222.883 430.62
371.209 -338.452 393.409
413.831 -164.934 414.723
-191.436 -144.971 128.87
-285.285 -89.8598 164.025
-227.39 -57.0134 118.18
-170.492 428.339 304.323
28.4398 341.074 189.726
-99.2466 219.148 128.857
109.321 -36.3512 50.2627
86.7036 -86.7838 53.6169
8.28225 -5.49542 0.25955
392.282 10.2705 277.911
331.683 272.92 243.364
445.072 108.229 399.064
335.326 -15.4699 204.539
381.895 -45.4861 260.279
303.477 -332.615 434.573
69.0735 -455.383 399.088
324.916 -357.851 402.091
-235.626 242.367 195.703
-401.462 215.799 351.728
184.299 -53.014 91.0541
270.086 -144.355 168.507
186.643 -109.924 107.525
103.344 -382.955 257.27
-23.6345 -425.495 333.622
-110.283 -386.198 270.547
262.716 293.449 435.896
333.32 187.013 435.896
334.407 253.323 434.559
257.7 68.0154 146.757
308.368 -34.0848 182.935
72.066 449.246 379.183
-87.2489 441.379 383.083
153 444.755 434.586
-450.058 -46.4337 362.169
-404.95 -60.3637 285.389
-412.922 -75.6344 305.725
-393.737 -132.278 300.119
-350.245 108.817 435.896
-313.827 168.392 435.896
-401.213 75.43 435.896
387.626 230.364 359.508
52.5873 233.863 120.013
371.189 -192.153 299.006
310.181 -174.203 204.912
404.63 -124.141 304.515
104.676 58.9426 49.7242
80.5507 124.726 70.1002
360.722 -98.1796 229.751
-107.462 -241.165 139.011
-6.65475 -121.945 49.9859
-18.0816 -236.656 122.291
183.21 -418.501 391.127
-105.187 -421.208 344.434
-171.24 -413.047 385.723
288.227 345.514 416.054
148.455 452.8 325.695
-268.587 55.1409 153.909
-213.937 397.109 413.446
-337.417 103.614 226.818
-385.738 -16.1072 249.932
-412.79 -270.095 435.896
-441.833 -59.4119 392.243
-426.721 37.4702 429.228
-333.898 -251.78 289.888
-168.702 261.795 180.523
56.1015 403.345 260.669
-159.912 371.245 435.896
9.81901 1.52622 0.307677
9.91787 0.612524 0.310772
-2.95401 4.7732 -0.092832
-63.4993 124.153 65.3338
2.71922 -9.5704 0.0852135
50.3446 -119.367 55.6648
2.42365 -9.6498 0.0759499
-32.8714 113.978 50.6943
15.4725 109.386 47.2647
407.749 -48.3982 435.896
448.021 -7.10563 433.249
1.82586 -9.78108 0.057216
1.5242 -9.83281 0.0477644
-9.76736 1.82826 -0.30606
-112.453 11.8262 50.0259
-9.70643 2.12857 -0.304154
166.37 -145.186 114.222
235.652 -243.229 207.419
-181.819 -358.576 433.2
-247.739 -343.483 430.549
-152.494 -356.405 264.424
-282.154 -381.671 381.043
185.036 -369.67 434.554
73.2059 -366.662 435.896
-166.205 -352.731 435.896
411.226 199.661 430.62
397.135 151.437 434.561
-216.35 104.912 131.425
3.87291 -9.16284 0.121371
4.15281 -9.03896 0.130143
-448.481 114.291 388.601
291.129 223.556 435.896
61.1655 100.906 51.8138
5.98738 7.9395 0.187641
5.74042 8.12043 0.179901
114.687 15.7966 50.3603
181.994 -32.3668 90.3716
-142.018 -43.6165 67.6571
-85.3286 -82.9008 53.1477
-96.7231 73.2041 53.4177
-74.4211 81.4412 49.6743
357.121 267.062 375.086
416.624 -98.2251 308.778
175.591 -332.583 238.822
76.772 -352.85 222.115
-239.628 -243.459 217.963
57.2336 -183.399 98.5664
-11.6513 -424.496 430.548
42.215 -435.862 415.953
383.555 -109.032 435.896
-417.808 51.6602 431.886
-117.932 386.716 434.55
-144.664 8.16653 66.0163
-186.166 122.488 116.922
-101.367 56.3506 50.385
-24.3061 429.239 421.235
25.2492 435.303 425.248
3.58935 -9.27802 0.112482
17.7709 390.421 435.896
6.46407 7.55525 0.20258
7.13262 6.92571 0.223531
-2.93408 5.46709 -0.0921958
-127.373 -27.5555 54.5962
-114.873 0.58147 50.2545
6.46408 -7.55524 0.20258
6.22868 -7.75105 0.195203
-2.88754 -5.3803 -0.0907393
4.42878 -8.9065 0.138791
-6.22867 -7.75105 -0.195203
-6.46407 -7.55525 -0.20258
-6.40017 -7.4804 -0.200591
-4.91873 -8.53107 -0.154161
-5.23038 -8.45905 -0.163916
-5.07533 -8.2077 -0.159095
-110.01 -166.956 99.4557
-167.174 -398.933 407.961
-7.22269 5.46085 -0.226433
-8.28021 5.13366 -0.259503
-7.37957 5.57966 -0.231333
-8.89416 -4.43472 -0.278718
-8.75348 -4.70685 -0.274312
-60.4281 -380.785 435.896
430.685 -103.068 388.278
-327.807 232.059 433.2
-239.748 329.161 431.862
-322.331 325.434 375.474
-403.815 -91.0497 435.896
-133.586 61.1186 69.9246
-62.6175 145.714 76.2012
-428.868 79.3143 419.944
-396.921 213.596 408.152
-294.145 302.283 427.865
-9.55701 2.72283 -0.299476
-9.46867 3.01622 -0.296709
6.22868 7.75105 0.195203
-1.22111 9.87521 -0.0382653
-318.494 192.117 435.896
-8.28223 5.49544 -0.259551
-8.10925 5.7482 -0.254132
-8.02903 5.69124 -0.251628
-3.8729 -9.16284 -0.121371
-4.2975 -8.64189 -0.134714
-4.25375 -8.55368 -0.133354
-4.42877 8.90651 -0.138791
-4.70052 8.76561 -0.147309
6.69332 -7.35231 0.209766
7.7404 -6.23716 0.242576
7.92858 -5.99552 0.248472
5.48801 -8.29366 0.17199
-3.02713 -5.64068 -0.0951098
107.997 -292.85 181.906
-4.96782 -8.61641 -0.155686
-23.1454 -110.794 47.6065
9.37133 -3.30674 0.293662
9.46867 -3.01621 0.296709
-3.30234 -9.38442 -0.103488
-3.0122 -9.48191 -0.0943962
-9.86133 1.22272 -0.309003
-7.66384 -6.17535 -0.240188
-7.54489 -6.47288 -0.23645
-7.74041 -6.23715 -0.242575
105.29 -423.885 413.281
19.2309 -400.875 433.202
5.23038 -8.45905 0.163916
4.96782 -8.61641 0.155686
-53.6169 -352.269 225.627
211.053 -405.493 384.63
322.503 -201.416 435.896
-413.572 103.111 423.868
-375.701 40.3729 435.896
-3.42184 6.87789 -0.107432
-3.37803 6.7897 -0.106064
-3.63177 6.76903 -0.114017
-2.71922 -9.5704 -0.0852135
-110.095 71.9532 59.5653
-259.094 260.426 435.896
-6.22868 7.75105 -0.195203
-6.69333 7.3523 -0.209765
-6.46407 7.55525 -0.20258
-6.40017 7.4804 -0.200591
9.46867 3.01622 0.296709
9.55702 2.72283 0.299476
-1.52421 9.83281 -0.0477635
2.42364 9.64981 0.0759502
2.12576 9.72006 0.0666149
-4.19568 -5.21762 -0.131737
-4.54606 -5.3102 -0.142706
-4.41812 -5.16056 -0.138702
8.44737 -5.23745 0.264724
-3.58288 -5.06439 -0.112542
-3.52605 -4.98398 -0.110762
-3.42541 -5.17251 -0.107606
-3.02749 -6.08417 -0.0951065
-3.35274 -6.24824 -0.105298
-3.25972 -6.07465 -0.102388
-8.44737 5.23746 -0.264724
-8.20029 5.44099 -0.256993
0.916873 -9.90823 0.0287299
0.30601 -9.94601 0.00958908
-3.50945 -7.05428 -0.110168
-84.1448 -116.099 64.5856
-3.86696 5.46643 -0.121437
-3.80562 5.74738 -0.119508
-3.69701 5.58312 -0.116109
8.89416 4.43472 0.278718
9.02641 4.15838 0.28286
-9.8943 0.918062 -0.310035
-103.965 72.3349 56.4631
-370.571 182.763 429.186
-271.715 356.575 413.412
190.262 342.755 435.896
8.89416 -4.43472 0.278718
9.02641 -4.15838 0.28286
7.34224 6.70247 0.2301
9.70643 2.12857 0.304154
8.28224 5.49544 0.259551
8.44737 5.23746 0.264724
-5.50189 6.04132 -0.172601
-5.37745 6.28297 -0.168698
-5.24957 6.1333 -0.164703
-3.02713 5.64067 -0.0951096
-3.58526 -6.68224 -0.112565
-3.29041 -6.61332 -0.103327
-3.42184 -6.87789 -0.107432
-3.30235 9.38441 -0.103488
-3.51843 9.09427 -0.110282
-3.7964 8.98136 -0.118995
8.10925 5.7482 0.254132
7.92858 5.99552 0.248471
-7.34224 -6.70246 -0.2301
-9.37133 3.30674 -0.293662
-6.75204 5.10443 -0.211724
-3.42542 5.17251 -0.107606
-3.26243 4.92615 -0.1025
-3.46923 4.90357 -0.108982
7.54491 -6.47286 0.236449
8.10924 -5.74821 0.254132
9.26511 -3.59413 0.290335
4.70052 -8.76561 0.147308
-3.12017 -5.81426 -0.0980222
3.30235 -9.38441 0.103488
3.01221 -9.48191 0.0943963
-3.88744 -4.83385 -0.122084
-3.82579 -4.7571 -0.120153
-3.85546 -5.1087 -0.121082
-3.72844 7.49527 -0.116999
-3.81601 7.67167 -0.119729
-3.61932 7.87529 -0.113552
-0.916868 -9.90823 -0.0287298
-1.22111 -9.87521 -0.0382655
-0.611722 -9.93184 -0.0191687
-3.57826 -7.78579 -0.112273
-3.66038 -7.9648 -0.114831
-3.95716 -7.37666 -0.124173
-5.59915 5.10886 -0.175664
-5.82825 4.99792 -0.182831
-9.81901 1.52621 -0.307677
-9.1501 -3.87809 -0.286734
-9.37133 -3.30674 -0.293662
-6.59187 -5.31018 -0.206712
-4.92024 -7.95636 -0.15427
-4.82054 -8.36041 -0.151109
-5.02363 -8.12393 -0.157487
172.046 -331.416 435.896
7.54489 6.47288 0.23645
7.7404 6.23715 0.242576
1.22111 9.87521 0.0382653
0.91685 9.90823 0.0287311
6.69333 7.3523 0.209765
-3.26243 -4.92615 -0.1025
9.6363 2.42685 0.301957
-5.23703 5.75002 -0.164324
-4.92983 5.75915 -0.15471
-5.10459 5.60438 -0.160183
-3.01222 9.48191 -0.0943953
-3.71988 8.79988 -0.116618
0.306011 9.94601 0.00958881
-4.34961e-07 9.95074 -1.37066e-08
-4.26457 -6.02933 -0.133875
-4.62566 -6.13082 -0.145178
-4.44797 -5.89493 -0.139622
-2.42364 9.64981 -0.0759502
-2.71923 9.5704 -0.0852131
-5.48801 -8.29366 -0.171989
1.82586 9.78108 0.0572162
1.52421 9.83281 0.0477635
-4.94556 -7.47221 -0.155106
-5.28649 -7.47696 -0.165771
-5.51388 -7.31035 -0.172899
9.55701 -2.72284 0.299476
9.6363 -2.42685 0.301958
-2.95332 -5.11802 -0.0928069
9.70644 -2.12856 0.304153
-1.5242 -9.83281 -0.0477642
-1.82586 -9.78108 -0.057216
-2.12576 -9.72006 -0.0666148
-2.42365 -9.6498 -0.0759498
-6.12686 5.25441 -0.19217
-5.97756 5.12616 -0.187501
-5.5265 -5.04247 -0.173391
-5.29825 -5.14189 -0.166249
-5.36883 -5.21049 -0.168457
-9.93674 -8.68697e-07 -0.311363
-9.55701 -2.72283 -0.299476
-9.46867 -3.01622 -0.296709
-5.76104 6.73198 -0.180671
-5.69711 6.65715 -0.178676
-5.89912 6.47829 -0.185005
-104.499 -41.2546 48.7105
-6.63888 -6.4454 -0.208137
-6.77996 -6.58263 -0.212537
-7.05179 -6.43684 -0.221043
-6.56098 -7.20663 -0.205643
-6.71109 -6.93011 -0.210359
-6.42862 -7.06096 -0.201519
-3.75332 -5.30562 -0.11788
-3.69651 -5.2252 -0.116101
-3.47973 -5.25464 -0.109307
9.76736 -1.82826 0.30606
9.26511 3.59413 0.290335
-2.95333 5.11802 -0.0928067
-3.73994 6.48312 -0.117422
-3.67826 6.85584 -0.115469
9.1501 3.87809 0.286734
9.37133 3.30674 0.293662
-3.39925 -6.33504 -0.106752
-3.64164 -6.31247 -0.11435
3.87292 9.16284 0.12137
4.15281 9.03895 0.130142
-3.1667 5.90106 -0.0994777
-1.82586 9.78108 -0.0572163
-2.12576 9.72006 -0.0666149
-3.46565 6.96608 -0.1088
-0.306012 9.94601 -0.00958885
-0.611716 9.93184 -0.0191693
-3.41402 7.42775 -0.107153
-6.59187 5.31017 -0.206712
-3.66037 7.9648 -0.114831
-0.916851 9.90823 -0.0287311
-5.80984 -7.70356 -0.182116
-5.5702 -7.87913 -0.174606
-5.92819 -7.86086 -0.1858
-3.58935 -9.27802 -0.112482
-5.7404 -8.12044 -0.179901
-4.40315 -7.11859 -0.138157
-4.23127 -7.33639 -0.132759
-3.87292 9.16283 -0.12137
-4.15281 9.03895 -0.130143
-6.75204 -5.10442 -0.211724
-6.36212 -5.1248 -0.199529
-4.91873 8.53107 -0.154161
-4.82055 8.3604 -0.151109
5.23039 8.45905 0.163916
4.96781 8.61641 0.155686
8.6045 -4.97452 0.269647
8.75348 -4.70684 0.274312
9.1501 -3.87809 0.286734
5.74041 -8.12043 0.179901
5.98738 -7.9395 0.187641
7.13263 -6.9257 0.223531
7.34223 -6.70247 0.2301
-0.30601 -9.94601 -0.00958908
-4.98103 6.6026 -0.156277
-5.09946 6.75987 -0.159974
-4.8324 6.83354 -0.151612
9.8943 -0.918066 0.310034
9.81901 -1.52622 0.307677
-3.0058 -4.85695 -0.0944551
-3.79639 -8.98136 -0.118995
-3.6816 -8.70915 -0.115429
-7.26963 -6.63606 -0.227836
-9.6363 2.42685 -0.301957
-9.91787 0.612523 -0.310772
-8.10925 -5.7482 -0.254132
-7.77173 -5.8767 -0.243577
-8.6045 -4.97451 -0.269646
-3.37296 -7.33825 -0.105872
-3.64085 -7.31887 -0.114268
1.22111 -9.87521 0.0382656
6.91625 7.14239 0.216751
-3.00251 5.20333 -0.0943474
-5.97756 -5.12616 -0.187501
-5.82825 -4.99792 -0.182831
-5.74445 -5.24164 -0.180208
8.6045 4.97451 0.269646
8.75348 4.70685 0.274312
-2.88755 5.3803 -0.0907386
5.488 8.29367 0.17199
3.01222 9.48191 0.0943952
3.30235 9.38441 0.103488
-3.30624 6.16145 -0.103843
-3.55325 7.14248 -0.111535
-3.29082 7.15924 -0.103309
0.611715 9.93184 0.0191693
-3.53721 7.69628 -0.110993
-5.69147 7.54627 -0.17843
-5.75065 7.62492 -0.180273
-5.51347 7.79869 -0.17284
-4.38501 -8.8183 -0.137433
-4.15281 -9.03896 -0.130143
-3.30563 -8.54302 -0.103671
-4.42878 -8.9065 -0.138791
-4.65408 -8.6788 -0.145866
-4.60764 -8.59199 -0.144423
-5.34323 -7.55739 -0.167539
-5.92079 -7.36715 -0.185618
-5.98239 -7.44392 -0.187536
-6.27235 -7.33072 -0.196611
-6.97475 -5.61916 -0.218676
-7.37957 -5.57966 -0.231333
-7.54768 -5.34948 -0.236596
-3.94736 7.93626 -0.123821
-9.91787 -0.612525 -0.310772
-9.93202 -0.306413 -0.311215
-9.1501 3.87809 -0.286734
-9.26511 3.59413 -0.290335
3.58934 9.27802 0.112482
-5.5265 5.04247 -0.173391
-5.29825 5.14189 -0.166249
-4.57472 5.02186 -0.143605
-4.79542 4.94913 -0.150513
-4.86386 5.01987 -0.152655
-3.68162 8.70914 -0.115429
-3.41205 8.81864 -0.106978
-3.10086 5.37396 -0.0974281
4.42877 8.90651 0.138791
6.91625 -7.14239 0.216751
-3.05758 4.94071 -0.0960781
-3.20811 4.84403 -0.100798
-3.10936 5.02446 -0.0977006
2.12576 -9.72006 0.0666148
0.611727 -9.93184 0.0191689
-5.98738 -7.9395 -0.187641
-7.35759 -5.92816 -0.230631
-7.6933 -5.81729 -0.241129
-7.86858 -5.57733 -0.246619
-9.93202 0.306413 -0.311215
-9.8943 -0.918064 -0.310035
2.71923 9.5704 0.085213
-3.39925 6.33504 -0.106752
-3.37658 -8.72677 -0.105876
-5.95279 -6.95651 -0.186652
-5.67448 -7.06003 -0.177941
-4.70052 -8.76561 -0.147308
-6.84786 -7.07164 -0.214621
-7.13262 -6.92572 -0.223532
-6.69333 -7.3523 -0.209765
-7.74041 6.23715 -0.242575
-7.92858 5.99552 -0.248472
-7.06582 5.34204 -0.221531
-7.34224 6.70246 -0.2301
-7.13262 6.92572 -0.223532
-6.99157 6.78848 -0.219135
-3.49227 6.50864 -0.109659
-3.29042 6.61331 -0.103327
-3.59249 6.22714 -0.112813
-5.98739 7.9395 -0.187641
-5.9282 7.86085 -0.1858
-3.70142 8.05431 -0.116109
-4.03491 8.11267 -0.126547
-3.82455 8.32285 -0.119941
-4.07076 8.85993 -0.127595
9.93202 0.306408 0.311215
-3.09944 4.67979 -0.0973919
-2.99076 4.51556 -0.0939849
4.70052 8.76561 0.147309
-7.02253 -6.02394 -0.220153
-7.24641 -6.21635 -0.22714
-3.98562 -6.90975 -0.125096
-3.88736 -6.73909 -0.122027
-4.32951 -7.50705 -0.135822
-4.0349 -8.11267 -0.126547
-3.94735 -7.93627 -0.123821
-3.74247 -8.14382 -0.117387
-3.11514 -6.26055 -0.097848
1.18661e-07 -9.95074 3.7393e-09
-3.55913 -4.71561 -0.111799
-3.29873 -4.66237 -0.103639
-3.4124 -4.82317 -0.107201
-4.72851 -7.14364 -0.148339
-4.77562 -6.75312 -0.14984
-2.85044 -4.60569 -0.0895849
-3.09943 -4.6798 -0.0973917
9.76736 1.82826 0.30606
-3.12018 5.81426 -0.0980218
-3.67767 -4.87285 -0.115513
-3.67767 4.87284 -0.115513
-4.05013 -7.55027 -0.127071
-3.70142 -8.05432 -0.116109
-3.77123 -7.02945 -0.118372
-5.45672 -7.71826 -0.171074
-5.51346 -7.7987 -0.17284
-5.16257 -7.80078 -0.161865
-5.4897 -6.8297 -0.172178
-5.27709 -6.99578 -0.165515
-5.55129 -6.90648 -0.174099
-6.76133 -6.17122 -0.21198
-6.42725 -6.23957 -0.201532
-6.4978 -6.30818 -0.203734
-4.83241 -6.83353 -0.151612
-5.09945 -6.75988 -0.159974
-5.27105 -7.96508 -0.165242
-6.16711 -7.67426 -0.193287
-6.20845 -7.25587 -0.19462
-5.1817 -6.44583 -0.162565
-4.98102 -6.60261 -0.156277
-7.06582 -5.34204 -0.221531
-6.1671 7.67427 -0.193287
-5.80984 7.70356 -0.182116
-5.98239 7.44392 -0.187536
-6.56098 7.20663 -0.205643
-6.84787 7.07164 -0.214621
-6.62715 7.27947 -0.207704
-6.07449 5.89652 -0.190517
-5.68505 5.86878 -0.178337
-6.10766 5.57362 -0.191564
-3.58837 5.41888 -0.112709
-3.26469 5.27573 -0.102567
-5.57021 7.87912 -0.174606
-4.29751 8.64189 -0.134714
-4.38502 8.8183 -0.137433
-5.92081 7.36714 -0.185618
-6.14505 5.96513 -0.192721
-6.32557 5.77282 -0.198373
-4.25374 8.55368 -0.133354
-4.03477 6.99507 -0.126629
-4.13303 7.16573 -0.129695
-3.95717 7.37666 -0.124173
-3.86422 7.20305 -0.121273
-3.5668 8.43693 -0.111859
9.91787 -0.612522 0.310772
-8.51936 -4.92522 -0.266986
-6.27616 -5.38266 -0.196837
-8.20029 -5.44099 -0.256993
-5.15709 5.0047 -0.161832
-5.15709 -5.0047 -0.161832
-4.47685 -7.76305 -0.140413
-4.42185 -8.24473 -0.138646
-4.46829 -8.33155 -0.140091
-4.41813 5.16055 -0.138702
-4.25733 5.29437 -0.133666
-4.13404 5.14086 -0.129807
-3.1992 -5.54459 -0.100508
-3.15003 -5.45928 -0.0989684
-3.49226 -6.50864 -0.109659
-4.79542 -4.94913 -0.150513
-4.94593 -6.9944 -0.155154
-3.24191 4.58196 -0.101858
-3.4124 4.82317 -0.107201
-4.01074 -4.98735 -0.125946
-3.88744 4.83385 -0.122084
-3.10936 -5.02447 -0.0977007
-2.90415 5.0327 -0.0912656
-5.10832 7.71864 -0.160176
-5.34324 7.55739 -0.167539
-5.16257 7.80078 -0.161865
-3.3467 5.80055 -0.105125
-6.91625 -7.14239 -0.216751
-7.12789 -5.74275 -0.223459
-6.33626 -7.40556 -0.198601
-6.62715 -7.27947 -0.207704
-4.56119 -8.50518 -0.142979
-3.2466 6.52512 -0.101958
-4.54606 5.3102 -0.142706
-4.38061 5.44789 -0.137524
-3.94909 4.9106 -0.124015
-4.09823 4.78647 -0.128686
-4.27024 -5.65905 -0.134064
-4.62714 -5.75494 -0.145236
-4.67399 -5.45985 -0.146709
-4.14307 7.72388 -0.129967
-4.42774 7.67771 -0.138883
-4.00365 7.46346 -0.125622
-9.02641 4.15838 -0.28286
-8.89416 4.43472 -0.278718
-9.76736 -1.82826 -0.30606
-9.70643 -2.12857 -0.304153
-9.02641 -4.15838 -0.28286
-6.33626 7.40556 -0.198601
-6.27236 7.33071 -0.196611
-6.97475 5.61916 -0.218676
-6.8216 5.49557 -0.213891
-6.50009 5.57503 -0.203836
-8.75348 4.70685 -0.274312
-8.6045 4.97451 -0.269646
-4.14452 6.69972 -0.130084
-4.09277 6.61596 -0.128468
-4.2943 6.48655 -0.134786
-5.23039 8.45905 -0.163916
-5.48801 8.29366 -0.17199
-3.94767 8.59139 -0.12377
-3.58934 9.27802 -0.112482
-4.32951 7.50705 -0.135822
-3.6184 -4.79423 -0.113656
9.86133 -1.22271 0.309003
-8.28223 -5.49544 -0.259551
-4.31897 -5.37113 -0.135595
-5.00075 -5.16135 -0.156939
-5.76103 -6.73198 -0.180671
-5.36651 -6.67615 -0.168334
-6.50009 -5.57503 -0.203836
-9.86133 -1.22273 -0.309003
-5.8171 -5.30804 -0.18248
-5.50998 -5.34769 -0.172872
-5.65112 -5.48488 -0.177285
-5.0027 -7.07482 -0.156925
-4.89129 -7.39007 -0.153415
-5.05946 -7.15525 -0.158695
-3.45508 -7.51726 -0.108433
-5.10833 -7.71864 -0.160176
-4.76515 -7.70501 -0.14944
-4.18953 -7.8107 -0.131415
-4.23599 -7.89751 -0.132862
-4.77145 -8.27507 -0.149582
-3.21321 -5.98785 -0.100933
-3.8642 -7.20306 -0.121273
-3.44502 -5.97119 -0.108201
-3.54334 -6.14183 -0.111276
-4.99378 -5.83398 -0.15671
-5.10458 -5.60438 -0.160183
-4.86587 -5.68433 -0.15271
-3.93754 -6.36466 -0.123619
-6.07449 -5.89651 -0.190517
-6.10766 -5.57362 -0.191564
-5.68505 -5.86878 -0.178337
-4.34857 -6.56869 -0.136482
-4.29429 -6.48656 -0.134786
-3.44057 4.55839 -0.108084
-4.97213 -5.45874 -0.15604
-4.9059 -5.38593 -0.153968
-2.90223 4.68944 -0.0912086
9.8943 0.918058 0.310035
9.86133 1.22272 0.309003
-5.45469 7.2317 -0.171053
-5.11622 7.23567 -0.160465
-5.33629 7.07442 -0.167362
-3.88736 6.73909 -0.122027
-4.12245 -8.28907 -0.129271
-4.20998 -8.46548 -0.131993
-5.63227 -7.46764 -0.176587
-6.08063 -7.10619 -0.190637
-5.8171 5.30804 -0.18248
-5.65112 5.48488 -0.177285
-6.90656 6.30403 -0.216512
-7.24641 6.21635 -0.22714
-6.97918 6.37044 -0.218778
-6.7111 6.93011 -0.210359
-6.77948 7.00087 -0.21249
-4.86386 -5.01987 -0.152655
-4.44223 4.87623 -0.139457
-4.57472 -5.02186 -0.143605
-8.03642 5.33206 -0.251875
-7.54489 6.47288 -0.23645
-9.81901 -1.52621 -0.307677
-9.6363 -2.42685 -0.301957
-9.26511 -3.59413 -0.290335
-6.20845 7.25587 -0.19462
-4.45487 7.20236 -0.13977
-4.78278 7.22578 -0.150032
-4.55831 7.36991 -0.142995
-6.42862 7.06096 -0.201519
-6.91625 7.14239 -0.216751
-6.63888 6.4454 -0.208136
-3.44503 5.97118 -0.108201
-4.0925 5.42317 -0.128502
-4.15175 5.5018 -0.130356
-5.07533 8.2077 -0.159095
-5.43377 8.21152 -0.170304
-5.67448 7.06003 -0.177941
-5.79764 7.21359 -0.18178
-5.57308 7.38899 -0.174743
-4.94593 6.99439 -0.155155
-4.61997 6.97937 -0.144953
-3.8656 8.41236 -0.121218
-3.26469 -5.27573 -0.102567
-2.88207 -4.35134 -0.0905768
9.93202 -0.306379 0.311215
-3.53877 6.59543 -0.111112
9.93674 0 0.311363
-7.92859 -5.99552 -0.248471
-7.51072 -6.05175 -0.23541
-8.44737 -5.23746 -0.264724
-6.54345 -5.97202 -0.205178
-4.9218 -6.52397 -0.154428
-4.66208 -6.59227 -0.146295
-5.20606 -5.37357 -0.163362
-6.0315 -6.62395 -0.189136
-5.82496 -6.80682 -0.182665
-5.9587 -6.15179 -0.186885
-5.89911 -6.47829 -0.185005
-6.09553 -6.2933 -0.191157
-4.68876 -5.8317 -0.147163
-4.87363 -6.062 -0.152942
-5.67181 -5.17525 -0.177936
-5.05407 -7.6365 -0.158486
-5.37745 -6.28297 -0.168698
-5.2433 -6.52261 -0.164488
-4.5583 -7.36991 -0.142995
-4.78277 -7.22579 -0.150031
-3.75131 -5.66526 -0.117809
-3.62704 -5.86206 -0.11391
-3.91422 -5.91164 -0.122906
-4.2262 -4.9361 -0.132693
-3.47176 -5.61078 -0.10905
-5.82188 -6.01028 -0.182612
-5.8903 -6.08103 -0.184749
-4.35142 -7.03481 -0.136543
-4.45714 -6.73296 -0.139871
-5.76672 -6.33262 -0.180872
-5.12168 -5.98363 -0.160707
-5.24957 -6.13329 -0.164703
-3.85546 5.1087 -0.121082
-3.58288 5.06438 -0.112542
-6.99157 -6.78848 -0.219135
-3.55913 4.71561 -0.111799
-4.71886 6.67269 -0.148068
-4.86259 6.44533 -0.152579
-4.35143 7.03481 -0.136543
-4.23127 7.33639 -0.132759
-4.18215 7.25106 -0.131227
-4.42773 -7.67772 -0.138883
-6.8505 -6.65124 -0.214737
-6.64271 -6.85935 -0.208227
-7.32103 -6.28048 -0.229468
-7.12441 -6.50325 -0.223308
-7.47028 -6.40874 -0.234123
-6.92103 -6.71986 -0.216936
-6.50592 -6.71784 -0.203962
-4.80336 -6.3667 -0.150729
-4.6053 -6.51184 -0.144522
-4.93525 6.13876 -0.154867
-4.75039 5.90846 -0.149089
-5.12168 5.98364 -0.160707
-6.57473 5.63916 -0.206168
-5.70051 6.2598 -0.178805
-3.98058 5.62725 -0.124992
-4.27025 5.65904 -0.134064
-4.50388 5.60141 -0.141381
-4.73795 5.53467 -0.14871
-4.9059 5.38593 -0.153969
-6.28615 6.10235 -0.197127
-6.47083 5.90561 -0.20291
-6.54346 5.97201 -0.205178
-7.66385 6.17535 -0.240188
-7.51072 6.05175 -0.23541
-6.29626 6.91528 -0.197393
-6.50592 6.71784 -0.203962
-6.64271 6.85935 -0.208227
-7.77173 5.8767 -0.243577
-6.92103 6.71986 -0.216936
-7.12441 6.50325 -0.223308
-7.26963 6.63606 -0.227836
-4.42185 8.24474 -0.138646
-4.4683 8.33155 -0.140091
-5.95279 6.9565 -0.186652
-6.08063 7.10619 -0.190637
-3.15004 5.45927 -0.0989681
-3.90663 8.50187 -0.122494
-4.12246 8.28907 -0.129271
-4.07868 8.20087 -0.127909
-5.3253 8.04722 -0.16693
-5.74042 8.12042 -0.1799
-5.48969 6.8297 -0.172178
-3.16114 -5.10822 -0.099323
-3.42 -5.52701 -0.10743
-3.31646 -5.3595 -0.104188
-8.02903 -5.69124 -0.251628
-8.28021 -5.13366 -0.259503
-8.43422 -4.87591 -0.264326
-5.0865 -4.9361 -0.159623
-4.99686 -6.21552 -0.156792
-5.23703 -5.75002 -0.164324
-5.41135 -5.5858 -0.169782
-5.61288 -6.98326 -0.17602
-6.68871 -6.10482 -0.209713
-6.23233 -6.43481 -0.195427
-6.8216 -5.49557 -0.213891
-5.70051 -6.2598 -0.178805
-3.39587 -5.88586 -0.106663
-4.04104 -6.53219 -0.126852
-4.77344 -5.2403 -0.149824
-3.6788 -5.94583 -0.115529
-3.58838 -5.41888 -0.112709
-3.83822 -6.65377 -0.120492
-4.24797 -6.86727 -0.133314
-3.36823 5.44325 -0.105809
-3.24837 5.62991 -0.102047
-4.77145 8.27506 -0.149582
-4.72236 8.18972 -0.148055
-4.97194 8.04014 -0.155879
-4.02284 6.07589 -0.126302
-3.78231 6.11335 -0.118766
-3.96854 5.99376 -0.124604
-4.51142 6.81509 -0.141566
-3.93755 6.36465 -0.123618
-4.56645 6.05217 -0.143326
-4.50721 5.97355 -0.141474
-4.72236 -8.18972 -0.148055
-7.19702 -6.56966 -0.225572
-6.43753 -6.64708 -0.201829
-6.14505 -5.96513 -0.192721
-5.05848 6.2923 -0.158717
-4.80336 6.3667 -0.150729
-4.99686 6.21552 -0.156792
-5.3049 6.59938 -0.166411
-5.1817 6.44584 -0.162565
-6.43753 6.64707 -0.201829
-5.03836 5.53156 -0.158112
-4.92025 7.95635 -0.15427
-4.73796 -5.53467 -0.14871
-4.32136 -6.10975 -0.13565
-7.86858 5.57732 -0.246619
-7.47028 6.40874 -0.234123
-5.82496 6.80682 -0.182665
-4.57506 7.93371 -0.143471
-5.17298 7.3161 -0.162234
-3.57529 5.7783 -0.11229
-4.96781 8.61641 -0.155686
-4.60764 8.59198 -0.144423
-4.76514 7.70502 -0.14944
-4.52595 7.84838 -0.141942
-4.99981 7.55435 -0.156796
-5.39998 7.63782 -0.169306
-4.71344 7.62124 -0.14783
-4.07713 6.15802 -0.127999
-4.32949 -5.73767 -0.135917
-4.07713 -6.15803 -0.128
-4.86259 -6.44534 -0.152579
-5.50189 -6.04132 -0.172601
-5.61663 -5.79804 -0.176199
-5.56926 -6.50747 -0.174686
-6.28615 -6.10235 -0.197127
-6.57473 -5.63916 -0.206168
-5.79225 -5.62209 -0.181697
-4.2262 4.9361 -0.132693
-4.37863 -7.59238 -0.137353
-3.29754 -5.71522 -0.103586
-3.86695 -5.46643 -0.121437
-4.09249 -5.42318 -0.128502
-4.08389 -7.0804 -0.128162
-6.47083 -5.90561 -0.20291
-3.0451 -4.59768 -0.0956883
-4.18572 6.32229 -0.131393
-4.49174 6.351 -0.140975
-4.74414 6.28807 -0.148879
-3.54334 6.14182 -0.111276
-3.6184 4.79423 -0.113656
-6.0977 -6.69678 -0.191201
-6.23233 6.43481 -0.195427
-6.0315 6.62395 -0.189136
-5.36651 6.67615 -0.168334
-5.63318 6.58231 -0.176681
-5.20606 5.37357 -0.163362
-5.41135 5.5858 -0.169782
-4.77344 5.2403 -0.149824
-5.00075 5.16135 -0.156939
-4.38873 5.81629 -0.13777
-4.15097 -5.8685 -0.130323
-4.35415 5.08574 -0.136699
-7.1279 5.74275 -0.223459
-7.20447 5.80455 -0.22585
-6.56834 6.37679 -0.205935
-6.8505 6.65124 -0.214737
-5.28649 7.47696 -0.165771
-4.19624 6.78349 -0.131699
-3.20811 -4.84403 -0.100798
-5.43567 -5.9685 -0.170532
-5.44138 -6.3578 -0.170694
-6.72401 -5.76742 -0.210831
-4.32137 6.10975 -0.135651
-3.47177 5.61077 -0.10905
-5.21788 6.91714 -0.163669
-4.24798 6.86726 -0.133314
-6.97918 -6.37044 -0.218778
-6.29626 -6.91528 -0.197393
-5.79225 5.62209 -0.181697
-5.82189 6.01028 -0.182612
-5.8903 6.08103 -0.184749
-4.68491 6.20944 -0.147028
-6.0977 6.69678 -0.191201
-5.0865 4.9361 -0.159623
-7.02253 6.02394 -0.220153
-7.3576 5.92816 -0.230631
-6.77996 6.58263 -0.212537
-6.70943 6.51401 -0.210337
-6.4978 6.30818 -0.203734
-7.32103 6.28048 -0.229468
-5.36883 5.21049 -0.168457
-4.61002 7.45369 -0.144607
-5.27106 7.96507 -0.165242
-3.91471 -5.18732 -0.122937
-4.66208 6.59227 -0.146295
-3.9893 6.44841 -0.125235
-5.47978 5.65655 -0.171921
-6.76133 6.17122 -0.21198
-6.68871 6.10482 -0.209713
-6.79865 5.83155 -0.213162
-6.72401 5.76742 -0.210831
-5.36947 5.89567 -0.168463
-4.89131 7.39006 -0.153415
-4.15099 5.86849 -0.130323
-3.85993 5.82951 -0.121207
-4.6053 6.51184 -0.144522
-5.43568 5.9685 -0.170532
-5.56926 6.50747 -0.174686
-5.76672 6.33262 -0.180872
-6.09553 6.29329 -0.191157
-6.02712 6.22254 -0.189021
-6.42725 6.23957 -0.201532
-6.16393 6.36405 -0.193292
-4.62416 8.01905 -0.144999
-4.44223 -4.87624 -0.139457
-4.32949 5.73767 -0.135917
-3.91424 5.91163 -0.122906
-4.09418 5.78808 -0.128546
-5.54821 5.72729 -0.17406
-5.50532 6.43263 -0.17269
-5.12009 6.36907 -0.160641
-5.95871 6.15179 -0.186885
3  0 1 2
3  3 4 5
3  6 7 8
3  9 10 11
3  12 13 14
3  15 12 16
3  17 18 19
3  6 20 21
3  22 23 24
3  25 26 27
3  28 29 30
3  31 15 32
3  33 34 35
3  36 37 38
3  37 4 39
3  40 41 42
3  13 43 14
3  7 13 44
3  45 46 47
3  13 48 49
3  13 15 31
3  15 50 32
3  51 52 53
3  18 25 54
3  55 18 56
3  57 58 35
3  4 59 5
3  9 22 24
3  34 6 60
3  21 61 62
3  36 63 64
3  59 4 62
3  63 65 64
3  4 66 39
3  20 6 67
3  44 13 49
3  7 6 68
3  41 69 42
3  70 71 72
3  20 8 73
3  74 75 76
3  77 44 78
3  15 13 12
3  79 0 80
3  81 52 82
3  48 13 31
3  83 84 85
3  86 46 87
3  88 63 89
3  66 90 91
3  80 0 2
3  92 17 93
3  63 69 40
3  63 94 79
3  63 79 69
3  80 95 96
3  59 20 97
3  98 99 75
3  21 62 100
3  61 20 59
3  20 61 21
3  61 59 62
3  8 7 77
3  7 44 77
3  58 33 35
3  101 79 28
3  44 49 102
3  102 103 104
3  48 31 105
3  31 22 106
3  105 22 9
3  91 90 27
3  3 107 108
3  109 73 110
3  43 95 14
3  57 95 111
3  12 112 16
3  15 16 50
3  92 18 17
3  113 25 114
3  16 112 50
3  46 50 47
3  63 66 91
3  3 51 115
3  51 90 115
3  90 66 115
3  62 36 100
3  33 58 34
3  53 75 116
3  92 117 118
3  18 55 26
3  113 1 25
3  1 0 17
3  17 0 119
3  80 112 14
3  112 12 14
3  40 69 41
3  63 42 120
3  69 79 101
3  69 35 121
3  109 20 73
3  59 122 5
3  44 102 78
3  20 109 123
3  66 63 39
3  63 36 39
3  4 37 62
3  37 36 62
3  84 122 124
3  34 125 126
3  6 8 67
3  8 20 67
3  49 48 102
3  98 75 127
3  57 13 58
3  95 35 30
3  13 7 58
3  7 68 58
3  69 28 128
3  68 6 58
3  129 130 131
3  132 122 133
3  23 86 24
3  134 135 136
3  22 50 23
3  50 46 23
3  75 99 137
3  138 139 140
3  141 142 143
3  51 3 144
3  95 80 14
3  95 43 111
3  50 112 47
3  1 46 45
3  50 22 32
3  22 31 32
3  22 105 106
3  105 31 106
3  145 91 56
3  91 55 56
3  66 4 115
3  4 3 115
3  146 147 148
3  132 149 150
3  145 117 89
3  117 94 88
3  79 94 151
3  0 79 119
3  1 112 152
3  112 80 152
3  153 69 154
3  6 155 60
3  63 156 42
3  63 40 156
3  96 95 30
3  79 80 96
3  95 57 35
3  35 28 30
3  59 97 157
3  20 123 97
3  77 73 158
3  73 77 110
3  37 39 38
3  39 36 38
3  65 100 64
3  100 36 64
3  100 159 160
3  161 153 154
3  162 124 163
3  6 21 155
3  58 6 34
3  100 65 159
3  102 48 103
3  103 48 164
3  99 98 127
3  77 78 165
3  42 69 166
3  167 168 169
3  170 171 172
3  77 173 174
3  10 134 175
3  10 176 177
3  136 178 179
3  180 114 53
3  181 182 142
3  9 183 184
3  52 51 182
3  185 170 186
3  43 13 111
3  13 57 111
3  112 1 47
3  1 45 47
3  18 117 56
3  117 145 56
3  122 132 5
3  3 5 107
3  153 42 166
3  132 133 187
3  188 189 190
3  107 132 108
3  117 18 118
3  92 118 191
3  94 117 151
3  92 151 192
3  94 63 88
3  117 88 89
3  23 46 86
3  113 180 87
3  193 194 178
3  114 25 195
3  25 1 196
3  1 17 19
3  79 151 119
3  17 119 197
3  1 152 2
3  152 80 2
3  159 120 198
3  156 40 199
3  200 201 202
3  69 101 28
3  203 52 186
3  29 96 30
3  97 123 157
3  122 157 124
3  157 204 124
3  122 59 157
3  73 8 158
3  8 77 158
3  155 21 160
3  166 69 205
3  77 206 110
3  207 208 209
3  210 48 211
3  77 165 212
3  78 213 214
3  215 216 217
3  9 11 218
3  219 220 221
3  222 223 224
3  10 75 178
3  75 52 81
3  10 86 75
3  225 167 226
3  227 228 229
3  5 132 107
3  182 51 230
3  231 232 233
3  133 122 84
3  234 48 235
3  132 187 236
3  51 144 230
3  144 3 230
3  118 18 191
3  18 92 191
3  119 151 93
3  151 92 93
3  151 117 192
3  117 92 192
3  63 91 89
3  91 145 89
3  86 180 75
3  180 86 87
3  86 10 24
3  10 9 24
3  46 1 87
3  1 113 87
3  196 1 54
3  25 196 54
3  90 51 27
3  25 18 26
3  52 75 53
3  180 113 114
3  28 79 29
3  79 96 29
3  157 123 204
3  124 204 237
3  156 199 42
3  199 40 42
3  161 154 60
3  154 69 60
3  42 153 238
3  153 161 238
3  161 239 160
3  239 155 160
3  125 60 126
3  125 34 60
3  28 35 240
3  35 69 128
3  9 241 242
3  130 48 243
3  48 105 244
3  245 48 246
3  247 248 249
3  250 129 131
3  251 252 253
3  254 255 256
3  48 257 258
3  108 189 259
3  162 260 261
3  262 263 264
3  11 177 265
3  10 177 266
3  110 206 208
3  9 267 183
3  10 135 134
3  135 178 136
3  268 269 179
3  268 75 137
3  270 75 271
3  272 273 274
3  275 276 277
3  257 48 245
3  278 279 280
3  52 278 280
3  281 282 283
3  284 187 285
3  187 133 286
3  109 124 237
3  133 84 286
3  187 286 85
3  109 110 208
3  287 288 289
3  290 291 292
3  230 3 108
3  119 93 293
3  93 17 293
3  1 19 54
3  19 18 54
3  26 55 27
3  55 91 27
3  51 53 195
3  53 114 195
3  155 239 60
3  239 161 60
3  120 42 198
3  21 100 160
3  42 238 198
3  238 161 160
3  35 126 121
3  35 34 126
3  35 128 240
3  128 28 240
3  294 48 295
3  243 294 258
3  78 296 297
3  130 129 298
3  221 220 299
3  48 244 300
3  48 129 164
3  301 302 303
3  255 304 305
3  78 306 307
3  308 309 310
3  77 311 312
3  182 313 142
3  52 182 170
3  78 314 315
3  316 317 318
3  177 11 266
3  11 10 266
3  9 319 320
3  241 11 136
3  267 321 184
3  322 320 184
3  193 75 194
3  75 268 194
3  177 176 265
3  176 10 265
3  323 52 324
3  203 325 326
3  278 52 279
3  52 323 279
3  286 84 83
3  286 83 85
3  85 327 328
3  329 330 331
3  329 332 284
3  132 333 334
3  335 336 337
3  108 132 338
3  182 230 313
3  339 340 341
3  119 293 197
3  293 17 197
3  342 343 344
3  345 346 347
3  75 270 127
3  269 127 222
3  75 180 116
3  180 53 116
3  25 27 195
3  27 51 195
3  124 260 163
3  260 162 163
3  204 123 237
3  123 109 237
3  69 153 205
3  153 166 205
3  159 65 120
3  65 63 120
3  126 60 121
3  60 69 121
3  9 322 348
3  349 210 350
3  130 243 258
3  351 352 202
3  267 242 136
3  242 241 136
3  353 349 235
3  210 349 354
3  223 355 356
3  357 358 359
3  77 360 361
3  297 296 362
3  78 363 364
3  307 306 365
3  261 260 366
3  360 367 361
3  78 364 368
3  304 255 254
3  369 370 371
3  170 185 372
3  313 230 373
3  270 74 76
3  52 185 186
3  374 283 375
3  77 376 377
3  289 378 379
3  380 174 381
3  382 104 250
3  102 382 383
3  210 211 300
3  9 384 385
3  218 11 385
3  265 134 136
3  267 9 386
3  75 193 178
3  387 178 388
3  134 265 389
3  10 389 390
3  391 52 280
3  11 265 136
3  323 282 281
3  392 393 394
3  395 396 397
3  396 348 397
3  267 386 242
3  386 9 242
3  10 387 388
3  387 10 178
3  186 398 399
3  259 189 400
3  52 325 324
3  325 323 324
3  325 52 326
3  52 203 326
3  84 124 401
3  124 162 401
3  261 366 327
3  132 236 402
3  188 403 404
3  338 132 405
3  229 406 407
3  81 227 252
3  52 227 408
3  227 81 408
3  137 127 269
3  137 99 127
3  238 160 198
3  160 159 198
3  211 48 300
3  103 164 104
3  129 48 298
3  48 130 409
3  48 294 243
3  257 245 258
3  235 349 410
3  411 412 413
3  48 414 246
3  415 234 416
3  48 349 353
3  48 353 235
3  349 48 354
3  48 210 354
3  274 219 346
3  102 104 417
3  418 419 420
3  314 201 315
3  421 422 362
3  306 78 423
3  368 364 424
3  363 78 307
3  360 212 367
3  360 77 212
3  425 426 427
3  304 77 312
3  428 170 429
3  323 325 430
3  182 431 429
3  428 432 433
3  316 434 317
3  181 142 141
3  435 436 437
3  438 439 440
3  170 182 429
3  281 283 407
3  367 276 441
3  442 132 443
3  444 260 445
3  124 109 168
3  102 446 419
3  102 358 357
3  447 284 448
3  449 450 451
3  304 312 452
3  452 312 453
3  363 307 364
3  212 165 367
3  258 415 416
3  258 245 415
3  416 410 454
3  358 102 455
3  384 218 385
3  384 9 218
3  134 389 456
3  389 10 456
3  389 265 390
3  265 10 390
3  457 458 459
3  75 460 76
3  227 52 461
3  229 228 406
3  462 230 138
3  391 280 281
3  378 333 379
3  463 464 465
3  183 267 184
3  322 9 320
3  322 321 348
3  321 322 184
3  178 135 388
3  135 10 388
3  236 466 402
3  466 132 402
3  132 442 467
3  405 132 150
3  75 74 271
3  74 270 271
3  460 81 76
3  75 81 460
3  52 408 82
3  408 81 82
3  48 409 298
3  409 130 298
3  48 258 295
3  258 294 295
3  414 48 415
3  48 234 415
3  104 382 417
3  382 102 417
3  468 418 469
3  314 78 214
3  203 186 470
3  471 472 318
3  185 52 372
3  52 170 372
3  473 432 428
3  181 141 473
3  291 141 143
3  474 475 343
3  291 432 141
3  141 432 473
3  139 230 476
3  230 108 475
3  462 138 371
3  230 462 373
3  470 186 399
3  398 170 172
3  424 275 277
3  109 477 478
3  84 401 85
3  401 162 85
3  479 366 444
3  480 481 482
3  124 168 167
3  366 260 444
3  306 423 297
3  423 78 297
3  201 296 315
3  296 78 315
3  483 201 484
3  383 382 250
3  351 469 485
3  206 486 487
3  488 489 490
3  77 304 254
3  491 376 256
3  361 367 488
3  424 364 365
3  422 297 362
3  105 492 71
3  493 72 494
3  164 129 250
3  102 383 495
3  11 241 385
3  241 9 385
3  134 456 175
3  456 10 175
3  370 373 371
3  463 496 497
3  251 498 499
3  374 375 500
3  501 502 503
3  291 143 292
3  268 137 269
3  127 270 504
3  228 52 505
3  52 391 505
3  52 228 461
3  228 227 461
3  320 319 184
3  319 9 184
3  506 507 508
3  321 267 136
3  374 509 510
3  511 397 512
3  105 70 513
3  350 210 300
3  359 358 514
3  515 273 516
3  349 350 410
3  234 235 410
3  414 415 246
3  415 245 246
3  214 213 468
3  213 78 468
3  283 282 517
3  186 170 398
3  502 282 518
3  229 407 519
3  431 182 473
3  182 181 473
3  369 520 521
3  290 520 522
3  523 524 525
3  475 108 259
3  526 527 528
3  529 530 510
3  520 290 531
3  142 313 373
3  230 139 138
3  532 436 371
3  373 462 371
3  533 435 437
3  432 291 433
3  171 170 428
3  530 534 535
3  438 440 536
3  537 538 539
3  540 541 542
3  225 124 167
3  543 544 545
3  514 455 250
3  446 102 357
3  262 546 547
3  358 455 514
3  548 538 487
3  377 549 550
3  425 551 426
3  552 543 553
3  554 491 256
3  377 376 491
3  489 488 441
3  311 77 361
3  555 556 557
3  558 555 557
3  559 488 490
3  488 367 441
3  560 395 511
3  105 9 395
3  395 397 511
3  348 321 397
3  383 455 495
3  455 102 495
3  440 405 561
3  533 437 344
3  289 379 562
3  464 563 465
3  564 565 330
3  132 466 332
3  280 279 281
3  279 323 281
3  283 517 375
3  406 505 407
3  290 566 567
3  172 171 568
3  229 251 253
3  569 570 571
3  76 81 252
3  223 270 76
3  269 572 179
3  573 136 179
3  228 505 406
3  355 574 356
3  450 449 575
3  530 529 576
3  321 136 573
3  572 573 179
3  458 577 578
3  105 395 560
3  579 580 272
3  397 321 581
3  350 582 457
3  350 300 582
3  557 275 421
3  583 584 585
3  468 78 418
3  359 586 420
3  203 470 430
3  501 470 399
3  230 475 587
3  463 588 496
3  589 140 590
3  436 532 437
3  143 142 531
3  520 531 521
3  589 532 140
3  532 138 140
3  531 142 370
3  142 373 370
3  138 532 371
3  436 369 371
3  431 473 429
3  473 428 429
3  433 291 591
3  171 428 433
3  85 162 327
3  162 261 327
3  592 483 484
3  570 593 594
3  595 596 571
3  597 598 599
3  489 600 601
3  441 276 602
3  444 124 603
3  603 124 604
3  289 288 378
3  132 605 606
3  132 287 607
3  288 333 378
3  208 206 537
3  207 109 208
3  109 481 480
3  540 608 609
3  610 146 148
3  479 611 612
3  327 366 545
3  613 614 146
3  615 616 617
3  446 357 359
3  104 164 250
3  455 383 250
3  453 311 490
3  173 77 377
3  77 618 619
3  306 297 421
3  256 255 620
3  77 254 621
3  367 165 368
3  165 78 368
3  602 622 600
3  621 254 256
3  559 311 488
3  311 361 488
3  312 311 453
3  620 255 305
3  515 516 623
3  9 396 624
3  403 108 625
3  108 338 625
3  215 597 626
3  439 438 588
3  565 627 330
3  466 236 332
3  523 628 629
3  536 289 630
3  132 467 631
3  632 633 634
3  635 636 637
3  391 281 638
3  638 281 407
3  522 434 639
3  143 531 292
3  531 290 292
3  290 316 640
3  641 501 642
3  291 643 568
3  291 290 643
3  252 251 574
3  223 76 252
3  222 127 504
3  269 222 644
3  178 194 179
3  194 268 179
3  283 498 645
3  391 638 407
3  252 227 253
3  227 229 253
3  520 434 522
3  505 391 407
3  269 644 646
3  646 223 647
3  648 649 650
3  356 251 651
3  652 653 654
3  655 309 656
3  416 234 410
3  577 657 578
3  273 580 516
3  410 547 454
3  658 627 659
3  578 657 264
3  71 492 660
3  105 661 662
3  300 244 513
3  244 105 513
3  663 664 665
3  600 622 601
3  666 421 352
3  296 201 200
3  418 78 419
3  78 102 419
3  282 323 430
3  325 203 430
3  667 398 668
3  668 398 172
3  282 430 518
3  282 502 517
3  476 230 587
3  496 339 497
3  435 318 669
3  434 520 318
3  471 435 670
3  437 342 344
3  587 475 474
3  476 587 474
3  139 476 140
3  476 474 590
3  531 370 521
3  370 369 521
3  171 591 568
3  171 433 591
3  332 236 284
3  284 671 672
3  545 612 553
3  187 85 328
3  673 674 675
3  676 481 677
3  262 547 263
3  467 442 443
3  678 450 575
3  449 679 680
3  147 614 681
3  603 604 146
3  477 682 478
3  481 676 482
3  260 124 445
3  124 444 445
3  479 444 146
3  682 109 480
3  132 683 605
3  412 411 631
3  467 412 631
3  333 132 684
3  440 149 536
3  132 288 685
3  405 150 561
3  149 132 607
3  426 551 539
3  208 537 209
3  539 551 686
3  687 688 689
3  690 676 677
3  109 207 691
3  124 613 604
3  692 673 675
3  420 586 693
3  446 359 420
3  410 350 459
3  694 594 695
3  696 380 381
3  377 554 549
3  619 697 487
3  538 426 539
3  697 548 487
3  206 77 486
3  554 377 491
3  376 77 621
3  698 699 700
3  701 687 702
3  311 559 490
3  452 453 703
3  573 572 704
3  396 9 348
3  396 395 624
3  395 9 624
3  512 493 494
3  705 706 511
3  351 202 707
3  105 706 708
3  403 188 709
3  463 497 710
3  625 338 711
3  338 405 711
3  607 287 536
3  149 607 536
3  438 712 588
3  588 712 496
3  510 713 714
3  627 658 715
3  471 716 717
3  718 719 720
3  333 411 379
3  721 309 722
3  236 187 284
3  329 723 412
3  317 434 318
3  434 724 639
3  725 534 726
3  509 727 728
3  375 517 500
3  635 509 728
3  579 272 274
3  223 252 355
3  270 223 504
3  223 222 504
3  729 730 731
3  574 251 356
3  579 215 732
3  515 220 274
3  273 515 274
3  730 729 733
3  345 274 346
3  224 223 646
3  652 734 735
3  655 736 737
3  251 229 519
3  251 519 498
3  719 718 738
3  739 722 740
3  231 546 741
3  742 516 741
3  419 446 420
3  359 514 586
3  458 457 72
3  458 72 493
3  582 300 457
3  350 457 459
3  343 475 743
3  507 577 512
3  595 571 741
3  577 458 493
3  506 623 744
3  657 744 264
3  70 661 71
3  661 105 71
3  661 70 662
3  70 105 662
3  558 557 421
3  368 424 277
3  351 666 352
3  314 214 592
3  745 746 392
3  747 748 749
3  398 667 399
3  667 501 399
3  668 172 568
3  566 750 642
3  343 751 752
3  532 589 437
3  339 496 526
3  753 754 755
3  140 476 590
3  754 751 756
3  471 318 435
3  369 436 435
3  757 751 340
3  758 309 759
3  760 761 762
3  611 146 763
3  247 764 248
3  765 231 766
3  580 579 595
3  767 593 768
3  444 603 146
3  614 226 681
3  611 479 146
3  768 593 769
3  614 147 146
3  604 613 146
3  770 771 772
3  478 773 774
3  775 776 777
3  169 168 778
3  612 611 763
3  779 780 781
3  132 332 443
3  332 467 443
3  631 411 606
3  411 333 606
3  333 288 334
3  288 132 334
3  288 287 685
3  287 132 685
3  207 209 542
3  690 540 609
3  554 782 783
3  393 701 394
3  698 784 699
3  690 785 775
3  541 481 691
3  481 109 691
3  613 124 614
3  124 225 614
3  250 454 786
3  586 514 250
3  619 618 697
3  173 377 174
3  376 621 256
3  787 620 305
3  788 787 789
3  787 452 703
3  697 696 790
3  538 548 427
3  608 537 609
3  537 539 609
3  538 537 487
3  77 619 791
3  486 619 487
3  537 206 487
3  336 335 792
3  784 785 699
3  748 747 687
3  441 602 600
3  321 793 581
3  572 794 795
3  475 259 743
3  346 221 347
3  706 560 511
3  706 105 560
3  706 492 708
3  492 105 708
3  188 753 755
3  497 188 710
3  189 108 190
3  108 403 709
3  463 404 464
3  404 403 796
3  797 439 465
3  625 711 563
3  150 149 798
3  149 440 798
3  799 678 627
3  732 215 217
3  534 725 800
3  598 310 721
3  734 652 654
3  649 801 802
3  716 719 628
3  524 803 525
3  496 712 804
3  719 805 720
3  727 750 636
3  534 530 726
3  287 289 536
3  438 536 806
3  807 718 735
3  289 653 630
3  216 680 217
3  330 627 715
3  605 631 606
3  329 633 723
3  467 332 412
3  332 329 412
3  667 668 568
3  316 318 636
3  434 316 724
3  316 290 724
3  636 318 637
3  374 727 509
3  509 529 510
3  309 655 759
3  501 667 642
3  642 667 567
3  730 646 647
3  355 252 574
3  644 224 646
3  644 222 224
3  269 646 808
3  646 730 808
3  498 809 651
3  810 216 599
3  221 704 347
3  730 647 811
3  729 794 733
3  729 345 812
3  655 656 651
3  813 251 499
3  407 283 645
3  814 498 736
3  726 530 629
3  648 721 722
3  734 807 735
3  718 807 738
3  694 231 741
3  570 694 571
3  547 546 815
3  586 250 816
3  579 596 595
3  817 818 819
3  71 660 72
3  454 547 786
3  820 821 822
3  747 823 687
3  657 506 744
3  580 595 741
3  706 705 494
3  300 513 457
3  506 657 507
3  657 577 507
3  506 220 623
3  220 515 623
3  275 424 365
3  364 307 365
3  365 306 421
3  297 422 421
3  351 821 824
3  761 825 826
3  591 291 568
3  643 290 827
3  430 470 503
3  470 501 503
3  339 757 340
3  189 754 828
3  471 757 829
3  757 339 829
3  805 527 720
3  652 735 830
3  520 369 435
3  374 510 736
3  589 590 437
3  437 590 342
3  751 343 756
3  590 474 342
3  831 832 833
3  570 569 593
3  834 393 835
3  776 784 836
3  302 837 303
3  838 583 819
3  569 449 593
3  571 694 741
3  678 575 680
3  450 678 451
3  575 449 680
3  649 658 839
3  580 273 272
3  220 219 274
3  309 840 656
3  731 811 651
3  226 841 681
3  614 225 226
3  841 169 778
3  480 482 779
3  109 682 477
3  682 780 842
3  785 784 775
3  784 698 843
3  481 541 677
3  690 677 540
3  605 683 631
3  683 132 631
3  537 608 209
3  608 540 542
3  551 785 686
3  785 690 686
3  677 541 540
3  209 608 542
3  783 782 844
3  698 700 663
3  785 551 699
3  664 663 845
3  130 258 131
3  258 416 131
3  586 846 693
3  469 418 420
3  214 468 592
3  468 469 592
3  77 174 847
3  174 380 847
3  554 848 549
3  549 848 550
3  844 849 838
3  618 380 696
3  787 788 620
3  850 788 789
3  453 490 703
3  490 489 703
3  548 697 790
3  697 618 696
3  619 486 791
3  486 77 791
3  851 664 845
3  584 700 852
3  554 788 782
3  622 687 689
3  745 392 394
3  844 850 853
3  854 824 820
3  602 276 557
3  783 818 817
3  489 441 600
3  793 321 704
3  321 573 704
3  108 709 190
3  709 188 190
3  188 404 710
3  404 463 710
3  403 625 796
3  404 796 464
3  310 598 855
3  711 405 563
3  150 798 561
3  798 440 561
3  651 656 856
3  251 813 651
3  498 655 809
3  309 308 840
3  759 714 857
3  655 510 714
3  309 800 722
3  309 758 800
3  648 801 649
3  633 649 802
3  725 858 740
3  654 653 859
3  719 716 805
3  339 805 829
3  472 628 803
3  716 628 717
3  530 523 629
3  628 719 860
3  523 530 524
3  530 635 524
3  527 712 861
3  438 806 862
3  802 863 634
3  379 632 562
3  412 723 413
3  723 633 413
3  806 630 862
3  379 411 632
3  565 799 627
3  565 564 799
3  679 864 732
3  633 329 331
3  517 641 500
3  750 727 865
3  517 502 641
3  502 501 641
3  724 290 639
3  290 522 639
3  750 566 636
3  316 636 640
3  635 530 576
3  510 530 535
3  636 566 640
3  566 290 640
3  750 641 642
3  566 642 567
3  572 866 794
3  572 269 866
3  223 356 647
3  647 356 811
3  720 527 861
3  809 655 651
3  345 729 867
3  867 597 868
3  655 498 814
3  655 814 736
3  596 579 732
3  731 651 856
3  498 519 645
3  519 407 645
3  498 283 869
3  498 869 736
3  830 712 870
3  630 653 652
3  546 231 233
3  593 767 594
3  232 231 765
3  546 262 742
3  516 580 741
3  546 742 741
3  232 821 846
3  469 420 693
3  871 512 494
3  458 263 459
3  872 824 854
3  832 873 874
3  846 821 875
3  469 875 485
3  511 512 871
3  72 660 494
3  704 221 299
3  220 506 508
3  744 876 264
3  876 516 264
3  263 458 264
3  458 578 264
3  457 513 72
3  513 70 72
3  202 201 707
3  660 492 494
3  276 275 557
3  275 365 421
3  276 367 277
3  367 368 277
3  666 555 421
3  555 558 421
3  296 200 362
3  421 362 352
3  643 827 568
3  827 290 568
3  430 503 518
3  503 502 518
3  259 400 756
3  189 828 400
3  188 497 753
3  340 751 341
3  754 753 341
3  751 754 341
3  805 716 829
3  471 829 877
3  712 527 804
3  339 526 528
3  878 879 337
3  792 880 881
3  882 883 837
3  769 593 884
3  762 247 249
3  335 843 792
3  885 448 769
3  767 761 886
3  678 799 451
3  451 885 884
3  864 596 732
3  887 597 867
3  679 449 888
3  571 596 864
3  841 226 169
3  226 167 169
3  610 148 889
3  148 841 890
3  482 676 779
3  690 775 777
3  692 891 673
3  675 780 892
3  682 773 478
3  773 674 774
3  780 779 892
3  480 779 781
3  784 776 775
3  779 676 892
3  329 284 447
3  330 447 448
3  327 671 328
3  671 284 328
3  301 762 302
3  543 545 553
3  333 684 606
3  684 132 606
3  541 691 542
3  691 207 542
3  539 686 609
3  686 690 609
3  664 688 701
3  556 555 747
3  843 698 792
3  663 700 845
3  250 131 454
3  131 416 454
3  592 469 483
3  469 351 483
3  848 174 550
3  174 377 550
3  380 618 847
3  618 77 847
3  788 554 620
3  554 256 620
3  893 584 583
3  426 538 427
3  585 584 852
3  425 427 700
3  782 788 850
3  489 850 789
3  622 602 748
3  823 894 617
3  794 729 812
3  347 794 812
3  346 219 221
3  793 704 299
3  508 507 895
3  220 508 299
3  464 796 563
3  796 625 563
3  405 440 797
3  440 439 797
3  405 797 465
3  563 405 465
3  579 274 215
3  597 215 868
3  216 215 626
3  308 310 887
3  896 739 740
3  858 896 740
3  801 896 859
3  633 802 634
3  896 801 739
3  801 648 739
3  725 807 858
3  807 734 858
3  628 472 717
3  472 471 717
3  524 318 803
3  318 472 803
3  807 860 738
3  860 719 738
3  860 807 897
3  807 725 897
3  628 860 629
3  860 897 629
3  536 630 806
3  630 652 862
3  653 863 859
3  896 654 859
3  652 830 870
3  712 438 898
3  411 413 632
3  413 633 632
3  896 858 654
3  858 734 654
3  329 447 330
3  564 330 448
3  627 810 659
3  627 678 810
3  727 500 865
3  727 374 500
3  727 636 728
3  636 635 728
3  529 509 576
3  509 635 576
3  318 524 637
3  524 635 637
3  318 520 669
3  520 435 669
3  713 534 857
3  714 713 857
3  869 283 736
3  283 374 736
3  730 866 808
3  866 269 808
3  811 356 651
3  731 730 811
3  886 761 826
3  694 570 594
3  231 695 766
3  594 767 766
3  825 873 899
3  231 694 695
3  232 846 233
3  846 546 233
3  546 846 900
3  846 586 900
3  586 815 900
3  815 546 900
3  263 547 459
3  547 410 459
3  602 557 748
3  695 594 766
3  698 663 665
3  701 393 901
3  747 555 902
3  902 555 894
3  875 821 485
3  821 351 485
3  846 875 693
3  875 469 693
3  507 512 895
3  512 397 895
3  705 871 494
3  512 577 493
3  492 706 494
3  705 511 871
3  744 623 876
3  623 516 876
3  516 742 264
3  742 262 264
3  352 362 202
3  362 200 202
3  667 568 567
3  568 290 567
3  400 828 756
3  828 754 756
3  259 756 743
3  756 343 743
3  339 341 903
3  341 753 903
3  754 189 755
3  189 188 755
3  829 716 877
3  716 471 877
3  527 526 804
3  526 496 804
3  527 805 528
3  805 339 528
3  751 757 752
3  471 670 904
3  474 343 342
3  435 533 670
3  670 344 904
3  533 344 670
3  336 792 881
3  760 762 833
3  672 671 545
3  672 545 905
3  148 890 889
3  906 543 907
3  761 760 825
3  760 908 825
3  784 879 909
3  784 909 836
3  335 879 843
3  879 784 843
3  771 770 552
3  879 335 337
3  449 451 884
3  885 769 884
3  451 799 910
3  799 564 910
3  216 810 680
3  810 678 680
3  841 148 681
3  148 147 681
3  674 911 912
3  890 911 889
3  675 913 914
3  836 878 915
3  911 890 912
3  890 841 912
3  682 842 773
3  674 773 916
3  676 777 892
3  676 690 777
3  780 682 781
3  682 480 781
3  187 328 285
3  328 284 285
3  564 448 885
3  284 672 917
3  883 882 917
3  672 883 917
3  701 688 687
3  337 336 881
3  918 688 853
3  393 880 901
3  201 314 484
3  314 592 484
3  304 452 305
3  452 787 305
3  790 696 819
3  427 548 790
3  174 848 381
3  782 850 844
3  849 851 583
3  601 918 853
3  699 551 700
3  551 425 700
3  427 790 919
3  850 489 601
3  622 748 687
3  850 601 853
3  787 703 789
3  703 489 789
3  748 557 749
3  894 615 617
3  794 866 733
3  866 730 733
3  310 309 721
3  739 648 722
3  598 721 839
3  649 839 650
3  215 274 920
3  274 345 920
3  653 632 634
3  863 653 634
3  722 800 740
3  800 725 740
3  803 628 525
3  628 523 525
3  897 726 629
3  897 725 726
3  712 898 870
3  898 438 862
3  632 653 562
3  653 289 562
3  863 802 859
3  802 801 859
3  658 649 715
3  649 633 715
3  448 882 769
3  762 761 302
3  500 641 865
3  641 750 865
3  534 713 535
3  713 510 535
3  758 759 857
3  759 655 714
3  736 510 737
3  510 655 737
3  656 840 856
3  840 308 856
3  498 651 499
3  651 813 499
3  735 718 830
3  712 830 861
3  571 864 888
3  864 679 888
3  547 815 816
3  815 586 816
3  745 823 921
3  393 392 835
3  555 666 615
3  616 872 617
3  615 666 616
3  616 351 922
3  508 895 299
3  895 397 581
3  753 497 903
3  497 339 903
3  344 343 904
3  343 752 904
3  752 757 904
3  757 471 904
3  301 883 923
3  248 834 835
3  883 672 905
3  671 327 545
3  764 247 906
3  553 612 763
3  746 832 831
3  833 762 249
3  924 673 915
3  925 770 772
3  545 366 612
3  366 479 612
3  771 926 772
3  610 926 927
3  760 874 908
3  874 873 908
3  911 926 889
3  926 610 889
3  925 911 924
3  891 692 836
3  911 674 673
3  892 776 913
3  909 879 836
3  879 878 836
3  674 912 774
3  912 841 778
3  773 842 916
3  842 780 916
3  301 544 928
3  761 767 768
3  880 792 901
3  393 834 880
3  664 701 901
3  664 901 665
3  688 664 929
3  664 851 929
3  919 790 819
3  929 851 853
3  700 584 893
3  696 381 819
3  688 929 853
3  601 622 918
3  557 556 749
3  556 747 749
3  704 572 795
3  345 347 812
3  895 581 299
3  581 793 299
3  439 588 465
3  588 463 465
3  920 345 867
3  887 310 855
3  839 721 650
3  721 648 650
3  598 839 599
3  839 658 599
3  330 715 331
3  715 633 331
3  882 448 917
3  448 284 917
3  451 910 885
3  910 564 885
3  534 800 857
3  800 758 857
3  830 718 861
3  718 720 861
3  898 862 870
3  862 652 870
3  449 569 888
3  569 571 888
3  886 899 930
3  821 232 931
3  547 816 786
3  816 250 786
3  873 832 932
3  392 746 835
3  666 351 616
3  351 824 922
3  823 902 894
3  823 747 902
3  824 821 820
3  873 617 899
3  932 823 617
3  872 854 899
3  201 483 707
3  483 351 707
3  928 544 933
3  768 837 302
3  934 764 935
3  552 936 937
3  247 544 906
3  544 543 906
3  832 874 833
3  874 760 833
3  337 881 934
3  880 834 934
3  545 544 905
3  883 905 923
3  552 770 936
3  543 552 907
3  911 673 924
3  938 925 924
3  908 873 825
3  617 872 899
3  674 916 675
3  916 780 675
3  673 891 915
3  337 936 939
3  778 168 478
3  168 109 478
3  593 449 884
3  761 768 302
3  381 817 819
3  848 554 783
3  851 893 583
3  844 838 940
3  427 919 585
3  849 583 838
3  381 848 817
3  848 783 817
3  700 893 845
3  893 851 845
3  851 849 853
3  849 844 853
3  794 347 795
3  347 704 795
3  731 856 887
3  856 308 887
3  599 216 626
3  597 599 626
3  729 731 867
3  731 887 867
3  810 599 659
3  599 658 659
3  217 680 941
3  680 679 941
3  766 767 942
3  767 886 942
3  832 746 932
3  823 932 921
3  901 792 665
3  792 698 665
3  687 823 702
3  701 702 394
3  688 918 689
3  918 622 689
3  555 615 894
3  873 932 617
3  943 765 944
3  942 886 930
3  943 821 931
3  854 820 899
3  824 872 922
3  872 616 922
3  905 544 945
3  544 301 945
3  544 247 933
3  762 301 928
3  881 880 934
3  248 764 946
3  891 836 915
3  936 938 939
3  248 831 249
3  831 833 249
3  248 835 947
3  835 746 947
3  553 610 927
3  771 552 553
3  936 764 937
3  764 906 907
3  936 770 938
3  770 925 938
3  926 911 772
3  911 925 772
3  777 776 892
3  675 892 913
3  912 778 774
3  778 478 774
3  882 837 769
3  837 768 769
3  818 838 819
3  783 844 940
3  583 585 819
3  585 919 819
3  598 597 855
3  597 887 855
3  215 920 868
3  920 867 868
3  679 732 941
3  732 217 941
3  886 826 899
3  826 825 899
3  702 823 394
3  823 745 394
3  932 746 921
3  746 745 921
3  930 943 944
3  899 820 930
3  905 945 923
3  945 301 923
3  247 762 933
3  762 928 933
3  764 934 946
3  337 934 935
3  746 831 947
3  831 248 947
3  146 610 763
3  610 553 763
3  926 771 927
3  771 553 927
3  764 907 948
3  907 552 948
3  938 878 939
3  878 337 939
3  913 776 914
3  776 836 914
3  878 938 915
3  938 924 915
3  837 883 303
3  883 301 303
3  838 818 940
3  818 783 940
3  700 427 852
3  427 585 852
3  930 820 822
3  766 942 930
3  232 765 931
3  765 943 931
3  934 834 946
3  834 248 946
3  764 936 935
3  936 337 935
3  764 948 937
3  948 552 937
3  836 692 914
3  692 675 914
3  821 943 822
3  943 930 822
3  765 766 944
3  766 930 944
