OFF
504 1004 0
345.423 -241.569 242.567
194.303 -464.789 385.774
179.771 -325.187 198.908
412.405 49.5361 435.896
476.892 8.43056 429.367
347.903 268.461 433.239
322.335 -331.444 362.451
414.019 -186.577 402.906
338.202 -297.999 414.764
77.6833 -500.479 389.628
-133.907 -453.164 424.11
-113.85 -455.849 351.007
166.011 -415.2 435.896
-31.6466 463.416 435.896
-365.747 365.467 435.896
250.153 377.529 401.591
90.7498 457.411 363.823
63.9513 466.499 379.703
422.831 144.378 287.843
458.478 -8.49664 376.704
-89.2079 482.594 421.626
52.3479 -462.794 425.379
180.488 -419.264 429.302
-480.278 108.283 393.162
-436.195 82.3961 433.242
-467.979 -66.4382 382.327
-466.993 159.252 353.281
132.532 -6.14588 58.4666
161.216 -20.6876 76.653
121.3 -47.2146 56.9621
451.149 95.1693 422.739
435.015 -75.2705 344.683
280.638 -370.477 431.952
374.76 -238.601 431.921
-393.152 -9.86842 264.726
-406.725 -111.679 299.13
65.7655 -382.509 239.716
427.975 -145.813 418.739
279.603 347.136 359.224
-438.133 -72.832 431.919
1.37775 368.315 220.158
118.64 384.601 251.148
58.9149 300.634 174.947
48.2563 -116.378 52.8393
36.2406 -118.244 52.5624
1.51235 -9.83279 0.0240044
-103.347 496.542 381.968
-199.346 450.313 376.485
-90.9759 313.316 170.348
-188.194 452.302 326.447
-105.107 411.634 262
292.741 -77.3137 164.429
243.473 48.1423 124.759
285.071 20.7333 155.004
206.487 -159.631 133.522
304.475 300.228 317.867
346.295 -42.1139 204.493
412.425 -64.3174 283.27
68.1128 -116.817 55.2298
59.2723 -130.701 61.0483
104.613 -71.5349 51.7486
-99.3208 -316.142 167.348
-211.706 -194.423 156.395
-57.4213 -117.348 55.7965
-67.1122 -427.576 433.233
376.644 -200.439 434.56
349.646 -224.964 435.896
103.362 432.966 434.57
152.599 418.346 414.71
359.668 21.6035 212.847
-388.236 -280.676 392.905
-437.704 -98.1668 426.628
-235.439 -396.536 431.952
-239.379 67.8696 119.722
-330.762 -101.416 190.089
-308.376 -6.2606 172.453
-270.888 194.767 182.629
-277.688 364.872 292.54
-181.324 243.934 168.282
-360.252 -281.101 430.624
-283.624 -292.541 435.896
-215.127 -338.488 435.896
-66.0095 -421.495 434.561
-23.5357 257.569 130.798
51.4681 222.407 112.532
-79.3841 91.8935 51.0679
-125.242 201.858 118.458
-40.5286 121.105 50.7392
294.661 66.2626 165.52
335.785 233.488 255.544
277.04 200.884 196.16
203.839 374.619 296.947
-88.4873 -76.2858 51.6959
171.899 -208.245 139.64
0.303634 9.94601 0.00481857
-0.606963 9.93184 -0.00963363
-4.34961e-07 9.95074 -6.91117e-09
102.17 124.164 67.9819
18.7922 119.503 48.6325
-166.804 -393.773 294.382
-60.6573 -445.529 303.526
363.284 -161.973 435.896
268.124 346.347 423.919
221.252 376.456 327.488
-367.409 -186.849 258.407
-235.043 -171.463 156.945
-295.044 -305.442 294.091
-378.285 -246.431 334.605
-100.229 -41.5209 45.7814
-98.432 -58.5681 50.2034
-142.713 161.632 107.358
-100.502 90.9486 58.819
-428.926 25.8577 434.561
-391.238 -113.79 435.896
-414.881 -131.453 434.564
-32.5492 425.184 282.566
-4.0102 395.881 245.489
132.535 187.154 121.37
198.078 250.829 191.612
210.959 89.4031 116.318
110.763 57.062 53.8727
-6.1802 7.75068 -0.0981084
-6.41375 7.55486 -0.101816
181.889 -74.5313 97.8608
-120.312 -400.627 276.899
247.266 -344.707 435.896
-7.94977 -385.799 435.896
254.667 332.27 434.557
155.212 365.864 435.896
-13.4249 438.008 306.73
-327.618 -238.578 435.896
-336.118 -224.57 435.896
-276.405 -201.507 201.238
-123.843 35.6847 52.055
-331.018 10.8864 192.524
-399.962 75.7867 272.238
-370.757 -106.944 245.921
245.168 -14.2904 129.367
218.077 188.678 157.699
154.697 117.721 95.1383
324.247 -299.317 433.242
442.15 119.722 396.419
-22.3263 -246.8 123.419
9.75654 -0.303276 0.154845
9.85878 0 0.156468
9.84007 -0.612427 0.156171
-94.5902 -59.6946 48.6673
-85.3535 -71.2027 48.5515
2.10925 -9.72001 0.0334775
-79.2204 -394.787 250.006
317.975 236.186 435.896
355.885 185.762 435.896
-7.26535 6.27836 -0.115339
-7.19175 6.21373 -0.114172
-7.86672 5.995 -0.124879
-142.84 -48.972 70.3698
-388.923 6.03166 435.896
-8.13664 5.43988 -0.129163
-8.53727 4.97398 -0.135517
-8.21757 5.4949 -0.130446
5.44532 8.29338 0.0864405
5.18972 8.45878 0.0823821
51.4947 102.154 47.7654
3.84282 9.16269 0.0609972
118.759 28.6774 52.3607
192.02 326.173 435.896
-8.82461 4.4342 -0.140074
-8.68506 4.70632 -0.137861
-8.9558 4.15787 -0.142155
-120.488 10.1067 50.9763
-0.909728 9.90822 -0.0144388
9.3945 -3.01579 0.14911
9.48213 -2.72245 0.150499
-7.78934 5.93502 -0.123652
-9.48214 -2.72244 -0.150499
-9.56078 -2.4265 -0.151745
4.66398 8.7654 0.0740349
4.39435 8.90632 0.0697537
102.914 69.893 53.8458
8.04596 5.74767 0.127723
220.716 325.611 435.896
9.81669 -0.917923 0.155801
112.019 1.14442 47.445
9.78399 -1.22252 0.155283
9.75654 0.303277 0.154845
-4.12053 -9.03879 -0.0654074
-36.3592 -119.827 51.565
-4.39435 -8.90632 -0.0697529
-9.63035 2.12825 -0.152848
-9.74201 1.52598 -0.154617
-9.69078 1.82798 -0.153805
4.39435 -8.90631 0.0697529
9.56078 -2.4265 0.151745
111.109 -22.3075 48.8076
8.38139 5.23692 0.133044
8.82461 4.4342 0.140074
7.86673 5.995 0.124878
1.81167 -9.78105 0.0287537
-3.91646 -6.35855 -0.0621946
2.40482 -9.64975 0.0381689
9.0785 3.8776 0.1441
-7.19175 -6.21373 -0.114172
-6.97085 -6.0199 -0.110669
-6.59048 -6.44155 -0.104632
-0.303635 9.94601 -0.00481859
5.9408 7.93916 0.0943072
-48.8096 -116.495 52.8993
-5.44533 -8.29337 -0.0864402
-5.18971 -8.45879 -0.0823828
-9.8541 -0.306363 -0.156394
-9.78399 -1.22254 -0.155283
-9.81669 -0.917919 -0.155801
-115.515 -35.8327 53.3829
9.84007 0.612428 0.156171
9.74201 1.52598 0.154617
9.81669 0.917914 0.155801
2.6981 9.57032 0.0428245
2.40481 9.64975 0.0381693
6.86238 -7.14195 0.108938
7.07705 -6.92525 0.112346
6.41376 -7.55485 0.101815
7.48608 -6.47237 0.118837
-193.342 -52.1036 100.653
-122.432 -17.7736 54.9624
4.92919 8.61617 0.0782457
-4.93596 8.03823 -0.0783617
-4.73261 7.70198 -0.0751384
-1.21162 9.8752 -0.0192301
9.69078 1.82798 0.153805
7.48607 6.47238 0.118838
7.68004 6.23664 0.121916
-5.18971 8.45879 -0.0823824
-4.92918 8.61617 -0.078246
-6.70456 -5.09709 -0.106446
-6.77302 -5.48938 -0.107532
-7.2535 -5.17314 -0.115155
-7.96841 4.97476 -0.126495
-7.32475 5.57552 -0.116285
-7.2535 5.17314 -0.115155
-4.33084 5.07638 -0.0687756
-4.61498 5.0851 -0.0732855
-4.74616 5.23097 -0.0753676
-73.5959 -79.4937 46.9751
-7.48606 -6.47239 -0.118838
-7.28502 -6.70198 -0.115646
-8.04596 -5.74767 -0.127722
9.69078 -1.82799 0.153805
9.74201 -1.52599 0.154617
5.69575 -8.12012 0.0904174
5.9408 -7.93916 0.0943071
4.66398 -8.7654 0.0740346
8.9558 -4.15787 0.142155
8.82461 -4.43419 0.140074
8.38139 -5.23691 0.133044
8.21758 -5.49488 0.130444
9.63035 -2.12824 0.152848
9.63035 2.12825 0.152848
9.29795 3.30629 0.14758
9.3945 3.0158 0.14911
-4.12053 9.03879 -0.0654068
-6.38067 7.05864 -0.101298
-5.75616 7.21032 -0.0913875
-5.91048 6.95269 -0.0938387
-3.56144 9.2779 -0.0565302
-3.84282 9.16269 -0.0609971
-2.10925 9.72001 -0.0334776
-2.40481 9.64975 -0.0381693
-6.49717 5.96641 -0.103154
-6.10309 5.95862 -0.0969014
-6.28198 5.76613 -0.0997404
8.21757 5.4949 0.130445
8.68506 4.70632 0.137861
-4.66398 -8.7654 -0.0740347
-7.86673 -5.995 -0.124878
-9.69078 -1.82798 -0.153805
-9.63035 -2.12826 -0.152848
-8.38139 5.23692 -0.133044
-8.04596 5.74767 -0.127722
-5.77934 -5.29933 -0.0917649
-5.77934 5.29933 -0.0917649
-5.37755 5.57735 -0.0853887
-3.89528 -5.17875 -0.0618618
9.71951 -0.908678 0.154258
3.56146 -9.27789 0.0565295
5.44533 -8.29337 0.0864403
7.86672 -5.995 0.124879
8.04595 -5.74768 0.127723
6.6412 -7.35189 0.105428
-6.49717 -5.96641 -0.103154
3.27668 -9.38431 0.05201
-4.92919 -8.61617 -0.0782457
3.56144 9.2779 0.0565302
2.98881 9.48182 0.0474394
-4.29739 6.10267 -0.0682424
-4.07269 5.78051 -0.0646763
-4.42706 7.1979 -0.0702938
-4.59126 6.97433 -0.0729019
-4.91402 6.98947 -0.0780248
1.21162 9.8752 0.01923
0.909727 9.90822 0.0144388
-5.99858 7.51901 -0.0952301
-6.59048 6.44155 -0.104632
-6.25029 6.91211 -0.0992307
-1.51237 9.83279 -0.0240035
-5.69577 8.12011 -0.0904164
-5.44532 8.29338 -0.0864407
-4.66398 8.7654 -0.0740353
8.9558 4.15787 0.142155
6.1802 7.75068 0.0981081
9.48214 2.72244 0.150499
9.56078 2.4265 0.151745
-56.5494 -109.094 52.4437
-6.1802 -7.75068 -0.0981084
-6.41375 -7.55486 -0.101816
-5.88264 -7.86009 -0.0933866
-8.13664 -5.43988 -0.129163
-8.59941 -4.65913 -0.136503
-8.36896 -4.87428 -0.132848
-4.59885 -6.12361 -0.0730283
-4.32344 -6.56269 -0.068654
-4.6618 -5.82374 -0.0740281
-9.8541 0.306363 -0.156394
-9.84007 0.612426 -0.156171
-9.81669 0.917917 -0.155801
-9.29795 3.30629 -0.14758
-9.48214 2.72244 -0.150499
-9.3945 3.0158 -0.14911
-9.78399 1.22253 -0.155283
-6.71223 6.16683 -0.106565
-6.86238 7.14196 -0.108938
-6.64122 7.35188 -0.105427
-7.07704 6.92526 -0.112346
-6.06665 5.56598 -0.096324
-7.48606 6.47239 -0.118838
-7.68004 6.23664 -0.121916
9.8541 -0.306332 0.156394
-6.06665 -5.56599 -0.096324
9.8541 0.306359 0.156394
-4.33084 -5.07638 -0.0687756
-4.5209 -5.30114 -0.0717923
2.9888 -9.48183 0.0474406
2.69809 -9.57033 0.042825
4.12053 -9.03879 0.0654074
4.92919 -8.61617 0.0782457
9.0785 -3.8776 0.1441
7.68003 -6.23665 0.121917
6.1802 -7.75068 0.098108
9.19258 -3.59366 0.145909
4.12054 9.03879 0.0654066
3.27669 9.38431 0.0520095
1.51237 9.83279 0.0240034
-4.83738 5.67597 -0.0768152
-4.94281 5.44985 -0.0784887
-6.32337 6.57217 -0.100393
0.606962 9.93184 0.0096336
-1.81167 9.78105 -0.028754
-3.27669 9.38431 -0.0520096
-2.98882 9.48182 -0.0474395
-2.6981 9.57032 -0.0428245
-6.11968 7.67345 -0.0971493
-5.9408 7.93916 -0.0943071
8.53727 4.97397 0.135517
9.19258 3.59365 0.145909
-7.78934 -5.93502 -0.123652
-7.68004 -6.23664 -0.121916
-8.59941 4.65913 -0.136503
-4.78469 -8.35924 -0.0759573
-5.4751 -7.30692 -0.0869268
-4.20784 -7.89475 -0.0668077
0.909749 -9.90822 0.0144373
1.21163 -9.8752 0.0192303
-9.56078 2.4265 -0.151745
-9.29795 -3.30629 -0.14758
-6.25592 6.50102 -0.0993233
-5.24949 7.47374 -0.083344
-5.13774 7.31227 -0.0815723
-5.53338 7.3859 -0.0878503
-6.77302 5.48938 -0.107532
-6.99997 5.67596 -0.111132
-6.70456 5.09709 -0.106446
-5.0903 5.97604 -0.0808287
-4.65739 6.20241 -0.0739563
-4.53988 5.66992 -0.072093
-4.74604 -6.74749 -0.0753606
-4.96549 7.55107 -0.078836
-5.36117 7.63526 -0.0851145
3.84281 -9.1627 0.0609982
5.18971 -8.45879 0.0823829
7.28501 -6.70199 0.115647
8.68506 -4.70631 0.137861
8.53726 -4.97398 0.135518
9.29795 -3.30629 0.14758
2.10924 9.72001 0.0334775
1.81167 9.78105 0.028754
-4.39435 8.90632 -0.0697538
6.86238 7.14195 0.108938
7.28501 6.70199 0.115647
5.69576 8.12011 0.0904169
-9.74201 -1.52598 -0.154617
-7.96841 -4.97476 -0.126495
-7.32475 -5.57552 -0.116285
-9.3945 -3.0158 -0.14911
-5.37755 -5.57735 -0.0853887
-4.96632 -6.2085 -0.07886
-4.84456 -6.05457 -0.0769283
0.606974 -9.93183 0.00963297
0.303632 -9.94601 0.00481885
-8.53727 -4.97398 -0.135517
-8.21757 -5.4949 -0.130445
-9.84007 -0.612427 -0.156171
9.71951 0.908679 0.154258
-6.79911 6.64875 -0.10794
-7.21347 6.63504 -0.114513
-5.45271 6.82475 -0.086576
-4.52898 -7.36589 -0.0719099
-4.91402 -6.98948 -0.0780246
-7.30236 -5.925 -0.115928
-5.85873 -6.47285 -0.093021
-6.18845 -6.42989 -0.0982533
-5.9184 -6.14548 -0.09397
-6.45488 -5.56821 -0.102484
-7.71195 -5.87506 -0.122425
-5.34296 -6.27631 -0.0848373
9.78399 1.22253 0.155283
-5.17448 -5.36452 -0.0821659
-4.83575 -5.01006 -0.0767896
-4.46576 6.3444 -0.0709137
-4.32345 6.56269 -0.0686535
-5.39208 8.21086 -0.0855971
6.64121 7.35189 0.105427
7.07705 6.92525 0.112346
6.41375 7.55486 0.101816
-9.19258 3.59366 -0.145909
-8.36896 4.87428 -0.132848
-6.86238 -7.14196 -0.108938
-6.64122 -7.35188 -0.105427
-7.30236 5.925 -0.115928
-4.48419 6.80964 -0.0712035
-5.08802 6.36249 -0.0807907
-6.3817 -6.23449 -0.101321
-4.96387 -5.82598 -0.0788225
-9.0785 3.8776 -0.1441
-8.9558 -4.15787 -0.142155
1.18661e-07 -9.95074 1.88543e-09
-7.21347 -6.63504 -0.114513
-7.26535 -6.27836 -0.115339
-6.10309 -5.95862 -0.0969014
-5.58431 7.95845 -0.0886509
-5.88265 7.86008 -0.0933862
-4.83288 8.44487 -0.0767202
-9.85878 -8.61882e-07 -0.156468
-7.07704 -6.92526 -0.112346
-6.86862 -6.71785 -0.109042
-5.51344 -6.90185 -0.0875387
-5.87739 -7.36465 -0.09331
-5.69575 -8.12012 -0.0904175
-3.8428 -9.1627 -0.0609981
-7.28502 6.70198 -0.115647
-5.40115 5.96103 -0.0857623
-5.9184 6.14548 -0.0939701
-8.82461 -4.4342 -0.140074
-8.68506 -4.70632 -0.137861
-9.19258 -3.59366 -0.145909
-1.51235 -9.83279 -0.0240044
-6.38067 -7.05864 -0.101298
-6.79911 -6.64875 -0.10794
-5.41698 -7.71605 -0.0859995
-8.38139 -5.23692 -0.133044
-5.17449 5.36452 -0.0821659
-5.40115 -5.96104 -0.0857621
-4.1887 5.57226 -0.0665184
-4.94981 -6.59662 -0.0785958
-5.64988 7.54391 -0.0896969
-6.22516 -7.32894 -0.0988275
-5.9408 -7.93916 -0.0943071
-0.303632 -9.94601 -0.00481885
-1.81167 -9.78105 -0.0287537
-2.9888 -9.48183 -0.0474406
-5.34296 6.27631 -0.0848374
-4.35146 -8.81785 -0.0690754
-5.66273 -6.25342 -0.0899121
-6.32337 -6.57218 -0.100393
-5.91048 -6.95269 -0.0938385
-4.83738 -5.67597 -0.0768152
-4.94281 -5.44985 -0.0784888
-5.24182 -6.99111 -0.0832271
-5.06667 -6.75438 -0.0804493
-9.0785 -3.8776 -0.1441
-5.78449 -6.80229 -0.0918405
-0.606969 -9.93183 -0.00963287
-0.909744 -9.90822 -0.0144372
-1.21162 -9.8752 -0.0192303
-3.27668 -9.38431 -0.0520099
-2.10925 -9.72001 -0.0334775
-2.69809 -9.57033 -0.042825
-2.40482 -9.64975 -0.0381688
-6.86862 6.71786 -0.109042
-4.96997 -7.07016 -0.0789119
-4.85865 -7.38623 -0.0771421
-5.52855 7.87763 -0.0877672
-6.51097 -7.20524 -0.103363
-3.56145 -9.2779 -0.0565294
-6.18845 6.42989 -0.0982532
-6.24242 6.09652 -0.0991115
3  0 1 2
3  3 4 5
3  6 7 8
3  9 10 11
3  12 13 14
3  15 16 17
3  1 0 6
3  18 4 19
3  14 13 20
3  12 21 22
3  14 23 24
3  25 23 26
3  27 28 29
3  5 4 30
3  4 7 31
3  32 8 33
3  25 34 35
3  2 9 36
3  37 4 33
3  2 1 9
3  5 18 38
3  23 39 24
3  40 41 42
3  43 44 45
3  14 46 47
3  25 26 34
3  48 49 50
3  49 46 50
3  51 52 53
3  51 0 54
3  0 7 6
3  38 18 55
3  0 56 57
3  57 18 19
3  58 2 59
3  54 58 60
3  39 23 25
3  61 62 63
3  32 12 22
3  1 6 32
3  21 12 64
3  21 9 22
3  13 12 3
3  33 65 66
3  17 67 68
3  56 69 57
3  25 70 71
3  10 72 11
3  73 74 75
3  76 77 78
3  70 72 79
3  79 72 80
3  81 72 82
3  12 14 81
3  20 13 17
3  46 14 20
3  48 77 49
3  77 14 49
3  23 14 26
3  77 76 26
3  83 40 84
3  85 86 87
3  18 69 88
3  89 18 90
3  89 41 91
3  69 18 57
3  58 59 43
3  62 92 63
3  0 2 54
3  54 93 58
3  94 95 96
3  84 97 98
3  64 72 10
3  21 64 10
3  8 7 33
3  32 6 8
3  7 4 37
3  7 37 33
3  9 1 22
3  1 32 22
3  72 64 82
3  99 100 11
3  3 12 101
3  4 3 65
3  5 15 102
3  16 103 91
3  13 67 17
3  46 20 17
3  104 74 105
3  104 106 107
3  14 77 26
3  99 11 106
3  105 108 109
3  76 110 111
3  24 39 112
3  113 112 114
3  72 81 80
3  70 79 71
3  46 49 47
3  49 14 47
3  50 46 115
3  50 115 116
3  15 38 103
3  103 38 91
3  97 84 117
3  86 48 87
3  41 89 90
3  84 41 118
3  0 51 56
3  52 88 53
3  2 93 54
3  93 2 58
3  97 119 120
3  85 121 122
3  51 123 29
3  27 52 28
3  61 2 36
3  99 61 124
3  100 9 11
3  9 21 10
3  33 4 65
3  101 12 125
3  64 12 82
3  82 12 126
3  12 32 125
3  65 3 66
3  102 67 127
3  67 13 128
3  41 115 129
3  16 46 17
3  130 131 114
3  39 25 71
3  61 106 132
3  11 70 106
3  26 76 73
3  133 73 111
3  86 76 78
3  48 83 87
3  26 134 135
3  104 35 136
3  81 14 113
3  79 130 114
3  81 113 130
3  71 79 114
3  16 41 129
3  115 41 116
3  83 48 40
3  41 40 116
3  41 16 91
3  28 52 137
3  138 119 139
3  85 87 121
3  125 32 140
3  138 97 117
3  4 18 141
3  18 5 141
3  16 15 103
3  15 5 38
3  56 51 53
3  52 51 137
3  44 59 142
3  59 44 43
3  32 33 140
3  143 144 145
3  92 146 147
3  58 43 148
3  9 100 36
3  36 100 149
3  61 36 149
3  100 99 124
3  3 101 66
3  101 125 66
3  12 81 126
3  81 82 126
3  72 70 11
3  25 104 107
3  15 67 102
3  5 102 127
3  13 3 150
3  5 150 151
3  106 104 132
3  61 99 106
3  35 34 136
3  104 25 35
3  152 153 154
3  132 105 62
3  108 105 155
3  85 133 111
3  34 26 135
3  26 73 134
3  73 76 111
3  110 86 111
3  76 86 110
3  86 85 111
3  77 48 78
3  48 86 78
3  113 14 156
3  14 24 112
3  131 113 114
3  112 39 114
3  81 130 80
3  130 79 80
3  130 113 131
3  39 71 114
3  115 46 129
3  46 16 129
3  40 48 116
3  48 50 116
3  42 41 84
3  40 42 84
3  92 105 146
3  157 158 159
3  83 84 98
3  119 52 120
3  97 160 161
3  98 162 163
3  4 141 30
3  141 5 30
3  57 19 31
3  19 4 31
3  18 89 55
3  55 89 91
3  51 28 137
3  38 55 91
3  54 60 123
3  28 51 29
3  52 164 120
3  52 27 164
3  88 52 90
3  18 88 90
3  88 69 53
3  69 56 53
3  59 2 142
3  2 61 142
3  100 124 149
3  124 61 149
3  33 66 140
3  66 125 140
3  13 150 165
3  150 5 127
3  165 150 128
3  13 165 128
3  150 3 151
3  3 5 151
3  67 15 68
3  15 17 68
3  106 70 107
3  70 25 107
3  34 74 136
3  74 104 136
3  104 105 132
3  61 132 62
3  166 167 168
3  73 133 169
3  74 134 75
3  134 73 75
3  134 74 135
3  74 34 135
3  14 112 156
3  112 113 156
3  87 98 170
3  87 83 98
3  60 171 172
3  153 173 154
3  52 119 90
3  119 138 90
3  119 97 139
3  97 138 139
3  174 108 175
3  162 176 177
3  7 0 31
3  0 57 31
3  123 60 29
3  51 54 123
3  97 178 179
3  97 120 178
3  67 128 180
3  128 150 180
3  105 92 62
3  181 182 183
3  41 90 118
3  90 138 118
3  144 143 184
3  185 186 187
3  105 74 155
3  188 189 190
3  171 191 192
3  27 193 182
3  194 195 196
3  197 198 199
3  120 164 200
3  98 97 162
3  201 202 203
3  98 204 95
3  178 120 194
3  195 205 196
3  206 207 208
3  43 197 148
3  44 142 186
3  142 61 186
3  209 210 211
3  108 155 212
3  213 214 215
3  98 216 217
3  60 218 219
3  218 220 221
3  150 127 180
3  127 67 180
3  84 118 117
3  118 138 117
3  108 146 109
3  146 105 109
3  73 169 222
3  169 223 222
3  60 193 29
3  193 27 29
3  214 164 182
3  164 27 182
3  176 224 177
3  162 97 176
3  225 95 226
3  87 170 227
3  164 214 228
3  229 97 230
3  61 63 206
3  231 232 225
3  233 234 235
3  236 237 238
3  239 240 241
3  242 243 244
3  146 108 245
3  182 246 247
3  58 248 249
3  58 191 250
3  251 60 252
3  253 60 254
3  223 155 222
3  169 108 223
3  155 74 222
3  74 73 222
3  182 193 246
3  193 255 246
3  256 164 228
3  257 164 258
3  170 95 259
3  260 261 262
3  87 263 264
3  170 98 95
3  87 265 266
3  267 268 269
3  179 178 270
3  270 194 196
3  97 161 224
3  120 195 271
3  185 272 208
3  186 61 206
3  146 245 273
3  108 274 275
3  159 158 276
3  159 133 277
3  157 237 236
3  278 279 280
3  143 281 184
3  247 282 145
3  199 198 247
3  192 191 283
3  248 58 284
3  221 220 254
3  220 249 284
3  60 285 286
3  58 220 287
3  220 218 287
3  234 288 202
3  246 255 192
3  155 223 212
3  223 108 212
3  283 58 289
3  186 206 290
3  98 163 291
3  216 292 228
3  293 214 294
3  295 296 297
3  98 298 299
3  95 204 96
3  260 300 261
3  301 260 302
3  265 303 266
3  259 263 266
3  304 87 305
3  232 87 306
3  178 194 270
3  120 200 307
3  97 179 196
3  205 97 308
3  200 161 195
3  195 161 205
3  224 161 177
3  258 309 310
3  161 200 177
3  176 97 224
3  206 63 311
3  312 313 314
3  108 169 274
3  315 316 317
3  318 198 319
3  281 318 320
3  92 147 242
3  147 243 242
3  321 322 323
3  324 325 326
3  327 210 209
3  189 188 327
3  267 237 328
3  329 330 331
3  279 278 332
3  85 333 334
3  144 335 145
3  234 233 336
3  213 144 184
3  213 182 337
3  246 283 247
3  338 281 339
3  58 340 289
3  340 58 341
3  246 192 283
3  283 191 342
3  250 191 343
3  344 220 284
3  220 344 254
3  60 221 345
3  285 221 254
3  286 285 254
3  249 248 284
3  58 249 346
3  218 60 287
3  60 58 287
3  191 171 344
3  60 344 347
3  255 193 192
3  171 192 172
3  163 177 310
3  162 177 348
3  98 349 292
3  292 349 228
3  334 333 154
3  298 98 350
3  351 241 352
3  302 262 353
3  98 354 94
3  299 298 94
3  170 259 266
3  87 303 355
3  303 170 266
3  263 87 356
3  263 259 264
3  259 87 264
3  266 263 356
3  266 357 358
3  121 359 260
3  305 121 360
3  195 194 271
3  271 194 361
3  200 195 307
3  195 120 307
3  214 216 228
3  177 258 310
3  164 309 258
3  258 200 362
3  363 243 364
3  147 146 273
3  166 133 167
3  168 167 365
3  197 43 45
3  366 367 368
3  44 369 370
3  45 44 370
3  311 63 242
3  63 92 242
3  133 158 167
3  188 325 324
3  188 133 371
3  372 327 324
3  301 353 373
3  333 152 154
3  374 375 376
3  301 267 328
3  198 197 319
3  364 245 315
3  233 332 336
3  377 237 378
3  273 245 364
3  379 233 235
3  293 380 381
3  382 213 239
3  318 319 383
3  213 184 239
3  384 374 385
3  268 332 269
3  282 318 145
3  281 143 145
3  283 199 247
3  282 247 318
3  197 199 148
3  199 58 148
3  191 58 342
3  386 58 283
3  58 386 342
3  386 283 342
3  191 344 284
3  284 387 343
3  218 221 219
3  219 221 388
3  60 286 254
3  253 389 390
3  221 285 345
3  285 60 345
3  58 387 284
3  191 284 343
3  249 220 346
3  220 58 346
3  60 389 252
3  344 60 251
3  389 254 252
3  389 253 254
3  344 171 347
3  347 171 391
3  192 193 172
3  193 60 172
3  177 200 258
3  257 258 362
3  177 163 348
3  163 162 348
3  163 349 291
3  349 98 291
3  349 163 228
3  216 98 292
3  217 216 392
3  216 393 392
3  293 382 351
3  393 216 293
3  226 375 384
3  259 95 306
3  354 299 94
3  354 98 299
3  170 303 227
3  303 87 227
3  303 265 355
3  265 87 355
3  87 357 356
3  357 266 356
3  357 87 358
3  87 266 358
3  394 259 306
3  87 232 231
3  179 270 196
3  229 395 396
3  161 160 205
3  205 160 397
3  194 120 361
3  120 271 361
3  256 228 310
3  228 163 310
3  274 169 398
3  133 189 327
3  399 400 315
3  174 372 401
3  336 278 402
3  318 403 404
3  369 44 405
3  44 186 406
3  315 407 316
3  315 245 408
3  327 188 324
3  409 169 209
3  189 133 190
3  133 188 190
3  133 325 371
3  325 188 371
3  122 121 260
3  213 294 410
3  329 85 330
3  85 122 330
3  85 329 331
3  411 152 412
3  413 261 376
3  295 350 296
3  133 85 277
3  301 153 411
3  379 377 332
3  280 279 332
3  372 324 168
3  383 414 415
3  416 400 201
3  399 236 235
3  240 339 241
3  417 418 419
3  234 336 420
3  400 421 315
3  403 422 404
3  281 320 339
3  215 214 423
3  182 213 215
3  182 144 337
3  144 213 337
3  424 425 339
3  280 351 352
3  247 198 318
3  181 247 145
3  144 182 335
3  318 281 145
3  283 289 341
3  289 340 341
3  221 60 388
3  60 219 388
3  389 60 390
3  60 253 390
3  387 58 343
3  58 250 343
3  254 344 252
3  344 251 252
3  171 60 391
3  60 347 391
3  200 164 362
3  164 257 362
3  393 98 392
3  98 217 392
3  295 298 350
3  293 426 427
3  298 295 94
3  94 295 226
3  231 225 428
3  87 231 305
3  87 259 394
3  87 394 306
3  95 94 226
3  330 122 331
3  196 308 429
3  97 196 230
3  395 97 430
3  395 430 396
3  308 431 429
3  97 431 308
3  160 97 397
3  97 205 397
3  309 164 310
3  164 256 310
3  327 372 210
3  372 174 275
3  169 133 209
3  409 209 211
3  324 133 432
3  157 236 433
3  372 108 401
3  108 174 401
3  185 187 272
3  187 186 272
3  312 206 313
3  242 434 435
3  369 197 370
3  197 45 370
3  152 333 412
3  359 300 260
3  153 237 436
3  237 157 173
3  296 437 438
3  216 214 293
3  158 133 276
3  133 159 276
3  157 159 154
3  159 277 154
3  419 418 439
3  377 267 269
3  233 379 332
3  404 402 440
3  133 441 432
3  372 168 442
3  379 235 238
3  235 236 238
3  168 365 316
3  236 399 433
3  280 424 402
3  332 278 336
3  197 369 319
3  369 406 443
3  444 243 445
3  421 363 315
3  421 400 416
3  363 364 315
3  214 182 423
3  182 215 423
3  184 281 239
3  281 338 239
3  182 247 183
3  247 181 183
3  335 182 145
3  182 181 145
3  446 336 402
3  278 280 402
3  319 369 383
3  369 366 368
3  58 199 341
3  199 283 341
3  98 393 350
3  226 295 297
3  350 393 437
3  393 293 427
3  204 98 96
3  98 94 96
3  428 447 448
3  304 305 360
3  232 306 449
3  306 95 449
3  196 395 230
3  395 229 230
3  430 97 396
3  97 229 396
3  431 97 429
3  196 205 308
3  97 395 429
3  395 196 429
3  108 275 175
3  275 174 175
3  372 275 210
3  169 210 398
3  327 209 321
3  209 133 450
3  441 133 168
3  133 166 168
3  325 133 326
3  133 324 326
3  441 168 432
3  168 324 432
3  186 290 272
3  290 206 208
3  451 444 452
3  453 367 454
3  366 208 455
3  272 290 208
3  406 186 443
3  185 366 456
3  44 406 405
3  406 369 405
3  225 384 385
3  85 331 457
3  305 428 448
3  375 374 384
3  237 153 328
3  153 301 328
3  122 260 331
3  153 152 411
3  237 173 436
3  173 153 436
3  381 380 438
3  375 226 297
3  296 350 437
3  458 268 459
3  85 334 154
3  277 85 154
3  237 267 378
3  267 377 378
3  399 235 400
3  235 234 400
3  237 377 238
3  377 379 238
3  460 442 461
3  108 372 462
3  339 425 241
3  288 446 439
3  369 463 366
3  366 463 456
3  464 452 465
3  367 366 466
3  243 147 364
3  147 273 364
3  407 315 467
3  399 315 317
3  297 296 438
3  241 468 352
3  280 380 351
3  380 293 351
3  425 424 241
3  469 402 404
3  213 382 470
3  382 293 294
3  240 239 339
3  239 338 339
3  318 383 471
3  446 419 439
3  261 300 472
3  225 447 428
3  121 87 360
3  87 304 360
3  95 225 449
3  225 232 449
3  210 275 398
3  275 274 398
3  210 169 211
3  169 409 211
3  450 133 321
3  209 450 321
3  167 158 365
3  158 157 365
3  108 460 461
3  460 108 442
3  434 451 435
3  434 242 451
3  421 416 201
3  202 439 203
3  313 473 314
3  206 312 474
3  463 443 475
3  463 369 443
3  463 186 476
3  463 477 456
3  375 413 376
3  225 226 384
3  382 239 351
3  173 157 154
3  331 412 457
3  260 301 411
3  478 458 459
3  239 241 351
3  208 207 455
3  185 208 479
3  245 108 408
3  315 408 467
3  473 454 314
3  234 446 288
3  422 453 480
3  454 481 482
3  439 481 203
3  481 464 203
3  280 332 268
3  318 404 440
3  393 427 437
3  427 426 437
3  402 424 483
3  424 339 484
3  294 214 410
3  214 213 410
3  382 294 470
3  294 213 470
3  339 320 483
3  402 483 440
3  367 453 485
3  383 369 414
3  422 471 453
3  471 486 453
3  383 486 471
3  446 402 419
3  300 359 448
3  305 231 428
3  359 121 448
3  121 305 448
3  133 322 321
3  327 321 323
3  365 433 316
3  365 157 433
3  407 108 461
3  168 316 442
3  108 462 487
3  108 487 442
3  243 451 244
3  451 242 244
3  206 311 313
3  481 454 464
3  418 417 488
3  207 206 455
3  443 186 475
3  489 490 491
3  477 186 492
3  186 185 456
3  463 493 494
3  495 186 494
3  332 377 269
3  413 438 478
3  411 412 496
3  260 411 496
3  437 381 438
3  413 297 438
3  206 474 455
3  474 312 455
3  208 366 479
3  366 185 479
3  408 108 467
3  108 407 467
3  336 446 420
3  446 234 420
3  452 444 465
3  202 288 439
3  402 469 419
3  453 486 485
3  480 417 419
3  453 417 480
3  375 297 413
3  262 261 413
3  437 426 381
3  426 293 381
3  468 280 352
3  380 280 458
3  280 268 458
3  300 448 472
3  241 424 468
3  424 280 468
3  413 478 459
3  422 469 404
3  339 483 484
3  483 424 484
3  367 497 498
3  414 369 368
3  414 497 415
3  497 414 498
3  422 403 471
3  403 318 471
3  481 418 482
3  418 481 439
3  225 385 499
3  499 385 472
3  322 133 323
3  133 327 323
3  487 462 442
3  462 372 442
3  316 433 317
3  433 399 317
3  313 311 435
3  311 242 435
3  366 455 466
3  473 313 500
3  186 490 489
3  463 475 491
3  186 456 501
3  186 501 492
3  186 493 476
3  493 463 476
3  493 186 495
3  493 495 494
3  260 262 302
3  301 302 353
3  469 480 419
3  469 422 480
3  414 368 498
3  368 367 498
3  486 497 485
3  497 367 485
3  497 486 415
3  486 383 415
3  448 499 472
3  385 374 376
3  448 447 499
3  447 225 499
3  442 316 461
3  316 407 461
3  186 489 475
3  475 489 491
3  490 186 491
3  186 463 491
3  501 456 492
3  456 477 492
3  186 477 494
3  477 463 494
3  353 262 373
3  262 413 373
3  412 331 496
3  331 260 496
3  412 333 457
3  333 85 457
3  454 466 314
3  454 367 466
3  201 400 202
3  400 234 202
3  451 243 444
3  421 201 445
3  417 453 488
3  418 488 482
3  438 380 478
3  478 380 458
3  483 320 440
3  320 318 440
3  385 376 472
3  376 261 472
3  301 373 502
3  373 413 502
3  466 455 314
3  455 312 314
3  313 435 500
3  435 451 500
3  454 473 464
3  464 451 452
3  243 363 445
3  363 421 445
3  488 453 482
3  453 454 482
3  301 459 503
3  459 268 503
3  473 500 464
3  500 451 464
3  413 459 502
3  459 301 502
3  268 267 503
3  267 301 503
3  201 203 465
3  203 464 465
3  444 445 465
3  445 201 465
