OFF
1743 3482 0
45.3968 -176.539 115.888
-2.46114 -318.254 256.335
-9.58386 -213.356 144.921
-196.039 -314.294 386.959
-89.9096 -370.054 393.865
-212.483 -270.644 431.784
-6.30701 6.40342 -0.650382
-6.38538 6.47156 -0.658043
-6.08599 6.57619 -0.627946
6.36357 -8.11353 0.650222
93.9153 -120.608 94.9424
6.08301 -8.28806 0.621612
364.092 0 223.761
353.648 147.683 323.89
365.644 0 225.179
76.4006 372.671 322.432
-59.3693 310.956 261.661
-151.869 329.495 331.191
7.4224 7.33928 0.758227
110.752 44.7251 65.8215
7.6699 7.12771 0.78349
0.676395 9.93189 0.0692474
37.471 139.666 88.9761
1.01385 9.90835 0.10379
10.002 4.13153 1.02237
-2.94459 4.61666 -0.311837
9.85666 4.40777 1.00742
-10.9511 0.909457 -1.12039
-173.241 69.7913 121.562
-10.9152 1.21142 -1.11667
-6.63808 7.93119 -0.678216
-6.36358 8.11353 -0.650222
-6.56449 7.85886 -0.67125
-24.0221 -176.914 114.27
-0.671157 -150.72 94.7512
115.038 -189.048 157.521
266.806 -144.41 230.046
132.189 -221.543 200.267
-3.81303 5.17297 -0.400637
-3.98443 5.06662 -0.418108
-3.87683 5.2528 -0.407099
8.79176 5.97305 0.898164
8.99148 5.72448 0.918618
-3.00801 5.0353 -0.318248
-3.57821 5.53666 -0.376425
-3.69975 5.35577 -0.388988
-3.76092 5.43726 -0.395172
-343.457 -49.1315 435.896
478.108 0 435.896
-14.3302 347.839 435.896
-70.5481 195.609 144.482
-160.985 164.25 158.134
178.735 253.421 250.526
139.796 218.445 181.573
190.323 324.478 418.244
330.06 218.402 388.709
-309.734 -28.3039 245.114
-363.172 -63.4273 358.37
-347.574 17.3091 308.996
-249.287 -235.964 434.524
-125.466 -311.197 433.145
-79.6063 -312.856 435.896
-172.072 -278.144 235.439
90.5229 -304.01 435.896
-275.556 -244.309 367.88
-318.903 -170.319 386.797
-306.174 -185.292 351.4
-32.272 -338.35 299.289
413.56 0 275.344
414.678 0 276.716
-49.1753 -358.848 348.803
132.835 265.654 435.896
-82.0068 155.534 114.029
16.8863 196.407 125.002
-0.338353 9.94603 -0.0346402
-242.763 -150.943 218.152
-269.984 -161.501 253.431
-277.758 -70.8599 215.528
69.6585 122.189 83.3625
1.3504 9.8754 0.138235
365.408 -193.711 427.852
284.648 -255.413 431.829
224.068 -320.998 395.388
66.9316 255.054 192.572
-159.631 328.547 424.995
-66.5095 376.404 385.749
-204.814 305.62 350.267
-256.036 217.017 435.896
174.591 -304.907 434.528
-169.963 -296.263 429.043
69.7335 -337.692 430.41
95.8178 0.0956449 46.812
108.846 16.944 57.2047
104.408 0 51.5163
314.551 234.667 381.891
-78.3313 -258.476 435.896
24.5259 -357.75 420.882
76.0911 -369.171 418.25
-61.0062 -324.523 433.144
74.5861 -356.633 369.166
55.8141 -155.673 102.589
-250.303 -38.419 175.854
-6.19994 7.4944 -0.636532
-6.12768 7.42096 -0.62961
-6.45254 7.31769 -0.662269
10.8128 1.81199 1.10606
10.7464 -2.1101 1.09919
10.7464 2.1101 1.09919
-142.233 305.435 434.521
-211.297 255.777 435.896
126.49 138.762 117.667
305.835 0 176.206
303.853 0 174.741
-4.56964 7.84809 -0.472119
-4.83277 7.71823 -0.499065
-4.62661 7.93189 -0.477561
-3.06257 5.1206 -0.32382
8.58355 6.21608 0.876855
236.157 0 128.585
110.866 40.8009 64.4079
123.806 325.15 434.527
35.6942 375.777 404.678
-320.027 52.554 435.896
-325.059 133.609 427.683
-124.122 -132.85 111.962
-153.518 -93.118 116.959
-10.1377 -3.85161 -1.03635
-169.497 -22.9223 110.967
-2.84515 4.77894 -0.301557
-3.0015 4.70073 -0.317687
-2.89931 4.86447 -0.307117
8.79176 -5.97305 0.898164
8.58354 -6.21608 0.876855
-3.06257 -5.1206 -0.32382
-3.78573 -4.83198 -0.397917
-3.78573 4.83198 -0.397917
-3.71978 -4.75355 -0.391195
416.882 0 279.455
415.786 0 278.086
107.254 0 53.0823
110.093 0 54.6476
65.3293 -226.652 174.58
374.697 0 233.653
373.219 0 232.244
4.28864 9.16227 0.43857
3.97391 9.27785 0.40644
-5.91799 6.05996 -0.612166
-5.70919 6.22174 -0.591004
-5.6344 6.15033 -0.583634
-5.30496 5.50138 -0.551321
-5.11591 5.64593 -0.532203
-5.04254 5.57325 -0.524878
-6.85973 6.87633 -0.704143
-6.62177 7.06482 -0.67993
-6.54462 6.99559 -0.672484
-3.79215 6.66343 -0.396562
-3.56857 6.76314 -0.373499
-3.73797 6.57806 -0.391208
-350.128 -88.075 403.158
-310.903 -124.909 435.896
152.087 -256.193 247.243
190.599 -325.203 430.469
-3.68395 6.49258 -0.385859
-3.89861 6.38978 -0.407964
-4.53368 6.85353 -0.471446
-4.76223 6.72585 -0.494831
-4.59491 6.93486 -0.477433
-213.169 295.592 405.899
-341.678 159.657 418.25
-267.09 104.334 216.841
-54.4075 123.338 85.4917
-2.35161 9.72045 -0.240665
-2.68153 9.65022 -0.274399
-374.816 22.8527 363.986
-359.623 49.6438 404.551
4.5994 9.03788 0.470286
-3.65553 9.38452 -0.373927
-3.97391 9.27785 -0.40644
-271.655 234.897 385.41
238.391 185.375 435.896
-41.037 -151.391 100.55
-4.92732 5.14705 -0.513468
-4.75073 5.28106 -0.495631
-4.67818 5.20766 -0.488332
-177.724 -48.282 120.032
-10.6698 -2.4064 -1.09127
-10.5832 -2.70064 -1.08232
-2.94458 -4.61667 -0.311837
-2.8878 4.53253 -0.305991
-2.8878 -4.53253 -0.305991
-6.4839 5.84704 -0.669007
-10.2638 3.5683 -1.04935
-6.56631 5.91119 -0.677135
-112.547 62.9832 82.3365
-10.002 4.13152 -1.02237
-3.4962 4.77226 -0.368394
-3.55928 4.8526 -0.374833
-3.39612 4.94681 -0.358139
-3.34229 6.85648 -0.350104
-3.39044 6.94478 -0.354843
-2.68154 -9.65022 -0.274399
-2.35162 -9.72045 -0.240665
109.105 -16.8563 57.23
140.857 0 71.8108
143.607 0 73.3656
6.083 8.28806 0.621612
5.79665 8.45462 0.592412
-2.01958 9.78142 -0.206705
-3.66368 8.01478 -0.379798
-3.71063 8.10356 -0.384283
10.4866 -2.99253 1.07234
10.4866 2.99254 1.07234
10.5832 -2.70064 1.08232
9.36472 5.21178 0.956885
9.18253 5.47064 0.938198
60.9056 -126.926 84.6706
2.01958 -9.78142 0.206705
2.35162 -9.72045 0.240665
-4.98681 6.59161 -0.517764
-4.9201 6.5139 -0.511209
-5.20719 6.45088 -0.540224
2.35161 9.72045 0.240665
2.01958 9.78142 0.206705
1.01385 -9.90835 0.10379
21.6337 -138.053 85.9076
0.676405 -9.93189 0.0692478
3.00903 -9.57078 0.307875
2.68154 -9.65022 0.274399
-5.33311 5.21425 -0.554279
-5.07789 5.28924 -0.528594
-5.40888 7.98027 -0.555837
-5.34502 7.90069 -0.549766
-5.61108 7.74824 -0.576929
-4.2394 9.07454 -0.434012
-4.4422 8.77928 -0.455662
-4.49439 8.86559 -0.46053
-3.43326 4.69181 -0.361958
-3.49619 -4.77226 -0.368393
-104.876 -279.734 435.896
-220.463 -277.728 414.024
435.676 0 305.277
436.56 0 306.626
462.901 0 357.311
463.411 0 358.632
13.9511 -0.2658 2.70408
10.9973 0 1.12517
13.9554 0 2.70458
-229.392 196.179 244.652
-115.36 166.365 137.371
-101.551 147.893 115.635
-10.1377 3.85161 -1.03635
-5.44263 8.53238 -0.556835
-5.73146 8.37595 -0.586298
-5.50481 8.61303 -0.56265
450.767 0 330.768
451.463 0 332.101
-4.08921 7.62743 -0.424267
-3.88118 7.82332 -0.40253
-4.03634 7.54143 -0.419164
-336.02 156.793 384.235
-65.9593 331.951 435.896
-280.62 -166.314 275.615
-277.829 -13.7141 205.594
-229.317 -6.16802 160.735
-4.03187 -8.08519 -0.416947
-3.85258 -8.36942 -0.397773
-4.08248 -8.1723 -0.421764
368.711 0 228.009
367.183 0 226.594
3.65552 -9.38452 0.373927
3.3338 -9.48219 0.341062
13.104 3.68797 2.60644
78.537 0 37.3913
169.445 -153.404 166.012
-3.15577 -4.61795 -0.33354
-3.0015 -4.70073 -0.317687
-3.05855 -4.7847 -0.323541
-3.16414 6.06546 -0.33327
-3.11427 5.9779 -0.328263
-3.3104 5.89175 -0.348565
-3.09602 4.53551 -0.327401
-3.15577 4.61795 -0.33354
10.002 -4.13153 1.02237
10.1377 -3.85161 1.03635
-10.002 -4.13153 -1.02237
-4.46149 -4.98662 -0.466465
-4.38956 -4.91267 -0.459186
-4.22194 -5.03121 -0.442216
-5.68679 5.85175 -0.589307
-5.61008 5.782 -0.581699
-5.88322 5.69053 -0.609159
-3.10032 5.54657 -0.327361
-3.15262 5.63298 -0.332655
299.851 0 171.805
297.831 0 170.335
155.305 -53.5378 101.184
250.189 0 137.626
252.485 0 139.128
6.36357 8.11353 0.650222
7.16776 7.54387 0.732244
10.2638 3.5683 1.04935
10.1377 3.85161 1.03635
13.2222 3.42939 2.61986
-3.05855 4.78471 -0.323541
-3.21566 4.7003 -0.339683
-3.27567 4.78256 -0.345831
-3.11573 4.8686 -0.329399
-4.32791 5.80843 -0.452478
-4.19359 6.00471 -0.438601
-4.13128 5.92398 -0.432381
-3.56001 5.88456 -0.374173
-3.69532 5.70275 -0.388229
-3.75411 5.78565 -0.394139
-3.24648 6.67965 -0.340641
3.00903 9.57078 0.307875
3.3338 9.48219 0.341061
-3.43874 7.03301 -0.359587
-3.53586 7.20921 -0.369092
-4.34961e-07 9.95074 -4.77126e-08
-3.48722 7.12115 -0.364337
-10.4866 2.99254 -1.07234
-10.5832 2.70064 -1.08232
-6.46394 6.53951 -0.66571
-6.68392 6.3558 -0.688032
-6.765 6.42127 -0.695951
-3.51989 5.45347 -0.370531
-10.9152 -1.21142 -1.11667
-10.9511 -0.909459 -1.12039
-4.38153 6.2462 -0.457293
-4.17022 6.36301 -0.435649
-4.31871 6.16582 -0.451057
8.99147 -5.72449 0.918618
9.18253 -5.47063 0.938198
110.658 -32.9028 62.8576
-5.41211 7.5145 -0.557884
-5.15473 7.66107 -0.531595
-5.34622 7.43628 -0.55155
-6.00652 6.88733 -0.619222
-5.93291 6.81498 -0.612071
-6.23807 6.71674 -0.642766
-9.85666 4.40777 -1.00742
-5.60176 8.21813 -0.574092
-5.6665 8.29712 -0.580191
-5.38067 8.45158 -0.551027
-5.9347 6.43493 -0.613151
-5.85934 6.36404 -0.605762
-6.15084 6.26658 -0.635077
-4.5994 9.03788 -0.470286
-4.28864 9.16227 -0.43857
-4.54678 8.95179 -0.465404
-3.75777 8.19227 -0.388774
-3.93122 7.91071 -0.407329
-3.43154 7.56968 -0.357455
-3.38562 7.48043 -0.353003
-228.062 -227.912 435.896
412.43 0 273.972
417.968 0 280.824
263.104 -124.1 215.787
-0.676396 9.93189 -0.0692475
-4.12772 6.72458 -0.430598
-3.95573 6.919 -0.412656
-3.90103 6.83391 -0.407286
-125.725 115.23 109.622
-6.27241 7.56766 -0.643462
-6.60289 7.45965 -0.676673
-6.3451 7.64074 -0.650398
471.405 0 383.631
471.738 0 384.942
-1.68574 9.83308 -0.172551
109.903 -37.9535 64.2233
7.4224 -7.33929 0.758227
7.6699 -7.12771 0.783489
-3.23049 5.03615 -0.341129
-3.33583 4.86473 -0.351983
-3.85182 4.91031 -0.404643
-3.62249 4.93285 -0.381277
-3.45655 5.0288 -0.364299
335.805 0 199.458
334.027 0 198.015
362.528 0 222.343
-4.5211 5.68712 -0.472167
-4.7811 5.63512 -0.498479
-4.58892 5.76411 -0.478947
9.85666 -4.40777 1.00742
10.8691 -1.51234 1.11189
10.8691 1.51234 1.11189
-3.21415 6.15295 -0.338281
-4.08371 4.87895 -0.428199
-4.15275 4.95514 -0.435205
-3.91805 4.98852 -0.411373
3.65552 9.38452 0.373927
-3.19881 6.59112 -0.335917
0.338352 9.94603 0.0346401
-3.36329 5.97784 -0.353877
-4.99352 5.85933 -0.519665
-4.72507 5.91771 -0.492524
-4.92254 5.78474 -0.512597
-4.23034 6.44505 -0.441601
-4.44452 6.32645 -0.463535
-4.46148 4.98662 -0.466465
-4.53356 5.06043 -0.473749
-4.29128 5.10715 -0.449231
73.089 -113.868 82.8825
-6.90623 7.74124 -0.705565
-6.83006 7.67114 -0.698331
-5.69859 6.97668 -0.588219
-5.6278 6.90204 -0.581343
-7.33804 6.87383 -0.751566
-7.65431 6.72645 -0.783347
-7.42069 6.93763 -0.759537
-8.27764 6.39742 -0.84604
-8.58355 6.21607 -0.876855
-8.36704 6.45331 -0.854711
-5.26317 5.79084 -0.546869
-5.06467 5.93378 -0.526737
-6.69914 7.13386 -0.687383
-6.77671 7.2027 -0.694843
-4.01282 6.55739 -0.41927
-4.07018 6.64104 -0.424931
-3.84651 6.74872 -0.401921
-4.13363 5.571 -0.432999
-3.94538 5.68111 -0.413753
-4.06919 5.49162 -0.426517
-5.80272 7.51257 -0.596913
-5.54455 7.67048 -0.570574
-5.7336 7.43668 -0.590281
-6.6489 5.97513 -0.68527
-6.73166 6.03889 -0.69341
-6.04193 5.82506 -0.624888
-6.12154 5.89206 -0.63276
-5.84074 5.99073 -0.604541
-6.30303 7.17496 -0.647893
-3.92813 9.18859 -0.402211
-4.19036 8.98672 -0.42946
-3.85258 8.36942 -0.397773
-3.65739 8.65132 -0.376962
1.68574 9.83308 0.172551
-3.81305 5.86844 -0.400053
-3.87216 5.95113 -0.405972
-3.67222 6.05336 -0.385416
-5.01979 7.043 -0.519976
-4.84172 7.25894 -0.501441
-4.77972 7.17811 -0.49543
-4.90392 7.33963 -0.507459
-4.65389 7.47142 -0.481865
-1.3504 9.8754 -0.138236
-1.01385 9.90835 -0.10379
-3.52387 7.74795 -0.366375
-3.5703 7.83697 -0.370844
370.225 0 229.422
400.519 0 260.184
399.265 0 258.799
426.261 0 291.731
427.25 0 293.09
430.152 0 297.161
274.013 -218.366 326.775
-4.03187 8.08519 -0.416947
-3.80508 8.28088 -0.39327
-3.74689 8.83072 -0.385354
-3.94813 8.54624 -0.406796
-3.99619 8.63451 -0.411317
-121.796 134.008 115.769
-7.88063 6.5088 -0.806414
-7.79372 6.44979 -0.797979
-8.18842 6.3413 -0.837374
465.36 0 363.909
476.44 0 409.801
476.603 0 411.107
-4.06567 -7.08888 -0.423413
-4.30141 -6.97456 -0.447633
-4.24333 -6.89134 -0.441948
-1.01385 -9.90835 -0.10379
-3.52387 -7.74795 -0.366375
-3.47762 -7.65886 -0.361912
-3.43875 -7.03301 -0.359587
-3.39044 -6.94478 -0.354843
-5.33706 5.86306 -0.554211
-5.53354 5.71209 -0.574097
-10.7464 2.1101 -1.09919
-10.6698 2.4064 -1.09127
-10.8691 1.51235 -1.11189
-5.48946 5.35116 -0.569933
-10.9921 0.303497 -1.12464
-5.00253 5.21822 -0.521029
-4.22194 5.03121 -0.442216
-183.992 17.8223 125.357
-5.25517 -5.14556 -0.54646
-10.9767 -0.606729 -1.12304
-5.00253 -5.21822 -0.521029
5.79665 -8.45462 0.592412
5.50482 -8.61302 0.562651
103.647 -62.7927 72.459
7.16777 -7.54386 0.732245
-4.29128 -5.10715 -0.449231
-2.95359 -4.94992 -0.31268
7.91 -6.90936 0.808007
13.8477 -1.32781 2.69197
13.8002 -1.59264 2.68643
-3.21566 -4.7003 -0.339683
-3.09602 -4.53551 -0.327401
7.90999 6.90936 0.808007
8.14245 6.68448 0.831755
-3.04816 5.46008 -0.322071
8.36705 -6.45329 0.854712
-3.16414 -6.06546 -0.33327
-3.11428 -5.97789 -0.328263
-3.17304 4.95242 -0.335262
121.661 -81.3871 93.0671
238.526 0 130.096
270.412 0 151.092
283.333 0 160.004
9.53791 4.94816 0.974663
9.70194 4.68007 0.991514
-3.34582 5.20335 -0.352876
-3.22707 5.37602 -0.340563
-3.1721 5.29096 -0.334978
8.36704 6.4533 0.854711
-3.26431 6.24036 -0.343297
5.20779 8.76313 0.532356
5.50481 8.61303 0.56265
-3.20506 5.71932 -0.337953
6.90623 7.74124 0.705565
6.63808 7.93119 0.678216
-3.25766 5.80557 -0.343256
-3.46651 6.58921 -0.363411
-3.41572 6.50212 -0.358375
-3.6301 6.40701 -0.380516
-3.29431 6.7681 -0.34537
2.68153 9.65022 0.274399
-3.41634 6.06385 -0.359195
-4.11026 6.28085 -0.429703
-4.05048 6.19858 -0.423762
-4.25606 6.08533 -0.444826
-3.61604 5.96901 -0.379792
-4.72109 6.27993 -0.491581
-4.57105 6.4866 -0.476036
-4.5077 6.40659 -0.469782
4.90589 8.9048 0.501558
-3.31462 6.32769 -0.348318
-3.36509 6.41495 -0.353344
-5.18945 5.71846 -0.539533
-5.45718 5.64201 -0.566499
-5.34662 6.60189 -0.553905
-5.1208 6.74661 -0.530892
-5.27681 6.52646 -0.547061
-4.31865 5.45536 -0.451856
-4.38597 5.53273 -0.458621
-4.19823 5.65026 -0.439487
-3.51713 5.11069 -0.370465
-4.00492 5.41213 -0.420039
-3.82225 5.51865 -0.401361
-3.9408 5.33252 -0.413567
-3.27567 -4.78256 -0.345831
-3.11573 -4.8686 -0.329399
-4.18449 -5.30022 -0.438342
-4.11765 -5.22247 -0.431592
-3.94079 -5.33252 -0.413567
-10.3801 -3.28185 -1.06135
-7.01069 7.40802 -0.717262
-7.26059 7.20808 -0.742741
-7.34139 7.27379 -0.75048
-5.94705 8.13465 -0.608809
-5.87942 8.05769 -0.602419
-6.15159 7.88947 -0.630178
-5.21794 7.74109 -0.537645
-5.47822 7.59257 -0.564226
-7.31616 6.47941 -0.750557
-7.70701 6.39054 -0.789551
-7.40041 6.5415 -0.758745
-5.08467 7.12195 -0.526278
-6.01024 6.50566 -0.620545
-5.78628 6.66975 -0.597787
-9.36472 5.21178 -0.956885
-9.18253 5.47064 -0.938198
-7.53415 6.27137 -0.772711
-7.62049 6.33107 -0.781128
-7.2321 6.41711 -0.742375
-6.8146 6.10244 -0.701556
-6.60302 6.29013 -0.680118
-6.52231 6.22426 -0.67221
-5.96249 5.75789 -0.617021
-6.16193 6.64656 -0.635353
-5.45921 7.13153 -0.563821
-5.39112 7.05485 -0.557222
-4.51287 7.76418 -0.466682
-4.77294 7.63608 -0.493325
-3.70205 8.74106 -0.381155
-3.90026 8.45787 -0.402282
-4.24895 7.88484 -0.439611
-4.08248 8.17229 -0.421764
-4.24334 6.89134 -0.441949
-4.30142 6.97455 -0.447633
-4.06568 7.08888 -0.423414
-3.88254 9.09924 -0.397988
-5.09172 7.58092 -0.525551
-4.8928 7.80024 -0.504811
-3.51746 6.67622 -0.368453
-4.35113 6.60879 -0.453522
-4.18544 6.80802 -0.43627
-4.4563 7.68015 -0.461253
-3.95563 6.47364 -0.413614
-5.48537 6.00702 -0.568911
-5.55979 6.07876 -0.576269
-5.2792 6.15623 -0.54799
-3.58467 7.2972 -0.373852
394.135 0 253.246
395.435 0 254.636
411.29 0 272.598
410.138 0 271.223
388.819 0 247.673
387.46 0 246.277
381.908 0 240.679
383.314 0 242.081
421.159 0 284.922
422.201 0 286.286
444.065 0 318.73
444.849 0 320.071
-4.79875 8.18257 -0.493929
-4.51909 8.31177 -0.465308
-4.74116 8.09913 -0.488467
-3.00903 9.57078 -0.307875
-277.209 188.389 312.588
457.3 0 344.072
457.902 0 345.399
465.825 0 365.227
474.348 0 396.73
474.596 0 398.038
477.691 0 422.853
477.77 0 424.158
-4.23195 7.34293 -0.439595
-4.28775 7.4274 -0.445
-3.98365 7.45532 -0.414068
-3.47762 7.65886 -0.361912
-3.80507 -8.28089 -0.39327
-3.61289 -8.56151 -0.372773
-304.554 -154.148 312.764
-10.8128 -1.81199 -1.10606
-10.8691 -1.51235 -1.11189
-4.05097 5.1446 -0.424848
-4.11765 5.22247 -0.431593
-5.76368 5.92132 -0.596921
-7.36202 6.15132 -0.755896
-7.27622 6.09097 -0.747497
-9.53791 4.94817 -0.974663
-9.70194 4.68007 -0.991514
-4.85174 5.71 -0.505536
-195.451 26.2995 135.636
191.565 0 101.172
194.136 0 102.706
233.777 0 127.074
9.70194 -4.68007 0.991514
13.5229 -2.64693 2.6543
66.9083 0 31.0981
13.4316 -2.90871 2.6438
5.20779 -8.76314 0.532356
-3.24649 -6.67964 -0.340641
-3.21414 -6.15295 -0.338281
-3.2643 -6.24036 -0.343297
-6.22201 -7.96434 -0.636851
-5.94705 -8.13465 -0.608809
-6.01491 -8.21144 -0.615206
-9.53791 -4.94817 -0.974663
-9.70194 -4.68008 -0.991514
-7.27622 -6.09097 -0.747497
1.3504 -9.8754 0.138236
1.68574 -9.83308 0.172551
52.2835 0 23.2212
49.3485 0 21.6446
9.53791 -4.94817 0.974663
-3.11726 5.20582 -0.329397
281.211 0 158.522
279.076 0 157.039
254.769 0 140.629
342.787 0 205.213
341.061 0 203.776
13.3313 3.16959 2.63232
13.2222 -3.42938 2.61986
75.6365 0 35.8188
-3.28808 5.11979 -0.347
-4.29065 6.52698 -0.447559
-3.6713 6.93673 -0.383608
-3.72292 7.02339 -0.388671
-3.61985 6.84998 -0.378551
-4.00718 5.76218 -0.419957
-3.74937 5.09304 -0.394179
-3.63872 5.27418 -0.382809
-3.39286 5.63069 -0.357347
-3.33745 5.54588 -0.351747
-3.63668 5.61975 -0.382325
-3.44842 5.7154 -0.362951
-4.69831 6.64623 -0.48856
-4.47265 6.77207 -0.465466
-4.89062 6.8847 -0.507391
-5.05371 6.66918 -0.524325
-3.99087 6.11621 -0.417827
-3.84176 6.30582 -0.402319
-4.25149 5.37785 -0.445097
-4.96935 5.50042 -0.517558
-4.26298 5.72941 -0.44598
-4.50024 5.33422 -0.470307
-7.90999 -6.90937 -0.808007
-8.14245 -6.68448 -0.831755
-7.82457 -6.84862 -0.79978
-5.66649 -8.29712 -0.580191
-5.87941 -8.0577 -0.602418
-5.60176 -8.21813 -0.574092
-5.50482 -8.61302 -0.56265
-5.79664 -8.45462 -0.592411
-5.4112 -5.28279 -0.562103
-3.29431 -6.7681 -0.34537
-3.51745 -6.67622 -0.368453
-3.46651 -6.58921 -0.363411
-5.20779 8.76314 -0.532356
-5.14871 8.68058 -0.526846
-5.01349 7.96388 -0.516324
-5.28137 7.82096 -0.543702
-5.67783 7.82584 -0.583291
-5.87206 7.58828 -0.603552
-5.94161 7.66384 -0.610198
-6.05564 7.34734 -0.622695
-5.98381 7.27355 -0.615786
-4.95304 7.88212 -0.510565
-6.84627 6.48655 -0.703877
-7.06454 6.29187 -0.726029
-7.14822 6.3546 -0.734199
-6.93948 6.94309 -0.711849
-5.32325 6.97801 -0.55063
-5.5572 6.82724 -0.574474
-5.48681 6.75228 -0.567612
-4.96631 7.4202 -0.513483
-5.02891 7.50063 -0.519513
-5.28052 7.35792 -0.545222
-5.21503 7.2794 -0.538901
-5.25557 6.90102 -0.544044
-4.59466 7.38891 -0.476144
-5.41662 6.67717 -0.560755
-5.18809 6.82389 -0.537465
-4.95511 6.96392 -0.513681
-8.99148 5.72448 -0.918618
-7.1906 6.03041 -0.739104
-6.89773 6.16579 -0.709707
-7.48484 6.60337 -0.766939
-7.56948 6.66502 -0.77514
-7.25558 6.80981 -0.743602
-6.5427 6.60726 -0.673384
-6.62166 6.67483 -0.681064
-6.92774 6.55161 -0.711809
-5.99542 6.12901 -0.619797
-6.07304 6.19789 -0.627434
-5.78417 6.29298 -0.59838
-10.3801 3.28185 -1.06135
-6.36146 6.09195 -0.656413
-5.71327 6.59688 -0.590655
-4.39992 7.59601 -0.455829
-4.34374 7.51176 -0.450411
-3.73213 7.56065 -0.388166
-4.46466 8.22661 -0.460155
-4.28684 8.51974 -0.441096
-4.23546 8.43303 -0.436254
-3.98146 7.99799 -0.412135
-4.19551 7.79914 -0.43449
-4.35642 8.05593 -0.449871
-4.30259 7.97044 -0.444737
-4.90589 8.9048 -0.501559
-3.77471 7.10996 -0.393739
-4.13328 8.2593 -0.426588
-3.78163 7.6483 -0.392948
-3.82668 7.19644 -0.398813
-3.87883 7.28283 -0.403892
-3.6828 7.47292 -0.383389
-3.33987 7.39111 -0.348555
406.616 0 267.092
407.801 0 268.47
401.761 0 261.568
404.211 0 264.332
405.419 0 265.713
376.163 0 235.061
379.059 0 237.873
380.489 0 239.277
390.166 0 249.068
391.501 0 250.462
392.824 0 251.854
419.042 0 282.191
420.106 0 283.557
431.099 0 298.516
432.035 0 299.87
439.996 0 312.014
440.83 0 313.359
447.886 0 325.426
448.62 0 326.762
-3.61291 8.5615 -0.372774
-3.3338 9.48219 -0.341062
454.152 0 337.428
454.8 0 338.759
460.216 0 350.699
460.771 0 352.023
464.404 0 361.271
464.886 0 362.591
468.427 0 373.125
468.83 0 374.44
472.984 0 390.184
473.274 0 391.494
475.5 0 403.268
475.705 0 404.575
477.17 0 416.329
477.291 0 417.634
478.004 0 429.375
478.041 0 430.679
-10.9921 -0.303496 -1.12464
-10.4866 -2.99254 -1.07234
-6.23772 -5.65347 -0.644654
-6.3196 -5.71818 -0.652766
-5.42314 6.30375 -0.562187
-5.80414 5.62299 -0.601303
-6.3196 5.71818 -0.652766
-6.23772 5.65347 -0.644654
-5.56788 5.41937 -0.577768
-7.44799 6.21146 -0.764301
-10.8128 1.81199 -1.10606
-5.64646 5.48742 -0.585607
-5.22911 5.43082 -0.54374
-5.15342 5.36011 -0.536165
-4.78724 6.35806 -0.498118
-4.63459 6.56648 -0.482295
-4.85358 6.43604 -0.504661
-5.13777 6.37515 -0.533392
-10.9973 -9.61413e-07 -1.12517
-5.25517 5.14556 -0.54646
129.775 0 65.5819
132.557 0 67.1405
13.6791 -2.12096 2.67236
13.744 -1.85707 2.67989
61.0691 0 27.9486
63.9906 0 29.5236
13.6054 -2.38431 2.66383
69.8219 0 32.6722
13.4316 2.90873 2.6438
72.7314 0 34.2457
6.90623 -7.74124 0.705565
6.63807 -7.9312 0.678216
0.338347 -9.94603 0.0346401
-9.85666 -4.40777 -1.00742
-3.11726 -5.20582 -0.329396
8.14245 -6.68448 0.831755
-2.99614 -5.37351 -0.316786
-3.31462 -6.32769 -0.348318
-3.46953 -6.14978 -0.364517
-3.3651 -6.41494 -0.353345
-3.5229 -6.23561 -0.369845
-3.00903 -9.57078 -0.307875
-3.95574 -6.919 -0.412656
-3.77471 -7.10996 -0.393739
-4.01062 -7.00399 -0.418032
-2.9536 4.94992 -0.31268
-4.36078 5.18297 -0.456252
-3.39612 -4.94681 -0.358139
-3.33583 -4.86473 -0.351982
-2.84515 -4.77894 -0.301557
188.983 0 99.6368
92.9417 -0.105352 45.2425
95.8178 -0.0955045 46.812
209.336 0 111.883
206.83 0 110.356
216.788 0 116.454
240.882 0 131.604
243.227 0 133.112
245.56 0 134.618
247.88 0 136.123
349.568 0 210.945
347.892 0 209.514
321.229 0 187.879
319.349 0 186.425
12.9769 3.94516 2.59206
101.557 0 49.9495
98.6987 0 48.382
13.8865 1.06264 2.69651
43.47 0 18.4904
40.5268 0 16.9128
10.3801 3.28185 1.06135
-3.28219 5.46099 -0.346153
-3.57642 6.32135 -0.375178
-3.72857 6.13761 -0.391045
-3.93115 7.36912 -0.408977
-4.4118 6.69049 -0.45949
-4.7934 5.9943 -0.499322
-4.17634 7.25835 -0.434195
-2.99615 5.37351 -0.316786
-3.78508 6.22177 -0.396679
-3.93143 6.03372 -0.411897
-4.43043 5.25866 -0.463277
-4.18449 5.30022 -0.438342
-5.41112 5.93512 -0.561558
-5.06853 6.29927 -0.526566
-4.93061 6.14706 -0.512932
-4.65512 6.20167 -0.48505
-4.86191 6.07075 -0.506124
-4.89631 5.42745 -0.510244
-4.71064 5.5601 -0.491428
-4.65691 5.84098 -0.485733
-4.82344 5.35433 -0.502935
-4.57021 5.40965 -0.477342
-3.68586 5.013 -0.387726
-4.5949 -6.93487 -0.477432
-4.53367 -6.85353 -0.471446
-4.35969 -7.05766 -0.453323
-4.08371 -4.87895 -0.4282
-3.91805 -4.98852 -0.411373
-3.68586 -5.013 -0.387725
-3.62249 -4.93286 -0.381277
-7.16776 7.54387 -0.732244
-7.4224 7.33928 -0.758227
-6.01491 8.21144 -0.615207
-5.79665 8.45462 -0.592412
-5.53724 8.139 -0.568
-5.81199 7.98057 -0.596036
-5.74481 7.90328 -0.58966
-6.01139 7.73922 -0.616851
-6.083 8.28806 -0.621612
-6.08137 7.81443 -0.623511
-6.70081 6.7422 -0.688751
-7.00941 6.61648 -0.719748
-6.78017 6.80937 -0.696444
-6.85448 7.27134 -0.702309
-6.5276 7.38877 -0.669467
-5.66469 7.36063 -0.583656
-5.13502 8.12699 -0.527864
-4.85654 8.26588 -0.499398
-5.07414 8.04551 -0.522091
-7.09127 6.68114 -0.727693
-6.3144 6.78673 -0.650186
-5.8595 6.74245 -0.604925
-4.71793 7.09716 -0.489425
-4.53563 7.30627 -0.470429
-4.4768 7.22352 -0.464721
-4.71331 7.55382 -0.487592
-4.82633 6.80534 -0.501108
-4.65632 7.01607 -0.483426
-8.09938 6.28495 -0.828715
-8.79176 5.97305 -0.898164
-7.17332 6.74558 -0.735644
-7.73934 6.78765 -0.79156
-6.41801 7.71363 -0.657342
-6.75412 7.60084 -0.691105
-6.49114 7.78634 -0.664292
-5.64045 6.52385 -0.583529
-6.20133 5.95888 -0.640639
-6.28131 6.0255 -0.648523
-6.98105 6.22893 -0.717865
-6.37768 7.24642 -0.655078
-3.83131 7.73585 -0.397736
-4.01061 7.00399 -0.418032
-5.2574 8.28957 -0.539431
-5.47295 8.05971 -0.561915
-4.97276 8.43215 -0.510356
-4.73885 8.65134 -0.485982
-4.91454 8.34908 -0.504874
408.975 0 269.847
398 0 257.412
402.992 0 262.951
371.728 0 230.834
377.617 0 236.468
386.09 0 244.879
423.232 0 287.649
424.252 0 289.011
432.961 0 301.223
433.876 0 302.575
438.299 0 309.322
439.152 0 310.669
441.654 0 314.703
442.467 0 316.046
446.387 0 322.75
447.141 0 324.088
449.345 0 328.098
450.061 0 329.433
-4.18427 8.34621 -0.431418
452.826 0 334.766
453.494 0 336.098
456.069 0 341.417
456.689 0 342.745
458.494 0 346.725
459.077 0 348.05
461.854 0 354.668
462.382 0 355.99
463.912 0 359.952
467.166 0 369.178
467.595 0 370.494
469.986 0 378.381
470.354 0 379.694
472.378 0 387.564
472.685 0 388.874
473.828 0 394.113
474.092 0 395.421
475.065 0 400.654
475.287 0 401.961
476.089 0 407.188
476.269 0 408.495
476.757 0 412.412
476.903 0 413.718
477.404 0 418.939
477.508 0 420.244
477.904 0 426.766
477.958 0 428.071
478.091 0 433.288
478.103 0 434.592
-4.53356 -5.06043 -0.473749
-10.9767 0.606727 -1.12304
-3.28808 -5.11979 -0.347
-3.1721 -5.29096 -0.334977
-4.85228 -5.07574 -0.505913
-5.4112 5.28279 -0.562104
-5.38099 5.57177 -0.558908
-6.40166 5.78271 -0.660883
-5.72522 5.55529 -0.593453
204.313 0 108.829
201.785 0 107.3
115.752 0 57.7758
118.571 0 59.3387
55.2154 0 24.7974
10.8128 -1.812 1.10606
92.9417 0.105227 45.2425
84.3237 0 40.5346
13.9166 -0.797204 2.70004
34.6336 0 13.7568
37.5813 0 15.3349
13.744 1.85707 2.67989
13.8002 1.59265 2.68643
16.9095 -0.20239 4.28344
19.8695 0 5.86312
19.8667 -0.135039 5.8627
10.9921 0.303493 1.12464
10.9767 0.606729 1.12304
4.5994 -9.03788 0.470286
4.28863 -9.16227 0.43857
4.90589 -8.9048 0.501558
3.97392 -9.27785 0.40644
-3.40369 5.28682 -0.358756
-3.78508 -6.22177 -0.396679
-3.57642 -6.32136 -0.375178
-3.6301 -6.40702 -0.380516
170.63 0 88.858
167.969 0 87.3136
214.315 0 114.932
226.565 0 122.53
228.981 0 124.046
295.798 0 168.864
293.752 0 167.391
268.214 0 149.601
266.004 0 148.11
356.148 0 216.655
354.522 0 215.23
339.321 0 202.338
328.619 0 193.68
326.79 0 192.232
313.634 0 182.054
311.703 0 180.594
13.3314 -3.16959 2.63232
10.2638 -3.5683 1.04935
10.3801 -3.28185 1.06135
10.6698 2.4064 1.09127
13.6054 2.3843 2.66383
13.6791 2.12098 2.67236
22.8251 0 7.44221
25.7796 0 9.02114
-3.50414 5.80003 -0.36856
-3.46954 6.14977 -0.364518
-3.5229 6.23561 -0.369845
-3.57785 5.19248 -0.376634
-3.46171 5.37019 -0.364641
-3.88373 5.59994 -0.407555
-4.45827 5.96611 -0.46549
-4.393 5.88733 -0.458981
-4.58933 6.12328 -0.478524
-4.45345 5.60999 -0.465391
-4.64034 5.48494 -0.484383
-4.77739 5.00428 -0.498363
-4.6058 5.13411 -0.481038
-5.41112 -5.93512 -0.561558
-5.68679 -5.85175 -0.589307
-5.61008 -5.782 -0.581699
-8.79176 -5.97305 -0.898164
-8.58355 -6.21607 -0.876855
-4.64034 -5.48494 -0.484383
-4.45345 -5.60999 -0.465391
-4.71064 -5.5601 -0.491428
-6.6489 -5.97513 -0.68527
-7.09962 7.07601 -0.727281
-7.01945 7.00965 -0.719562
-6.29269 8.03902 -0.643533
-6.22202 7.96433 -0.636852
-5.03119 8.51509 -0.515846
-5.31892 8.37065 -0.545225
-5.08984 8.5979 -0.521342
-5.76959 7.05115 -0.595101
-5.9122 7.19959 -0.608884
-6.22859 7.10333 -0.640715
-6.46768 6.92616 -0.665045
-6.15436 7.03151 -0.633544
-4.57372 8.39684 -0.470466
-4.68378 8.01557 -0.483011
-5.5275 7.20805 -0.570426
-4.35969 7.05766 -0.453323
-4.41815 7.14065 -0.459019
-4.14227 7.71334 -0.429375
-5.49538 6.37728 -0.569295
-7.50356 7.00121 -0.767515
-6.93248 7.33978 -0.709783
-7.18 7.14215 -0.735008
-8.14245 6.68448 -0.831755
-8.05499 6.62616 -0.823302
-7.90999 6.90937 -0.808006
-7.6699 7.12771 -0.78349
-6.22883 6.33509 -0.642727
-6.44179 6.1582 -0.664308
-4.12092 7.17367 -0.428802
-3.61691 7.92592 -0.375318
-4.62856 8.48178 -0.475631
396.723 0 256.025
384.708 0 243.481
425.262 0 290.372
428.228 0 294.448
429.195 0 295.805
434.781 0 303.926
437.434 0 307.974
443.271 0 317.389
445.622 0 321.411
-3.79192 8.92031 -0.38956
-4.41044 8.14132 -0.45501
452.149 0 333.434
455.439 0 340.088
459.651 0 349.375
461.317 0 353.346
466.281 0 366.545
466.728 0 367.862
468.016 0 371.81
469.224 0 375.754
469.609 0 377.068
470.713 0 381.007
471.063 0 382.319
472.062 0 386.253
473.555 0 392.803
474.834 0 399.346
475.901 0 405.882
477.041 0 415.023
477.604 0 421.548
477.841 0 425.462
478.07 0 431.984
-4.85228 5.07573 -0.505913
-5.136 6.00808 -0.533816
-4.19822 -5.65027 -0.439486
-4.38597 -5.53274 -0.458621
-4.13362 -5.57101 -0.432999
-4.38956 4.91267 -0.459186
-4.77739 -5.00428 -0.498362
-4.6058 -5.13411 -0.481038
10.6698 -2.40639 1.09127
46.4106 0 20.0676
181.178 0 95.0243
183.79 0 96.563
9.36472 -5.21178 0.956885
-3.00802 -5.0353 -0.318248
-3.17305 -4.95242 -0.335262
-2.89931 -4.86447 -0.307116
-4.18544 -6.80802 -0.43627
-3.48722 -7.12115 -0.364336
-3.04816 -5.46008 -0.322071
-3.36329 -5.97784 -0.353877
-3.31039 -5.89175 -0.348564
-4.25606 -6.08533 -0.444826
-4.05048 -6.19859 -0.423762
-4.11026 -6.28085 -0.429703
-3.19882 -6.59112 -0.335917
231.385 0 125.561
219.25 0 117.975
221.7 0 119.495
196.696 0 104.238
211.831 0 113.408
285.442 0 161.484
274.769 0 154.068
272.597 0 152.581
261.547 0 145.121
259.3 0 143.625
-3.20506 -5.71932 -0.337953
-3.25766 -5.80557 -0.343256
-3.39286 -5.63069 -0.357346
360.952 0 220.923
359.363 0 219.502
352.883 0 213.803
351.232 0 212.375
346.203 0 208.082
344.501 0 206.648
337.569 0 200.899
332.237 0 196.572
330.434 0 195.126
324.949 0 190.782
323.095 0 189.331
317.457 0 184.969
315.552 0 183.512
309.76 0 179.133
307.804 0 177.671
-4.52372 6.04475 -0.472004
-4.06915 5.84314 -0.426167
-3.75776 -8.19227 -0.388773
-3.98146 -7.99799 -0.412136
-3.93123 -7.9107 -0.40733
-6.90623 -7.74124 -0.705565
-6.63807 -7.9312 -0.678215
-6.60302 -6.29013 -0.680118
-6.81461 -6.10244 -0.701556
-6.52231 -6.22427 -0.67221
-3.44843 -5.7154 -0.362951
-6.67839 7.53034 -0.683885
-6.08034 6.95951 -0.62638
-6.39094 6.85654 -0.657612
-5.14975 7.20074 -0.532586
-4.99948 6.22324 -0.519746
-8.01052 6.22836 -0.820062
-7.58662 7.06458 -0.775499
-3.61327 9.29382 -0.370032
-4.84999 8.82043 -0.496359
-4.6836 8.56662 -0.480803
-3.63365 7.3851 -0.378617
-4.14153 8.89881 -0.424915
-4.04444 8.7227 -0.415843
-3.83714 9.00982 -0.393771
-4.33842 8.60636 -0.445945
-4.39021 8.69287 -0.4508
-5.80414 -5.623 -0.601303
-5.72521 -5.55529 -0.593453
-5.53354 -5.71209 -0.574097
-6.73166 -6.03889 -0.69341
-3.33379 -9.48219 -0.341061
-10.2638 -3.5683 -1.04935
-5.73146 -8.37595 -0.586297
-5.20752 -6.08223 -0.5409
-5.2792 -6.15623 -0.54799
-5.48537 -6.00702 -0.568911
-5.88322 -5.69053 -0.609159
13.104 -3.68797 2.60644
81.4328 0 38.9632
92.9653 0 45.245
92.9594 0.0528978 45.2444
95.8349 0 46.8139
112.926 0 56.2121
135.332 0 68.6982
138.098 0 70.2549
121.383 0 60.9008
124.187 0 62.462
154.524 0 79.5751
157.231 0 81.125
186.392 0 98.1005
13.9511 0.265818 2.70408
13.9166 0.797203 2.70004
16.8826 0.607555 4.27975
13.9382 0.531574 2.70256
10.9767 -0.606731 1.12304
10.9511 -0.909456 1.12039
13.8865 -1.06264 2.69651
-3.78164 -7.64829 -0.392948
-3.6169 -7.92592 -0.375318
-3.83132 -7.73585 -0.397736
-3.38562 -7.48043 -0.353002
-3.43153 -7.56968 -0.357454
-3.58467 -7.2972 -0.373852
-2.01958 -9.78142 -0.206705
-3.69531 -5.70275 -0.388229
-3.82225 -5.51865 -0.401361
-3.63668 -5.61976 -0.382325
-3.50414 -5.80003 -0.36856
-3.41572 -6.50212 -0.358375
224.138 0 121.013
199.246 0 105.77
289.622 0 164.44
287.539 0 162.963
276.929 0 155.554
263.782 0 146.616
257.041 0 142.128
357.761 0 218.079
13.5229 2.64692 2.6543
10.5832 2.70064 1.08232
58.144 0 26.3732
10.9152 1.21141 1.11667
13.8477 1.32781 2.69197
-4.36078 -5.18297 -0.456252
-7.36202 -6.15132 -0.755896
-7.06454 -6.29187 -0.726029
-7.44799 -6.21146 -0.764301
-6.4839 -5.84704 -0.669007
-6.28131 -6.0255 -0.648523
-6.56631 -5.91118 -0.677135
-5.39113 -7.05485 -0.557222
-5.14975 -7.20075 -0.532586
-5.21502 -7.27941 -0.5389
-6.56448 -7.85887 -0.67125
-6.83007 -7.67114 -0.698332
-6.49114 -7.78634 -0.664292
-6.083 -8.28806 -0.621612
-3.85182 -4.91031 -0.404642
-3.43326 -4.69181 -0.361958
-5.19611 8.20835 -0.533644
-5.84079 7.12545 -0.601989
-7.96771 6.5676 -0.814855
-7.82457 6.84862 -0.79978
-7.08912 7.47604 -0.72475
-4.79432 8.73594 -0.491167
-4.09289 8.8108 -0.420376
-4.92732 -5.14705 -0.513468
-4.75072 -5.28107 -0.49563
-4.13128 -5.92399 -0.432381
-4.26298 -5.72941 -0.445979
-4.06915 -5.84314 -0.426166
-4.99946 -6.22325 -0.519746
-4.29064 -6.52698 -0.447558
-4.5077 -6.40659 -0.469782
-4.44452 -6.32646 -0.463535
-6.04193 -5.82506 -0.624887
-5.96249 -5.75789 -0.61702
-5.76368 -5.92132 -0.596921
-7.25558 -6.80981 -0.743602
-7.17332 -6.74558 -0.735644
-6.93948 -6.9431 -0.711849
-6.44179 -6.1582 -0.664308
-6.36146 -6.09195 -0.656413
-10.7464 -2.1101 -1.09919
126.985 0 64.0224
149.083 0 76.4724
151.808 0 78.0243
162.619 0 84.2214
165.299 0 85.768
175.924 0 91.9434
178.556 0 93.4844
31.684 0 12.1785
10.9152 -1.21141 1.11667
16.8994 0.40488 4.28206
-5.20779 -8.76314 -0.532356
-5.1487 -8.68059 -0.526846
-4.90589 -8.9048 -0.501558
-6.38538 -6.47156 -0.658043
-6.08599 -6.57619 -0.627946
-6.16193 -6.64656 -0.635353
-3.65739 -8.65132 -0.376962
-3.70205 -8.74106 -0.381155
-1.3504 -9.8754 -0.138236
-3.66368 -8.01478 -0.379797
-3.71063 -8.10356 -0.384283
-4.58932 -6.12328 -0.478524
-4.65511 -6.20167 -0.485049
-3.72857 -6.13761 -0.391045
-3.93143 -6.03373 -0.411897
-3.3423 -6.85648 -0.350104
301.858 0 173.274
291.694 0 165.916
-4.45827 -5.96611 -0.465489
-4.3187 -6.16583 -0.451056
-9.36472 -5.21178 -0.956885
-9.18252 -5.47064 -0.938198
-8.99148 -5.72448 -0.918618
-7.58662 -7.06458 -0.775499
-7.34139 -7.27379 -0.75048
-7.66989 -7.12771 -0.783489
-5.87206 -7.58829 -0.603552
-6.05563 -7.34735 -0.622694
-5.80272 -7.51257 -0.596913
-5.6278 -6.90204 -0.581343
-5.93291 -6.81498 -0.61207
-5.85951 -6.74245 -0.604926
-6.29269 -8.03902 -0.643533
-5.44263 -8.53238 -0.556835
-5.25739 -8.28958 -0.539431
-4.97277 -8.43214 -0.510356
-5.03119 -8.51509 -0.515846
-5.59599 7.28442 -0.577038
-5.07789 -5.28924 -0.528594
-4.50023 -5.33422 -0.470307
-4.57021 -5.40965 -0.477342
-4.82344 -5.35433 -0.502935
-5.11591 -5.64593 -0.532203
-4.92253 -5.78474 -0.512597
-5.18945 -5.71846 -0.539533
-4.03633 -7.54143 -0.419164
-3.98364 -7.45533 -0.414068
-6.23807 -6.71673 -0.642767
-6.00653 -6.88733 -0.619222
-6.12768 -7.42096 -0.62961
-6.37768 -7.24642 -0.655078
-7.10517 -5.96963 -0.730717
-6.89773 -6.16578 -0.709707
-7.1906 -6.03041 -0.739104
-5.56782 6.45065 -0.576409
-5.35108 6.23007 -0.555086
-5.20751 6.08223 -0.5409
87.2095 0 42.1054
92.9594 -0.0528166 45.2444
146.349 0 74.9195
159.929 0 82.6737
173.282 0 90.4013
10.9511 0.909455 1.12039
16.8994 -0.404889 4.28206
16.8826 -0.607553 4.27975
13.9382 -0.531569 2.70256
-4.71332 -7.55381 -0.487592
-4.65389 -7.47142 -0.481865
-4.4563 -7.68015 -0.461252
-3.5703 -7.83698 -0.370844
-3.94813 -8.54624 -0.406796
-3.99619 -8.63451 -0.411316
-4.18428 -8.3462 -0.431418
1.18661e-07 -9.95074 1.30164e-08
-3.33985 -7.39111 -0.348555
-3.73212 -7.56065 -0.388165
-1.68574 -9.83308 -0.172551
-3.6828 -7.47292 -0.383389
-3.41634 -6.06385 -0.359195
-4.67818 -5.20766 -0.488332
-3.55927 -4.85261 -0.374833
-3.88372 -5.59994 -0.407554
-4.00491 -5.41214 -0.420039
-4.23033 -6.44505 -0.441601
-4.07018 -6.64104 -0.424931
-3.87215 -5.95114 -0.405972
-3.67222 -6.05336 -0.385416
-6.36357 -8.11353 -0.650222
-4.5211 -5.68712 -0.472166
-4.3279 -5.80843 -0.452477
-3.98443 -5.06662 -0.418108
-6.30701 -6.40342 -0.650382
-5.13776 -6.37515 -0.533391
-5.20719 -6.45088 -0.540223
-5.42314 -6.30375 -0.562188
-4.38152 -6.2462 -0.457293
-4.35113 -6.60879 -0.453522
-4.12772 -6.72458 -0.430598
-7.26059 -7.20808 -0.742741
-6.34509 -7.64074 -0.650398
-6.6784 -7.53034 -0.683886
-6.60289 -7.45965 -0.676673
-5.81199 -7.98057 -0.596035
-6.08136 -7.81444 -0.62351
-4.74116 -8.09913 -0.488466
-5.01349 -7.96388 -0.516324
-4.95305 -7.88212 -0.510565
-7.4224 -7.33928 -0.758227
-7.16777 -7.54387 -0.732244
-7.08912 -7.47605 -0.72475
90.0901 0 43.6755
28.7326 0 10.5999
19.8667 0.135037 5.8627
16.9095 0.202393 4.28344
16.9129 0 4.2839
-5.28138 -7.82096 -0.543702
-5.21794 -7.74109 -0.537645
-4.4118 -6.69049 -0.459491
-4.57105 -6.4866 -0.476035
-3.63365 -7.3851 -0.378618
-3.74689 -8.83072 -0.385354
-3.79192 -8.92031 -0.389559
-0.338347 -9.94603 -0.0346401
-0.6764 -9.93189 -0.0692472
-4.19358 -6.00472 -0.438601
-4.17021 -6.36301 -0.435649
-3.74936 -5.09304 -0.394179
-3.87882 -7.28283 -0.403892
-3.82668 -7.19644 -0.398813
-3.6713 -6.93673 -0.383608
-3.53586 -7.20921 -0.369092
-3.72292 -7.02339 -0.388671
-6.2724 -7.56766 -0.643461
-4.25149 -5.37785 -0.445097
-4.43043 -5.25866 -0.463277
-3.2305 -5.03615 -0.341129
-6.765 -6.42127 -0.695951
-6.46394 -6.53951 -0.66571
-6.5427 -6.60726 -0.673384
-5.76958 -7.05115 -0.5951
-5.4592 -7.13153 -0.563821
-5.52749 -7.20806 -0.570425
-5.41661 -6.67717 -0.560755
-5.71327 -6.59688 -0.590654
-5.64046 -6.52384 -0.583529
-6.12154 -5.89206 -0.63276
-4.89631 -5.42745 -0.510244
-4.58892 -5.76411 -0.478947
-4.98681 -6.59161 -0.517764
-5.32324 -6.97801 -0.55063
-5.5572 -6.82724 -0.574474
-5.25556 -6.90103 -0.544044
-4.65631 -7.01607 -0.483425
-4.82633 -6.80534 -0.501108
-4.9201 -6.5139 -0.511209
-4.76223 -6.72585 -0.494831
-4.63459 -6.56648 -0.482294
-7.73934 -6.78765 -0.79156
-6.5276 -7.38876 -0.669468
-6.85449 -7.27134 -0.702309
-7.50356 -7.00121 -0.767515
-8.05498 -6.62616 -0.823301
-8.36704 -6.45331 -0.854711
-7.96771 -6.5676 -0.814855
-6.01138 -7.73922 -0.61685
-6.19992 -7.49441 -0.636532
-5.67784 -7.82584 -0.583291
-5.94161 -7.66384 -0.610197
-7.01069 -7.40802 -0.717262
22.8226 0.0789123 7.44182
10.9921 -0.303477 1.12464
-5.69858 -6.97668 -0.588218
-4.77972 -7.17811 -0.49543
-4.59466 -7.38891 -0.476144
-4.84173 -7.25894 -0.501441
-4.56964 -7.8481 -0.472119
-4.62661 -7.93189 -0.477561
-4.83277 -7.71823 -0.499065
-4.41814 -7.14065 -0.459019
-4.17634 -7.25835 -0.434195
-4.57372 -8.39684 -0.470466
-4.51909 -8.31178 -0.465307
-4.33843 -8.60636 -0.445945
-4.23546 -8.43303 -0.436254
-3.65552 -9.38452 -0.373927
-3.97391 -9.27785 -0.40644
-3.92812 -9.18859 -0.40221
-3.33745 -5.54588 -0.351747
-3.15262 -5.63298 -0.332655
-3.61986 -6.84998 -0.378551
-3.56857 -6.76314 -0.373499
-4.393 -5.88734 -0.45898
-5.136 -6.00808 -0.533816
-4.85174 -5.71 -0.505536
-4.6569 -5.84098 -0.485733
-4.05096 -5.14461 -0.424848
-3.57785 -5.19248 -0.376634
-3.51713 -5.11069 -0.370464
-4.23195 -7.34293 -0.439594
-4.01281 -6.55739 -0.419269
-5.53724 -8.139 -0.568
-5.1961 -8.20835 -0.533644
-5.98382 -7.27355 -0.615786
-6.22859 -7.10333 -0.640716
-5.9122 -7.19959 -0.608884
-4.52371 -6.04476 -0.472004
-4.72506 -5.91771 -0.492524
-4.78111 -5.63512 -0.49848
-3.81302 -5.17298 -0.400636
-3.69974 -5.35577 -0.388987
-3.76092 -5.43727 -0.395172
-3.87683 -5.25281 -0.407099
-3.22707 -5.37602 -0.340563
-3.34581 -5.20335 -0.352876
-6.62177 -7.06482 -0.67993
-6.69914 -7.13386 -0.687383
-6.45253 -7.31769 -0.662269
-6.84627 -6.48655 -0.703877
-5.04254 -5.57326 -0.524878
-4.96935 -5.50042 -0.517558
-5.22911 -5.43082 -0.54374
-5.15342 -5.36011 -0.536165
-6.40166 -5.78271 -0.660884
-5.56783 -6.45064 -0.576409
-5.49539 -6.37728 -0.569295
-5.27681 -6.52646 -0.547061
-5.05371 -6.66918 -0.524325
-4.8619 -6.07076 -0.506123
-5.06467 -5.93378 -0.526737
-4.79339 -5.9943 -0.499321
-6.20133 -5.95888 -0.640639
-5.78629 -6.66975 -0.597787
-4.99351 -5.85934 -0.519665
-3.90104 -6.83391 -0.407286
-3.8465 -6.74872 -0.401921
-3.95563 -6.47364 -0.413614
-7.42069 -6.93763 -0.759537
-7.56948 -6.66502 -0.77514
-7.88063 -6.50881 -0.806414
-8.27764 -6.39742 -0.84604
-6.85972 -6.87633 -0.704143
-7.65431 -6.72645 -0.783347
-7.01945 -7.00965 -0.719562
-6.77671 -7.2027 -0.694843
-7.09962 -7.07601 -0.727281
-8.09938 -6.28495 -0.828715
-7.79372 -6.44979 -0.797979
-8.18842 -6.34131 -0.837374
-6.75413 -7.60084 -0.691105
-6.30303 -7.17497 -0.647893
-7.18 -7.14215 -0.735008
-6.15158 -7.88947 -0.630177
-6.418 -7.71364 -0.657342
-5.31892 -8.37065 -0.545225
-4.79432 -8.73594 -0.491167
-4.73884 -8.65134 -0.485981
-4.79876 -8.18256 -0.493929
-5.07415 -8.0455 -0.522091
-4.84999 -8.82043 -0.496359
-4.6836 -8.56662 -0.480803
-4.62855 -8.48179 -0.475631
-4.4422 -8.77928 -0.455662
-4.90391 -7.33964 -0.507459
-5.74481 -7.90328 -0.58966
-4.12091 -7.17367 -0.428801
-4.95511 -6.96392 -0.51368
-4.71792 -7.09716 -0.489424
-4.96631 -7.4202 -0.513483
-4.77294 -7.63608 -0.493325
-5.18808 -6.8239 -0.537465
-5.34661 -6.60189 -0.553905
-3.88117 -7.82333 -0.40253
-4.49438 -8.86559 -0.46053
-4.28862 -9.16228 -0.438569
-4.68378 -8.01557 -0.483011
-4.04443 -8.7227 -0.415843
-4.54679 -8.95179 -0.465405
-4.5994 -9.03788 -0.470286
-4.89281 -7.80024 -0.504812
-4.46466 -8.22661 -0.460155
-3.28218 -5.46099 -0.346153
-3.57821 -5.53666 -0.376426
-3.56001 -5.88456 -0.374173
-3.7541 -5.78565 -0.394138
-3.81305 -5.86844 -0.400053
-4.06919 -5.49163 -0.426516
-4.78724 -6.35806 -0.498117
-4.72109 -6.27993 -0.491581
-4.15275 -4.95514 -0.435205
-4.00718 -5.76218 -0.419958
-3.79215 -6.66344 -0.396561
-3.73796 -6.57806 -0.391208
-4.28774 -7.4274 -0.444999
-4.4768 -7.22352 -0.464721
-6.62166 -6.67483 -0.681064
-6.39094 -6.85654 -0.657612
-6.70081 -6.7422 -0.688751
-7.70701 -6.39054 -0.789551
-6.22883 -6.33509 -0.642727
-5.06852 -6.29927 -0.526566
-5.84074 -5.99073 -0.604541
-5.99542 -6.12901 -0.619797
-6.07304 -6.19789 -0.627434
-6.3144 -6.78673 -0.650186
-5.59599 -7.28442 -0.577038
-5.41212 -7.5145 -0.557885
-5.66469 -7.36063 -0.583656
-5.08467 -7.12195 -0.526277
-4.89063 -6.88469 -0.507391
-5.93469 -6.43494 -0.61315
-4.6983 -6.64624 -0.488559
-4.85358 -6.43605 -0.50466
-4.47266 -6.77206 -0.465466
-7.33804 -6.87383 -0.751566
-7.53415 -6.27137 -0.772711
-6.93248 -7.33978 -0.709782
22.8226 -0.0789066 7.44182
-5.38067 -8.45158 -0.551026
-5.08984 -8.5979 -0.521342
-5.47295 -8.05971 -0.561915
-4.91454 -8.34908 -0.504874
-5.61109 -7.74824 -0.576929
-5.7336 -7.43668 -0.590281
-3.93115 -7.36912 -0.408977
-5.28051 -7.35792 -0.545221
-4.53563 -7.30627 -0.47043
-4.34374 -7.51176 -0.450411
-4.39992 -7.59602 -0.455829
-4.24896 -7.88484 -0.439611
-4.13328 -8.2593 -0.426588
-3.90025 -8.45787 -0.402281
-3.83713 -9.00982 -0.393771
-4.09289 -8.81079 -0.420376
-4.28685 -8.51974 -0.441096
-3.61328 -9.29382 -0.370032
-3.88253 -9.09925 -0.397987
-4.30258 -7.97045 -0.444737
-4.35641 -8.05594 -0.44987
-4.14153 -8.8988 -0.424915
-4.41043 -8.14133 -0.455009
-4.85655 -8.26588 -0.499398
-3.10031 -5.54657 -0.32736
-3.61603 -5.96901 -0.379792
-3.68395 -6.49258 -0.385859
-3.84176 -6.30582 -0.402318
-3.94538 -5.68111 -0.413753
-4.9306 -6.14707 -0.512932
-3.8986 -6.38978 -0.407963
-4.31865 -5.45535 -0.451856
-6.54462 -6.99559 -0.672484
-7.48485 -6.60337 -0.766939
-7.40041 -6.5415 -0.758745
-6.98105 -6.22893 -0.717865
-7.31616 -6.47941 -0.750557
-7.14822 -6.35459 -0.734199
-6.92774 -6.55162 -0.711809
-7.2321 -6.41711 -0.742375
-6.68392 -6.3558 -0.688031
-6.15084 -6.26658 -0.635077
-5.56788 -5.41938 -0.577768
-5.64646 -5.48742 -0.585607
-5.33706 -5.86306 -0.554211
-5.48946 -5.35117 -0.569933
-5.33311 -5.21425 -0.554279
-6.01025 -6.50565 -0.620545
-5.47823 -7.59256 -0.564226
-5.15473 -7.66107 -0.531594
-5.1208 -6.74661 -0.530892
-5.48681 -6.75229 -0.567611
-5.54456 -7.67047 -0.570574
-5.40887 -7.98028 -0.555837
-4.23939 -9.07455 -0.434011
-6.08034 -6.95952 -0.62638
-4.19552 -7.79914 -0.43449
-4.14226 -7.71334 -0.429375
-4.08921 -7.62743 -0.424267
-4.51288 -7.76418 -0.466683
-4.19035 -8.98673 -0.42946
-5.02891 -7.50062 -0.519513
-5.09171 -7.58092 -0.52555
-3.45655 -5.0288 -0.364299
-3.4037 -5.28681 -0.358757
-5.30496 -5.50138 -0.551321
-5.7092 -6.22174 -0.591004
-3.63872 -5.27418 -0.382808
-3.51988 -5.45348 -0.370531
-6.78017 -6.80937 -0.696444
-7.00941 -6.61648 -0.719748
-5.6344 -6.15033 -0.583634
-7.09127 -6.68114 -0.727693
-5.35108 -6.23006 -0.555086
-5.55979 -6.07876 -0.576269
-5.78417 -6.29298 -0.59838
-5.01979 -7.043 -0.519976
-5.13502 -8.12699 -0.527864
-5.34502 -7.90069 -0.549766
-5.34621 -7.43629 -0.55155
-4.39021 -8.69287 -0.4508
-3.46172 -5.37019 -0.364641
-3.99087 -6.11621 -0.417827
-6.15436 -7.03152 -0.633544
-6.46768 -6.92616 -0.665045
-5.84079 -7.12545 -0.601989
-5.91799 -6.05996 -0.612166
-5.38099 -5.57178 -0.558908
-5.26317 -5.79084 -0.546869
-8.01052 -6.22836 -0.820062
-7.62049 -6.33107 -0.781128
-5.85934 -6.36404 -0.605762
-5.45718 -5.64201 -0.566499
3  0 1 2
3  3 4 5
3  6 7 8
3  9 10 11
3  12 13 14
3  15 16 17
3  18 19 20
3  21 22 23
3  24 25 26
3  27 28 29
3  30 31 32
3  0 33 34
3  35 36 37
3  38 39 40
3  41 42 43
3  44 45 46
3  47 48 49
3  16 50 51
3  52 13 53
3  54 48 55
3  56 57 58
3  59 60 61
3  4 3 62
3  48 47 63
3  64 65 66
3  62 1 67
3  68 13 69
3  4 62 70
3  49 48 71
3  72 50 73
3  22 74 73
3  75 76 77
3  22 78 79
3  80 81 82
3  53 73 83
3  84 85 86
3  47 49 87
3  17 16 51
3  81 48 88
3  48 63 88
3  5 4 89
3  90 63 61
3  91 92 93
3  54 94 15
3  63 47 95
3  96 97 98
3  97 99 82
3  35 100 10
3  101 75 77
3  53 78 73
3  102 103 104
3  105 106 107
3  108 84 109
3  13 52 94
3  13 94 55
3  94 54 55
3  110 111 112
3  113 114 115
3  41 116 117
3  118 119 19
3  48 54 120
3  120 54 121
3  94 52 15
3  78 22 73
3  47 122 123
3  124 125 126
3  127 28 27
3  1 62 2
3  128 129 130
3  131 132 133
3  134 135 136
3  137 36 138
3  15 52 53
3  139 92 140
3  141 0 35
3  142 36 143
3  97 70 99
3  97 4 70
3  78 144 145
3  146 147 148
3  149 150 151
3  152 153 154
3  62 124 33
3  155 156 157
3  47 158 159
3  124 62 75
3  99 1 82
3  160 1 141
3  81 161 82
3  81 88 161
3  162 163 157
3  164 165 166
3  84 167 168
3  169 56 58
3  170 72 73
3  84 87 109
3  16 15 73
3  73 171 172
3  85 49 121
3  173 174 168
3  144 78 175
3  73 176 177
3  167 178 168
3  158 47 173
3  71 48 179
3  120 49 71
3  65 59 159
3  85 17 86
3  124 180 33
3  181 182 183
3  62 3 64
3  5 60 59
3  57 56 76
3  184 185 186
3  187 188 189
3  41 119 42
3  190 191 192
3  28 193 194
3  195 196 197
3  198 156 199
3  34 200 201
3  202 203 204
3  78 205 206
3  207 208 209
3  2 62 33
3  210 211 212
3  67 1 99
3  70 62 67
3  119 213 214
3  215 216 217
3  218 219 220
3  78 221 222
3  223 224 225
3  226 215 227
3  27 228 229
3  230 231 232
3  233 234 235
3  195 236 237
3  238 47 61
3  63 95 238
3  65 64 59
3  59 64 239
3  80 240 241
3  80 242 243
3  88 63 90
3  161 88 90
3  244 245 246
3  70 67 99
3  1 0 141
3  0 100 35
3  247 17 51
3  50 72 248
3  248 72 249
3  191 28 250
3  251 252 253
3  49 120 121
3  80 254 255
3  254 13 255
3  57 158 173
3  47 174 173
3  256 257 258
3  169 173 259
3  87 49 260
3  49 85 84
3  54 15 121
3  15 85 121
3  48 120 179
3  120 71 179
3  65 57 66
3  65 158 57
3  0 2 33
3  100 0 224
3  101 127 184
3  57 76 261
3  101 56 262
3  169 28 263
3  264 265 266
3  62 76 75
3  13 267 268
3  269 215 270
3  271 92 272
3  36 35 273
3  274 275 276
3  277 278 279
3  280 281 129
3  282 283 202
3  124 126 284
3  285 286 287
3  288 289 290
3  20 291 292
3  110 293 294
3  36 160 37
3  295 296 297
3  78 53 110
3  205 78 298
3  78 19 299
3  300 301 302
3  24 92 301
3  281 303 129
3  304 305 306
3  307 308 309
3  310 311 312
3  313 314 315
3  21 23 316
3  317 318 319
3  23 22 79
3  28 320 321
3  322 323 324
3  325 45 44
3  326 127 327
3  328 329 330
3  331 332 333
3  334 335 336
3  337 338 339
3  194 193 340
3  341 342 343
3  344 345 346
3  56 169 262
3  347 348 349
3  171 207 209
3  350 209 351
3  352 74 353
3  4 60 89
3  60 5 89
3  4 97 96
3  97 161 90
3  63 238 61
3  97 90 98
3  95 47 238
3  354 47 159
3  158 65 159
3  13 68 355
3  59 61 354
3  64 3 239
3  137 13 356
3  48 81 80
3  161 97 82
3  240 13 241
3  1 160 82
3  357 36 273
3  73 74 358
3  359 360 361
3  174 47 168
3  193 28 362
3  87 84 168
3  47 123 168
3  50 248 51
3  85 15 17
3  363 364 365
3  169 247 51
3  50 16 73
3  171 73 207
3  80 366 367
3  366 55 367
3  47 87 122
3  208 207 368
3  122 87 123
3  123 87 168
3  215 224 223
3  215 226 270
3  302 301 271
3  131 369 132
3  369 370 371
3  25 24 188
3  197 372 373
3  374 135 134
3  196 375 376
3  197 196 376
3  160 141 37
3  141 35 37
3  273 35 10
3  100 215 10
3  110 377 378
3  53 13 12
3  12 36 379
3  53 12 379
3  314 78 315
3  380 381 382
3  383 282 202
3  245 384 385
3  19 18 299
3  129 303 130
3  205 277 386
3  387 388 389
3  313 390 391
3  390 78 145
3  74 318 353
3  21 316 392
3  393 277 279
3  394 395 396
3  397 328 398
3  399 400 401
3  215 11 402
3  263 101 262
3  403 32 404
3  405 406 338
3  407 408 409
3  410 411 412
3  394 413 414
3  415 416 104
3  417 418 419
3  420 421 422
3  423 424 425
3  426 194 427
3  428 429 430
3  153 431 154
3  177 432 433
3  172 434 435
3  78 436 79
3  437 438 439
3  440 441 442
3  441 443 444
3  445 73 446
3  445 447 448
3  60 4 98
3  4 96 98
3  36 267 449
3  450 36 451
3  36 452 453
3  80 36 454
3  160 36 82
3  80 82 455
3  456 434 457
3  458 459 460
3  28 461 362
3  462 463 464
3  242 13 243
3  13 55 465
3  80 466 467
3  466 55 467
3  73 15 83
3  15 53 83
3  49 84 260
3  84 108 260
3  468 469 470
3  215 100 224
3  101 125 75
3  125 124 75
3  76 62 261
3  62 64 261
3  471 472 473
3  223 474 475
3  476 413 477
3  478 28 479
3  480 481 29
3  181 482 483
3  169 263 262
3  286 484 287
3  28 127 485
3  127 101 263
3  125 101 184
3  486 487 488
3  489 215 490
3  491 10 492
3  493 285 287
3  46 45 40
3  332 331 494
3  369 371 495
3  384 496 497
3  304 281 498
3  499 129 275
3  500 501 502
3  281 304 303
3  132 503 133
3  300 283 301
3  25 188 187
3  9 504 505
3  305 373 506
3  369 295 507
3  507 10 491
3  78 110 19
3  118 19 508
3  10 295 509
3  273 10 510
3  267 36 268
3  13 268 14
3  283 188 301
3  188 24 301
3  129 128 511
3  512 129 511
3  513 514 515
3  501 19 516
3  517 518 519
3  518 78 519
3  520 299 292
3  78 521 522
3  522 521 523
3  524 525 526
3  313 525 524
3  23 79 199
3  222 221 527
3  221 78 528
3  78 390 315
3  390 313 315
3  517 386 529
3  390 145 391
3  79 198 199
3  79 436 198
3  530 531 532
3  533 310 312
3  534 535 536
3  162 524 526
3  175 537 538
3  391 145 539
3  413 540 541
3  542 543 544
3  545 546 547
3  376 375 548
3  549 550 551
3  552 498 553
3  554 555 556
3  125 184 557
3  558 559 560
3  561 562 563
3  564 334 565
3  341 562 342
3  323 322 7
3  566 567 568
3  440 569 441
3  570 8 571
3  572 461 573
3  574 575 576
3  577 578 579
3  6 578 7
3  290 321 580
3  578 6 579
3  7 581 8
3  405 582 583
3  113 584 585
3  459 586 587
3  456 588 589
3  590 591 592
3  432 176 593
3  594 335 595
3  436 78 222
3  596 198 527
3  597 598 359
3  584 588 599
3  74 22 318
3  318 392 319
3  163 600 157
3  601 602 603
3  446 73 358
3  604 352 353
3  60 98 61
3  98 90 61
3  3 5 239
3  5 59 239
3  36 605 606
3  607 36 608
3  609 36 610
3  36 611 612
3  452 13 453
3  36 613 614
3  80 615 616
3  615 13 616
3  82 36 455
3  36 80 455
3  617 618 619
3  172 435 620
3  57 173 58
3  173 169 58
3  17 247 86
3  247 169 621
3  178 167 86
3  167 84 86
3  87 260 109
3  260 108 109
3  461 28 51
3  28 169 51
3  461 51 249
3  51 248 249
3  80 622 623
3  622 13 623
3  80 465 624
3  465 55 624
3  80 625 626
3  625 55 626
3  80 627 628
3  627 55 628
3  178 86 259
3  173 168 259
3  258 629 630
3  631 629 258
3  447 446 632
3  447 445 446
3  633 200 634
3  224 0 34
3  76 56 77
3  56 101 77
3  66 57 635
3  261 64 66
3  636 184 637
3  638 484 639
3  430 602 640
3  289 476 477
3  641 642 643
3  644 362 643
3  645 150 396
3  413 476 414
3  127 263 485
3  485 263 646
3  282 187 189
3  188 283 189
3  203 92 204
3  647 119 648
3  118 369 649
3  383 202 650
3  651 652 653
3  131 331 333
3  215 654 490
3  215 489 11
3  226 227 655
3  656 490 657
3  658 659 660
3  223 225 474
3  661 662 663
3  215 664 665
3  666 497 667
3  650 668 275
3  116 372 669
3  511 128 130
3  303 304 306
3  306 305 506
3  110 670 671
3  110 672 297
3  377 36 378
3  53 673 674
3  268 36 14
3  36 12 14
3  300 302 675
3  272 676 677
3  119 92 512
3  25 512 26
3  20 19 500
3  19 501 500
3  19 119 516
3  513 515 678
3  78 518 537
3  144 175 538
3  517 519 386
3  519 206 386
3  521 520 523
3  78 522 298
3  520 521 299
3  521 78 299
3  156 198 596
3  162 596 524
3  78 314 528
3  314 313 528
3  525 391 539
3  525 313 391
3  679 597 359
3  679 397 398
3  317 680 681
3  316 682 319
3  683 437 421
3  145 144 539
3  684 38 685
3  686 520 687
3  44 688 689
3  686 325 44
3  690 164 691
3  543 692 693
3  600 530 329
3  694 531 695
3  696 420 422
3  151 381 697
3  513 376 548
3  380 307 698
3  182 699 183
3  700 701 702
3  703 704 705
3  706 180 707
3  326 327 708
3  709 710 711
3  249 72 30
3  72 170 30
3  251 712 713
3  714 564 715
3  716 717 718
3  719 423 720
3  721 714 619
3  423 717 232
3  722 723 724
3  415 153 725
3  726 727 583
3  727 726 728
3  729 730 585
3  731 732 582
3  726 569 733
3  734 441 444
3  735 736 543
3  692 543 737
3  461 738 573
3  739 642 740
3  741 742 743
3  462 411 410
3  744 722 745
3  739 577 340
3  746 722 724
3  723 722 324
3  727 728 571
3  747 748 749
3  28 191 750
3  426 751 192
3  752 570 571
3  735 752 728
3  209 208 257
3  734 753 754
3  691 164 591
3  447 755 448
3  756 757 758
3  456 759 760
3  113 761 762
3  172 171 457
3  712 170 763
3  564 714 721
3  156 316 199
3  316 23 199
3  198 222 527
3  198 436 222
3  392 316 319
3  604 317 764
3  316 156 682
3  600 329 417
3  318 22 392
3  22 21 392
3  761 765 762
3  448 755 766
3  74 352 358
3  767 768 769
3  317 353 770
3  317 604 353
3  61 47 354
3  59 354 159
3  36 771 772
3  607 13 355
3  450 13 773
3  36 774 775
3  142 13 776
3  36 777 778
3  609 13 779
3  36 780 781
3  613 13 614
3  36 782 783
3  80 784 785
3  784 13 785
3  80 786 787
3  786 13 787
3  80 788 789
3  788 13 789
3  714 617 619
3  765 459 587
3  171 350 457
3  434 172 790
3  176 73 791
3  73 172 620
3  168 178 259
3  247 621 86
3  80 792 793
3  792 13 793
3  80 794 795
3  794 13 795
3  80 796 797
3  796 13 797
3  80 798 799
3  798 55 799
3  80 800 801
3  800 55 801
3  80 802 803
3  802 55 803
3  80 804 805
3  804 55 805
3  80 806 807
3  806 55 807
3  86 621 259
3  621 169 259
3  207 73 368
3  73 445 368
3  352 632 358
3  632 446 358
3  57 261 635
3  261 66 635
3  127 808 487
3  490 654 657
3  557 184 809
3  809 810 811
3  148 147 812
3  28 480 29
3  478 479 813
3  28 321 479
3  320 814 815
3  149 481 816
3  28 194 250
3  194 426 250
3  574 817 573
3  193 362 340
3  723 642 641
3  340 362 644
3  816 818 819
3  820 697 821
3  535 822 823
3  219 824 825
3  808 127 826
3  399 286 285
3  151 697 820
3  27 229 827
3  263 28 646
3  28 485 646
3  383 650 187
3  129 187 275
3  828 92 829
3  830 106 831
3  832 833 834
3  835 836 837
3  227 217 709
3  838 10 839
3  224 840 225
3  124 284 841
3  269 270 655
3  842 843 844
3  9 11 504
3  489 490 656
3  657 845 846
3  845 847 848
3  34 33 849
3  850 851 852
3  214 213 130
3  512 25 129
3  501 516 669
3  117 116 669
3  42 214 853
3  119 214 42
3  195 197 373
3  116 43 506
3  400 854 401
3  38 45 685
3  855 237 856
3  275 668 857
3  647 333 858
3  202 859 860
3  119 861 862
3  369 333 863
3  670 10 671
3  369 864 865
3  670 110 510
3  10 670 510
3  369 866 867
3  295 369 296
3  53 868 869
3  868 36 869
3  110 870 871
3  870 36 871
3  92 271 872
3  91 873 874
3  875 876 877
3  675 836 878
3  512 92 26
3  92 24 26
3  213 119 511
3  119 512 511
3  291 500 502
3  291 514 879
3  516 119 117
3  119 41 117
3  78 537 175
3  525 539 880
3  78 206 519
3  206 205 386
3  277 393 386
3  393 310 529
3  520 686 523
3  277 205 298
3  277 298 278
3  298 522 278
3  313 524 527
3  524 596 527
3  539 144 538
3  439 438 881
3  882 755 768
3  535 883 597
3  530 600 163
3  681 680 361
3  530 532 330
3  394 414 884
3  631 882 885
3  682 155 419
3  278 523 279
3  20 500 291
3  502 501 886
3  516 117 669
3  308 694 309
3  694 887 888
3  889 696 890
3  437 533 312
3  165 164 690
3  289 288 891
3  824 822 892
3  822 534 893
3  679 398 536
3  536 398 894
3  884 895 894
3  896 697 897
3  381 151 645
3  645 396 898
3  530 163 531
3  888 887 881
3  683 420 547
3  420 545 547
3  899 900 182
3  696 699 545
3  374 684 901
3  548 375 901
3  699 889 183
3  699 696 889
3  124 701 700
3  902 903 904
3  905 389 906
3  684 374 389
3  280 129 499
3  907 134 908
3  249 909 910
3  712 251 253
3  252 911 912
3  341 913 914
3  914 915 916
3  915 716 718
3  912 911 917
3  561 252 342
3  564 565 715
3  363 918 916
3  919 920 921
3  416 922 923
3  720 425 924
3  925 926 927
3  594 114 730
3  114 594 595
3  153 152 725
3  920 928 921
3  929 744 745
3  575 566 576
3  727 930 406
3  930 581 338
3  569 440 733
3  731 730 732
3  931 932 933
3  729 934 443
3  440 736 733
3  726 733 728
3  935 692 936
3  735 543 542
3  464 937 938
3  566 920 576
3  152 928 939
3  463 937 464
3  408 940 409
3  941 942 943
3  345 344 944
3  945 190 946
3  577 739 740
3  642 644 643
3  578 323 7
3  323 740 947
3  362 461 572
3  817 572 573
3  431 153 948
3  406 930 338
3  570 752 344
3  192 751 946
3  218 165 219
3  945 146 429
3  191 190 750
3  751 748 946
3  733 736 728
3  736 735 728
3  257 208 949
3  350 171 209
3  441 734 442
3  753 734 444
3  768 755 769
3  950 592 767
3  765 589 762
3  589 588 762
3  586 435 587
3  434 456 589
3  434 790 457
3  790 172 457
3  913 951 952
3  953 954 955
3  954 349 235
3  170 348 347
3  681 360 764
3  317 681 764
3  682 156 155
3  600 155 157
3  682 680 319
3  680 317 319
3  353 318 770
3  318 317 770
3  771 13 772
3  36 956 608
3  605 13 606
3  36 957 451
3  774 13 775
3  13 774 958
3  267 13 449
3  36 959 143
3  777 13 778
3  36 776 960
3  611 13 612
3  36 961 610
3  780 13 781
3  13 780 779
3  782 13 783
3  13 782 356
3  36 962 963
3  962 13 963
3  13 784 454
3  784 80 454
3  80 964 965
3  964 13 965
3  80 966 967
3  966 13 967
3  80 968 969
3  968 13 969
3  80 970 971
3  970 13 971
3  80 972 973
3  972 13 973
3  459 458 586
3  435 586 620
3  349 348 235
3  459 974 460
3  791 73 620
3  586 458 620
3  80 975 976
3  975 13 976
3  80 977 978
3  977 13 978
3  80 979 980
3  979 13 980
3  80 981 982
3  981 13 982
3  80 243 983
3  243 13 983
3  13 465 797
3  465 80 797
3  80 984 985
3  984 55 985
3  80 986 987
3  986 55 987
3  80 988 989
3  988 55 989
3  80 990 991
3  990 55 991
3  80 992 993
3  992 55 993
3  80 994 995
3  994 55 995
3  80 996 997
3  996 55 997
3  80 998 999
3  998 55 999
3  80 1000 1001
3  1000 55 1001
3  80 1002 1003
3  1002 55 1003
3  399 285 1004
3  483 482 1005
3  1006 842 1007
3  808 826 1008
3  27 29 1009
3  29 481 1009
3  480 28 818
3  28 478 818
3  479 290 813
3  1010 816 819
3  945 429 1011
3  320 28 750
3  818 1012 819
3  818 478 1012
3  577 427 340
3  427 194 340
3  396 395 898
3  1009 481 820
3  150 149 1010
3  413 394 540
3  165 690 219
3  690 691 823
3  899 229 896
3  697 896 821
3  1013 333 1014
3  498 274 276
3  202 1015 1016
3  831 666 1017
3  105 384 1018
3  1015 92 1016
3  92 1019 1020
3  210 651 653
3  1021 1022 1023
3  105 1024 1025
3  1026 1027 1028
3  1029 245 1030
3  11 10 402
3  10 215 402
3  1031 215 1032
3  270 226 655
3  654 215 1033
3  215 1031 1033
3  215 1034 1032
3  215 269 1034
3  846 845 848
3  1031 1032 845
3  225 840 474
3  227 215 217
3  213 511 130
3  130 303 853
3  303 306 853
3  214 130 853
3  372 197 678
3  669 372 678
3  514 1035 879
3  514 513 1035
3  369 843 503
3  134 136 908
3  1036 1037 1038
3  283 282 189
3  92 119 1039
3  202 1040 1039
3  1041 119 863
3  369 1042 1043
3  861 333 862
3  119 1013 1014
3  864 19 865
3  19 864 508
3  866 19 867
3  672 295 297
3  111 36 112
3  110 1044 1045
3  110 1046 1047
3  1046 295 1047
3  295 10 507
3  369 507 491
3  53 1048 1049
3  1048 36 1049
3  673 36 674
3  36 1050 674
3  110 1051 1052
3  1051 36 1052
3  110 1053 1054
3  1053 36 1054
3  271 301 872
3  301 92 872
3  1024 666 1025
3  1055 1056 1057
3  1058 1059 1060
3  1061 1062 1028
3  393 279 1063
3  278 522 523
3  221 528 527
3  528 313 527
3  538 1064 1065
3  517 1064 538
3  883 598 597
3  598 360 359
3  880 887 526
3  887 694 695
3  329 397 417
3  397 679 418
3  328 397 329
3  418 361 419
3  1066 685 1067
3  325 686 687
3  879 687 292
3  687 520 292
3  1068 311 550
3  420 683 421
3  310 533 529
3  386 393 529
3  312 311 1068
3  549 1068 550
3  165 935 166
3  165 218 935
3  822 824 823
3  690 824 219
3  535 534 822
3  825 824 892
3  535 597 536
3  597 679 536
3  151 150 645
3  395 1069 898
3  1069 532 1070
3  414 895 884
3  895 534 894
3  398 328 1071
3  694 308 531
3  531 308 532
3  420 696 545
3  698 546 1072
3  381 645 382
3  380 698 1072
3  546 900 1073
3  900 899 1073
3  400 1074 1075
3  900 699 182
3  387 905 388
3  484 638 39
3  879 1035 1067
3  45 325 685
3  1076 1077 1078
3  124 1079 1080
3  1081 1082 1083
3  284 126 1084
3  10 9 839
3  370 491 492
3  170 912 917
3  403 30 32
3  407 1085 1086
3  1085 416 1086
3  911 1087 917
3  252 912 253
3  562 918 563
3  249 30 403
3  561 563 1088
3  231 424 232
3  342 251 343
3  1089 1090 1091
3  717 423 719
3  405 337 1092
3  363 102 923
3  717 103 718
3  1093 1094 720
3  1095 1094 1096
3  618 617 1097
3  1098 721 619
3  565 424 715
3  714 715 927
3  335 594 336
3  334 564 335
3  405 1099 582
3  594 730 731
3  322 744 339
3  405 338 337
3  741 939 568
3  463 462 741
3  919 746 920
3  920 746 576
3  166 935 936
3  1100 166 1101
3  934 729 585
3  584 934 585
3  753 444 599
3  754 753 1102
3  146 747 147
3  147 749 1103
3  738 575 573
3  575 574 573
3  939 928 568
3  738 461 938
3  937 463 567
3  461 411 938
3  409 940 1104
3  1105 922 1106
3  461 1107 412
3  1107 940 1108
3  1107 461 1109
3  461 249 1110
3  345 748 346
3  427 577 579
3  323 578 740
3  578 577 740
3  322 581 7
3  581 930 8
3  572 817 641
3  817 723 641
3  6 570 1111
3  190 192 946
3  426 427 1112
3  427 579 1112
3  750 1011 814
3  320 750 814
3  191 250 192
3  250 426 192
3  256 258 630
3  209 257 351
3  1113 591 1100
3  882 1113 885
3  932 734 754
3  630 629 933
3  368 448 1114
3  368 445 448
3  588 584 762
3  584 113 762
3  1089 951 1090
3  915 913 952
3  713 763 1091
3  763 170 347
3  348 170 177
3  170 73 177
3  926 617 927
3  1115 926 955
3  764 950 767
3  604 764 767
3  156 596 157
3  596 162 157
3  13 138 69
3  13 137 138
3  68 36 355
3  36 607 355
3  956 13 608
3  13 607 608
3  13 956 772
3  956 36 772
3  957 13 451
3  13 450 451
3  36 606 1116
3  606 13 1116
3  774 36 958
3  13 958 773
3  13 771 775
3  771 36 775
3  959 13 143
3  13 142 143
3  13 959 449
3  959 36 449
3  776 13 960
3  36 142 776
3  13 611 778
3  611 36 778
3  961 13 610
3  13 609 610
3  13 961 1117
3  961 36 1117
3  780 36 779
3  36 609 779
3  13 605 781
3  605 36 781
3  782 36 356
3  36 137 356
3  13 613 783
3  613 36 783
3  13 962 614
3  962 36 614
3  13 452 1118
3  452 36 1118
3  36 1119 1120
3  1119 13 1120
3  13 964 785
3  964 80 785
3  13 240 1121
3  240 80 1121
3  80 241 1122
3  241 13 1122
3  13 786 967
3  786 80 967
3  13 968 787
3  968 80 787
3  80 969 1123
3  969 13 1123
3  80 616 1124
3  616 13 1124
3  13 788 971
3  788 80 971
3  13 972 789
3  972 80 789
3  13 254 973
3  254 80 973
3  589 765 587
3  458 791 620
3  458 460 1125
3  1098 756 1126
3  459 765 974
3  765 761 974
3  80 255 1127
3  255 13 1127
3  13 792 976
3  792 80 976
3  13 977 1128
3  977 80 1128
3  13 622 978
3  622 80 978
3  13 979 623
3  979 80 623
3  80 980 1129
3  980 13 1129
3  13 981 1130
3  981 80 1130
3  13 242 982
3  242 80 982
3  13 796 983
3  796 80 983
3  80 1131 1132
3  1131 55 1132
3  55 798 1133
3  798 80 1133
3  80 1134 1135
3  1134 55 1135
3  80 1136 1137
3  1136 55 1137
3  80 367 1138
3  367 55 1138
3  55 800 989
3  800 80 989
3  80 801 1139
3  801 55 1139
3  55 625 991
3  625 80 991
3  80 626 1140
3  626 55 1140
3  55 802 993
3  802 80 993
3  80 803 1141
3  803 55 1141
3  55 466 995
3  466 80 995
3  55 996 467
3  996 80 467
3  55 804 1142
3  804 80 1142
3  55 998 805
3  998 80 805
3  55 627 1143
3  627 80 1143
3  55 1000 1144
3  1000 80 1144
3  55 806 1001
3  806 80 1001
3  80 807 1145
3  807 55 1145
3  55 48 1003
3  48 80 1003
3  127 482 826
3  1008 826 1146
3  229 228 821
3  228 27 1009
3  288 290 580
3  289 477 813
3  149 816 1010
3  413 541 477
3  481 480 816
3  480 818 816
3  642 739 644
3  739 340 644
3  735 542 944
3  534 536 894
3  476 891 1147
3  476 289 891
3  1148 1149 1150
3  286 399 1151
3  1074 1008 1146
3  1152 1004 1153
3  229 483 827
3  229 899 483
3  380 1073 897
3  896 229 821
3  830 831 1017
3  1154 830 834
3  497 496 1155
3  833 651 834
3  302 271 272
3  1055 653 837
3  283 300 1056
3  300 675 878
3  202 139 140
3  212 1058 1154
3  202 828 829
3  202 1156 1157
3  202 1158 668
3  1159 133 1160
3  1158 202 333
3  668 1158 1161
3  1162 850 852
3  474 840 1163
3  843 495 1164
3  504 1165 1166
3  1034 847 1032
3  1167 1168 1169
3  847 1034 1170
3  1034 269 1170
3  43 306 506
3  116 41 43
3  305 236 373
3  236 195 373
3  369 503 132
3  237 552 856
3  1042 119 1043
3  369 1171 649
3  369 1172 1173
3  1172 119 1173
3  119 1174 648
3  332 1158 333
3  119 1041 1175
3  1041 333 1175
3  864 369 508
3  369 118 508
3  19 866 865
3  866 369 865
3  296 19 297
3  19 110 297
3  19 296 867
3  296 369 867
3  273 510 1176
3  510 110 1176
3  110 1177 1178
3  1177 10 1178
3  110 1179 1180
3  1179 295 1180
3  1181 1182 1183
3  370 369 491
3  53 1184 1185
3  1184 36 1185
3  53 1186 1187
3  1186 36 1187
3  53 1188 1189
3  1188 36 1189
3  110 1050 1190
3  1050 36 1190
3  110 1191 1192
3  1191 36 1192
3  110 1193 1194
3  1193 36 1194
3  110 1195 1196
3  1195 36 1196
3  110 1197 1198
3  1197 36 1198
3  832 1059 833
3  1056 300 878
3  279 523 689
3  523 686 689
3  533 1064 529
3  1064 517 529
3  537 518 538
3  518 517 538
3  438 888 881
3  525 880 526
3  887 880 881
3  437 683 438
3  531 163 695
3  163 162 695
3  360 681 361
3  418 679 359
3  397 418 417
3  418 359 361
3  155 417 419
3  155 600 417
3  514 502 515
3  514 291 502
3  685 325 1067
3  291 879 292
3  501 669 886
3  515 669 678
3  197 376 678
3  376 513 678
3  421 312 1068
3  421 437 312
3  311 688 550
3  688 44 46
3  688 311 1063
3  686 44 689
3  692 935 693
3  935 218 693
3  764 360 950
3  824 690 823
3  691 883 823
3  883 535 823
3  150 540 396
3  540 394 396
3  329 530 330
3  532 1069 330
3  1069 395 1199
3  395 394 884
3  398 1071 894
3  1071 884 894
3  699 900 545
3  900 546 545
3  683 547 1200
3  698 307 309
3  181 483 182
3  483 899 182
3  854 889 890
3  854 400 1075
3  286 1151 484
3  1151 399 484
3  549 639 890
3  639 854 890
3  375 135 901
3  39 38 389
3  1066 1035 548
3  1035 513 548
3  135 374 901
3  388 39 389
3  1035 1066 1067
3  1066 684 685
3  1201 1202 1203
3  184 186 809
3  124 1204 1205
3  1206 1207 1208
3  1182 1209 1183
3  133 503 842
3  129 25 187
3  187 650 275
3  1105 559 558
3  1105 364 922
3  909 403 404
3  365 364 1210
3  407 1086 743
3  725 152 939
3  170 917 31
3  917 1087 31
3  911 252 561
3  562 561 342
3  912 170 253
3  170 712 253
3  712 763 713
3  343 713 1091
3  424 565 425
3  431 948 719
3  425 565 924
3  153 415 948
3  919 921 1095
3  744 929 339
3  929 337 339
3  1211 929 1212
3  617 926 1097
3  335 721 595
3  617 714 927
3  230 925 231
3  618 757 756
3  460 974 758
3  730 729 732
3  443 569 1213
3  154 431 1094
3  154 1094 1095
3  722 744 324
3  744 322 324
3  723 817 724
3  817 574 724
3  566 928 920
3  928 152 921
3  441 569 443
3  729 443 1213
3  543 736 737
3  736 440 737
3  730 114 585
3  114 113 585
3  443 934 444
3  753 760 1102
3  1214 822 893
3  892 822 1214
3  575 738 1215
3  411 464 938
3  462 742 741
3  928 566 568
3  566 575 567
3  575 1215 567
3  940 408 1108
3  1105 1106 559
3  1215 738 938
3  411 462 464
3  559 1216 560
3  1110 249 910
3  922 1085 1106
3  1216 559 1104
3  740 642 947
3  642 723 947
3  362 572 643
3  572 641 643
3  728 752 571
3  570 6 8
3  8 930 571
3  930 727 571
3  748 751 346
3  570 344 1111
3  430 146 148
3  146 945 747
3  751 1112 346
3  751 426 1112
3  429 146 430
3  290 289 813
3  750 190 1011
3  190 945 1011
3  350 351 759
3  753 599 760
3  351 257 256
3  208 368 1114
3  598 883 590
3  883 691 590
3  692 931 936
3  932 931 442
3  631 949 766
3  949 1114 766
3  913 915 914
3  230 716 952
3  176 1217 593
3  763 347 1218
3  1115 1219 234
3  348 177 233
3  360 598 950
3  598 590 950
3  591 1113 592
3  1113 1100 885
3  632 352 1220
3  352 604 1220
3  138 36 69
3  36 68 69
3  13 957 1116
3  957 36 1116
3  958 36 773
3  36 450 773
3  13 777 960
3  777 36 960
3  13 1117 612
3  1117 36 612
3  13 1118 963
3  1118 36 963
3  13 1119 453
3  1119 36 453
3  13 454 1120
3  454 36 1120
3  13 1121 965
3  1121 80 965
3  13 966 1122
3  966 80 1122
3  13 615 1123
3  615 80 1123
3  13 970 1124
3  970 80 1124
3  435 434 587
3  434 589 587
3  1221 432 593
3  1222 1223 1125
3  618 1097 1224
3  433 1221 1225
3  1217 1223 593
3  460 1222 1125
3  13 975 1127
3  975 80 1127
3  13 1128 793
3  1128 80 793
3  13 794 1129
3  794 80 1129
3  13 1130 795
3  1130 80 795
3  55 1131 624
3  1131 80 624
3  55 984 1132
3  984 80 1132
3  55 1133 985
3  1133 80 985
3  55 1134 799
3  1134 80 799
3  55 986 1135
3  986 80 1135
3  55 1136 987
3  1136 80 987
3  55 366 1137
3  366 80 1137
3  55 988 1138
3  988 80 1138
3  55 990 1139
3  990 80 1139
3  55 992 1140
3  992 80 1140
3  55 994 1141
3  994 80 1141
3  55 1142 997
3  1142 80 997
3  55 1143 999
3  1143 80 999
3  55 1144 628
3  1144 80 628
3  55 1002 1145
3  1002 80 1145
3  327 487 486
3  1226 1227 1228
3  285 493 1004
3  1008 1074 1152
3  841 284 1229
3  849 33 1230
3  125 557 1231
3  706 707 1232
3  1233 1234 1235
3  1236 185 1226
3  481 149 820
3  149 151 820
3  541 1012 477
3  479 321 290
3  541 540 1010
3  540 150 1010
3  1012 541 819
3  541 1010 819
3  534 895 893
3  220 825 812
3  1074 1146 1075
3  854 639 401
3  482 127 1005
3  127 27 1005
3  1073 896 897
3  1073 899 896
3  272 202 676
3  202 283 1237
3  92 1238 272
3  1238 202 272
3  92 91 1019
3  1239 1240 1241
3  92 1015 1242
3  1015 202 1242
3  202 1243 1244
3  1243 92 1244
3  283 1056 676
3  302 272 677
3  202 860 93
3  1019 91 1240
3  202 1245 1246
3  1245 92 1246
3  202 1247 1248
3  1247 92 1248
3  1040 92 1039
3  333 202 1249
3  333 1041 863
3  369 131 333
3  497 831 1018
3  384 497 1018
3  245 1029 1250
3  1251 1252 1253
3  836 835 652
3  652 835 653
3  384 1254 1255
3  1256 1021 1023
3  202 668 650
3  503 843 842
3  1257 1258 1259
3  200 34 849
3  1260 1261 1262
3  224 34 1263
3  504 11 656
3  11 489 656
3  1264 1265 1266
3  843 369 495
3  10 838 492
3  1267 1209 1166
3  847 1170 1268
3  1170 269 655
3  306 43 853
3  43 42 853
3  373 372 506
3  372 116 506
3  1171 119 649
3  119 118 649
3  119 1171 1043
3  1171 369 1043
3  119 1042 1269
3  1042 369 1269
3  1174 333 648
3  333 647 648
3  119 1014 1270
3  1014 333 1270
3  333 861 1175
3  861 119 1175
3  293 36 294
3  36 357 294
3  1044 357 1045
3  110 1271 1272
3  10 1177 1273
3  1177 110 1273
3  110 1178 509
3  1178 10 509
3  295 1179 1274
3  1179 110 1274
3  110 1180 1275
3  1180 295 1275
3  36 1184 379
3  1184 53 379
3  53 1185 1276
3  1185 36 1276
3  36 1186 1049
3  1186 53 1049
3  36 868 1187
3  868 53 1187
3  36 1188 869
3  1188 53 869
3  36 673 1189
3  673 53 1189
3  1050 110 674
3  110 53 674
3  36 377 1190
3  377 110 1190
3  36 1191 378
3  1191 110 378
3  36 1051 1192
3  1051 110 1192
3  36 1193 1052
3  1193 110 1052
3  36 870 1194
3  870 110 1194
3  36 1195 871
3  1195 110 871
3  36 1053 1196
3  1053 110 1196
3  36 1197 1054
3  1197 110 1054
3  36 111 1198
3  111 110 1198
3  653 835 837
3  836 1277 211
3  1277 1059 1278
3  1059 1058 1278
3  1279 1017 1060
3  875 1280 1281
3  1058 106 1154
3  651 210 212
3  689 688 1063
3  279 689 1063
3  887 695 526
3  695 162 526
3  880 539 1065
3  539 538 1065
3  1065 1064 439
3  694 888 309
3  361 680 419
3  680 682 419
3  299 18 292
3  18 20 292
3  669 515 886
3  515 502 886
3  421 1068 422
3  1068 549 422
3  39 638 40
3  45 38 40
3  532 308 1070
3  395 884 1199
3  308 307 1070
3  307 380 1070
3  898 1069 382
3  645 898 382
3  884 1071 1199
3  1071 328 1199
3  546 698 547
3  698 309 1200
3  546 1073 1072
3  1073 380 1072
3  309 888 1200
3  547 698 1200
3  826 482 1146
3  482 181 1146
3  639 484 401
3  484 399 401
3  638 639 40
3  550 46 551
3  696 422 890
3  422 549 890
3  484 39 388
3  38 684 389
3  1282 555 554
3  905 387 389
3  684 1066 901
3  1066 548 901
3  325 687 1067
3  687 879 1067
3  1283 1284 1285
3  1286 1287 1288
3  1289 1290 1291
3  124 662 661
3  1292 1204 1293
3  1292 1293 1294
3  180 1295 707
3  180 124 1295
3  134 907 1296
3  236 552 1297
3  416 415 1086
3  1085 922 416
3  32 1087 1088
3  364 1105 1210
3  1210 1105 558
3  909 249 403
3  415 725 1086
3  725 939 743
3  939 741 743
3  1086 725 743
3  31 1087 32
3  30 170 31
3  252 251 342
3  251 713 343
3  951 913 1090
3  913 341 1090
3  565 334 924
3  1093 720 924
3  104 416 923
3  102 104 923
3  929 1211 337
3  1095 1096 1212
3  722 746 745
3  746 919 745
3  113 115 1126
3  758 974 1126
3  721 1098 595
3  335 564 721
3  926 1115 1097
3  925 230 1298
3  954 1219 955
3  348 233 235
3  715 424 231
3  424 423 232
3  1221 1224 1225
3  432 1221 433
3  115 1098 1126
3  756 758 1126
3  594 731 336
3  731 1099 336
3  569 726 1213
3  1099 731 582
3  152 154 921
3  1299 1211 1096
3  337 1211 1092
3  921 154 1095
3  323 947 324
3  947 723 324
3  746 724 576
3  724 574 576
3  444 934 599
3  934 584 599
3  567 463 568
3  463 741 568
3  408 742 1300
3  742 462 1300
3  937 567 938
3  567 1215 938
3  940 1107 1301
3  910 909 1302
3  1106 1085 409
3  1085 407 409
3  559 1106 1104
3  1216 1110 560
3  1112 579 1111
3  579 6 1111
3  748 747 946
3  747 945 946
3  1011 429 814
3  429 428 814
3  456 457 759
3  457 350 759
3  257 949 258
3  949 631 258
3  256 630 754
3  630 932 754
3  599 588 760
3  588 456 760
3  1220 767 769
3  590 691 591
3  692 737 931
3  734 932 442
3  1114 448 766
3  949 208 1114
3  755 882 766
3  882 631 766
3  918 914 916
3  716 915 952
3  103 102 718
3  102 363 718
3  918 562 914
3  562 341 914
3  951 1298 952
3  1298 230 952
3  1089 1303 954
3  926 925 955
3  1303 349 954
3  1303 347 349
3  234 233 433
3  233 177 433
3  632 1220 769
3  950 590 592
3  767 592 768
3  1220 604 767
3  177 176 432
3  1223 1222 1304
3  1222 757 1304
3  757 618 1224
3  1223 791 1125
3  791 458 1125
3  757 1224 1304
3  1224 1221 1304
3  176 791 1217
3  791 1223 1217
3  808 1305 488
3  327 127 487
3  488 1305 1306
3  808 1008 1305
3  1074 400 1004
3  400 399 1004
3  1307 1308 1309
3  1032 847 845
3  655 227 709
3  1233 1310 1234
3  1311 1312 1313
3  809 186 810
3  1314 1315 1316
3  1317 1318 1319
3  1320 1084 1321
3  126 125 1231
3  184 127 637
3  127 326 637
3  185 184 1322
3  184 636 1322
3  228 1009 821
3  1009 820 821
3  640 602 601
3  219 825 220
3  580 428 640
3  428 430 640
3  147 747 749
3  602 430 148
3  483 1005 827
3  1005 27 827
3  697 381 897
3  381 380 897
3  202 1238 1020
3  873 860 874
3  92 1242 140
3  1242 202 140
3  92 1243 829
3  1243 202 829
3  92 203 1244
3  203 202 1244
3  676 1056 1055
3  210 653 1057
3  283 676 1237
3  676 202 1237
3  873 91 93
3  860 873 93
3  92 1245 1016
3  1245 202 1016
3  92 828 1323
3  828 202 1323
3  202 1324 1325
3  1324 92 1325
3  202 1326 1327
3  1326 92 1327
3  1156 119 1157
3  333 1249 858
3  202 1328 1329
3  1328 119 1329
3  333 1013 862
3  1013 119 862
3  119 1172 863
3  1172 369 863
3  497 666 831
3  666 1024 1017
3  1252 1022 1330
3  1022 1252 1251
3  876 1256 877
3  1256 496 1331
3  1332 1252 1330
3  245 1250 246
3  106 1058 107
3  832 830 1279
3  1059 832 1060
3  1058 212 1278
3  1059 1277 833
3  1277 836 652
3  496 876 1155
3  1025 666 667
3  1333 1334 1335
3  180 1333 1335
3  1336 1337 1338
3  1339 849 1340
3  471 1341 472
3  1263 34 201
3  471 224 1341
3  1342 1263 1343
3  654 1033 657
3  842 844 1007
3  236 305 552
3  282 383 187
3  1344 1313 1345
3  1346 1036 1347
3  217 216 709
3  216 665 1348
3  119 1269 1173
3  1269 369 1173
3  333 1174 1270
3  1174 119 1270
3  110 112 1349
3  112 36 1349
3  357 1044 294
3  1044 110 294
3  1271 357 1272
3  357 273 1272
3  357 1271 1350
3  1271 110 1350
3  10 1273 671
3  1273 110 671
3  295 1046 509
3  1046 110 509
3  295 1274 1047
3  1274 110 1047
3  295 672 1275
3  672 110 1275
3  36 1048 1276
3  1048 53 1276
3  836 211 878
3  211 210 878
3  212 211 1278
3  211 1277 1278
3  245 385 1030
3  385 1025 1281
3  385 105 1025
3  385 384 105
3  1025 1155 1281
3  1280 385 1281
3  106 830 1154
3  830 832 834
3  311 310 1063
3  310 393 1063
3  1064 533 439
3  533 437 439
3  688 46 550
3  46 40 551
3  1069 1199 330
3  1199 328 330
3  1069 1070 382
3  1070 380 382
3  888 438 1200
3  438 683 1200
3  1146 183 1075
3  1146 181 183
3  40 639 551
3  639 549 551
3  1351 1167 1352
3  1353 1283 1285
3  124 1354 1355
3  1356 1357 1358
3  1359 1360 1361
3  1204 1292 1205
3  1362 1363 1364
3  1292 658 1365
3  706 1232 1366
3  1367 1368 1369
3  941 918 365
3  918 363 365
3  942 941 1210
3  941 365 1210
3  1087 911 1088
3  1088 941 943
3  918 941 563
3  911 561 1088
3  742 408 743
3  408 407 743
3  1090 343 1091
3  1090 341 343
3  1089 1091 1218
3  1091 763 1218
3  1099 1092 1370
3  1211 1299 1092
3  922 364 923
3  364 363 923
3  415 104 948
3  104 103 948
3  338 581 339
3  581 322 339
3  618 756 619
3  756 1098 619
3  1098 115 595
3  115 114 595
3  1298 951 953
3  951 1089 953
3  715 231 927
3  231 925 927
3  757 1222 758
3  1222 460 758
3  974 761 1126
3  761 113 1126
3  732 1213 583
3  1213 726 583
3  582 732 583
3  732 729 1213
3  919 1095 1212
3  1096 1211 1212
3  948 103 719
3  103 717 719
3  411 461 412
3  1300 462 410
3  1302 942 558
3  942 1210 558
3  1110 910 560
3  1106 409 1104
3  1112 1111 346
3  1111 344 346
3  477 1012 813
3  1012 478 813
3  580 321 815
3  321 320 815
3  759 351 1102
3  760 759 1102
3  351 256 1102
3  256 754 1102
3  591 164 1100
3  164 166 1100
3  931 737 442
3  737 440 442
3  936 931 933
3  166 936 1101
3  717 716 232
3  716 230 232
3  915 718 916
3  718 363 916
3  1219 1115 955
3  953 1089 954
3  234 1219 235
3  1219 954 235
3  1097 1115 1225
3  1224 1097 1225
3  592 1113 768
3  1113 882 768
3  1115 234 1225
3  234 433 1225
3  1223 1304 593
3  1304 1221 593
3  487 808 488
3  1371 327 486
3  1074 1004 1152
3  1306 1372 1373
3  1081 1374 1373
3  1375 1376 1377
3  1378 1379 1259
3  186 185 1236
3  1380 1363 1381
3  1360 1382 1383
3  841 1207 1384
3  1385 1386 1207
3  1387 542 544
3  693 218 220
3  895 414 1147
3  825 892 1388
3  891 601 1389
3  288 580 640
3  1387 345 944
3  542 1387 944
3  1238 92 1020
3  1019 1390 1020
3  1390 859 1020
3  859 202 1020
3  1055 837 677
3  653 1055 1057
3  836 675 837
3  676 1055 677
3  1056 878 1057
3  878 210 1057
3  92 139 93
3  139 202 93
3  860 859 1391
3  1240 91 1241
3  92 1323 1246
3  1323 202 1246
3  202 204 1392
3  204 92 1392
3  92 1247 1325
3  1247 202 1325
3  202 1248 1393
3  1248 92 1393
3  92 1040 1327
3  1040 202 1327
3  1249 119 858
3  119 647 858
3  119 1249 1157
3  1249 202 1157
3  119 1328 1394
3  1328 202 1394
3  119 1156 1329
3  1156 202 1329
3  875 1251 1395
3  1250 1029 1253
3  1332 1250 1253
3  1252 1332 1253
3  1396 1330 1397
3  1330 1022 1397
3  244 1396 1398
3  1396 1397 1398
3  876 496 1256
3  496 384 1331
3  832 1279 1060
3  1279 830 1017
3  1017 1024 1060
3  1058 1060 107
3  1277 652 833
3  652 651 833
3  1399 1400 1401
3  472 1341 1402
3  1201 201 633
3  201 200 633
3  1201 633 1202
3  1403 1404 1405
3  1406 1407 1163
3  1257 1379 1408
3  1341 224 1409
3  1410 472 1408
3  657 1033 845
3  1033 1031 845
3  494 331 1159
3  331 131 1159
3  1165 1267 1166
3  656 657 1411
3  1374 488 1306
3  1306 1412 1372
3  375 196 1413
3  196 195 1413
3  484 388 287
3  1414 1415 1265
3  494 1159 553
3  281 280 499
3  1311 1416 1417
3  1418 1419 1346
3  709 216 1348
3  215 223 664
3  36 293 1349
3  293 110 1349
3  110 1272 1176
3  1272 273 1176
3  357 1350 1045
3  1350 110 1045
3  831 106 1018
3  106 105 1018
3  1060 1024 107
3  1024 105 107
3  1155 876 1281
3  876 875 1281
3  497 1155 667
3  1155 1025 667
3  651 212 834
3  212 1154 834
3  880 1065 881
3  1065 439 881
3  183 889 1075
3  889 854 1075
3  124 1205 1420
3  1205 1292 1420
3  1232 707 660
3  659 1232 660
3  942 1302 404
3  1302 909 404
3  563 941 1088
3  32 1088 943
3  347 1303 1218
3  1303 1089 1218
3  1092 1299 1370
3  1099 405 1092
3  423 425 720
3  1299 1093 924
3  334 336 1370
3  336 1099 1370
3  925 1298 955
3  1298 953 955
3  727 406 583
3  406 405 583
3  1094 1093 1096
3  1093 1299 1096
3  1094 431 720
3  431 719 720
3  412 1107 1108
3  1300 410 412
3  910 1302 560
3  1302 558 560
3  1216 1104 1301
3  1104 940 1301
3  814 428 815
3  428 580 815
3  932 630 933
3  629 631 885
3  629 885 1101
3  885 1100 1101
3  629 1101 933
3  1101 936 933
3  755 447 769
3  447 632 769
3  1004 1282 1153
3  1421 1082 1422
3  1004 493 1282
3  905 906 1423
3  1206 1208 1424
3  1385 663 1386
3  1231 557 1286
3  1425 1426 1427
3  185 1322 1226
3  1428 1416 1313
3  1429 1311 1430
3  840 1406 1163
3  1357 1356 1431
3  1432 1433 1434
3  1435 704 1436
3  1437 1438 1439
3  124 1440 1441
3  1441 1440 1442
3  220 812 1103
3  602 148 1388
3  1388 148 812
3  825 1388 812
3  892 1214 603
3  414 476 1147
3  344 752 944
3  752 735 944
3  543 693 544
3  693 220 544
3  748 345 749
3  345 1387 749
3  837 675 677
3  675 302 677
3  1391 1390 1443
3  1390 1019 1240
3  859 1390 1391
3  1239 1391 1443
3  92 1324 1392
3  1324 202 1392
3  92 1326 1393
3  1326 202 1393
3  119 1394 1039
3  1394 202 1039
3  385 1280 1395
3  1280 875 1395
3  1251 1253 1030
3  1253 1029 1030
3  1332 1330 1444
3  1330 1396 1444
3  1332 1445 1446
3  1447 246 1446
3  1447 1027 1026
3  1027 1445 1061
3  384 245 1254
3  1021 1254 1398
3  1022 1251 1023
3  1251 875 1023
3  200 849 1339
3  704 1435 705
3  1448 1449 1438
3  1429 1450 1451
3  1261 1452 1262
3  1258 1257 1402
3  1404 1453 1454
3  849 1230 1453
3  1455 224 1456
3  224 471 1456
3  224 1263 1409
3  1258 1409 1342
3  1160 552 553
3  305 304 552
3  499 275 274
3  1159 131 133
3  846 848 1419
3  1411 657 846
3  1307 1457 1422
3  1428 1352 1458
3  855 1413 237
3  1413 195 237
3  1423 906 1459
3  389 374 906
3  135 375 136
3  375 1413 136
3  1460 468 1461
3  1455 1407 1406
3  1462 1463 1464
3  1407 1463 1163
3  664 475 1348
3  216 215 665
3  703 659 704
3  1432 1465 1436
3  707 1295 660
3  1295 124 1420
3  942 404 943
3  404 32 943
3  334 1370 924
3  1370 1299 924
3  929 745 1212
3  745 919 1212
3  408 1300 1108
3  1300 412 1108
3  1216 1301 1109
3  1301 1107 1109
3  1374 1371 488
3  1371 486 488
3  1305 1008 1412
3  1466 1372 1467
3  1296 907 1459
3  1160 133 1468
3  661 663 1283
3  124 661 1353
3  663 662 1386
3  662 124 841
3  1469 1470 1471
3  1472 1473 1474
3  1475 1476 1477
3  1478 811 1314
3  1084 126 1288
3  186 1236 1315
3  1081 1083 1479
3  1421 1422 1480
3  1426 1425 1481
3  1482 1483 1484
3  902 1485 1486
3  1481 1487 1488
3  1352 1167 1169
3  1450 1489 1451
3  702 701 1490
3  1491 1434 1492
3  1493 702 1490
3  1494 1495 1496
3  1333 1366 1334
3  1497 1465 1498
3  1359 1499 1500
3  1501 1357 1431
3  1204 1441 1293
3  1204 124 1441
3  812 147 1103
3  749 1387 1103
3  891 288 601
3  288 640 601
3  1214 893 1389
3  893 895 1147
3  602 1388 603
3  1388 892 603
3  874 860 1241
3  91 874 1241
3  1390 1240 1443
3  1240 1239 1443
3  385 1395 1030
3  1395 1251 1030
3  1022 1021 1397
3  1397 1021 1398
3  1062 1445 1502
3  1445 1332 1502
3  1445 1027 1446
3  244 246 1026
3  1445 1062 1061
3  1396 1026 1028
3  1254 1021 1255
3  1021 1256 1255
3  1254 245 1503
3  245 244 1503
3  1062 1502 1444
3  1502 1332 1444
3  1254 1503 1398
3  1503 244 1398
3  1256 1023 877
3  1023 875 877
3  706 1366 1333
3  1232 703 1366
3  1363 1362 1504
3  1505 1506 1507
3  1508 1509 1510
3  1511 904 1512
3  1513 1514 1515
3  1403 1453 1404
3  1404 1516 1405
3  1517 1518 1519
3  1158 332 1161
3  332 494 1161
3  1181 1520 1521
3  906 1296 1459
3  474 1522 1523
3  1264 1266 1267
3  1480 1422 1524
3  1233 1076 1525
3  1376 1526 1527
3  1167 1351 1524
3  1264 1414 1265
3  1528 287 1423
3  136 1413 908
3  1529 907 1530
3  1455 1456 1261
3  1410 1408 1460
3  474 1163 1462
3  1455 1261 1260
3  840 224 1406
3  224 1455 1406
3  1268 711 1038
3  1037 847 1268
3  1379 1378 1531
3  1416 1532 1417
3  659 703 1232
3  1435 1533 705
3  1534 1368 1367
3  1535 1536 1537
3  1295 1420 1365
3  1420 1292 1365
3  461 1110 1109
3  1110 1216 1109
3  1412 1008 1153
3  1008 1152 1153
3  1305 1412 1306
3  1415 1466 554
3  1307 1422 1308
3  856 1160 1468
3  1538 1539 1527
3  1421 1540 1083
3  1282 493 555
3  1423 1459 1541
3  1542 1543 1544
3  1545 1546 1007
3  662 841 1386
3  284 1084 1229
3  1547 1383 1548
3  1383 1549 1548
3  1354 1353 1285
3  1354 124 1353
3  1483 1362 1364
3  1284 1469 1550
3  1540 1526 1551
3  1552 1553 1554
3  1286 557 1555
3  811 810 1314
3  1229 1320 1208
3  841 1229 1207
3  126 1231 1288
3  1231 1286 1288
3  1553 708 1554
3  1082 1421 1083
3  1438 1449 1439
3  1556 1557 1558
3  1426 1481 1559
3  1560 1561 1562
3  1286 1555 1563
3  1564 1483 1364
3  1376 1539 1565
3  902 1488 903
3  1566 850 1430
3  1462 1566 1567
3  1532 1458 1568
3  1458 1169 1568
3  1569 1493 1490
3  700 702 1493
3  1570 1496 1571
3  1572 1080 1571
3  1318 1573 1319
3  1317 1574 1570
3  1441 1442 1293
3  1575 1576 1577
3  1578 1579 1580
3  1079 124 1355
3  1501 1433 1581
3  1442 1501 1581
3  1582 1360 1383
3  1583 1577 1492
3  1584 1585 1436
3  704 1584 1436
3  1440 1357 1442
3  1357 1501 1442
3  1387 544 1103
3  544 220 1103
3  1147 891 1389
3  893 1147 1389
3  860 1391 1241
3  1391 1239 1241
3  1027 1447 1446
3  246 1447 1026
3  246 1250 1446
3  1250 1332 1446
3  1027 1061 1028
3  1396 244 1026
3  384 1255 1331
3  1255 1256 1331
3  1533 1586 705
3  1587 1369 1588
3  1438 1589 1590
3  1334 1591 1335
3  1592 1593 1594
3  1586 1367 1369
3  1400 1399 1595
3  1435 1497 1596
3  468 1460 1597
3  1379 1257 1259
3  1505 1598 1599
3  1600 1399 1601
3  1602 1475 1603
3  1481 1486 1559
3  1341 1409 1402
3  1409 1258 1402
3  1409 1263 1342
3  1604 1342 1343
3  33 1517 1230
3  1588 1592 1605
3  1517 33 1518
3  33 1606 1518
3  1437 1607 1514
3  1448 1438 1590
3  1516 1404 1608
3  1609 1588 1605
3  1606 33 1610
3  1609 1587 1588
3  1611 1607 1439
3  1607 1612 1514
3  1159 1160 553
3  552 304 498
3  855 856 1468
3  1520 1613 1521
3  552 237 1297
3  237 236 1297
3  668 1161 857
3  1161 275 857
3  371 370 1521
3  1209 1266 1614
3  1264 1615 1616
3  1419 1418 1617
3  1081 1373 1149
3  1466 1618 1150
3  1561 1560 1525
3  1619 1620 1451
3  906 374 1296
3  374 134 1296
3  287 388 1621
3  388 905 1621
3  1261 1456 473
3  1456 471 473
3  851 850 1464
3  1418 1622 1617
3  665 664 1348
3  664 223 475
3  1523 1522 1623
3  1624 710 1523
3  1419 848 1346
3  848 847 1037
3  1531 1625 1626
3  904 1597 1512
3  1417 1566 1430
3  1311 1417 1430
3  1295 1365 660
3  1365 658 660
3  1422 1082 1308
3  1148 1308 1149
3  555 493 1528
3  493 287 1528
3  1468 842 1006
3  855 1468 1006
3  907 1529 1459
3  1415 556 1265
3  1627 1628 1629
3  1385 1207 1206
3  1079 1630 1578
3  1353 661 1283
3  1208 1631 1424
3  1482 1362 1483
3  1555 811 1478
3  1487 1425 1632
3  1479 1083 1552
3  1633 1314 1316
3  1555 557 811
3  557 809 811
3  1229 1084 1320
3  1287 1563 1634
3  1287 1634 1635
3  1207 1229 1208
3  1226 1322 1227
3  1552 1540 1551
3  1083 1540 1552
3  1540 1421 1480
3  1371 1374 1479
3  1374 1081 1479
3  1628 1627 1636
3  1637 1638 1639
3  1640 1595 1290
3  1473 1362 1289
3  1641 1485 1599
3  1598 1641 1599
3  1425 1487 1481
3  1427 1426 1557
3  1485 1641 1486
3  1476 1642 1477
3  1643 1487 1644
3  1489 1645 1643
3  1645 1450 470
3  1643 1645 903
3  1351 1352 1538
3  1352 1428 1538
3  1356 1493 1431
3  700 1493 1356
3  1569 1574 1646
3  1574 1317 1646
3  1574 1490 1494
3  1574 1569 1490
3  1490 701 1494
3  1495 1080 1572
3  1380 1636 1471
3  1354 1285 1647
3  1293 1442 1581
3  1585 1432 1436
3  1549 1498 1491
3  1433 1501 1648
3  658 1585 1584
3  1581 1585 1294
3  1359 1382 1360
3  1382 1549 1383
3  1433 1648 1434
3  1648 1431 1583
3  1549 1382 1498
3  1382 1359 1498
3  601 603 1389
3  603 1214 1389
3  1396 1028 1649
3  1028 1062 1649
3  1334 1650 1651
3  1366 703 1650
3  1586 1650 705
3  1650 703 705
3  1497 1500 1596
3  1500 1499 1596
3  1437 1513 1589
3  1438 1437 1589
3  33 1335 1610
3  180 706 1333
3  1652 1534 1367
3  1534 1653 1368
3  1359 1361 1654
3  1360 1655 1361
3  1429 1430 1162
3  1408 1656 1460
3  1474 1473 1657
3  1506 1658 1659
3  1505 1658 1506
3  1401 1660 1661
3  1403 1662 1663
3  200 1339 265
3  1658 1625 1659
3  1664 1665 1608
3  1258 1342 1259
3  264 266 1661
3  1666 1516 1608
3  1667 1517 1664
3  1230 1667 1664
3  1230 1517 1667
3  1606 1609 1605
3  1517 1519 1668
3  1513 1437 1514
3  1508 1669 1670
3  1605 1592 1594
3  1592 1653 1593
3  1653 1592 1588
3  1515 1665 1671
3  1509 1607 1611
3  1612 1607 1672
3  1513 1593 1673
3  1593 1653 1673
3  498 281 274
3  281 499 274
3  552 1160 856
3  133 842 1468
3  494 553 276
3  553 498 276
3  1545 1674 1613
3  1546 1006 1007
3  1411 1615 1165
3  1411 846 1675
3  843 1164 844
3  1164 1674 1545
3  492 838 1181
3  492 1181 1521
3  846 1419 1675
3  1308 1148 1309
3  1167 1457 1168
3  1038 1676 1677
3  1678 1414 1616
3  1414 1264 1616
3  1422 1457 1524
3  1457 1167 1524
3  1619 1489 1644
3  1489 1643 1644
3  1560 1562 1345
3  1311 1429 1312
3  1620 1619 1310
3  1620 1310 1679
3  473 472 1410
3  1379 1656 1408
3  475 710 1348
3  710 709 1348
3  1169 1680 1568
3  1680 1624 1568
3  1170 655 1268
3  655 709 1268
3  1378 1625 1531
3  1460 1656 1597
3  1430 850 1162
3  1450 1162 470
3  1616 1675 1617
3  1374 1306 1373
3  1681 1372 1466
3  1372 1412 1467
3  1618 1414 1150
3  1148 1150 1622
3  287 1621 1423
3  1621 905 1423
3  1414 1618 1415
3  1618 1466 1415
3  1582 1547 1682
3  1547 1573 1682
3  1318 1683 1684
3  1573 1547 1319
3  1283 663 1284
3  1469 1284 1685
3  1630 1686 1684
3  1687 1688 1689
3  1470 1380 1471
3  1627 1688 1550
3  1385 1206 1690
3  1206 1336 1690
3  1631 1320 1691
3  1603 1475 1477
3  1631 1691 1642
3  1555 1478 1563
3  1322 636 1227
3  1078 1226 1228
3  636 1692 1693
3  1076 1078 1694
3  1207 1386 1384
3  1386 841 1384
3  1084 1288 1321
3  1288 1287 1321
3  1540 1480 1526
3  1351 1538 1527
3  637 1695 1692
3  327 1371 1696
3  1337 1424 1697
3  1564 1337 1697
3  1655 1639 1698
3  1639 1655 1537
3  1449 1638 1699
3  1637 1472 1474
3  1362 1482 1289
3  1506 1400 1507
3  1559 1641 1700
3  1475 1484 1701
3  1481 1488 1486
3  1488 902 1486
3  1488 1643 903
3  1488 1487 1643
3  1645 469 903
3  1625 1658 1626
3  1645 1489 1450
3  1489 1619 1451
3  124 700 1358
3  700 1356 1358
3  1583 1569 1577
3  1646 1317 1575
3  124 1080 1495
3  1318 1570 1683
3  1433 1585 1581
3  1293 1581 1294
3  1431 1493 1583
3  1648 1501 1431
3  1585 1433 1432
3  1576 1549 1491
3  704 659 1584
3  659 658 1584
3  1549 1576 1548
3  1547 1582 1383
3  1498 1465 1491
3  1648 1583 1492
3  1497 1498 1500
3  1498 1359 1500
3  1062 1444 1649
3  1444 1396 1649
3  1702 1655 1698
3  1639 1638 1698
3  1533 1596 1652
3  1533 1435 1596
3  1596 1499 1652
3  1534 1652 1703
3  1366 1650 1334
3  1586 1369 1651
3  1591 1587 1610
3  33 180 1335
3  1605 1594 1704
3  1335 1591 1610
3  1586 1533 1367
3  1533 1652 1367
3  1361 1655 1702
3  1448 1702 1698
3  1705 1636 1381
3  1636 1627 1471
3  903 469 904
3  1531 1511 1512
3  1482 1640 1290
3  1399 1600 1595
3  1599 1485 1626
3  1658 1505 1599
3  1658 1599 1626
3  1485 902 1511
3  1202 264 1706
3  1400 1595 1507
3  633 634 265
3  634 200 265
3  849 1453 1340
3  1453 1403 1340
3  1202 1706 1707
3  1625 1378 1708
3  633 265 264
3  265 1339 1663
3  1659 1625 1708
3  1399 1401 1709
3  1664 1517 1668
3  1666 1612 1516
3  1519 1518 1710
3  1594 1710 1704
3  1612 1666 1514
3  1514 1666 1515
3  1607 1437 1439
3  1600 1601 1711
3  1510 1611 1712
3  1509 1611 1510
3  275 1161 276
3  1161 494 276
3  908 1413 1713
3  1413 855 1713
3  1529 1530 1714
3  1265 1543 1266
3  1164 495 1674
3  495 371 1674
3  504 656 1165
3  656 1411 1165
3  1616 1615 1675
3  1615 1411 1675
3  1624 1680 1676
3  1036 1038 1677
3  1169 1168 1680
3  1352 1169 1458
3  1307 1309 1347
3  1309 1418 1347
3  1524 1351 1527
3  1551 1375 1715
3  1539 1376 1527
3  1416 1311 1313
3  1539 1538 1344
3  1538 1428 1344
3  1620 1312 1451
3  1312 1429 1451
3  1310 1644 1632
3  1427 1557 1716
3  1644 1487 1632
3  1310 1619 1644
3  472 1402 1408
3  1402 1257 1408
3  1410 1460 1461
3  1452 851 1262
3  1163 1463 1462
3  1463 851 1464
3  1463 1407 1260
3  1407 1455 1260
3  1261 473 1452
3  473 1410 1452
3  1522 1462 1567
3  1522 474 1462
3  710 475 1523
3  475 474 1523
3  1566 1417 1567
3  1417 1532 1567
3  1037 1268 1038
3  1268 709 711
3  469 1645 470
3  1450 1429 1162
3  1372 1681 1149
3  1414 1678 1150
3  1412 1153 1467
3  1153 1282 1467
3  1466 1467 554
3  1467 1282 554
3  1373 1372 1149
3  1150 1678 1622
3  1308 1082 1149
3  1082 1081 1149
3  1149 1681 1150
3  1681 1466 1150
3  1459 1717 1541
3  1415 554 556
3  555 1528 556
3  1543 556 1544
3  556 1543 1265
3  1718 1520 1183
3  1576 1575 1548
3  1547 1548 1319
3  1682 1573 1719
3  1655 1535 1537
3  1285 1687 1647
3  1318 1317 1570
3  1647 1687 1689
3  1720 1686 1689
3  1320 1631 1208
3  1427 1716 1721
3  1337 1364 1338
3  1470 1469 1690
3  1720 1722 1686
3  1336 1470 1690
3  1234 1632 1723
3  1316 1077 1235
3  1556 1603 1477
3  1557 1426 1558
3  1234 1724 1235
3  1287 1286 1563
3  1236 1077 1315
3  1633 1478 1314
3  1077 1236 1078
3  1236 1226 1078
3  1692 1695 1715
3  637 326 1695
3  1320 1321 1691
3  1634 1716 1725
3  1551 1526 1375
3  1552 1551 1553
3  1424 1631 1697
3  1475 1602 1484
3  1363 1380 1338
3  1337 1564 1364
3  1362 1473 1504
3  1473 1472 1504
3  1640 1484 1726
3  1482 1484 1640
3  1602 1603 1700
3  1426 1559 1558
3  1357 1440 1358
3  1440 124 1358
3  1548 1575 1319
3  1575 1317 1319
3  1494 701 1495
3  701 124 1495
3  1585 658 1294
3  658 1292 1294
3  1493 1569 1583
3  1434 1648 1492
3  1465 1497 1436
3  1497 1435 1436
3  1491 1465 1434
3  1465 1432 1434
3  1653 1534 1727
3  1534 1703 1727
3  1652 1499 1703
3  1727 1703 1728
3  1587 1591 1369
3  1650 1586 1651
3  1587 1609 1610
3  1609 1606 1610
3  1369 1368 1588
3  1368 1653 1588
3  1703 1654 1728
3  1361 1702 1654
3  1655 1360 1535
3  1360 1582 1535
3  469 1597 904
3  469 468 1597
3  1595 1600 1290
3  1290 1600 1291
3  1638 1637 1729
3  1637 1474 1729
3  1505 1507 1726
3  1507 1640 1726
3  1597 1656 1512
3  1511 902 904
3  1485 1511 1626
3  1511 1531 1626
3  1662 1669 266
3  1706 264 1661
3  1378 1259 1604
3  1201 1203 1343
3  1669 1662 1670
3  1508 1670 1672
3  1405 1516 1672
3  1516 1612 1672
3  1706 1660 1707
3  1202 633 264
3  266 1669 1661
3  1669 1508 1709
3  1401 1400 1660
3  1400 1506 1660
3  1665 1666 1608
3  1670 1405 1672
3  1665 1668 1671
3  1665 1664 1668
3  1593 1513 1730
3  1606 1605 1704
3  1666 1665 1515
3  1513 1515 1730
3  1508 1510 1601
3  1510 1712 1711
3  1638 1729 1699
3  1601 1510 1711
3  907 908 1530
3  908 1713 1530
3  1520 1181 1183
3  1266 1543 1614
3  1718 1542 1717
3  1717 1542 1541
3  1718 1717 1731
3  1717 1529 1731
3  1209 1182 1166
3  1266 1209 1267
3  1038 711 1676
3  1680 1168 1677
3  1532 1416 1458
3  1416 1428 1458
3  1676 1680 1677
3  1624 1523 1623
3  1675 1419 1617
3  1148 1622 1309
3  848 1037 1346
3  1037 1036 1346
3  1168 1457 1732
3  1457 1307 1732
3  1560 1620 1679
3  1310 1233 1525
3  1539 1344 1562
3  1313 1312 1345
3  1526 1480 1527
3  1480 1524 1527
3  1562 1344 1345
3  1344 1428 1313
3  1633 1316 1724
3  1234 1310 1632
3  851 1452 1461
3  1452 1410 1461
3  851 1463 1262
3  1463 1260 1262
3  850 1566 1464
3  1566 1462 1464
3  1522 1567 1623
3  1567 1532 1623
3  851 1461 852
3  1461 468 852
3  1162 852 470
3  852 468 470
3  1688 1627 1629
3  1582 1682 1536
3  1537 1536 1733
3  1536 1682 1734
3  1364 1363 1338
3  1472 1705 1381
3  1472 1637 1735
3  1628 1705 1733
3  1683 1579 1684
3  1285 1284 1687
3  1337 1336 1424
3  1336 1206 1424
3  1385 1690 1685
3  1690 1469 1685
3  1632 1425 1723
3  1425 1427 1723
3  1478 1633 1736
3  1697 1631 1642
3  1564 1476 1701
3  1476 1475 1701
3  1314 810 1315
3  810 186 1315
3  1315 1077 1316
3  1724 1316 1235
3  636 637 1692
3  1375 1377 1737
3  1526 1376 1375
3  1695 326 708
3  1634 1736 1716
3  1476 1697 1642
3  1695 708 1553
3  1479 1552 1554
3  1553 1551 1715
3  1694 1228 1738
3  1486 1641 1559
3  1603 1559 1700
3  1570 1574 1496
3  1574 1494 1496
3  1569 1646 1577
3  1646 1575 1577
3  1577 1576 1492
3  1576 1491 1492
3  1611 1439 1699
3  1439 1449 1699
3  1513 1673 1589
3  1590 1727 1728
3  1589 1673 1590
3  1448 1590 1728
3  1369 1591 1651
3  1591 1334 1651
3  1703 1499 1654
3  1499 1359 1654
3  1638 1449 1698
3  1449 1448 1698
3  1656 1379 1512
3  1379 1531 1512
3  1595 1640 1507
3  1484 1602 1726
3  1712 1729 1657
3  1729 1474 1657
3  1711 1657 1291
3  1289 1482 1290
3  1602 1598 1726
3  1598 1505 1726
3  1339 1340 1663
3  1340 1403 1663
3  1259 1342 1604
3  1203 1604 1343
3  1263 201 1343
3  201 1201 1343
3  1670 1662 1405
3  1662 1403 1405
3  265 1663 266
3  1663 1662 266
3  1378 1604 1708
3  1660 1506 1659
3  1453 1230 1454
3  1230 1664 1454
3  1404 1454 1608
3  1454 1664 1608
3  1710 1594 1730
3  1594 1593 1730
3  1710 1518 1704
3  1518 1606 1704
3  1668 1519 1671
3  1519 1710 1671
3  1399 1709 1601
3  1709 1508 1601
3  1712 1657 1711
3  1600 1711 1291
3  1530 1546 1714
3  1530 1713 1546
3  1543 1542 1614
3  1542 1718 1614
3  556 1528 1544
3  1528 1423 1544
3  1459 1529 1717
3  1546 1545 1714
3  370 492 1521
3  1714 1613 1731
3  1165 1615 1267
3  1615 1264 1267
3  1181 838 1182
3  838 839 1182
3  1624 1623 1568
3  1623 1532 1568
3  711 710 1676
3  710 1624 1676
3  1622 1418 1309
3  1418 1346 1347
3  1622 1678 1617
3  1678 1616 1617
3  1036 1732 1347
3  1732 1307 1347
3  1168 1732 1677
3  1732 1036 1677
3  1310 1525 1679
3  1525 1560 1679
3  1312 1620 1345
3  1620 1560 1345
3  1720 1629 1719
3  1720 1688 1629
3  1637 1639 1735
3  1535 1582 1536
3  1688 1687 1550
3  1687 1284 1550
3  1636 1380 1381
3  1705 1628 1636
3  1380 1470 1338
3  1470 1336 1338
3  1363 1504 1381
3  1504 1472 1381
3  1537 1733 1735
3  1639 1537 1735
3  1079 1578 1580
3  1579 1630 1684
3  1579 1571 1580
3  1571 1080 1580
3  1630 1079 1739
3  1740 1354 1647
3  1284 663 1685
3  663 1385 1685
3  1234 1723 1724
3  1633 1724 1721
3  1559 1603 1558
3  1603 1556 1558
3  1691 1635 1741
3  1476 1564 1697
3  1484 1483 1701
3  1483 1564 1701
3  1561 1694 1738
3  1078 1228 1694
3  1371 1479 1554
3  708 327 1696
3  1634 1563 1736
3  1563 1478 1736
3  1691 1321 1635
3  1321 1287 1635
3  1695 1553 1715
3  1692 1737 1693
3  1539 1562 1565
3  1562 1561 1565
3  1641 1598 1700
3  1598 1602 1700
3  1496 1572 1571
3  1496 1495 1572
3  1729 1712 1699
3  1712 1611 1699
3  1590 1673 1727
3  1673 1653 1727
3  1657 1473 1291
3  1473 1289 1291
3  1607 1509 1672
3  1509 1508 1672
3  1604 1203 1708
3  1660 1706 1661
3  1515 1671 1730
3  1671 1710 1730
3  1546 1713 1006
3  1713 855 1006
3  844 1164 1007
3  1164 1545 1007
3  1209 1614 1183
3  1614 1718 1183
3  1542 1544 1541
3  1544 1423 1541
3  1545 1613 1714
3  1529 1714 1731
3  1613 1674 1521
3  1674 371 1521
3  1182 839 505
3  839 9 505
3  1573 1722 1719
3  1629 1628 1734
3  1536 1734 1733
3  1734 1628 1733
3  1627 1550 1471
3  1550 1469 1471
3  1733 1705 1735
3  1705 1472 1735
3  1722 1720 1719
3  1573 1318 1722
3  1079 1355 1739
3  1355 1354 1740
3  1630 1579 1578
3  1080 1079 1580
3  1355 1740 1739
3  1740 1630 1739
3  1716 1736 1721
3  1736 1633 1721
3  1077 1076 1235
3  1076 1233 1235
3  1635 1634 1725
3  1642 1691 1741
3  1561 1525 1694
3  1525 1076 1694
3  1376 1565 1377
3  1227 1693 1742
3  708 1696 1554
3  1696 1371 1554
3  1715 1375 1737
3  1692 1715 1737
3  1579 1683 1571
3  1683 1570 1571
3  1654 1702 1728
3  1702 1448 1728
3  1660 1659 1707
3  1659 1708 1707
3  1613 1520 1731
3  1520 1718 1731
3  1182 505 1166
3  505 504 1166
3  1629 1734 1719
3  1734 1682 1719
3  1630 1740 1686
3  1688 1720 1689
3  1716 1557 1725
3  1557 1556 1725
3  1724 1723 1721
3  1723 1427 1721
3  1556 1477 1741
3  1477 1642 1741
3  1377 1565 1738
3  1565 1561 1738
3  1693 1737 1742
3  1737 1377 1742
3  1669 1709 1661
3  1709 1401 1661
3  1708 1203 1707
3  1203 1202 1707
3  1686 1740 1689
3  1740 1647 1689
3  1686 1722 1684
3  1722 1318 1684
3  1635 1725 1741
3  1725 1556 1741
3  1377 1738 1742
3  1227 636 1693
3  1738 1228 1742
3  1228 1227 1742
