OFF
1742 3480 0
10.989 0.606588 1.12957
10.9274 1.21114 1.12316
10.9633 0.909244 1.1269
-332.905 -49.2158 433.147
-296.612 48.3509 435.896
-294.834 156.586 435.896
-7.17608 7.54353 -0.736506
-6.8379 7.67093 -0.702392
-7.09727 7.4758 -0.728965
-3.81573 5.1742 -0.402904
-3.70233 5.35691 -0.391188
-3.64123 5.27532 -0.384972
14.8669 212.992 144.916
-0.338727 9.94603 -0.0348413
-0.677143 9.93189 -0.0696496
17.884 -177.665 116.877
27.7155 -283.583 215.417
-79.2252 -310.999 255.173
479.842 0 435.896
-70.0801 -340.911 435.896
116.215 -317.375 435.896
79.0583 150.2 109.554
127.768 130.408 115.912
4.91149 8.90472 0.504475
-4.29163 7.42795 -0.447549
-4.53979 7.30687 -0.473126
-4.34774 7.51228 -0.452994
-256.304 63.7489 192.601
-172.207 93.4231 135.536
-173.947 58.8426 125.261
283.332 -240.488 382.942
131.66 -329.01 321.421
242.32 -206.308 256.334
8.37676 -6.45276 0.859686
-3.06442 -5.1216 -0.325641
8.59349 -6.21552 0.881958
-270.681 -181.901 235.376
-48.4247 -377.733 322.449
-379.479 65.4745 323.964
-248.044 -78.625 181.636
-356.398 -22.1279 415.387
-340.393 81.1461 430.423
-294.901 -235.948 404.68
-348.888 -178.216 373.858
-198.983 -322.989 388.43
223.327 177.195 216.735
407.114 0 265.837
405.905 0 264.457
-1.01953 -415.376 427.858
62.7956 324.229 435.896
151.037 318.499 434.529
-4.61709 378.023 430.471
-210.683 183.803 435.896
-13.4865 317.971 435.896
-3.99393 6.11718 -0.4202
-3.84469 6.30671 -0.404603
-3.78792 6.22267 -0.39893
22.2419 321.176 435.896
268.626 -246.071 424.992
64.7763 -158.319 109.668
0.338722 -9.94603 0.0348413
0.677152 -9.93189 0.0696499
-10.4985 -2.99196 -1.07858
-10.5951 -2.70009 -1.08861
-6.24382 -5.65448 -0.648363
-288.707 243.02 418.253
204.286 341.005 388.739
309.016 244.617 381.923
447.354 0 321.503
446.58 0 320.164
-191.187 238.514 435.896
-254.156 214.583 431.768
-57.4265 176.561 121.471
-62.6581 111.875 82.2733
-132.672 260.682 215.892
78.6611 195.504 147.351
243.457 -267.636 405.9
234.391 231.557 435.896
71.5892 386.094 395.405
-125.9 358.867 393.858
-357.463 -71.9495 382.763
10.7584 -2.10965 1.10558
13.7737 -1.85348 2.68806
13.7088 -2.11691 2.68049
-119.032 -139.032 119.938
-7.91918 -6.90891 -0.812709
-7.67881 -7.1273 -0.788049
-3.63281 6.40783 -0.382674
-2.88945 4.5336 -0.307708
-2.94629 4.61774 -0.313588
10.0134 4.13085 1.02832
-188.101 -332.321 385.742
-175.663 -324.526 410.053
-251.732 -220.028 434.521
-170.226 -296.122 434.523
-195.969 -253.884 435.896
-21.4404 -343.994 435.896
201.879 -285.081 427.677
7.43102 7.33891 0.76264
7.67881 7.12729 0.78805
-3.9042 -6.83463 -0.409605
-3.72593 -7.02404 -0.390884
-3.959 -6.9197 -0.415008
-5.35063 7.90094 -0.552944
-5.28685 7.82126 -0.546842
-5.55033 7.67079 -0.57387
-93.1145 150.168 123.414
351.156 0 211.084
349.476 0 209.653
84.7717 313.208 275.53
167.511 264.34 253.339
-48.3677 224.55 166.092
-2.35423 9.72045 -0.242063
55.7807 158.95 112.119
0.338726 9.94603 0.0348412
-10.2754 3.56765 -1.05545
-10.1492 3.85095 -1.04238
-6.57296 5.91199 -0.681039
-3.68675 6.49338 -0.38805
-3.46908 6.58994 -0.365472
1.01497 9.90835 0.104393
0.677142 9.93189 0.0696495
173.471 225.26 218.179
-2.90098 4.86547 -0.30884
-2.95533 4.95092 -0.314436
9.19312 5.46999 0.943657
-3.06443 5.1216 -0.325641
8.5935 6.21551 0.881958
8.80194 5.97246 0.903391
-287.991 -43.1387 435.896
169.73 268.79 435.896
-342.339 -55.3981 420.818
-1.68761 9.83309 -0.173554
-3.57348 7.83737 -0.372967
-3.62018 7.92629 -0.377468
-151.426 -86.3011 115.23
-144.238 -115.504 122.695
-226.134 -28.4826 160.625
-64.2839 -180.946 135.288
-5.51114 -8.6129 -0.565923
-9.19312 5.47 -0.943657
-7.54243 6.27153 -0.777191
-7.45611 6.2117 -0.768729
-3.21765 -4.70146 -0.341595
-3.11762 -4.86969 -0.331252
-3.27773 -4.78373 -0.347778
190.077 -285.1 431.782
5.80332 -8.45447 0.595858
6.09002 -8.28787 0.625228
128.515 -127.535 111.896
10.6818 2.4059 1.09761
10.6818 -2.40589 1.09761
10.4985 -2.99194 1.07858
450.353 0 326.851
410.675 0 269.969
101.4 -169.174 125.011
286.836 0 161.618
137.411 116.759 115.704
288.94 0 163.098
149.838 70.8027 102.619
251.448 0 137.751
249.13 0 136.247
163.474 0 84.312
160.771 0 82.763
218.35 -284.31 378.584
208.804 -290.838 390.826
-4.83754 7.71864 -0.501938
-4.57411 7.84848 -0.474836
-4.77758 7.63654 -0.496163
-4.03574 8.08552 -0.419344
-3.98522 7.99835 -0.414502
-4.19945 7.79957 -0.436984
-3.9784 9.27782 -0.408803
-4.2935 9.16223 -0.44112
-2.68453 9.65022 -0.275993
-248.616 176.654 230.147
-293.487 230.835 363.934
-13.0042 310.948 250.587
185.235 256.267 261.642
37.4445 291.5 238.836
-3.25981 5.80646 -0.345193
-3.31263 5.89263 -0.350533
-3.11631 5.97869 -0.330114
-3.175 -4.9535 -0.337149
-3.00981 -5.0363 -0.320036
1.68761 9.83309 0.173553
2.02183 9.78142 0.207906
-3.31696 6.32845 -0.350289
-3.26657 6.24113 -0.345238
-3.472 6.15062 -0.366581
-4.59267 -5.76528 -0.481675
-4.7851 -5.63633 -0.501322
-4.52475 -5.6883 -0.474854
-3.17408 5.29196 -0.336864
-3.11918 5.20682 -0.33125
-3.29018 5.12087 -0.348955
4.2935 9.16223 0.44112
4.60463 9.03782 0.473021
-266.242 -126.326 435.896
247.128 222.997 435.896
-5.71882 6.59764 -0.594051
-5.79197 6.67046 -0.601227
-5.49209 6.75302 -0.570874
-5.08226 -5.29056 -0.531613
-5.00679 -5.21957 -0.524003
-4.82746 -5.35563 -0.505803
-6.37092 -8.11331 -0.654005
-6.64575 -7.93094 -0.682162
-156.614 -65.9756 110.876
-10.6818 -2.4059 -1.09761
-10.7584 -2.10965 -1.10558
-173.518 -182.319 175.739
-10.989 -0.606588 -1.12957
-10.9633 -0.90925 -1.1269
-4.682 -5.20901 -0.491113
-4.50382 -5.33552 -0.472983
-4.75464 -5.28239 -0.498455
208.758 -259.756 434.521
238.475 -225.418 435.896
394.5 0 251.984
393.175 0 250.592
-2.84676 4.77993 -0.303249
9.37551 5.21111 0.962453
448.873 0 324.179
448.119 0 322.841
449.618 0 325.515
124.119 -141.922 117.734
4.91149 -8.90472 0.504475
119.194 0 59.4069
116.359 0 57.8425
104.954 0 51.5768
12.2349 -5.19629 2.51337
96.3157 -0.049635 46.8678
-3.0098 5.0363 -0.320036
9.00187 5.72386 0.923963
101.116 -352.336 358.316
-1.35189 9.8754 -0.139038
-4.43391 5.25997 -0.465911
-4.36417 5.18429 -0.458844
-4.60951 5.13548 -0.483777
-4.24414 9.07454 -0.436533
-4.19497 8.98675 -0.431952
-4.44704 8.77934 -0.458303
-4.14601 8.89887 -0.427377
-4.09725 8.81089 -0.422809
-4.343 8.6065 -0.448524
-6.39763 6.85697 -0.661412
-6.70795 6.74255 -0.692735
-6.47453 6.92652 -0.66889
-6.35212 7.64078 -0.654171
-6.01794 7.73935 -0.620425
-6.27927 7.56777 -0.647191
-3.40593 5.28789 -0.36078
-3.58028 5.19363 -0.378762
-3.46402 5.37126 -0.3667
-167.255 330.833 391.007
-235.252 267.224 351.35
-200.126 313.968 404.613
-164.966 277.175 431.756
-3.78497 7.64876 -0.395196
-3.41821 6.50286 -0.360406
-3.24885 6.6803 -0.342571
-3.2011 6.59178 -0.337819
-3.52544 6.23645 -0.37194
-3.36751 6.4157 -0.355345
-3.50656 5.80099 -0.370643
-3.69794 5.70379 -0.390426
-3.56251 5.88551 -0.37629
-4.34961e-07 9.95074 -4.79712e-08
-3.34258 7.39159 -0.350541
-3.39832 4.94797 -0.360158
-3.49851 4.7735 -0.370472
-3.56167 4.85384 -0.376949
-4.86609 -6.07182 -0.509014
-4.9349 -6.1481 -0.515864
-5.14055 -6.00916 -0.53687
-4.18766 5.30148 -0.44083
-4.25475 5.3791 -0.447625
-4.00787 5.41332 -0.422421
-3.1577 4.61911 -0.335417
-3.1577 -4.61911 -0.335416
6.91424 -7.74095 0.709671
6.64576 -7.93094 0.682162
-3.25981 -5.80646 -0.345193
-4.60463 -9.03782 -0.473021
-3.78839 4.83329 -0.400168
-3.72237 -4.75486 -0.393407
-3.78839 -4.83329 -0.400167
-3.28431 5.46198 -0.348104
-3.22912 5.37701 -0.342481
-4.53718 5.06181 -0.476445
12.053 5.44094 2.49333
11.8618 5.6827 2.47242
5.21375 8.76303 0.535452
6.91424 7.74095 0.709671
6.64576 7.93094 0.682162
-178.96 310.92 420.883
-61.9709 309.077 264.301
-6.20664 7.49458 -0.640219
-5.8783 7.58853 -0.607043
-6.13423 7.42121 -0.633253
-9.54887 4.94749 -0.980333
-9.71306 4.67939 -0.997282
-5.51113 8.6129 -0.565923
-5.80332 8.45446 -0.595858
-3.65965 9.3845 -0.3761
-3.88679 9.09927 -0.400296
-3.9325 9.18859 -0.404546
-3.71411 -8.10389 -0.386489
-3.76133 -8.19257 -0.391007
-3.93488 -7.91109 -0.409667
-7.1881 -7.14204 -0.739276
-7.51212 -7.00099 -0.771976
-7.42908 -6.9375 -0.763949
-10.0134 -4.13085 -1.02832
-115.427 89.4828 101.016
-8.15191 6.68399 -0.836596
-8.37675 6.45278 -0.859686
-4.01019 5.76327 -0.42234
-4.20145 5.65142 -0.441983
-4.07225 5.84421 -0.428586
-155.211 22.7068 108.495
-11.0044 0.303425 -1.13118
225.287 0 121.13
222.837 0 119.611
317.046 0 183.651
318.957 0 185.108
451.079 0 328.186
261.356 -156.483 236.736
337.357 0 199.597
335.575 0 198.155
-3.52695 7.74837 -0.36847
-3.48061 7.65929 -0.36398
-3.68594 7.47342 -0.385578
-3.62268 6.85066 -0.380703
-3.79512 6.6642 -0.398816
-3.84957 6.74946 -0.404208
-2.02183 9.78142 -0.207906
-3.66705 8.01513 -0.381976
-3.33754 9.48218 -0.343044
-6.0921 6.57686 -0.631564
-6.16818 6.64717 -0.639016
-5.86533 6.74311 -0.608409
-4.00032 8.63467 -0.413692
-4.18848 8.34645 -0.433905
-4.23979 8.43324 -0.438772
-4.65828 7.47195 -0.484632
-4.59894 7.38947 -0.478876
-4.84628 7.25954 -0.50432
-4.01397 7.00467 -0.420417
-3.77782 7.11059 -0.395983
-3.95899 6.91971 -0.415008
-4.68864 8.56672 -0.483588
-4.49935 8.86561 -0.463202
-5.15452 8.68054 -0.529907
-5.44879 8.53231 -0.56007
-5.21375 8.76303 -0.535452
-5.73798 8.37585 -0.589706
-5.88595 8.0577 -0.605914
-6.15845 7.88946 -0.633835
-5.95374 8.1346 -0.612345
-9.19312 -5.47 -0.943657
-10.8249 1.81159 -1.11249
-10.8812 1.51201 -1.11835
-329.444 -2.58351 433.141
-3.29675 6.76874 -0.347328
-3.38842 7.4809 -0.355015
-3.58763 7.29774 -0.375983
-3.43443 7.57013 -0.359495
-1.01497 9.90835 -0.104393
-3.41872 6.06471 -0.361226
2.35423 9.72045 0.242063
2.68453 9.65022 0.275993
-3.53873 7.20978 -0.371194
6.09002 8.28788 0.625228
-3.16625 6.06625 -0.335151
-3.21633 6.15373 -0.340192
5.51113 8.6129 0.565923
11.6615 5.9213 2.45062
113.518 0 56.2773
-3.45077 5.71637 -0.365001
-3.58067 5.53772 -0.378553
-3.63923 5.6208 -0.384487
-3.175 4.9535 -0.337148
-3.11762 4.86969 -0.331252
10.0134 -4.13085 1.02832
-2.88945 -4.5336 -0.307708
10.1492 -3.85094 1.04238
-10.5951 2.70009 -1.08861
-10.6818 2.4059 -1.09761
-5.26056 6.90173 -0.547169
-5.42176 6.67794 -0.563976
-3.62496 4.93409 -0.383431
-3.6884 5.01423 -0.389917
-4.78133 5.00569 -0.501203
-4.53718 -5.06181 -0.476445
-3.47199 -6.15063 -0.36658
-3.61862 -5.96995 -0.381942
-3.41872 -6.06471 -0.361226
-5.06911 -5.93489 -0.529749
-3.0124 -9.57077 -0.309664
-2.68454 -9.65022 -0.275993
-4.29349 -9.16223 -0.441119
-3.23251 5.03723 -0.343049
-3.33796 4.8659 -0.353966
-4.12073 5.22374 -0.434041
-3.94367 5.33372 -0.41591
-3.87962 5.25402 -0.409404
-3.51948 5.11185 -0.372556
7.91918 6.90891 0.812709
8.15191 6.68399 0.836595
-3.05004 5.46099 -0.323883
-3.10226 5.54747 -0.329204
-4.19688 6.00575 -0.441094
-4.05363 6.19954 -0.42617
-4.85633 5.07713 -0.508798
-3.82499 5.51978 -0.403633
-3.88656 5.60105 -0.409864
-3.75681 5.78667 -0.396371
6.37093 8.11331 0.654005
-3.61862 5.96994 -0.381942
-3.81584 5.86946 -0.40232
-3.67489 6.05428 -0.387599
-4.35478 6.60964 -0.456109
-4.51149 6.40752 -0.472463
-4.57495 6.4875 -0.478753
-4.13112 6.72537 -0.433052
-4.07348 6.64185 -0.427351
-4.2942 6.52785 -0.45011
-7.01698 -6.61675 -0.723915
-6.70795 -6.74256 -0.692735
-6.78746 -6.80966 -0.700475
-152.59 -134.521 137.467
-5.22013 7.27995 -0.542001
-4.97112 7.42072 -0.516436
-5.15472 7.20133 -0.535648
-4.66076 5.84211 -0.488502
-4.92675 5.78591 -0.515524
-4.72903 5.91882 -0.495334
8.1519 -6.68399 0.836596
313.185 0 180.732
311.236 0 179.271
472.448 0 381.054
472.799 0 382.365
409.499 0 268.593
2.35424 -9.72045 0.242063
-2.99796 -5.37442 -0.318567
-3.11918 -5.20682 -0.33125
-4.07225 -5.84421 -0.428586
-3.9344 -6.03472 -0.414234
-4.13447 -5.92504 -0.434837
380.712 0 238.007
379.267 0 236.602
141.599 0 71.8906
138.826 0 70.3334
144.364 0 73.4469
147.12 0 75.0022
220.376 0 118.09
217.904 0 116.568
8.80194 -5.97246 0.903391
9.00187 -5.72387 0.923963
13.9461 -0.795617 2.70831
37.7477 0 15.3572
13.916 -1.06053 2.70476
-3.49 7.12173 -0.36641
-3.7508 8.83084 -0.387582
-3.95214 8.54643 -0.409143
-4.30676 7.9708 -0.447295
-4.51721 7.76461 -0.469365
-4.3607 8.05626 -0.452461
-5.75104 7.90342 -0.593075
-5.5433 8.13908 -0.571292
-5.47885 8.05985 -0.565169
-3.6367 7.38563 -0.380778
-3.82988 7.19705 -0.401088
-4.46053 7.68061 -0.463902
-4.40403 7.59651 -0.458444
-3.0124 9.57077 -0.309664
-3.66108 8.65149 -0.379136
-3.7141 8.10389 -0.386489
-4.30513 6.97527 -0.45019
-4.36351 7.05834 -0.455915
-4.12448 7.1743 -0.431252
-4.99131 6.59247 -0.520729
-4.76646 6.72667 -0.497662
-4.92448 6.51479 -0.514135
-4.60463 9.03782 -0.473021
-5.60796 8.21816 -0.577423
-5.32479 8.37069 -0.548388
-6.09002 8.28788 -0.625228
-6.02176 8.21132 -0.618783
-6.29988 8.03888 -0.647275
-7.34983 7.27351 -0.754845
-7.01867 7.40786 -0.72143
-5.81838 7.98065 -0.599491
-6.86212 7.27135 -0.706384
-6.61022 7.45968 -0.680598
-6.53477 7.38886 -0.673348
-6.37093 8.11331 -0.654006
-6.64576 7.93093 -0.682162
-4.52744 6.04581 -0.474694
-7.91918 6.90891 -0.812709
-7.83359 6.84826 -0.804432
-6.91424 7.74095 -0.709671
-6.54953 6.60776 -0.677274
-6.62864 6.67525 -0.685001
-6.32095 6.78722 -0.65394
-7.88956 6.50861 -0.811099
-7.80249 6.44969 -0.802613
-8.19778 6.34098 -0.842243
-6.78746 6.80965 -0.700475
-7.099 6.68133 -0.731909
-6.86717 6.87655 -0.708222
-4.39652 5.88843 -0.461593
-4.33133 5.80955 -0.455051
-159.272 292.973 429.018
-3.44144 7.0336 -0.361632
-3.73132 6.13852 -0.393262
-3.57905 6.32218 -0.377305
-3.34482 6.85711 -0.352091
3.9784 9.27782 0.408803
-3.21765 4.70146 -0.341595
-3.4985 -4.77351 -0.370472
-5.57311 6.45149 -0.579719
-5.86504 6.36487 -0.609246
-5.64587 6.52465 -0.586882
10.8249 -1.8116 1.11249
10.989 -0.606588 1.12957
10.8812 -1.512 1.11835
9.54887 4.94749 0.980333
-3.09789 -4.53667 -0.329242
-3.76358 5.4384 -0.397408
-3.56166 -4.85385 -0.376949
-3.72237 4.75486 -0.393407
324.612 0 189.47
326.471 0 190.921
-3.45077 -5.71637 -0.365001
-3.63923 -5.6208 -0.384487
-3.58067 -5.53771 -0.378553
-3.57132 -6.76384 -0.375621
-3.39305 -6.94539 -0.356859
-3.62269 -6.85066 -0.380704
7.67881 -7.12729 0.788049
-3.15464 -5.63388 -0.334529
-3.10226 -5.54747 -0.329203
-7.80249 -6.44969 -0.802612
-7.71562 -6.39053 -0.794133
-7.40858 -6.5416 -0.763144
-6.40803 5.78362 -0.66469
-10.3919 3.28123 -1.06752
-4.59316 6.12431 -0.481253
-4.79748 5.99539 -0.502171
-3.48999 -7.12173 -0.36641
-3.34257 -7.3916 -0.35054
-3.53873 -7.20978 -0.371194
-4.59893 -7.38947 -0.478876
-4.53979 -7.30687 -0.473126
-4.34773 -7.51228 -0.452993
1.01498 -9.90835 0.104393
-3.44144 -7.0336 -0.361632
1.18661e-07 -9.95074 1.3087e-08
-3.09789 4.53667 -0.329242
8.37675 6.45278 0.859686
-3.4355 -4.69305 -0.363999
-3.34798 5.20443 -0.354865
-3.39513 5.63166 -0.359364
-3.20715 5.72021 -0.339859
-3.9483 5.68221 -0.416099
-4.13676 5.57217 -0.435457
-3.36559 5.97871 -0.355877
-3.33965 5.54686 -0.353732
-5.61701 7.74849 -0.580265
-5.41463 7.98047 -0.559053
-4.25301 7.88524 -0.442137
-3.90163 6.39065 -0.410282
-4.11351 6.28178 -0.432147
-6.60983 6.29075 -0.684044
-6.39191 6.47218 -0.661839
-6.3134 6.40409 -0.654131
-4.53765 6.85429 -0.474142
-4.70244 6.64707 -0.491353
-6.49041 5.8479 -0.672862
-6.28755 6.02635 -0.652257
-6.20743 5.95978 -0.644326
-6.30973 7.17527 -0.651641
-6.06204 7.34765 -0.626295
-5.99006 7.27392 -0.619344
344.358 0 205.352
342.627 0 203.915
333.78 0 196.711
331.972 0 195.265
7.91919 -6.90891 0.81271
273.944 0 152.712
276.124 0 154.2
305.31 0 174.878
303.308 0 173.411
210.418 0 111.994
207.9 0 110.467
149.868 0 76.5564
463.053 0 353.415
463.59 0 354.736
478.004 0 408.518
478.175 0 409.824
430.916 0 295.914
429.948 0 294.558
408.312 0 267.215
-3.78792 -6.22267 -0.39893
-3.6328 -6.40783 -0.382674
-3.84469 -6.30671 -0.404603
1.68761 -9.83309 0.173554
2.02183 -9.78142 0.207906
-3.56251 -5.88551 -0.37629
-3.3656 -5.97871 -0.355877
-4.22515 5.03256 -0.444726
-3.98734 5.06791 -0.420477
-4.15587 4.9565 -0.437674
365.714 0 223.898
364.146 0 222.48
232.565 0 125.68
230.15 0 124.165
152.607 0 78.1097
122.021 0 60.9705
124.841 0 62.5333
130.458 0 65.6561
127.653 0 64.0951
176.845 0 92.0403
174.19 0 90.4969
-2.95532 -4.95092 -0.314436
9.19313 -5.46999 0.943657
11.6615 -5.9213 2.45062
11.8618 -5.6827 2.47242
246.8 0 134.742
244.457 0 133.235
260.596 0 143.753
258.327 0 142.255
13.916 1.06053 2.70476
13.8772 1.3252 2.7002
-3.39304 6.9454 -0.356859
1.35189 9.8754 0.139038
-3.72594 7.02403 -0.390884
-4.8977 7.80061 -0.50772
-4.6312 7.93224 -0.480312
-3.84127 9.00988 -0.396052
-3.61728 9.29383 -0.37218
-3.90416 8.45809 -0.4046
-3.70585 8.74121 -0.383356
-4.13738 8.25957 -0.429045
-4.47651 6.77286 -0.468125
-4.24695 6.89208 -0.444472
-3.80876 8.28116 -0.395533
-3.76134 8.19256 -0.391008
-3.88472 7.82374 -0.404837
-3.79594 8.9204 -0.391814
-3.73537 7.56113 -0.390385
-5.73955 7.43704 -0.59369
-5.48386 7.59293 -0.567483
-5.67049 7.36105 -0.587024
-4.55188 8.95178 -0.468108
-4.74403 8.6514 -0.488799
-4.79964 8.73596 -0.494018
-5.68391 7.82604 -0.586666
-5.67286 8.29709 -0.58356
-5.38668 8.45157 -0.554226
-6.68589 7.53029 -0.687856
-5.948 7.66403 -0.61373
-6.22905 7.96426 -0.640551
-7.57798 6.66495 -0.77964
-7.34626 6.87378 -0.755929
-7.26364 6.80985 -0.747916
-7.43102 7.33891 -0.76264
-7.67881 7.1273 -0.788049
-6.02176 -8.21133 -0.618782
-5.95374 -8.1346 -0.612345
-5.73797 -8.37586 -0.589705
-8.80193 5.97246 -0.90339
-9.00187 5.72386 -0.923963
-104.89 342.315 422.241
-3.52012 6.67693 -0.370544
-3.67422 6.93739 -0.385791
-4.23379 6.44594 -0.444116
-4.7914 6.35901 -0.500964
-4.6386 6.56735 -0.48505
3.33754 9.48218 0.343043
3.65965 9.3845 0.3761
5.80332 8.45446 0.595858
13.0071 -3.93854 2.59977
12.8709 -4.19393 2.58436
61.3706 0 27.9847
58.4287 0 26.4075
10.4985 2.99196 1.07858
-3.00327 4.70181 -0.319471
-3.06038 4.78579 -0.32536
12.8709 4.19393 2.58436
93.4412 0.029067 45.2986
87.6591 0 42.1564
-3.4355 4.69305 -0.364
-3.27774 4.78373 -0.347778
12.2349 5.19629 2.51337
13.5528 -2.64201 2.66234
13.4615 -2.9034 2.65178
12.4077 -4.94901 2.5325
9.3755 -5.21112 0.962453
-3.06038 -4.78579 -0.325359
-3.40593 -5.28789 -0.36078
-3.46403 -5.37126 -0.3667
-3.58028 -5.19364 -0.378761
5.21375 -8.76303 0.535452
-3.31695 -6.32846 -0.350289
-11.0095 -9.62483e-07 -1.13171
-11.0044 -0.303424 -1.13118
-3.85456 4.91161 -0.406933
-3.85456 -4.91161 -0.406933
-3.92087 -4.98982 -0.413702
-10.8249 -1.81159 -1.11249
2.68454 -9.65022 0.275993
-10.9633 0.909248 -1.1269
-10.9274 1.21114 -1.12316
-4.97358 5.50168 -0.520513
-5.2337 5.43209 -0.546849
-5.04689 5.57449 -0.527876
-3.62495 -4.9341 -0.38343
-3.51948 -5.11185 -0.372555
-3.6884 -5.01423 -0.389917
-3.92088 4.98982 -0.413703
-3.22913 -5.37701 -0.342482
-3.05004 -5.46099 -0.323883
1.3519 -9.8754 0.139039
-0.338722 -9.94603 -0.0348413
-0.677147 -9.93189 -0.0696494
-3.43443 -7.57013 -0.359495
-7.54243 -6.27153 -0.777191
-7.45611 -6.2117 -0.768729
-9.00187 -5.72386 -0.923963
-4.18849 -8.34645 -0.433906
-4.00032 -8.63467 -0.413692
-4.2398 -8.43323 -0.438772
-4.68864 -8.56672 -0.483588
-4.86165 -8.26608 -0.502286
-4.63346 -8.48193 -0.478383
-5.88594 -8.05771 -0.605914
-5.67285 -8.29709 -0.58356
-6.572 -7.85869 -0.675153
-1.35189 -9.8754 -0.139038
-1.01497 -9.90835 -0.104393
-2.35424 -9.72045 -0.242063
-2.02183 -9.78142 -0.207906
-3.66108 -8.65149 -0.379136
-3.61648 -8.56171 -0.374921
-1.68761 -9.83309 -0.173553
-3.75199 5.09427 -0.396408
-3.15463 5.63388 -0.334529
7.17608 7.54353 0.736506
-3.52227 5.45454 -0.372624
-4.9349 6.1481 -0.515864
-5.00389 6.22424 -0.522719
-4.72513 6.28091 -0.494388
-4.682 5.209 -0.491113
-4.50382 5.33551 -0.472983
-4.8661 6.07181 -0.509015
-4.65905 6.20268 -0.487817
-5.41604 5.2841 -0.565321
-4.26631 5.73055 -0.448514
-4.13448 5.92504 -0.434837
-4.25944 6.08635 -0.447357
-3.95874 6.47449 -0.415966
-4.01602 6.55822 -0.421655
-3.93455 7.36968 -0.411314
-4.41555 6.69131 -0.462113
-3.74085 6.57884 -0.39343
-4.17356 6.36392 -0.438129
-4.89509 6.88544 -0.510299
-5.05833 6.67 -0.527329
-5.12555 6.74739 -0.533936
-4.08646 8.1726 -0.424191
-7.62893 6.33114 -0.785658
-7.23995 6.41737 -0.746674
-5.78973 6.29385 -0.601819
-5.50054 6.37817 -0.572562
-8.5935 6.21551 -0.881958
-8.28718 6.397 -0.850961
-7.66298 6.72628 -0.787897
-7.42909 6.9375 -0.763949
347.782 0 208.221
346.077 0 206.787
340.883 0 202.477
339.127 0 201.038
7.17609 -7.54352 0.736506
328.317 0 192.371
265.095 0 146.745
269.545 0 149.732
267.326 0 148.239
182.125 0 95.1235
179.49 0 93.5825
187.365 0 98.202
184.75 0 96.6634
457.174 0 340.167
457.804 0 341.495
468.017 0 366.604
468.464 0 367.92
475.828 0 395.456
476.083 0 396.764
479.338 0 421.561
479.425 0 422.864
440.026 0 309.422
439.161 0 308.076
421.818 0 283.672
420.753 0 282.307
-3.95874 -6.47449 -0.415965
-3.90162 -6.39065 -0.410281
-3.74084 -6.57884 -0.39343
4.60463 -9.03782 0.473021
-3.29676 -6.76874 -0.347328
-3.46908 -6.58994 -0.365472
-3.24885 -6.6803 -0.342571
-3.41822 -6.50286 -0.360406
-3.11632 -5.97869 -0.330115
-3.31262 -5.89263 -0.350533
309.273 0 177.808
307.298 0 176.344
6.37093 -8.11331 0.654006
400.952 0 258.925
399.685 0 257.539
391.838 0 249.198
373.366 0 230.969
371.86 0 229.558
359.369 0 218.217
357.751 0 216.793
-2.99796 5.37442 -0.318567
242.103 0 131.727
239.736 0 130.217
158.058 0 81.213
155.337 0 79.6618
133.255 0 67.2161
136.045 0 68.7752
197.718 0 104.344
195.146 0 102.811
271.75 0 151.223
12.5712 -4.69939 2.55071
12.7256 -4.4476 2.56801
93.4412 -0.0290308 45.2986
-2.90098 -4.86547 -0.30884
12.053 -5.44094 2.49333
-3.93487 7.91109 -0.409667
-4.71783 7.55431 -0.490394
-4.48084 7.22414 -0.467383
-4.23573 7.34351 -0.442111
-3.83475 7.73629 -0.400014
-3.98716 7.45586 -0.416436
-4.03995 7.54194 -0.421564
-4.18001 7.25896 -0.436678
-3.85637 8.36967 -0.400064
-3.61649 8.5617 -0.374922
-4.09293 7.62791 -0.426698
-4.6885 8.01589 -0.485795
-5.03672 8.51514 -0.518837
-5.09551 8.5979 -0.524368
-4.85545 8.8204 -0.499243
-4.91979 8.34923 -0.507795
-4.97814 8.43225 -0.513313
-6.08808 7.81449 -0.627126
-4.72224 7.09783 -0.49223
-4.78416 7.17875 -0.498271
-5.80882 7.51287 -0.600363
-6.76179 7.60071 -0.69512
-6.49849 7.78624 -0.668152
-6.42519 7.71361 -0.661158
-6.57201 7.85868 -0.675153
-7.11266 5.97017 -0.734942
-6.90496 6.16633 -0.713808
-6.82169 6.10305 -0.705607
-9.86793 4.40709 -1.01328
-10.0134 4.13085 -1.02832
-7.26886 7.20788 -0.747057
-7.49318 6.60339 -0.771389
-3.87504 5.95214 -0.408274
-4.44821 6.32741 -0.466178
-4.46189 5.96719 -0.46814
3.0124 9.57077 0.309664
10.2754 -3.56765 1.05545
13.2522 -3.42335 2.62772
10.1492 3.85095 1.04238
12.4077 4.94902 2.5325
34.783 0 13.7774
16.9292 -0.604439 4.28978
13.7088 2.11693 2.68049
10.7584 2.10964 1.10558
10.3919 -3.28123 1.06752
10.3919 3.28123 1.06752
81.8499 0 39.0109
13.1342 -3.68163 2.61423
78.9377 0 37.4374
9.71306 -4.67938 0.997282
9.54887 -4.94749 0.980334
-3.00327 -4.70181 -0.319471
-2.94629 -4.61774 -0.313587
-3.33796 -4.8659 -0.353966
-5.15993 -7.66146 -0.534659
-5.41762 -7.51491 -0.561102
-5.35157 -7.43674 -0.554728
-9.37551 -5.21111 -0.962453
-4.08674 -4.88032 -0.430628
-3.26656 -6.24114 -0.345238
-4.29458 5.10848 -0.451783
-10.989 0.606586 -1.12957
-4.85584 5.71119 -0.50842
-4.59267 5.76527 -0.481675
-4.7851 5.63633 -0.501322
-4.07223 5.49281 -0.428936
-3.33964 -5.54687 -0.353732
-3.28431 -5.46198 -0.348104
-3.39512 -5.63167 -0.359364
-3.17408 -5.29196 -0.336863
-5.35163 -6.60271 -0.557084
-5.05832 -6.67001 -0.527329
-5.12555 -6.74739 -0.533936
-3.62017 -7.92629 -0.377468
-3.66705 -8.01513 -0.381975
-3.83476 -7.73629 -0.400014
-9.71306 -4.67939 -0.997282
-9.54887 -4.94749 -0.980333
-3.95215 -8.54643 -0.409143
-3.7508 -8.83084 -0.387581
-4.90859 -7.3402 -0.510374
-4.84628 -7.25954 -0.50432
-4.65829 -7.47195 -0.484632
-4.52743 -6.04582 -0.474693
-4.72903 -5.91882 -0.495333
-4.66076 -5.84211 -0.488502
-4.46501 4.98801 -0.469118
-5.00679 5.21957 -0.524003
-5.08226 5.29056 -0.531613
-6.36784 6.09274 -0.660195
-6.69088 6.35636 -0.692005
-6.98843 6.22941 -0.722016
-6.73859 6.03957 -0.697412
-6.85354 6.48697 -0.707948
-6.77211 6.42176 -0.699973
-5.21375 -8.76303 -0.535452
-4.91149 -8.90472 -0.504475
-6.08807 -7.8145 -0.627126
-6.15845 -7.88947 -0.633834
-4.72224 -7.09783 -0.492229
-4.48084 -7.22415 -0.467383
-5.47886 -8.05985 -0.565169
-5.75104 -7.90342 -0.593075
-5.68392 -7.82604 -0.586666
-5.26311 -8.28967 -0.542556
-5.20168 -8.2085 -0.536733
-4.97815 -8.43225 -0.513313
-5.01865 -7.96417 -0.519305
-5.22328 -7.74143 -0.540747
-4.95807 -7.88245 -0.513509
-3.98522 -7.99835 -0.414503
-4.03574 -8.08552 -0.419344
-4.19946 -7.79956 -0.436985
-5.28686 -7.82125 -0.546842
-5.35064 -7.90094 -0.552944
-5.55034 -7.67078 -0.573871
-3.82989 -7.19705 -0.401088
-3.77782 -7.11059 -0.395983
-3.6367 -7.38563 -0.380778
-4.13112 -6.72537 -0.433052
-3.45883 5.02996 -0.366354
-4.52475 5.6883 -0.474855
-4.457 5.61119 -0.468039
-4.71453 5.56134 -0.494229
-5.42817 6.30468 -0.565412
-5.35599 6.23104 -0.558267
-5.63971 6.15129 -0.586984
-4.32219 6.16682 -0.453625
-4.38511 6.24718 -0.459898
-3.9344 6.03471 -0.414234
-3.90419 6.83463 -0.409605
-4.18894 6.80878 -0.438759
-5.21218 6.08327 -0.543996
-5.28399 6.15723 -0.551129
-6.07901 6.19873 -0.631045
-4.9086 7.34019 -0.510374
-5.08951 7.12258 -0.529301
-5.94053 6.43571 -0.616679
-4.85785 6.43697 -0.507546
-5.21196 6.45178 -0.54332
-5.2817 6.52732 -0.550199
-6.52898 6.22495 -0.676088
-6.24446 6.71729 -0.646475
-6.47063 6.54007 -0.669553
-7.9307 6.1715 -0.816124
-7.32417 6.47959 -0.754906
-7.40858 6.5416 -0.763144
-6.45955 7.31785 -0.666106
-6.70645 7.13401 -0.691366
-6.78418 7.20278 -0.698872
330.151 0 193.819
7.43102 -7.33892 0.76264
-3.16625 -6.06625 -0.335151
320.854 0 186.563
322.74 0 188.017
295.175 0 167.526
293.109 0 166.052
278.292 0 155.687
280.447 0 157.172
205.371 0 108.938
202.831 0 107.408
453.883 0 333.518
454.561 0 334.849
460.23 0 346.799
460.813 0 348.124
465.648 0 360.016
466.14 0 361.335
470.566 0 374.492
470.96 0 375.805
474.421 0 388.915
474.719 0 390.224
477.021 0 401.99
477.235 0 403.297
478.776 0 415.042
478.905 0 416.346
479.738 0 429.381
479.775 0 430.684
443.383 0 314.8
442.559 0 313.457
435.601 0 302.68
434.685 0 301.329
426.98 0 290.483
425.969 0 289.123
416.385 0 276.835
415.265 0 275.464
-4.89509 -6.88544 -0.510299
-3.34482 -6.8571 -0.352091
-3.67422 -6.93739 -0.385791
-4.72513 -6.28091 -0.494387
-4.65905 -6.20268 -0.487817
-4.51149 -6.40752 -0.472462
299.268 0 170.471
297.228 0 169
315.122 0 182.192
-3.21632 -6.15373 -0.340192
5.51114 -8.6129 0.565923
404.684 0 263.076
403.451 0 261.693
397.116 0 254.764
395.814 0 253.374
387.755 0 245.011
386.37 0 243.613
376.341 0 233.788
374.859 0 232.379
368.812 0 226.731
367.269 0 225.315
362.566 0 221.06
360.974 0 219.639
354.479 0 213.941
352.824 0 212.513
9.86793 4.40709 1.01328
256.046 0 140.755
253.753 0 139.254
11.0044 0.303421 1.13118
11.0095 0 1.13171
13.8772 -1.3252 2.7002
43.6704 0 18.5161
46.6279 0 20.0951
10.8812 1.512 1.11835
13.9461 0.795613 2.70831
19.9305 -0.133752 5.8745
16.9561 -0.201347 4.29349
19.9333 0 5.87493
-4.42208 7.1413 -0.461646
-3.88213 7.28341 -0.406198
-4.06913 7.08954 -0.425831
-4.39491 8.69297 -0.45341
-4.29129 8.51992 -0.443645
-4.04869 8.72283 -0.418248
-4.95807 7.88246 -0.513509
-4.74601 8.09941 -0.491285
-5.15992 7.66147 -0.534659
-5.35158 7.43674 -0.554729
-5.41761 7.51491 -0.561102
-4.46919 8.22686 -0.46281
-5.26312 8.28966 -0.542557
-5.07944 8.04575 -0.525107
-5.01865 7.96417 -0.519305
-4.91149 8.90472 -0.504475
-5.56261 6.82793 -0.577778
-5.22328 7.74144 -0.540747
-6.62893 7.06505 -0.683867
-6.94709 6.94323 -0.715975
67.243 0 31.1375
10.2754 3.56765 1.05545
13.8298 1.58954 2.69464
10.8249 1.81159 1.11249
13.7737 1.85348 2.68806
52.5346 0 23.2521
-2.84676 -4.77994 -0.303248
-3.39832 -4.94797 -0.360158
-7.15592 -6.35493 -0.738449
-7.23995 -6.41737 -0.746674
-5.22012 -7.27996 -0.542001
-5.28574 -7.35843 -0.548361
-5.46459 -7.1321 -0.567066
-3.79512 -6.6642 -0.398816
-4.46189 -5.96719 -0.46814
-4.39652 -5.88844 -0.461592
-4.39298 4.91408 -0.461795
-4.78133 -5.00569 -0.501203
-4.60951 -5.13548 -0.483776
-4.36417 -5.18429 -0.458845
-4.43392 -5.25997 -0.465911
-4.08674 4.88032 -0.430627
-3.45883 -5.02996 -0.366354
-4.46501 -4.98801 -0.469118
-4.05396 5.14588 -0.427256
-4.18 -7.25896 -0.436678
-4.36351 -7.05834 -0.455915
-4.12447 -7.1743 -0.431252
-3.20714 -5.72022 -0.339859
-3.50656 -5.80099 -0.370643
-8.5935 -6.21551 -0.881958
-8.37675 -6.45278 -0.859686
-7.17609 -7.54353 -0.736506
-6.91423 -7.74095 -0.709671
-5.71882 -6.59764 -0.594051
-5.49208 -6.75302 -0.570873
-5.79198 -6.67046 -0.601227
-8.19778 -6.34098 -0.842242
-8.10857 -6.28472 -0.833531
-9.86793 -4.40709 -1.01328
-7.19825 -6.03088 -0.743379
-6.82169 -6.10305 -0.705607
-6.52898 -6.22495 -0.676088
-6.60983 -6.29075 -0.684043
-4.29163 -7.42795 -0.447549
-4.40402 -7.59651 -0.458445
-6.77211 -6.42176 -0.699973
-6.69088 -6.35636 -0.692005
-6.47062 -6.54007 -0.669553
-3.76358 -5.4384 -0.397408
-3.58763 -7.29774 -0.375984
-3.64122 -5.27532 -0.384972
-4.59315 -6.12431 -0.481252
-4.44821 -6.32741 -0.466177
-4.90043 -5.42874 -0.513155
-7.28403 6.09137 -0.751823
-7.19825 6.03088 -0.743379
-7.36998 6.15164 -0.760273
-9.37551 5.21111 -0.962453
-6.15695 6.26737 -0.638734
-6.44831 6.15894 -0.668138
-6.65569 5.97587 -0.689223
-6.23508 6.33582 -0.64643
-10.7584 2.10964 -1.10558
-5.65166 5.48863 -0.588964
-6.24381 5.65448 -0.648363
-5.96819 5.75893 -0.620565
-4.99784 5.86047 -0.522634
-5.49442 5.35244 -0.573197
-5.81838 -7.98065 -0.599491
-6.22904 -7.96426 -0.64055
-6.29987 -8.03888 -0.647274
-3.65964 -9.3845 -0.3761
-3.33754 -9.48218 -0.343043
-3.9325 -9.18859 -0.404546
-3.97841 -9.27781 -0.408803
-4.19496 -8.98675 -0.431951
-5.54329 -8.13909 -0.571292
-5.61702 -7.74849 -0.580265
-4.92448 -6.51479 -0.514134
-4.85785 -6.43697 -0.507546
-4.70242 -6.64708 -0.491353
-4.746 -8.09941 -0.491285
-4.46919 -8.22686 -0.46281
-4.52374 -8.312 -0.467994
-3.85637 -8.36967 -0.400063
-4.08646 -8.1726 -0.424192
-3.57347 -7.83737 -0.372966
-3.52695 -7.74837 -0.36847
-3.68595 -7.47342 -0.385578
-3.48061 -7.65929 -0.36398
-3.98715 -7.45586 -0.416436
-3.93455 -7.36968 -0.411315
-3.78498 -7.64875 -0.395196
-4.49935 -8.86561 -0.463202
-4.44703 -8.77934 -0.458303
-4.24412 -9.07454 -0.436532
-4.09293 -7.62791 -0.426698
-4.03994 -7.54194 -0.421564
-3.88471 -7.82374 -0.404837
-3.38843 -7.4809 -0.355015
-4.75465 5.28239 -0.498456
-4.93148 5.14843 -0.516398
-5.71463 6.22266 -0.594398
-5.07306 6.30024 -0.52958
-4.83068 6.80613 -0.503977
-4.59899 6.93559 -0.480165
-4.38942 5.53395 -0.461229
-4.32201 5.45659 -0.454424
-3.57132 6.76384 -0.375621
-5.8888 5.69162 -0.612657
-6.01621 6.50638 -0.624119
-5.14241 6.37608 -0.536447
-6.00126 6.1299 -0.623362
-6.01263 6.88788 -0.622793
-6.93516 6.55196 -0.715928
-7.15592 6.35493 -0.738449
-7.07208 6.29228 -0.730229
-7.01698 6.61675 -0.723915
-6.55162 6.99588 -0.676375
-7.02722 7.00971 -0.723735
-7.18122 6.7457 -0.739909
-8.50209 6.1622 -0.873023
291.031 0 164.575
284.719 0 160.138
262.852 0 145.25
237.358 0 128.706
234.967 0 127.194
215.42 0 115.045
212.924 0 113.52
192.563 0 101.276
189.969 0 99.7394
171.526 0 88.9524
168.851 0 87.4067
451.794 0 329.52
452.5 0 330.854
455.228 0 336.18
455.886 0 337.51
458.425 0 342.822
459.036 0 344.148
461.387 0 349.447
461.951 0 350.771
464.637 0 357.377
465.147 0 358.697
467.096 0 363.97
467.561 0 365.287
469.331 0 370.55
469.752 0 371.865
471.722 0 378.431
472.089 0 379.742
473.473 0 384.986
473.798 0 386.296
475.009 0 391.532
475.29 0 392.841
476.331 0 398.071
476.569 0 399.378
477.44 0 404.602
477.636 0 405.908
478.338 0 411.128
478.492 0 412.433
479.026 0 417.65
479.138 0 418.954
479.575 0 425.471
479.638 0 426.774
479.825 0 433.29
479.837 0 434.593
445.796 0 318.825
445.001 0 317.484
441.725 0 312.113
440.88 0 310.768
438.287 0 306.728
437.402 0 305.38
433.758 0 299.976
432.821 0 298.623
428.969 0 293.2
427.98 0 291.842
423.915 0 286.4
422.872 0 285.036
419.678 0 280.94
418.591 0 279.573
414.134 0 274.092
412.992 0 272.719
3.97841 -9.27781 0.408803
4.29349 -9.16223 0.44112
-3.34798 -5.20443 -0.354865
-3.29018 -5.12087 -0.348955
3.65964 -9.3845 0.3761
-3.2011 -6.59178 -0.337819
402.207 0 260.31
398.406 0 256.152
390.488 0 247.804
389.128 0 246.408
384.974 0 242.213
383.565 0 240.812
377.81 0 235.196
370.342 0 228.145
356.121 0 215.368
9.71306 4.67939 0.997282
96.3156 0.0497097 46.8678
96.3327 0 46.8697
107.815 0 53.1444
13.9676 -0.530504 2.71085
13.9676 0.53051 2.71085
13.9805 0.265285 2.71237
16.9292 0.604437 4.28978
55.4833 0 24.83
-4.14609 7.71379 -0.431838
-4.80372 8.1828 -0.496782
-4.41485 8.14162 -0.457632
-4.52375 8.31199 -0.467994
-6.38453 7.24666 -0.65887
-5.84675 7.12594 -0.605462
-5.60165 7.28489 -0.580365
-6.16077 7.03194 -0.637203
-5.03385 7.50111 -0.522503
-8.06427 6.62577 -0.82809
-7.97682 6.56731 -0.819592
-7.74819 6.78739 -0.796161
13.6352 -2.37981 2.67191
9.86793 -4.40709 1.01328
13.1342 3.68162 2.61423
13.2522 3.42336 2.62772
13.3613 -3.16391 2.64024
76.0208 0 35.8632
13.0071 3.93854 2.59977
84.7571 0 40.584
13.4615 2.90341 2.65178
70.1733 0 32.7133
10.5951 -2.70009 1.08861
-7.36998 -6.15164 -0.760273
-8.80194 -5.97246 -0.903391
-8.01955 -6.22823 -0.824824
-6.70645 -7.13401 -0.691366
-6.38453 -7.24666 -0.65887
-6.45955 -7.31786 -0.666106
-4.01602 -6.55822 -0.421655
-4.07348 -6.64185 -0.427351
-4.23378 -6.44595 -0.444116
-4.57495 -6.4875 -0.478753
-4.35478 -6.60964 -0.456109
-4.41556 -6.69131 -0.462114
-5.948 -7.66403 -0.61373
-6.27926 -7.56778 -0.647191
-6.20663 -7.49459 -0.640218
-10.9274 -1.21114 -1.12316
-10.8812 -1.51201 -1.11835
-5.49442 -5.35244 -0.573197
-5.41604 -5.2841 -0.565321
-4.85633 -5.07713 -0.508798
-4.15587 -4.9565 -0.437674
-3.98734 -5.06791 -0.420477
-4.22515 -5.03255 -0.444726
-5.12037 5.64714 -0.535245
-4.64413 5.4862 -0.487142
-4.18766 -5.30149 -0.44083
-3.99393 -6.11718 -0.4202
-4.05363 -6.19954 -0.42617
-3.57904 -6.32218 -0.377304
-3.73132 -6.13852 -0.393262
-3.52544 -6.23645 -0.37194
-7.43102 -7.33891 -0.76264
-7.09727 -7.4758 -0.728965
-5.80331 -8.45447 -0.595858
-7.83359 -6.84826 -0.804432
-8.15191 -6.68399 -0.836596
-7.74819 -6.78739 -0.796162
-5.86533 -6.7431 -0.60841
-5.63334 -6.90268 -0.584689
-5.93888 -6.81558 -0.615598
-6.15695 -6.26737 -0.638734
-6.23508 -6.33582 -0.64643
-6.44831 -6.15894 -0.668138
-10.3919 -3.28123 -1.06752
-10.2754 -3.56765 -1.05545
-6.98843 -6.22941 -0.722016
-4.23572 -7.34351 -0.44211
-4.78416 -7.17875 -0.498271
-4.9597 -6.96463 -0.516626
-5.94052 -6.43572 -0.616679
-5.46212 -5.6432 -0.569744
-5.65166 -5.48863 -0.588964
-5.38581 -5.57299 -0.562107
-5.02451 -7.04367 -0.52296
-4.79747 -5.99539 -0.502171
-3.84957 -6.74947 -0.404208
-3.52227 -5.45454 -0.372624
-3.23252 -5.03723 -0.34305
-5.19403 5.71964 -0.542619
-5.26786 5.79199 -0.549999
-5.61527 5.78311 -0.585035
-5.80958 5.62413 -0.604754
-6.04776 5.82607 -0.62848
-5.76912 5.92235 -0.600348
-10.4985 2.99195 -1.07858
-6.06203 -7.34766 -0.626295
-5.8783 -7.58853 -0.607043
-6.13424 -7.4212 -0.633253
-6.09002 -8.28788 -0.625228
-4.34301 -8.60649 -0.448524
-4.14601 -8.89887 -0.427377
-4.39492 -8.69297 -0.45341
-4.09726 -8.81089 -0.422809
-4.04868 -8.72283 -0.418247
-3.79594 -8.9204 -0.391814
-3.84126 -9.00988 -0.396052
-4.14609 -7.71379 -0.431838
-5.41463 -7.98047 -0.559052
-5.48387 -7.59292 -0.567483
-5.60797 -8.21816 -0.577423
-5.14046 -8.12719 -0.530917
-5.07945 -8.04574 -0.525108
-5.53301 -7.20858 -0.573712
-6.39191 -6.47218 -0.661839
-6.16818 -6.64717 -0.639016
-5.60165 -7.28489 -0.580365
-5.6705 -7.36105 -0.587024
-5.73955 -7.43704 -0.59369
-5.99007 -7.27392 -0.619344
-7.099 -6.68133 -0.731909
-4.79964 -8.73596 -0.494018
-4.55189 -8.95177 -0.468108
-5.38668 -8.45157 -0.554225
-5.32478 -8.37069 -0.548387
-5.09551 -8.5979 -0.524368
-4.30675 -7.97081 -0.447295
-4.5741 -7.84849 -0.474835
-4.51722 -7.7646 -0.469366
-4.2913 -8.51991 -0.443645
-4.41484 -8.14162 -0.457631
-3.70585 -8.74121 -0.383356
-3.80875 -8.28116 -0.395532
-4.25301 -7.88523 -0.442137
-5.33784 5.21559 -0.55745
-5.1579 5.36141 -0.539229
-4.90043 5.42873 -0.513155
-4.82746 5.35563 -0.505803
-5.06911 5.93489 -0.529749
-4.9597 6.96463 -0.516627
-7.71562 6.39053 -0.794133
-8.01955 6.22823 -0.824824
-7.51212 7.00099 -0.771976
301.294 0 171.942
282.589 0 158.656
227.724 0 122.648
453.197 0 332.186
456.535 0 338.839
459.637 0 345.474
462.507 0 352.093
464.118 0 356.057
466.622 0 362.653
468.902 0 369.235
470.163 0 373.179
471.345 0 377.118
473.14 0 383.676
474.113 0 387.606
475.563 0 394.149
476.8 0 400.684
477.824 0 407.213
478.638 0 413.737
479.242 0 420.257
479.505 0 424.168
479.692 0 428.078
479.804 0 431.987
444.197 0 316.143
436.506 0 304.03
431.874 0 297.269
424.947 0 287.762
417.494 0 278.204
411.839 0 271.345
382.144 0 239.41
12.5712 4.69938 2.55071
12.7256 4.44761 2.56801
73.0993 0 34.2885
10.5951 2.70009 1.08861
13.6352 2.3798 2.67191
166.167 0 85.8599
200.28 0 105.877
22.9035 0.0777285 7.45538
19.9305 0.133753 5.8745
16.946 0.402797 4.2921
13.9805 -0.265267 2.71237
13.9848 0 2.71288
22.9061 0 7.45577
25.8776 0 9.03646
-4.66052 7.01677 -0.486194
-5.20168 8.20849 -0.536733
-4.86165 8.26607 -0.502285
-4.63347 8.48193 -0.478383
-6.23514 7.1037 -0.644419
-5.9183 7.20002 -0.612399
-6.08659 6.96 -0.629995
-5.4646 7.1321 -0.567067
-5.70427 6.97727 -0.591607
-5.53303 7.20857 -0.573713
-5.93888 6.81558 -0.615598
99.2124 0 48.4394
64.3088 0 29.5613
13.3613 3.16391 2.64024
49.5827 0 21.6738
16.9561 0.20135 4.29349
16.9595 0 4.29395
31.8163 0 12.1973
16.946 -0.402805 4.2921
11.0044 -0.303406 1.13118
-5.70426 -6.97727 -0.591606
-7.07208 -6.29228 -0.730229
-7.62892 -6.33115 -0.785658
-6.47453 -6.92652 -0.66889
-5.30967 -5.50262 -0.554475
-5.12037 -5.64714 -0.535245
-5.56497 -6.07976 -0.579575
-5.84631 -5.99171 -0.608013
-5.76912 -5.92235 -0.600348
-3.87504 -5.95214 -0.408274
-4.01019 -5.76327 -0.42234
-4.57389 -5.41092 -0.48006
-4.39299 -4.91408 -0.461796
-4.57389 5.41092 -0.480059
-3.36751 -6.4157 -0.355345
-8.06426 -6.62577 -0.82809
-7.66299 -6.72628 -0.787897
-6.94028 -7.3397 -0.713904
-6.61023 -7.45967 -0.680599
-6.6859 -7.53029 -0.687856
-7.32417 -6.47959 -0.754906
-5.96819 -5.75894 -0.620565
-7.28402 -6.09137 -0.751823
-10.1492 -3.85094 -1.04238
-6.73859 -6.03957 -0.697412
-6.01622 -6.50638 -0.624119
-6.3134 -6.40409 -0.654131
-6.65569 -5.97587 -0.689223
-4.17355 -6.36392 -0.438128
-4.01397 -7.00467 -0.420417
-6.40803 -5.78362 -0.66469
-6.32583 -5.71915 -0.656523
-4.83068 -6.80612 -0.503977
-4.53765 -6.8543 -0.474141
-4.59898 -6.9356 -0.480164
-5.21219 -6.08327 -0.543997
-5.00387 -6.22425 -0.522718
-5.63971 -6.15129 -0.586984
-4.6386 -6.56736 -0.48505
-4.79139 -6.35901 -0.500964
-4.3851 -6.24718 -0.459898
-4.32218 -6.16683 -0.453624
-5.30967 5.50262 -0.554475
-5.57295 5.42062 -0.581078
-5.38581 5.57299 -0.562107
-5.92369 6.0609 -0.615685
-5.34187 5.86417 -0.557384
-5.41605 5.9362 -0.564775
-5.46212 5.6432 -0.569744
-5.53861 5.71324 -0.577386
-6.32583 5.71915 -0.656523
-6.35211 -7.64079 -0.65417
-5.15451 -8.68054 -0.529907
-4.85544 -8.8204 -0.499243
-6.86213 -7.27135 -0.706384
-4.46052 -7.68061 -0.463902
-5.09678 -7.58136 -0.528578
-5.15472 -7.20134 -0.535648
-4.97112 -7.42072 -0.516435
-6.16076 -7.03195 -0.637203
-6.23515 -7.1037 -0.644419
-5.56261 -6.82793 -0.577778
-5.41605 -5.9362 -0.564775
-5.49042 -6.00806 -0.572172
-5.08951 -7.12258 -0.5293
-5.03385 -7.5011 -0.522503
-4.83753 -7.71864 -0.501938
-5.7754 -7.05169 -0.598531
-4.74403 -8.6514 -0.488799
-3.88678 -9.09928 -0.400296
-4.5785 -8.39702 -0.473185
-4.80373 -8.1828 -0.496782
-3.61729 -9.29383 -0.37218
-3.90416 -8.45809 -0.404599
-4.71784 -7.5543 -0.490394
-3.73537 -7.56114 -0.390384
-3.88213 -7.28341 -0.406198
-4.06912 -7.08954 -0.425831
-5.35163 6.60271 -0.557084
-6.94029 7.3397 -0.713904
-7.18811 7.14204 -0.739277
-7.59536 7.06426 -0.780009
-8.10857 6.28472 -0.833531
-7.10755 7.07598 -0.731502
3.0124 -9.57077 0.309664
3.33754 -9.48218 0.343044
-3.67489 -6.05429 -0.387599
110.67 0 54.7112
-5.09678 7.58136 -0.528578
-5.14046 8.12719 -0.530917
-4.5785 8.39702 -0.473185
-5.39638 7.05547 -0.560427
-5.0245 7.04368 -0.52296
-5.32837 6.97867 -0.553795
-5.19295 6.82464 -0.54055
-5.28575 7.35842 -0.548362
13.8298 -1.58952 2.69464
28.8477 0 10.617
-8.50209 -6.1622 -0.873023
-6.94709 -6.94323 -0.715975
-6.62893 -7.06505 -0.683867
-6.53477 -7.38886 -0.673348
-7.88956 -6.50861 -0.811099
-7.10755 -7.07599 -0.731502
-7.34626 -6.87378 -0.755929
-7.02722 -7.00971 -0.723735
-6.04776 -5.82607 -0.62848
-5.33783 -5.21559 -0.55745
-4.93148 -5.14843 -0.516398
-5.1579 -5.36141 -0.539229
-5.61526 -5.78311 -0.585034
-5.53861 -5.71324 -0.577386
-5.34187 -5.86417 -0.557384
-5.2337 -5.43209 -0.546849
-5.80958 -5.62413 -0.604754
-5.88879 -5.69162 -0.612657
-5.73054 -5.55646 -0.596857
-3.75198 -5.09427 -0.396408
-3.69794 -5.70379 -0.390426
-4.29458 -5.10849 -0.451783
-3.75681 -5.78667 -0.39637
-3.81584 -5.86945 -0.40232
-3.52011 -6.67694 -0.370544
-6.57296 -5.91199 -0.681039
-3.68674 -6.49338 -0.38805
-4.66051 -7.01678 -0.486194
-4.42207 -7.14131 -0.461646
-5.57312 -6.45149 -0.579719
-5.2817 -6.52732 -0.550198
-5.07305 -6.30024 -0.529579
-5.28399 -6.15724 -0.551129
-4.30512 -6.97528 -0.45019
-4.24694 -6.89209 -0.444471
-6.49041 -5.8479 -0.672862
-6.12751 -5.89302 -0.6364
-5.32837 -6.97868 -0.553795
-4.6312 -7.93225 -0.480312
-5.19403 -5.71964 -0.542619
-5.26786 -5.79199 -0.549998
-4.99784 -5.86048 -0.522633
-4.92675 -5.78591 -0.515524
-5.57295 -5.42062 -0.581078
-4.25944 -6.08635 -0.447356
-4.11351 -6.28179 -0.432147
-4.85584 -5.71119 -0.50842
-6.12751 5.89302 -0.6364
-5.14055 6.00916 -0.53687
-5.49042 6.00806 -0.572172
-5.73054 5.55646 -0.596857
-5.44879 -8.53231 -0.56007
-5.03672 -8.51514 -0.518837
-6.49849 -7.78624 -0.668151
-7.26886 -7.20788 -0.747057
-4.91979 -8.34923 -0.507796
-5.39638 -7.05547 -0.560427
-4.8977 -7.80061 -0.507721
-5.84675 -7.12594 -0.605461
-6.08659 -6.96001 -0.629995
-6.93516 -6.55196 -0.715928
-6.85354 -6.48697 -0.707948
-5.64588 -6.52464 -0.586882
-5.19294 -6.82464 -0.540549
-5.26056 -6.90173 -0.547169
-5.86504 -6.36487 -0.609246
-6.39763 -6.85697 -0.661412
-5.9183 -7.20002 -0.612399
-4.77758 -7.63654 -0.496163
-4.13738 -8.25957 -0.429045
-4.6885 -8.01589 -0.485795
-4.3607 -8.05627 -0.45246
-5.84631 5.99171 -0.608013
-5.56497 6.07976 -0.579575
-3.70232 -5.35692 -0.391187
93.4471 0 45.2992
90.5558 0 43.7281
13.5528 2.642 2.66234
10.9274 -1.21113 1.12316
10.9633 -0.909244 1.1269
22.9035 -0.0777229 7.45538
-5.77541 7.05169 -0.598531
-6.62864 -6.67526 -0.685001
-7.97682 -6.56731 -0.819592
-6.78418 -7.20278 -0.698872
-6.8379 -7.67092 -0.702392
-4.71453 -5.56134 -0.494229
-4.97358 -5.50168 -0.520513
-4.12073 -5.22375 -0.434041
-5.04689 -5.57449 -0.527876
-4.99131 -6.59247 -0.520729
-5.21196 -6.45178 -0.543319
-5.14241 -6.37609 -0.536446
-5.35599 -6.23104 -0.558268
-5.42818 -6.30468 -0.565412
-5.50055 -6.37817 -0.572562
-3.81572 -5.1742 -0.402903
-4.05395 -5.14589 -0.427256
-3.9483 -5.68221 -0.416099
-7.18122 -6.7457 -0.739909
-7.26364 -6.80985 -0.747916
-7.49318 -6.60338 -0.771389
-7.11266 -5.97017 -0.734941
-4.76647 -6.72666 -0.497662
-4.29419 -6.52785 -0.450109
-4.18894 -6.80878 -0.438759
-4.47652 -6.77286 -0.468125
-4.26631 -5.73055 -0.448514
-6.01793 -7.73935 -0.620424
-7.34983 -7.27351 -0.754845
-6.42519 -7.71361 -0.661157
-6.76179 -7.60071 -0.69512
-7.59536 -7.06426 -0.780009
-5.80882 -7.51287 -0.600363
-6.55162 -6.99588 -0.676375
-6.30973 -7.17527 -0.65164
-6.90497 -6.16633 -0.713808
-5.42176 -6.67795 -0.563975
-6.86717 -6.87655 -0.708222
-8.28718 -6.397 -0.850961
-3.94366 -5.33373 -0.41591
-3.87962 -5.25402 -0.409404
-4.45701 -5.61119 -0.468039
-4.64412 -5.4862 -0.487141
-4.38942 -5.53395 -0.461229
-5.71463 -6.22265 -0.594398
-6.00126 -6.1299 -0.623362
-5.92369 -6.0609 -0.615684
-6.28755 -6.02636 -0.652257
-5.6921 -5.85282 -0.592688
-3.88656 -5.60105 -0.409863
-4.07223 -5.49281 -0.428936
-4.00786 -5.41333 -0.42242
-7.57798 -6.66495 -0.77964
-6.0921 -6.57686 -0.631564
-6.32094 -6.78722 -0.65394
-6.01264 -6.88788 -0.622793
-4.19686 -6.00576 -0.441094
-4.25476 -5.3791 -0.447625
-4.32201 -5.45659 -0.454424
-5.6921 5.85282 -0.592688
-7.01866 -7.40786 -0.72143
-6.54953 -6.60776 -0.677274
-5.78974 -6.29385 -0.601819
102.086 0 50.0085
-5.63334 6.90268 -0.584689
40.7102 0 16.9368
-6.36784 -6.09274 -0.660195
-6.20743 -5.95978 -0.644325
-4.13676 -5.57217 -0.435456
-4.20145 -5.65142 -0.441982
-6.24447 -6.71729 -0.646475
-6.07901 -6.19873 -0.631045
-4.33133 -5.80955 -0.45505
-3.825 -5.51977 -0.403633
3  0 1 2
3  3 4 5
3  6 7 8
3  9 10 11
3  12 13 14
3  15 16 17
3  18 19 20
3  21 22 23
3  24 25 26
3  27 28 29
3  30 31 32
3  33 34 35
3  36 17 37
3  36 38 39
3  38 40 41
3  42 43 44
3  45 46 47
3  17 16 37
3  31 48 37
3  49 50 51
3  52 53 5
3  54 55 56
3  19 18 53
3  53 49 57
3  30 18 58
3  59 60 61
3  62 63 64
3  65 38 41
3  43 38 36
3  66 18 67
3  67 68 69
3  5 70 71
3  72 73 74
3  22 21 75
3  30 58 76
3  15 60 59
3  53 18 77
3  53 51 70
3  51 78 79
3  40 38 80
3  81 82 83
3  84 85 86
3  55 87 56
3  88 89 90
3  91 48 92
3  93 94 95
3  20 19 96
3  48 58 97
3  98 22 99
3  21 12 75
3  37 48 91
3  68 32 69
3  100 101 102
3  103 104 105
3  73 106 74
3  45 107 108
3  109 110 75
3  72 74 111
3  112 72 12
3  12 113 114
3  115 116 117
3  87 118 119
3  113 120 121
3  45 22 122
3  123 124 125
3  126 127 128
3  19 52 129
3  19 53 52
3  18 66 50
3  50 49 130
3  40 43 131
3  40 3 41
3  132 133 134
3  36 135 136
3  48 94 92
3  137 39 27
3  138 84 139
3  15 17 138
3  140 141 142
3  143 144 145
3  3 43 42
3  93 3 42
3  20 48 146
3  58 48 76
3  19 48 96
3  48 20 96
3  147 148 149
3  150 151 152
3  30 32 153
3  45 67 154
3  32 31 155
3  156 157 158
3  159 160 161
3  159 162 163
3  30 76 164
3  76 165 164
3  16 31 37
3  36 37 91
3  166 167 168
3  169 170 171
3  72 172 173
3  72 112 174
3  175 73 28
3  175 38 176
3  110 122 75
3  74 177 111
3  122 22 75
3  110 66 178
3  12 21 113
3  12 177 179
3  180 181 182
3  183 144 184
3  185 21 186
3  187 188 189
3  137 27 29
3  190 191 192
3  193 194 195
3  187 196 197
3  3 129 4
3  95 129 198
3  50 77 199
3  53 77 49
3  109 177 78
3  38 65 176
3  38 43 80
3  43 40 80
3  43 3 131
3  3 40 131
3  200 201 202
3  203 204 205
3  206 84 207
3  36 39 208
3  39 38 27
3  38 175 27
3  209 208 210
3  84 138 211
3  208 212 213
3  214 215 216
3  48 19 94
3  94 19 95
3  58 18 217
3  20 217 218
3  97 58 146
3  48 97 146
3  45 219 220
3  221 123 222
3  67 223 224
3  153 32 225
3  226 32 155
3  226 155 227
3  159 228 229
3  33 35 149
3  230 231 232
3  124 233 234
3  48 165 76
3  165 235 164
3  165 48 235
3  48 31 235
3  12 236 132
3  237 238 239
3  240 241 242
3  243 244 245
3  246 247 248
3  249 250 251
3  252 253 254
3  27 175 28
3  73 175 106
3  106 175 74
3  74 175 176
3  255 256 257
3  51 258 70
3  65 41 5
3  66 109 78
3  12 109 75
3  66 110 109
3  133 259 134
3  66 67 178
3  67 45 178
3  260 261 262
3  187 263 264
3  196 21 197
3  265 266 267
3  13 268 269
3  260 87 119
3  270 271 272
3  273 274 275
3  276 277 278
3  143 279 280
3  281 282 283
3  15 138 284
3  285 286 287
3  252 288 289
3  238 290 239
3  291 234 292
3  187 293 188
3  294 180 295
3  19 129 95
3  93 95 198
3  77 18 199
3  18 50 199
3  4 52 5
3  257 65 296
3  177 74 297
3  50 66 78
3  298 299 300
3  28 301 302
3  72 303 304
3  305 306 307
3  92 42 44
3  43 36 91
3  308 309 310
3  311 312 313
3  138 17 211
3  17 36 211
3  39 137 208
3  135 208 314
3  140 28 315
3  73 316 317
3  318 319 320
3  137 321 322
3  217 18 218
3  18 20 218
3  58 217 146
3  217 20 146
3  110 178 122
3  178 45 122
3  159 323 324
3  149 325 326
3  30 153 327
3  153 67 327
3  32 226 328
3  46 32 47
3  31 16 155
3  16 15 155
3  45 329 330
3  107 328 108
3  235 31 164
3  31 30 164
3  331 332 333
3  334 335 336
3  12 132 337
3  132 338 337
3  72 339 305
3  340 341 342
3  343 344 345
3  346 347 348
3  132 236 133
3  349 350 351
3  242 352 353
3  354 355 356
3  304 303 357
3  358 359 360
3  84 136 361
3  29 362 363
3  129 52 4
3  41 3 364
3  177 12 111
3  12 72 111
3  177 109 179
3  109 12 179
3  261 260 365
3  366 13 269
3  366 367 368
3  236 12 369
3  188 370 189
3  236 369 331
3  371 21 372
3  366 269 373
3  374 375 376
3  188 293 377
3  378 379 292
3  380 381 382
3  383 233 384
3  385 386 387
3  29 388 389
3  202 390 391
3  392 285 393
3  394 290 395
3  396 397 398
3  273 275 399
3  15 400 401
3  15 284 402
3  194 403 195
3  271 270 404
3  405 406 407
3  253 252 408
3  409 22 410
3  411 289 412
3  54 413 414
3  239 394 415
3  416 417 266
3  417 418 266
3  374 419 375
3  420 421 422
3  374 22 419
3  419 22 295
3  129 3 198
3  3 93 198
3  49 77 130
3  77 50 130
3  423 424 425
3  426 427 428
3  429 430 431
3  135 36 208
3  84 211 432
3  211 36 432
3  433 434 435
3  436 437 438
3  329 328 330
3  439 33 149
3  440 149 441
3  159 22 157
3  223 32 224
3  32 223 225
3  30 442 443
3  442 67 443
3  45 154 444
3  154 32 444
3  155 59 445
3  155 15 59
3  439 446 447
3  448 449 450
3  45 451 452
3  451 328 452
3  151 81 83
3  22 159 410
3  159 453 454
3  455 456 149
3  457 149 458
3  459 184 460
3  461 462 463
3  386 88 387
3  12 114 268
3  373 268 464
3  465 466 343
3  172 305 307
3  467 468 469
3  470 471 472
3  473 474 333
3  475 171 476
3  72 174 477
3  477 174 478
3  112 337 479
3  112 12 337
3  480 481 482
3  483 484 485
3  72 173 486
3  173 240 353
3  471 487 488
3  489 490 491
3  492 8 493
3  358 487 494
3  495 496 497
3  73 498 499
3  436 438 500
3  321 137 29
3  28 73 315
3  73 140 315
3  316 501 502
3  73 503 6
3  504 505 506
3  507 508 509
3  510 511 512
3  513 413 514
3  49 51 57
3  51 53 57
3  255 79 256
3  51 50 78
3  79 74 256
3  256 176 257
3  258 515 71
3  258 51 515
3  70 258 71
3  5 53 70
3  3 5 364
3  5 41 364
3  133 236 331
3  369 12 14
3  120 516 121
3  113 21 120
3  263 517 518
3  519 185 186
3  196 264 520
3  87 260 518
3  21 371 186
3  261 365 372
3  22 293 23
3  293 187 23
3  293 22 377
3  188 377 376
3  143 521 279
3  127 159 128
3  271 522 272
3  523 524 525
3  526 527 528
3  378 159 379
3  221 222 529
3  279 530 280
3  531 10 407
3  392 532 533
3  534 535 149
3  536 537 538
3  539 540 541
3  542 543 544
3  33 439 447
3  545 546 547
3  84 432 136
3  432 36 136
3  115 548 549
3  550 438 551
3  552 553 554
3  555 556 557
3  558 61 559
3  552 560 553
3  279 561 530
3  159 378 128
3  194 193 410
3  562 159 127
3  126 233 383
3  233 124 384
3  289 288 412
3  126 403 194
3  522 563 145
3  252 289 564
3  180 565 380
3  565 180 566
3  416 406 278
3  318 567 568
3  370 569 267
3  288 254 570
3  565 566 570
3  406 531 407
3  103 571 572
3  475 468 573
3  118 55 574
3  575 574 414
3  576 577 578
3  484 579 580
3  92 94 42
3  94 93 42
3  581 582 583
3  584 585 586
3  45 587 588
3  587 328 588
3  45 589 590
3  591 439 149
3  149 592 593
3  22 594 595
3  159 596 597
3  456 598 149
3  223 67 225
3  67 153 225
3  32 68 224
3  68 67 224
3  30 599 600
3  599 67 600
3  30 601 602
3  601 67 602
3  67 603 604
3  603 32 604
3  32 46 605
3  46 45 605
3  606 607 608
3  59 609 610
3  398 611 612
3  613 614 615
3  219 32 220
3  32 328 220
3  45 616 617
3  616 328 617
3  562 194 410
3  411 409 410
3  618 149 619
3  34 183 184
3  159 620 598
3  621 622 149
3  159 623 624
3  625 149 626
3  627 628 460
3  629 459 630
3  159 631 632
3  633 149 634
3  635 1 636
3  526 0 527
3  516 120 637
3  120 21 638
3  350 373 639
3  13 12 268
3  166 640 641
3  172 72 305
3  306 305 642
3  339 642 643
3  644 466 645
3  646 467 469
3  269 268 373
3  647 480 648
3  649 112 650
3  338 651 479
3  339 465 652
3  466 344 343
3  332 473 333
3  259 133 653
3  654 655 656
3  172 307 241
3  657 658 659
3  660 472 572
3  357 355 661
3  662 355 354
3  249 496 663
3  298 664 299
3  303 355 357
3  489 72 304
3  72 489 498
3  490 665 491
3  666 667 668
3  73 669 670
3  671 672 673
3  29 28 115
3  73 674 675
3  140 73 675
3  177 297 79
3  297 74 79
3  51 79 676
3  74 176 256
3  79 255 257
3  78 177 79
3  65 71 296
3  65 5 71
3  367 350 473
3  519 677 637
3  114 516 464
3  516 678 464
3  87 518 56
3  263 187 189
3  428 427 679
3  680 681 425
3  264 260 262
3  196 187 264
3  518 517 56
3  55 118 87
3  519 365 119
3  365 260 119
3  365 371 372
3  682 21 683
3  21 23 197
3  23 187 197
3  377 22 684
3  22 374 684
3  385 685 686
3  88 386 89
3  687 83 688
3  150 152 689
3  123 690 691
3  692 693 694
3  270 403 404
3  695 404 696
3  222 125 697
3  152 698 699
3  700 231 701
3  143 280 702
3  703 704 705
3  706 227 707
3  137 708 709
3  710 711 712
3  208 713 210
3  155 445 714
3  715 29 716
3  717 718 719
3  720 721 722
3  9 723 614
3  237 277 276
3  416 531 406
3  711 287 720
3  724 725 544
3  59 558 726
3  727 728 729
3  730 361 731
3  84 361 732
3  733 734 735
3  736 737 738
3  708 137 322
3  29 115 549
3  672 739 740
3  206 207 741
3  15 742 743
3  744 308 745
3  401 746 747
3  15 745 748
3  521 384 691
3  123 221 690
3  253 749 11
3  318 421 567
3  411 193 289
3  403 270 195
3  403 383 404
3  392 270 272
3  695 271 404
3  403 126 383
3  98 750 751
3  254 752 570
3  381 752 10
3  569 375 181
3  569 370 376
3  265 569 181
3  22 294 295
3  566 294 751
3  753 754 755
3  237 756 757
3  758 759 550
3  715 716 760
3  320 761 762
3  413 513 763
3  418 417 567
3  266 418 267
3  569 265 267
3  189 420 422
3  565 381 380
3  265 380 382
3  531 381 10
3  288 252 254
3  764 765 335
3  678 516 334
3  259 653 766
3  767 647 648
3  118 574 768
3  575 769 764
3  770 771 772
3  423 428 424
3  169 573 773
3  468 467 573
3  43 91 44
3  91 92 44
3  141 774 775
3  776 523 777
3  778 317 779
3  667 780 781
3  45 782 783
3  782 328 783
3  45 784 785
3  784 328 785
3  328 589 330
3  589 45 330
3  45 535 534
3  281 786 149
3  535 787 149
3  22 440 441
3  159 157 788
3  789 149 790
3  159 618 619
3  159 791 792
3  159 793 794
3  622 624 149
3  30 795 796
3  795 67 796
3  30 797 798
3  797 67 798
3  30 799 800
3  799 67 800
3  30 801 802
3  801 67 802
3  67 803 804
3  803 32 804
3  67 805 806
3  805 32 806
3  32 605 444
3  605 45 444
3  807 808 809
3  227 810 707
3  811 812 813
3  812 814 813
3  815 816 283
3  22 817 818
3  815 282 819
3  328 226 149
3  45 820 821
3  820 32 821
3  45 220 822
3  220 328 822
3  45 823 824
3  823 328 824
3  45 825 826
3  825 328 826
3  98 99 412
3  22 409 99
3  291 230 697
3  530 561 89
3  562 127 194
3  127 126 194
3  159 562 410
3  193 411 827
3  828 149 829
3  379 159 229
3  159 830 831
3  629 379 149
3  159 456 455
3  832 833 149
3  159 833 832
3  831 830 149
3  159 622 621
3  834 149 835
3  789 157 836
3  34 459 35
3  837 838 839
3  840 627 702
3  841 628 231
3  460 841 630
3  151 526 81
3  151 150 526
3  516 114 121
3  114 113 121
3  21 185 638
3  185 519 638
3  642 305 643
3  305 339 643
3  112 479 650
3  479 651 842
3  434 168 843
3  167 468 168
3  844 24 845
3  846 847 848
3  338 134 846
3  134 259 846
3  133 331 653
3  482 849 766
3  337 338 479
3  649 169 850
3  465 339 477
3  339 72 477
3  174 851 850
3  651 852 842
3  243 306 244
3  642 339 652
3  14 13 368
3  13 366 368
3  306 642 244
3  307 243 241
3  646 469 344
3  640 853 641
3  854 855 856
3  855 662 354
3  352 857 858
3  173 172 240
3  662 855 488
3  471 470 494
3  250 664 251
3  104 655 105
3  470 250 494
3  250 249 859
3  25 860 861
3  299 571 862
3  359 665 360
3  490 357 360
3  489 304 490
3  863 864 865
3  498 866 499
3  73 72 498
3  864 863 7
3  669 73 6
3  867 868 869
3  28 870 871
3  492 493 872
3  508 507 873
3  176 65 257
3  79 257 296
3  120 638 637
3  638 519 637
3  678 373 464
3  268 114 464
3  263 189 422
3  318 874 421
3  875 428 679
3  436 500 876
3  261 682 683
3  264 262 520
3  260 264 518
3  264 263 518
3  371 365 186
3  365 519 186
3  118 677 119
3  677 519 119
3  261 372 877
3  372 21 877
3  385 387 685
3  387 878 879
3  878 387 880
3  222 881 529
3  690 561 279
3  690 221 89
3  882 461 883
3  150 884 885
3  152 886 887
3  886 152 699
3  888 889 890
3  837 891 838
3  561 690 89
3  891 892 893
3  530 894 893
3  837 892 891
3  144 627 184
3  522 145 895
3  271 695 522
3  144 183 145
3  896 897 898
3  361 136 899
3  900 723 712
3  901 706 707
3  711 720 722
3  405 902 238
3  285 532 286
3  322 321 903
3  723 710 712
3  710 749 393
3  9 614 407
3  710 723 749
3  904 905 906
3  567 907 568
3  237 276 238
3  276 405 238
3  445 610 811
3  543 908 909
3  283 536 910
3  725 724 911
3  912 913 914
3  915 916 917
3  136 918 919
3  136 135 918
3  920 921 734
3  922 923 924
3  925 926 927
3  902 613 928
3  321 29 715
3  929 903 930
3  582 117 931
3  932 868 933
3  871 870 934
3  935 504 936
3  138 937 938
3  939 739 940
3  941 942 556
3  943 944 945
3  946 947 948
3  949 950 951
3  15 744 745
3  744 15 401
3  952 953 954
3  955 956 957
3  958 959 960
3  961 100 102
3  552 60 560
3  60 15 560
3  289 193 564
3  564 195 962
3  522 532 272
3  532 392 272
3  384 124 691
3  124 123 691
3  404 383 696
3  563 695 145
3  416 266 382
3  266 265 382
3  180 294 566
3  750 566 751
3  375 569 376
3  370 188 376
3  419 295 182
3  295 180 182
3  963 964 965
3  717 906 965
3  966 967 968
3  105 655 654
3  423 426 428
3  758 550 551
3  876 500 969
3  550 970 500
3  905 963 906
3  54 971 762
3  517 874 971
3  971 320 762
3  381 565 752
3  752 565 570
3  350 367 373
3  367 366 373
3  428 875 424
3  480 579 481
3  335 765 336
3  639 972 351
3  423 973 426
3  350 639 351
3  373 678 639
3  516 637 334
3  577 341 340
3  754 974 975
3  776 976 524
3  435 977 978
3  979 200 525
3  24 844 25
3  681 980 580
3  981 777 982
3  201 340 342
3  869 576 983
3  576 868 932
3  504 984 985
3  247 510 248
3  984 504 506
3  675 774 986
3  511 987 988
3  6 503 7
3  989 990 991
3  328 782 108
3  782 45 108
3  328 587 783
3  587 45 783
3  328 784 588
3  784 45 588
3  328 329 785
3  329 45 785
3  45 992 787
3  993 542 149
3  816 815 994
3  995 45 996
3  589 328 149
3  226 147 149
3  22 997 998
3  45 995 326
3  997 149 998
3  149 999 1000
3  159 633 634
3  160 149 161
3  159 828 829
3  159 1001 1002
3  159 457 458
3  830 163 149
3  159 834 835
3  833 454 149
3  159 625 626
3  379 229 149
3  30 1003 1004
3  1003 67 1004
3  30 1005 1006
3  1005 67 1006
3  30 1007 1008
3  1007 67 1008
3  30 1009 1010
3  1009 67 1010
3  30 1011 1012
3  1011 67 1012
3  30 1013 1014
3  1013 67 1014
3  30 1015 1016
3  1015 67 1016
3  30 1017 1018
3  1017 67 1018
3  67 1019 1020
3  1019 32 1020
3  67 1021 1022
3  1021 32 1022
3  67 1023 1024
3  1023 32 1024
3  67 1025 1026
3  1025 32 1026
3  913 1027 914
3  445 59 610
3  1028 812 811
3  552 1029 541
3  1030 1031 1032
3  558 59 61
3  610 609 1028
3  558 559 540
3  591 725 439
3  22 1033 1034
3  542 993 543
3  22 325 1035
3  590 589 149
3  148 1036 994
3  901 1037 706
3  1037 226 706
3  45 1038 1039
3  1038 32 1039
3  45 1040 1041
3  1040 32 1041
3  45 1042 1043
3  1042 328 1043
3  45 1044 1045
3  1044 328 1045
3  45 1046 1047
3  1046 328 1047
3  45 1048 1049
3  1048 328 1049
3  45 1050 1051
3  1050 328 1051
3  99 409 412
3  409 411 412
3  193 827 410
3  827 411 410
3  692 90 1052
3  123 125 222
3  35 459 149
3  830 159 163
3  229 228 149
3  620 159 831
3  624 623 149
3  456 159 598
3  454 453 149
3  453 159 455
3  598 620 149
3  833 159 454
3  163 162 149
3  623 159 832
3  793 149 794
3  622 159 624
3  596 149 597
3  228 159 621
3  159 1053 1054
3  149 788 790
3  184 627 460
3  459 34 184
3  628 841 460
3  459 460 630
3  892 700 701
3  892 837 700
3  0 1055 1056
3  1057 1058 1059
3  1 0 1060
3  1061 0 2
3  1062 1063 1064
3  886 878 887
3  259 847 846
3  851 649 850
3  651 846 848
3  347 476 26
3  481 849 482
3  844 845 1065
3  170 650 842
3  338 132 134
3  369 14 332
3  14 368 332
3  24 852 848
3  170 649 650
3  1066 482 766
3  482 1066 1067
3  170 169 649
3  646 644 773
3  174 649 851
3  174 112 649
3  306 243 307
3  243 1068 241
3  1069 244 1070
3  477 478 645
3  853 1071 1072
3  1073 1074 1075
3  1076 1069 345
3  659 658 858
3  487 662 488
3  488 854 1077
3  104 1078 1079
3  854 659 858
3  72 1080 356
3  1080 354 356
3  241 1068 242
3  240 172 241
3  664 250 470
3  487 471 494
3  864 665 865
3  665 490 360
3  571 105 862
3  202 201 1081
3  571 299 660
3  1079 1071 1082
3  304 357 490
3  355 662 661
3  662 487 661
3  487 358 661
3  665 864 491
3  864 866 491
3  1083 1084 990
3  7 863 8
3  73 317 778
3  780 667 666
3  71 515 296
3  515 51 296
3  764 335 768
3  765 427 336
3  421 874 422
3  189 370 420
3  517 971 56
3  971 54 56
3  21 520 683
3  21 196 520
3  520 262 683
3  262 261 683
3  21 682 877
3  682 261 877
3  698 1085 699
3  878 880 1086
3  1087 1088 1089
3  884 1089 885
3  1061 635 462
3  1087 1089 1090
3  0 526 1088
3  526 150 1088
3  280 530 893
3  892 840 1091
3  894 891 893
3  530 89 894
3  231 628 701
3  628 627 840
3  532 522 1092
3  145 183 895
3  522 695 563
3  383 384 696
3  730 1093 1094
3  1095 1096 1097
3  539 541 1098
3  1099 927 1100
3  613 1101 928
3  394 395 1102
3  1103 1104 1105
3  1106 723 900
3  532 285 533
3  285 392 533
3  532 1092 1107
3  710 285 711
3  749 253 393
3  285 710 393
3  928 1101 1108
3  614 613 1109
3  436 905 904
3  438 550 500
3  421 418 567
3  277 907 278
3  902 290 238
3  290 394 239
3  714 811 813
3  1110 1111 1112
3  786 281 1113
3  536 1114 537
3  84 1115 1116
3  84 1117 1118
3  1119 1120 1121
3  545 1122 1123
3  918 1124 1125
3  1126 1127 1128
3  942 1129 556
3  1130 555 557
3  1131 1132 1133
3  135 314 1124
3  538 537 1134
3  1135 959 101
3  446 725 911
3  705 704 1136
3  1031 1137 1138
3  203 205 1139
3  237 239 756
3  929 322 903
3  1140 933 1141
3  1142 301 1143
3  1144 976 931
3  115 28 116
3  1145 931 1146
3  1147 1144 1145
3  362 1148 1149
3  388 1150 1151
3  438 437 1152
3  718 760 1153
3  1154 739 939
3  1155 671 1156
3  15 1157 1158
3  400 1158 921
3  1159 1160 1161
3  946 1162 943
3  1162 944 943
3  207 1118 741
3  956 1163 957
3  1164 1165 1166
3  1167 1168 1169
3  15 402 1160
3  953 1170 1171
3  401 400 746
3  742 748 1172
3  1173 1174 1175
3  1176 1177 1178
3  915 748 916
3  1179 1180 1181
3  1182 1183 1184
3  15 728 727
3  1174 960 1175
3  554 553 1185
3  553 727 1185
3  89 386 894
3  386 385 894
3  392 408 962
3  408 252 564
3  690 279 691
3  279 521 691
3  384 521 696
3  695 696 145
3  381 531 382
3  531 416 382
3  294 22 751
3  22 98 751
3  566 750 570
3  750 288 570
3  180 380 181
3  380 265 181
3  377 684 376
3  684 374 376
3  181 375 182
3  375 419 182
3  929 1186 1187
3  415 1187 756
3  1188 966 968
3  1189 980 680
3  1190 1191 484
3  759 758 755
3  761 964 514
3  319 761 320
3  907 277 568
3  1192 1193 757
3  678 972 639
3  972 426 351
3  481 1191 1065
3  1190 771 770
3  1191 579 484
3  579 480 647
3  575 764 574
3  678 334 336
3  574 764 768
3  764 769 765
3  349 973 648
3  681 647 767
3  335 334 1194
3  334 637 1194
3  972 427 426
3  769 970 679
3  388 1195 389
3  1147 1196 979
3  771 981 982
3  981 966 777
3  1190 484 483
3  966 981 1197
3  1196 201 200
3  776 1188 1198
3  984 506 1199
3  25 347 26
3  936 932 933
3  1200 935 1201
3  201 1196 340
3  1196 1147 578
3  935 1200 505
3  247 246 505
3  1202 936 933
3  577 576 932
3  1200 247 505
3  510 247 1203
3  584 1204 1083
3  990 1084 1205
3  1200 1201 775
3  504 985 936
3  867 302 1141
3  1201 141 775
3  1206 1084 512
3  247 1200 1203
3  669 8 492
3  674 1207 509
3  542 591 149
3  992 45 590
3  786 993 149
3  535 45 787
3  282 281 149
3  996 45 534
3  325 149 1035
3  995 149 326
3  992 590 149
3  817 149 818
3  996 534 149
3  1033 149 1034
3  157 1208 158
3  149 1208 998
3  156 149 1209
3  594 149 595
3  159 788 1210
3  788 149 1210
3  159 1211 1212
3  1053 149 1054
3  159 1213 1214
3  631 149 632
3  159 1215 1216
3  1211 149 1212
3  159 1217 1218
3  323 149 324
3  620 831 149
3  1213 149 1214
3  453 455 149
3  1001 149 1002
3  623 832 149
3  1215 149 1216
3  228 621 149
3  791 149 792
3  459 629 149
3  1217 149 1218
3  30 1219 1220
3  1219 67 1220
3  30 1221 1222
3  1221 67 1222
3  30 1223 1224
3  1223 67 1224
3  30 1225 1226
3  1225 67 1226
3  30 1227 1228
3  1227 67 1228
3  30 1229 1230
3  1229 67 1230
3  30 1231 1232
3  1231 67 1232
3  30 1233 1234
3  1233 67 1234
3  30 1235 1236
3  1235 67 1236
3  30 1237 1238
3  1237 67 1238
3  30 1239 1240
3  1239 67 1240
3  30 1241 1242
3  1241 67 1242
3  30 1243 1244
3  1243 67 1244
3  30 1245 1246
3  1245 67 1246
3  30 1247 1248
3  1247 67 1248
3  30 1249 1250
3  1249 67 1250
3  67 1251 1252
3  1251 32 1252
3  67 1253 1254
3  1253 32 1254
3  67 1255 1256
3  1255 32 1256
3  67 1257 1258
3  1257 32 1258
3  67 1259 1260
3  1259 32 1260
3  67 1261 1262
3  1261 32 1262
3  67 1263 1264
3  1263 32 1264
3  67 1265 1266
3  1265 32 1266
3  155 1267 1268
3  227 155 810
3  61 60 559
3  60 552 559
3  725 446 439
3  1269 1270 911
3  1113 281 283
3  995 996 149
3  282 815 283
3  787 992 149
3  226 1037 147
3  148 147 1036
3  226 227 706
3  1267 1271 1272
3  32 1038 47
3  1038 45 47
3  45 1039 1273
3  1039 32 1273
3  45 821 1274
3  821 32 1274
3  32 219 1041
3  219 45 1041
3  45 1275 1276
3  1275 328 1276
3  45 1277 1278
3  1277 328 1278
3  45 452 1279
3  452 328 1279
3  328 823 1045
3  823 45 1045
3  328 1046 1280
3  1046 45 1280
3  328 616 1047
3  616 45 1047
3  328 1048 617
3  1048 45 617
3  328 825 1049
3  825 45 1049
3  45 826 1281
3  826 328 1281
3  328 107 1051
3  107 45 1051
3  288 750 412
3  750 98 412
3  387 88 880
3  89 1282 1052
3  841 231 230
3  125 124 234
3  230 1283 697
3  379 629 630
3  232 839 1284
3  841 230 1285
3  628 840 701
3  840 892 701
3  527 1286 461
3  527 0 1056
3  1055 0 1287
3  0 1061 1287
3  1055 1287 1288
3  1061 882 1289
3  1 635 2
3  635 1061 2
3  526 82 81
3  1090 1089 1290
3  169 171 573
3  171 475 573
3  847 849 845
3  845 849 1065
3  579 1191 481
3  849 481 1065
3  474 1066 333
3  331 369 332
3  852 651 848
3  651 338 846
3  26 476 1291
3  650 479 842
3  332 368 473
3  368 367 473
3  653 1066 766
3  480 482 1067
3  478 644 645
3  644 646 466
3  573 467 773
3  467 646 773
3  169 773 850
3  773 644 850
3  1071 853 640
3  641 853 1076
3  1292 1072 1079
3  104 103 1078
3  166 641 167
3  641 469 167
3  652 465 343
3  641 1076 1293
3  1080 486 856
3  1080 72 486
3  1076 1072 1294
3  240 242 353
3  472 471 1077
3  471 488 1077
3  355 303 356
3  303 72 356
3  358 494 859
3  494 250 859
3  299 664 660
3  664 470 660
3  299 585 300
3  989 300 1295
3  1296 656 1297
3  1298 246 248
3  166 168 1299
3  347 25 861
3  357 661 360
3  661 358 360
3  866 498 491
3  498 489 491
3  866 503 499
3  503 73 499
3  503 866 7
3  866 864 7
3  665 359 865
3  359 249 865
3  664 298 251
3  249 251 496
3  317 1300 1301
3  316 502 1302
3  674 778 1207
3  674 73 778
3  79 296 676
3  296 51 676
3  637 677 1194
3  335 1194 768
3  418 420 267
3  420 370 267
3  420 418 421
3  417 907 567
3  687 1303 83
3  891 1304 838
3  1305 890 1306
3  879 1307 1308
3  230 291 1285
3  1309 694 1310
3  1085 1311 1312
3  151 1303 1313
3  82 1090 1290
3  635 636 1058
3  1087 636 1060
3  636 1 1060
3  1089 1088 885
3  1088 150 885
3  696 521 145
3  521 143 145
3  899 919 1314
3  361 899 731
3  1315 732 1316
3  1317 1318 1319
3  554 1135 101
3  1320 1321 1322
3  1135 729 960
3  1323 1324 1325
3  1326 1327 1328
3  208 1329 1330
3  1331 1329 1332
3  415 1102 1333
3  395 290 928
3  290 902 928
3  395 928 1108
3  1334 1335 1336
3  253 408 393
3  408 392 393
3  749 723 9
3  1334 900 1335
3  1334 613 615
3  10 9 407
3  1337 904 719
3  964 1192 1338
3  761 319 964
3  319 1192 964
3  406 405 278
3  405 276 278
3  277 1193 568
3  1193 1192 568
3  1105 1104 1339
3  1340 608 1341
3  1342 1343 1344
3  536 816 1114
3  147 1037 1036
3  1037 901 1036
3  1117 1345 1346
3  139 84 1347
3  84 86 1345
3  1348 1349 1350
3  1351 1352 1353
3  1115 84 1315
3  1354 1355 1356
3  208 63 62
3  208 1357 1358
3  1131 1359 1132
3  1129 942 1360
3  941 1361 1362
3  1355 1354 1363
3  1364 1365 1366
3  273 1031 274
3  1361 1367 1362
3  1031 1368 1137
3  1031 273 1368
3  1320 1098 1369
3  1323 1030 1032
3  1092 1270 1107
3  704 1370 1136
3  34 447 1371
3  447 1270 1371
3  980 681 680
3  1152 1372 1373
3  301 28 1143
3  28 140 1143
3  870 867 869
3  116 28 871
3  548 581 583
3  1196 200 979
3  115 117 581
3  117 582 581
3  903 715 930
3  1195 1374 1375
3  1376 1377 1151
3  388 29 1378
3  1154 944 1162
3  1379 1380 1381
3  1382 671 1347
3  84 206 1382
3  1383 1384 1385
3  1384 1383 1386
3  1387 1388 1389
3  400 15 1158
3  1390 952 954
3  138 139 937
3  1391 943 945
3  955 1392 950
3  1180 1161 1181
3  739 1154 1393
3  737 1394 1395
3  1096 1396 1097
3  1397 1398 1133
3  1399 897 1400
3  1401 1379 1402
3  1403 429 431
3  284 1404 1405
3  1406 1407 1408
3  1409 1410 1411
3  1387 1412 735
3  1412 1387 1386
3  1385 1180 738
3  733 735 1413
3  746 400 1414
3  308 744 309
3  1130 1390 954
3  1415 952 309
3  953 1415 1170
3  748 915 1172
3  1135 554 1185
3  1110 1177 1176
3  1172 915 1178
3  954 953 1416
3  1183 1129 1360
3  743 742 1173
3  728 15 743
3  553 560 727
3  560 15 727
3  893 840 702
3  280 893 702
3  408 564 962
3  564 193 195
3  708 322 415
3  239 415 756
3  321 715 903
3  715 1417 930
3  1417 760 1418
3  1419 1338 1420
3  758 551 1421
3  1195 388 1151
3  875 970 550
3  759 875 550
3  970 875 679
3  875 759 424
3  971 874 320
3  874 318 320
3  963 513 514
3  575 414 763
3  574 55 414
3  55 54 414
3  1192 319 568
3  319 318 568
3  861 860 1422
3  25 844 860
3  758 753 755
3  755 680 425
3  1197 981 485
3  981 483 485
3  973 767 648
3  973 423 767
3  349 648 1067
3  648 480 1067
3  1194 677 768
3  677 118 768
3  427 972 336
3  972 678 336
3  426 973 351
3  973 349 351
3  1189 1197 485
3  484 580 485
3  966 1188 777
3  1188 776 777
3  577 985 341
3  985 984 341
3  524 979 525
3  976 1144 524
3  347 346 476
3  346 475 476
3  935 936 1202
3  1142 1202 933
3  867 870 302
3  870 28 302
3  505 246 506
3  504 935 505
3  298 989 497
3  512 1084 1083
3  987 774 1423
3  140 675 986
3  674 1423 1424
3  1423 774 1424
3  141 1201 142
3  1202 1142 142
3  1204 512 1083
3  511 1206 512
3  1200 775 1203
3  507 666 873
3  502 1425 1302
3  316 73 501
3  149 817 441
3  817 22 441
3  149 1033 1426
3  1033 22 1426
3  1208 157 998
3  157 22 998
3  999 157 1000
3  149 1427 1209
3  788 157 790
3  157 789 790
3  149 1053 634
3  1053 159 634
3  149 631 161
3  631 159 161
3  149 1211 829
3  1211 159 829
3  149 323 1428
3  323 159 1428
3  149 1213 458
3  1213 159 458
3  149 1001 597
3  1001 159 597
3  149 1215 835
3  1215 159 835
3  149 791 794
3  791 159 794
3  149 1217 626
3  1217 159 626
3  67 1219 327
3  1219 30 327
3  67 1003 1429
3  1003 30 1429
3  67 1221 1004
3  1221 30 1004
3  67 795 1430
3  795 30 1430
3  67 1223 796
3  1223 30 796
3  30 1224 1431
3  1224 67 1431
3  67 1225 1006
3  1225 30 1006
3  67 599 1432
3  599 30 1432
3  30 600 1433
3  600 67 1433
3  67 1007 1228
3  1007 30 1228
3  30 1008 1434
3  1008 67 1434
3  67 797 1230
3  797 30 1230
3  67 1231 1435
3  1231 30 1435
3  30 1232 1436
3  1232 67 1436
3  30 1010 1437
3  1010 67 1437
3  67 442 1234
3  442 30 1234
3  30 443 1438
3  443 67 1438
3  30 1236 1439
3  1236 67 1439
3  67 1237 1012
3  1237 30 1012
3  30 1238 1440
3  1238 67 1440
3  67 1239 800
3  1239 30 800
3  67 1013 1441
3  1013 30 1441
3  67 1241 1014
3  1241 30 1014
3  67 601 1442
3  601 30 1442
3  67 1243 602
3  1243 30 602
3  67 1015 1443
3  1015 30 1443
3  67 1245 1016
3  1245 30 1016
3  67 801 1444
3  801 30 1444
3  67 1247 1445
3  1247 30 1445
3  30 1248 1446
3  1248 67 1446
3  67 1249 1447
3  1249 30 1447
3  67 18 1250
3  18 30 1250
3  32 1251 69
3  1251 67 69
3  67 1252 1448
3  1252 32 1448
3  32 1253 1020
3  1253 67 1020
3  32 803 1254
3  803 67 1254
3  32 1255 804
3  1255 67 804
3  67 1256 1449
3  1256 32 1449
3  32 1257 1022
3  1257 67 1022
3  32 603 1450
3  603 67 1450
3  32 1259 604
3  1259 67 604
3  32 1023 1260
3  1023 67 1260
3  67 1024 1451
3  1024 32 1451
3  32 805 1262
3  805 67 1262
3  32 1263 806
3  1263 67 806
3  32 1025 1452
3  1025 67 1452
3  32 1265 1026
3  1265 67 1026
3  67 1266 1453
3  1266 32 1453
3  1028 609 726
3  609 59 726
3  155 1271 1267
3  610 1028 811
3  1028 726 540
3  726 558 540
3  32 820 1273
3  820 45 1273
3  32 1040 1274
3  1040 45 1274
3  328 1275 822
3  1275 45 822
3  328 1042 1276
3  1042 45 1276
3  328 1277 1043
3  1277 45 1043
3  45 1278 1454
3  1278 328 1454
3  328 1044 1279
3  1044 45 1279
3  328 1280 824
3  1280 45 824
3  328 1050 1281
3  1050 45 1281
3  1282 1455 1456
3  1455 1283 693
3  1307 1457 1308
3  150 1458 1459
3  234 233 128
3  233 126 128
3  125 234 291
3  837 839 232
3  149 162 1460
3  162 159 1460
3  149 625 792
3  625 159 792
3  149 793 1216
3  793 159 1216
3  159 1002 1461
3  1002 149 1461
3  149 596 1214
3  596 159 1214
3  149 457 324
3  457 159 324
3  149 618 1212
3  618 159 1212
3  149 828 632
3  828 159 632
3  149 160 1054
3  160 159 1054
3  149 633 1210
3  633 159 1210
3  592 157 593
3  157 592 836
3  1208 149 158
3  149 156 158
3  149 997 1034
3  997 22 1034
3  149 594 818
3  594 22 818
3  149 440 1035
3  440 22 1035
3  325 22 326
3  22 45 326
3  282 149 819
3  149 148 819
3  1462 1463 1464
3  1063 1465 1466
3  1055 1288 1056
3  1467 1463 1468
3  844 1065 1469
3  1065 1191 1469
3  170 842 1291
3  842 852 1291
3  847 845 848
3  845 24 848
3  473 350 474
3  350 349 474
3  1066 653 333
3  653 331 333
3  849 847 766
3  847 259 766
3  466 465 645
3  465 477 645
3  644 478 850
3  478 174 850
3  488 855 854
3  857 1470 858
3  1069 1294 245
3  1078 1292 1079
3  469 468 167
3  475 346 843
3  1293 1076 345
3  466 646 344
3  1072 1292 1294
3  244 1069 245
3  486 657 659
3  486 173 657
3  855 354 856
3  354 1080 856
3  352 658 353
3  1471 352 1472
3  658 352 858
3  472 1077 1470
3  249 359 859
3  359 358 859
3  1473 586 1474
3  571 103 105
3  470 472 660
3  571 660 572
3  1298 1473 1474
3  584 586 1473
3  1199 506 1475
3  1476 1477 1478
3  510 1204 248
3  1298 248 1473
3  168 434 1299
3  434 433 1299
3  977 348 978
3  200 202 391
3  984 1199 1479
3  1298 1296 1475
3  1206 511 873
3  668 1206 873
3  1300 780 1301
3  317 316 1300
3  1207 778 509
3  778 507 509
3  874 517 422
3  517 263 422
3  387 879 889
3  879 1308 890
3  891 894 1304
3  894 385 1304
3  1303 151 83
3  1284 1283 1480
3  1309 692 694
3  838 686 839
3  1085 698 1481
3  1303 698 1313
3  699 1085 1312
3  1308 1457 1482
3  698 152 1313
3  152 151 1313
3  83 82 1290
3  1087 1483 1059
3  0 1088 1060
3  1088 1087 1060
3  1484 1485 1466
3  882 1486 1289
3  1487 1063 1062
3  527 1056 1488
3  1463 1484 1464
3  1287 1061 1289
3  1270 1092 1371
3  1092 522 895
3  1097 1489 1352
3  1093 730 731
3  1093 731 1490
3  899 136 919
3  732 1491 1316
3  430 1492 431
3  1270 1269 1107
3  1329 1331 1330
3  1031 1030 274
3  1493 1494 1366
3  210 713 1365
3  1495 1496 1497
3  1498 448 1499
3  711 285 287
3  1099 925 927
3  215 1500 216
3  10 752 11
3  749 9 11
3  614 723 615
3  723 1106 615
3  1334 615 900
3  615 1106 900
3  1501 1101 1336
3  1108 1501 1336
3  963 905 513
3  905 436 513
3  551 1152 1421
3  437 436 904
3  757 1186 1502
3  756 1186 757
3  613 902 1109
3  902 405 1109
3  907 417 278
3  417 416 278
3  901 396 398
3  449 1340 450
3  607 814 812
3  1268 1267 1503
3  540 559 541
3  559 552 541
3  815 819 994
3  819 148 994
3  1504 1505 1350
3  207 84 1118
3  1506 1507 1508
3  1117 84 1345
3  546 1509 547
3  1315 84 732
3  63 1510 64
3  208 209 63
3  1359 1314 1511
3  314 1512 1513
3  1514 1515 1355
3  918 135 1124
3  1513 1516 1356
3  314 208 1512
3  1517 807 1320
3  959 958 1518
3  1357 1519 1358
3  1520 1519 62
3  1027 913 1521
3  1522 1111 1523
3  1126 1124 1513
3  1524 275 1525
3  1526 1496 1495
3  1323 1527 1528
3  275 274 1525
3  1368 925 1137
3  1032 1031 1138
3  1517 1529 1530
3  552 554 101
3  1517 1320 1322
3  1092 895 1371
3  34 33 447
3  544 543 909
3  703 724 909
3  724 1269 911
3  724 703 1269
3  895 183 1371
3  183 34 1371
3  717 1419 1418
3  719 718 1531
3  1532 1149 1533
3  716 29 363
3  116 871 934
3  976 582 931
3  868 576 869
3  116 934 1146
3  582 976 1198
3  976 776 1198
3  1188 968 1534
3  548 115 581
3  1189 754 975
3  1535 1374 1536
3  437 904 1337
3  1337 719 1531
3  548 1378 549
3  1378 29 549
3  1373 1537 1538
3  362 29 1148
3  388 1378 1150
3  1376 1150 1539
3  84 1382 1347
3  1507 1540 1508
3  739 1393 740
3  673 672 740
3  1159 1157 1160
3  1157 15 1160
3  937 1541 938
3  284 938 1542
3  1163 945 1380
3  1506 1543 1507
3  1391 1394 947
3  1394 956 1395
3  1130 1544 924
3  941 556 1361
3  1545 896 898
3  1095 1546 1547
3  1548 1549 1492
3  1550 1351 1121
3  1551 1524 1552
3  922 1546 1553
3  1545 1554 1555
3  1556 1396 1399
3  1404 948 1557
3  1159 1384 1558
3  1161 1160 1181
3  736 1180 1179
3  1559 1167 1169
3  921 1388 734
3  949 1167 1560
3  1383 1559 1169
3  1383 1412 1386
3  1386 1389 1558
3  1388 1387 734
3  1158 1388 921
3  1388 1158 1389
3  1157 1389 1561
3  746 1414 1562
3  1414 920 1562
3  1095 1547 1554
3  924 1544 1563
3  1129 1182 1390
3  1415 953 952
3  916 308 1184
3  744 401 1415
3  952 1390 310
3  744 1415 309
3  916 1184 917
3  742 15 748
3  748 745 916
3  745 308 916
3  1173 1172 1564
3  958 1565 1566
3  1182 1129 1183
3  1110 1176 1360
3  627 144 702
3  144 143 702
3  840 893 1091
3  893 892 1091
3  195 270 962
3  270 392 962
3  415 322 1187
3  322 929 1187
3  1187 1186 756
3  1192 757 1502
3  753 974 754
3  1374 1535 1538
3  437 1337 1372
3  1152 437 1372
3  427 765 679
3  765 769 679
3  964 963 514
3  413 54 762
3  1191 1190 1469
3  1190 770 1469
3  424 755 425
3  424 759 755
3  579 647 580
3  647 681 580
3  1066 474 1067
3  474 349 1067
3  981 771 483
3  771 1190 483
3  777 523 982
3  523 1567 982
3  1196 578 340
3  578 577 340
3  1567 523 525
3  523 776 524
3  852 24 1291
3  24 26 1291
3  936 985 932
3  985 577 932
3  1201 1202 142
3  1201 935 1202
3  302 301 1140
3  301 1142 1140
3  298 300 989
3  495 497 991
3  1568 1569 872
3  1570 492 872
3  496 495 1568
3  669 6 8
3  496 1568 663
3  8 863 493
3  774 141 986
3  141 140 986
3  508 1423 1571
3  1423 674 1571
3  774 675 1424
3  675 674 1424
3  774 987 775
3  775 987 1203
3  1142 1143 142
3  1143 140 142
3  1572 667 781
3  1204 510 512
3  987 1423 988
3  1423 508 988
3  987 511 1203
3  511 510 1203
3  1570 501 670
3  501 73 670
3  1425 781 1302
3  781 780 1302
3  149 1426 595
3  1426 22 595
3  1427 157 1209
3  157 156 1209
3  157 1427 1000
3  1427 149 1000
3  149 1428 619
3  1428 159 619
3  67 1429 1220
3  1429 30 1220
3  67 1430 1222
3  1430 30 1222
3  67 1005 1431
3  1005 30 1431
3  67 1432 1226
3  1432 30 1226
3  67 1227 1433
3  1227 30 1433
3  67 1229 1434
3  1229 30 1434
3  67 1435 798
3  1435 30 798
3  67 1009 1436
3  1009 30 1436
3  67 1233 1437
3  1233 30 1437
3  67 1235 1438
3  1235 30 1438
3  67 1011 1439
3  1011 30 1439
3  67 799 1440
3  799 30 1440
3  67 1441 1240
3  1441 30 1240
3  67 1442 1242
3  1442 30 1242
3  67 1443 1244
3  1443 30 1244
3  67 1444 1246
3  1444 30 1246
3  67 1445 802
3  1445 30 802
3  67 1017 1446
3  1017 30 1446
3  67 1447 1018
3  1447 30 1018
3  32 1019 1448
3  1019 67 1448
3  32 1021 1449
3  1021 67 1449
3  32 1450 1258
3  1450 67 1258
3  32 1261 1451
3  1261 67 1451
3  32 1452 1264
3  1452 67 1264
3  32 154 1453
3  154 67 1453
3  155 1573 1574
3  1271 1574 813
3  1575 396 1344
3  396 707 1344
3  993 786 543
3  786 1113 543
3  816 536 283
3  1113 283 910
3  724 544 909
3  543 1113 908
3  328 451 1454
3  451 45 1454
3  125 291 697
3  232 1284 1480
3  1305 880 1309
3  693 1283 1284
3  880 1305 1306
3  152 887 689
3  150 689 1458
3  880 88 90
3  888 1305 1309
3  1481 687 1459
3  234 128 292
3  128 378 292
3  291 292 1285
3  379 630 1576
3  149 1460 1218
3  1460 159 1218
3  149 834 1461
3  834 159 1461
3  592 149 836
3  149 789 836
3  157 999 593
3  999 149 593
3  527 1488 1286
3  1467 1062 1064
3  1289 1486 1464
3  1484 1288 1464
3  770 860 1469
3  860 844 1469
3  476 171 1291
3  171 170 1291
3  1069 1076 1294
3  1076 853 1072
3  1072 1071 1079
3  1577 1074 1073
3  1470 857 1578
3  857 352 1471
3  1068 245 1579
3  245 1294 1579
3  344 469 1293
3  469 641 1293
3  1292 1471 1472
3  1068 243 245
3  244 642 1070
3  642 652 1070
3  658 657 353
3  657 173 353
3  854 856 659
3  856 486 659
3  103 572 1578
3  572 1470 1578
3  472 1470 572
3  857 1471 1578
3  586 585 862
3  585 299 862
3  248 1204 1473
3  1204 584 1473
3  435 434 977
3  104 1079 1082
3  1580 433 435
3  1581 390 978
3  640 1577 1073
3  640 166 1577
3  202 1081 1582
3  1583 390 1581
3  1479 1199 1477
3  1081 201 342
3  1584 1476 1478
3  1296 1298 1474
3  1071 640 1073
3  1296 1474 656
3  1299 433 1584
3  1584 433 1476
3  780 666 1301
3  666 668 873
3  1084 668 1205
3  1084 1206 668
3  879 878 1307
3  878 886 1307
3  1086 880 1306
3  889 879 890
3  888 685 889
3  685 387 889
3  838 1304 686
3  1304 385 686
3  698 1303 1481
3  1303 687 1481
3  1483 1090 1585
3  1483 1087 1090
3  1586 1486 1487
3  882 1061 462
3  1587 1315 1123
3  1115 1315 1587
3  1588 1589 1317
3  1543 1590 1507
3  1115 1122 1591
3  1592 1593 1594
3  1595 1510 1497
3  1496 1595 1497
3  1596 1332 213
3  208 137 212
3  214 1597 1333
3  415 394 1102
3  214 1103 1105
3  1321 1320 1369
3  213 212 203
3  1596 203 1598
3  1599 1600 1601
3  1331 1602 1493
3  399 275 1601
3  275 1551 1601
3  1124 314 1513
3  209 1603 1604
3  209 210 1603
3  210 1365 1605
3  287 286 720
3  286 532 720
3  1596 213 203
3  1332 1596 1598
3  1335 712 1606
3  537 1114 1607
3  752 254 11
3  254 253 11
3  614 1109 407
3  1109 405 407
3  705 1136 1606
3  900 712 1335
3  1101 1501 1108
3  395 1108 1608
3  414 413 763
3  763 876 969
3  906 963 965
3  964 1338 965
3  1193 277 757
3  277 237 757
3  1186 1420 1502
3  1186 929 1420
3  398 397 611
3  816 994 612
3  397 1609 611
3  397 1610 1609
3  1267 1272 1503
3  396 901 707
3  1028 540 1611
3  540 539 1611
3  732 361 1491
3  361 730 1491
3  1519 1357 62
3  1357 208 62
3  918 1125 1511
3  1125 1359 1511
3  731 1314 1490
3  731 899 1314
3  1512 1358 1612
3  1512 208 1358
3  812 1611 1613
3  541 1029 1369
3  942 1614 1615
3  942 941 1614
3  912 1616 1617
3  1618 1619 1525
3  1111 1522 1620
3  1518 1566 1621
3  1612 1358 1622
3  1520 1595 1623
3  1550 1120 1624
3  1410 1625 1555
3  1619 1524 1525
3  1626 1627 1364
3  926 1628 1629
3  1365 1630 1366
3  1099 1100 1631
3  1517 1530 1632
3  1368 926 925
3  1494 1633 1629
3  807 1517 1632
3  608 808 1341
3  1611 809 1613
3  1029 552 101
3  1270 447 911
3  447 446 911
3  715 760 1417
3  1149 1537 1533
3  760 716 1153
3  363 362 1532
3  934 1145 1146
3  1144 931 1145
3  548 1634 1539
3  582 1198 583
3  974 753 1635
3  753 758 1635
3  966 1197 967
3  975 974 1636
3  930 1417 1418
3  1419 930 1418
3  1149 1148 1637
3  1148 29 389
3  139 673 1638
3  1407 1639 1408
3  946 1639 1407
3  1393 1154 1162
3  1406 1541 1638
3  740 1406 1638
3  672 671 1155
3  741 1155 1156
3  1155 741 1640
3  1641 312 311
3  1163 1391 945
3  1381 1328 1319
3  1167 1559 1560
3  947 1394 1642
3  556 1129 557
3  555 923 1361
3  1643 1550 1624
3  556 555 1361
3  949 955 950
3  1392 897 950
3  1546 922 1547
3  896 1545 1644
3  1317 1589 1318
3  1645 1548 1646
3  1094 1093 1647
3  1647 1093 1648
3  923 922 1553
3  1616 912 1649
3  1650 1367 1651
3  1652 1616 1649
3  1548 1653 1646
3  1549 1548 1654
3  1396 898 1399
3  1547 1655 1554
3  938 1541 1542
3  284 138 938
3  1406 1393 1407
3  1639 1542 1408
3  1180 1385 1161
3  948 1642 1557
3  1416 953 1171
3  1409 1171 1656
3  1179 1405 1557
3  737 736 1642
3  1644 1625 1657
3  733 1413 1658
3  1180 736 738
3  1559 1383 1385
3  1385 1384 1161
3  1384 1159 1161
3  1387 1389 1386
3  1384 1386 1558
3  920 1414 921
3  1414 400 921
3  1389 1158 1561
3  1158 1157 1561
3  923 555 924
3  555 1130 924
3  309 952 310
3  1390 1182 1184
3  735 1168 1413
3  1544 1130 954
3  1129 1390 557
3  1390 1130 557
3  746 1562 1170
3  1415 401 747
3  1177 1565 1564
3  1565 958 1174
3  1178 915 917
3  1173 742 1172
3  960 729 1175
3  959 1135 960
3  1176 1178 917
3  1176 1183 1360
3  1110 1360 1615
3  1360 942 1615
3  438 1152 551
3  1635 1421 1535
3  1372 1337 1533
3  1659 968 1660
3  413 762 514
3  762 761 514
3  1567 1583 772
3  1583 1422 772
3  755 754 680
3  754 1189 680
3  580 980 485
3  980 1189 485
3  524 1144 979
3  1144 1147 979
3  1567 525 391
3  525 200 391
3  302 1140 1141
3  1140 1142 933
3  933 868 1141
3  868 867 1141
3  1572 495 991
3  584 1083 1295
3  1569 495 1572
3  497 989 991
3  502 501 1425
3  501 1570 1425
3  495 1569 1568
3  493 1568 872
3  496 251 497
3  251 298 497
3  511 988 873
3  988 508 873
3  1272 1271 813
3  1573 155 714
3  707 1268 1503
3  1271 155 1574
3  725 591 544
3  591 542 544
3  1370 1661 1136
3  908 1113 910
3  908 704 909
3  704 703 909
3  1283 1455 881
3  1455 1282 529
3  1662 839 1663
3  888 1309 1310
3  839 686 694
3  693 1662 1663
3  1482 1457 1311
3  1085 1481 1664
3  887 1086 1482
3  887 878 1086
3  90 89 1052
3  881 1455 529
3  880 90 1309
3  90 692 1309
3  887 1482 1311
3  689 887 1311
3  231 700 232
3  700 837 232
3  630 1285 1576
3  630 841 1285
3  1665 527 1666
3  1487 1286 1465
3  1488 1056 1465
3  1286 1488 1465
3  1462 1586 1468
3  1062 1468 1667
3  1288 1287 1464
3  1465 1056 1466
3  1486 1586 1464
3  1287 1289 1464
3  1294 1292 1579
3  1292 1078 1471
3  352 242 1472
3  242 1068 1472
3  344 1293 345
3  1070 652 343
3  1470 1077 858
3  1077 854 858
3  1471 1078 1578
3  1078 103 1578
3  586 862 654
3  862 105 654
3  168 468 843
3  468 475 843
3  348 1581 978
3  348 347 861
3  346 348 977
3  348 861 1581
3  1668 1297 1478
3  1577 166 1299
3  656 1075 1297
3  1071 1073 1082
3  506 246 1475
3  246 1298 1475
3  1475 1296 1668
3  390 202 1582
3  1074 1577 1584
3  1577 1299 1584
3  508 1571 509
3  1571 674 509
3  779 317 1301
3  507 778 779
3  1457 1307 699
3  1307 886 699
3  890 1308 1306
3  1305 888 890
3  1089 884 1290
3  83 1290 688
3  1057 1665 463
3  1487 1486 883
3  1509 1491 1094
3  1491 730 1094
3  1593 1592 313
3  1669 1653 430
3  84 1116 1349
3  1116 1670 1504
3  1671 1592 1594
3  1117 1346 1672
3  1673 191 1674
3  1603 1600 1599
3  1330 1331 1630
3  713 208 1330
3  204 212 709
3  212 137 709
3  708 415 1333
3  1104 1608 1675
3  1628 1627 1626
3  1494 1493 1676
3  191 1676 1674
3  1602 1331 1332
3  1332 1329 213
3  1329 208 213
3  212 204 203
3  1633 1494 1676
3  1677 1678 1679
3  1526 1680 1681
3  1678 1682 1681
3  1119 1514 1363
3  1520 62 64
3  1600 1605 1364
3  720 1107 721
3  720 532 1107
3  395 1104 1103
3  1339 1104 1675
3  1683 1684 1335
3  1684 1608 1336
3  769 575 969
3  575 763 969
3  1338 1419 965
3  1419 717 965
3  1420 1338 1502
3  1338 1192 1502
3  814 607 1342
3  607 606 1342
3  994 1036 612
3  1036 901 398
3  1610 1575 1498
3  1609 1610 1685
3  707 810 1268
3  810 155 1268
3  1028 1611 812
3  808 608 1613
3  1686 1687 1688
3  545 1688 1591
3  1126 1125 1689
3  1513 1512 1516
3  1314 919 1511
3  919 918 1511
3  1522 1690 1166
3  1614 941 1027
3  913 1677 1521
3  1164 1677 1679
3  1032 1138 1691
3  1324 1323 1032
3  1320 807 1098
3  1325 1692 1621
3  1522 1693 1620
3  1527 1323 1325
3  1120 1651 1624
3  1546 1095 1643
3  1694 448 450
3  927 190 1100
3  606 1340 449
3  1343 449 1498
3  1529 925 1530
3  925 1099 1530
3  925 1529 1137
3  1137 1529 1138
3  808 807 1632
3  1340 606 608
3  809 808 1613
3  1611 539 809
3  1419 1420 930
3  1420 929 930
3  1537 1372 1533
3  1532 362 1149
3  1147 1145 983
3  934 870 869
3  1145 934 983
3  934 869 983
3  931 117 1146
3  117 116 1146
3  1634 1659 1376
3  1377 1659 1660
3  1659 1377 1376
3  1634 583 1534
3  1421 1152 1373
3  1635 758 1421
3  1372 1537 1373
3  1148 1375 1637
3  967 1197 975
3  1197 1189 975
3  716 363 1153
3  363 1532 1153
3  1532 1533 1531
3  1533 1337 1531
3  904 906 719
3  906 717 719
3  671 673 1347
3  673 139 1347
3  1393 1406 740
3  673 740 1638
3  1391 947 943
3  947 946 943
3  1393 1162 1407
3  1162 946 1407
3  1154 939 1695
3  206 741 1156
3  1346 1345 1696
3  1697 1640 1698
3  86 1699 1696
3  1506 1641 311
3  1697 1698 1508
3  1592 1671 1543
3  939 1327 1695
3  1327 1326 1695
3  944 1326 945
3  945 1326 1380
3  923 1367 1361
3  1367 1650 1362
3  1394 1391 956
3  1391 1163 956
3  1401 1392 957
3  1392 955 957
3  1167 951 1657
3  950 896 951
3  1410 1655 1411
3  1545 898 1096
3  1543 1671 1590
3  1163 1380 1700
3  1380 1328 1381
3  1380 1326 1328
3  1548 1645 1654
3  1701 1549 1702
3  1359 1125 1703
3  1120 1550 1121
3  1653 1492 430
3  1492 1549 1701
3  1669 1647 1648
3  1131 1648 1490
3  1682 1678 1617
3  912 1650 1704
3  1027 1650 914
3  1650 912 914
3  1650 1120 1704
3  1120 1119 1704
3  1401 1654 1400
3  1654 1645 1399
3  1489 1396 1556
3  1645 1556 1399
3  898 1396 1096
3  1396 1489 1097
3  1639 1404 1542
3  1404 284 1542
3  1404 1639 948
3  1639 946 948
3  1179 402 1405
3  402 284 1405
3  734 1387 735
3  733 920 734
3  1409 1416 1171
3  1410 1409 1658
3  1394 737 1642
3  949 1560 1395
3  1168 1412 1169
3  1412 1383 1169
3  737 1559 738
3  1559 1385 738
3  1160 402 1181
3  402 1179 1181
3  1389 1157 1558
3  1157 1159 1558
3  1655 1410 1555
3  1554 1655 1555
3  1415 747 1170
3  747 746 1170
3  729 728 1175
3  1174 958 960
3  727 729 1185
3  729 1135 1185
3  728 743 1175
3  743 1173 1175
3  1178 1177 1564
3  1172 1178 1564
3  1111 1615 1523
3  1111 1110 1615
3  860 770 1422
3  1422 770 772
3  771 982 772
3  982 1567 772
3  681 767 425
3  767 423 425
3  390 1583 391
3  1583 1567 391
3  300 585 1295
3  585 584 1295
3  989 1295 990
3  1295 1083 990
3  1425 1569 781
3  1569 1572 781
3  1570 670 492
3  670 669 492
3  863 865 663
3  865 249 663
3  814 1272 813
3  714 445 811
3  1283 881 697
3  881 222 697
3  693 1284 1662
3  1284 839 1662
3  686 685 694
3  839 694 1663
3  1282 89 529
3  89 221 529
3  1455 693 1456
3  693 692 1456
3  1282 1456 1052
3  1456 692 1052
3  1311 1085 1664
3  689 1311 1664
3  1308 1482 1306
3  1482 1086 1306
3  1285 292 1576
3  292 379 1576
3  1059 1483 1585
3  882 462 461
3  1485 1484 1064
3  1063 1485 1064
3  1586 1462 1464
3  1463 1462 1468
3  1292 1472 1579
3  1472 1068 1579
3  1069 1070 345
3  1070 343 345
3  1474 586 656
3  586 654 656
3  1081 1580 1582
3  1580 435 1582
3  434 843 977
3  843 346 977
3  656 655 1075
3  655 104 1082
3  341 1479 342
3  341 984 1479
3  433 1580 1476
3  1296 1297 1668
3  666 507 1301
3  507 779 1301
3  1290 884 688
3  884 687 688
3  1665 1057 528
3  1057 1059 1585
3  1058 636 1059
3  636 1087 1059
3  1094 1647 429
3  1588 1686 1705
3  1670 1116 1706
3  1116 1115 1706
3  85 1349 1348
3  85 84 1349
3  1509 1403 547
3  1686 1588 1687
3  1365 713 1630
3  713 1330 1630
3  204 709 1597
3  214 1333 1103
3  1633 190 927
3  1707 1684 1708
3  926 1368 1628
3  1627 1628 399
3  1709 1710 1711
3  190 1633 191
3  205 204 216
3  1500 205 216
3  1495 1497 1552
3  1551 1599 1601
3  1712 1713 1714
3  1612 1622 1715
3  1716 1510 1604
3  63 209 1604
3  1595 1496 1623
3  1526 1712 1714
3  1510 1595 64
3  1595 1520 64
3  1107 1269 721
3  1269 703 721
3  1104 395 1608
3  1608 1684 1675
3  1717 1718 1719
3  205 1500 1710
3  763 513 876
3  513 436 876
3  500 970 969
3  970 769 969
3  1610 397 1575
3  1342 606 1343
3  1675 1707 1719
3  1036 398 612
3  611 1114 612
3  1114 816 612
3  1707 1708 1134
3  1661 1370 538
3  1272 814 1503
3  814 1342 1503
3  1688 1720 1591
3  1720 1670 1591
3  1491 1509 546
3  1403 1686 1688
3  1125 1126 1703
3  1514 1121 1721
3  1125 1124 1689
3  1124 1126 1689
3  1650 1027 1362
3  1027 941 1362
3  1615 1614 1523
3  1690 1523 1521
3  1527 1693 1166
3  1616 1682 1617
3  274 1030 1528
3  1030 1323 1528
3  1522 1523 1690
3  1677 1690 1521
3  1138 1529 1322
3  1529 1517 1322
3  1518 958 1566
3  1692 1518 1621
3  1321 1369 100
3  1098 541 1369
3  1165 1527 1166
3  1527 1325 1693
3  1646 1722 1723
3  1643 1095 1097
3  1643 1097 1352
3  1398 1351 1353
3  1651 1553 1624
3  1120 1650 1651
3  1340 1724 450
3  1632 1631 1341
3  1725 1718 1726
3  215 1725 1726
3  1100 1724 1631
3  808 1632 1341
3  1575 1343 1498
3  1343 606 449
3  1632 1530 1631
3  1530 1099 1631
3  807 809 1098
3  809 539 1098
3  608 607 1613
3  607 812 1613
3  760 718 1418
3  718 717 1418
3  1148 389 1375
3  389 1195 1375
3  576 578 983
3  578 1147 983
3  968 967 1660
3  1634 548 583
3  1659 1634 1534
3  968 1659 1534
3  1150 1376 1151
3  1634 1376 1539
3  967 975 1660
3  1421 1373 1535
3  1535 1373 1538
3  1374 1195 1727
3  718 1153 1531
3  1153 1532 1531
3  1541 937 1638
3  937 139 1638
3  1327 939 1540
3  1327 1540 1507
3  671 1382 1156
3  1382 206 1156
3  1699 1641 1696
3  86 85 1699
3  1345 86 1696
3  1641 1506 1728
3  1671 1317 1319
3  1328 1327 1590
3  1593 1687 1594
3  1687 1588 1594
3  739 672 940
3  672 1155 940
3  1326 944 1695
3  944 1154 1695
3  897 896 950
3  896 1644 951
3  1401 957 1700
3  957 1163 1700
3  951 1644 1657
3  1167 949 951
3  1625 1168 1657
3  1168 1167 1657
3  1640 741 1672
3  1540 939 1697
3  1131 1133 1729
3  1398 1397 1721
3  1397 1515 1721
3  1132 1397 1133
3  1713 1712 1730
3  1616 1652 1730
3  1548 1492 1653
3  1686 1403 1705
3  1589 1701 1702
3  431 1701 1705
3  1515 1397 1128
3  1669 1648 1729
3  1549 1654 1402
3  1654 1401 1402
3  898 897 1399
3  1654 1399 1400
3  1556 1646 1723
3  1556 1645 1646
3  1542 1541 1408
3  1541 1406 1408
3  1405 1404 1557
3  948 947 1642
3  1642 736 1557
3  736 1179 1557
3  1412 1168 735
3  1168 1625 1413
3  1413 1625 1658
3  1625 1410 1658
3  1655 1547 1563
3  1655 1563 1411
3  1563 1544 1411
3  1544 954 1416
3  1170 1562 1171
3  1658 1409 1656
3  1559 737 1560
3  1560 737 1395
3  956 955 1395
3  955 949 1395
3  1545 1096 1554
3  1096 1095 1554
3  1547 922 1563
3  922 924 1563
3  1390 1184 310
3  1184 308 310
3  1565 1174 1564
3  1174 1173 1564
3  1184 1183 917
3  1183 1176 917
3  861 1422 1581
3  1422 1583 1581
3  668 667 1205
3  667 1572 1205
3  990 1205 991
3  1205 1572 991
3  780 1300 1302
3  1300 316 1302
3  863 663 493
3  663 1568 493
3  1569 1425 872
3  1425 1570 872
3  1574 1573 813
3  1573 714 813
3  232 1480 1731
3  1480 1283 1731
3  694 693 1663
3  689 1664 1458
3  694 685 1310
3  685 888 1310
3  1458 1664 1459
3  1664 1481 1459
3  1311 1457 1312
3  1457 699 1312
3  1485 1063 1466
3  1063 1487 1465
3  1487 1062 1667
3  1062 1467 1468
3  1484 1463 1064
3  1463 1467 1064
3  655 1082 1075
3  1082 1073 1075
3  1477 1476 1732
3  1479 1477 1732
3  1081 342 1732
3  342 1479 1732
3  1075 1074 1297
3  1477 1668 1478
3  463 1665 1666
3  527 1665 528
3  1058 1057 463
3  1486 882 883
3  462 635 1733
3  635 1058 1733
3  1090 82 1585
3  82 526 1585
3  1647 430 429
3  1647 1669 430
3  1592 311 313
3  1122 545 1591
3  1403 1509 429
3  1509 1094 429
3  1505 313 1350
3  1349 1116 1504
3  1641 1699 312
3  1699 85 312
3  1688 1687 1720
3  1687 1593 1720
3  1627 1600 1364
3  1630 1331 1493
3  1597 709 1333
3  709 708 1333
3  1628 1368 399
3  1368 273 399
3  1633 927 1629
3  927 926 1629
3  1494 1629 1626
3  1629 1628 1626
3  1493 1602 1676
3  1673 1709 192
3  205 1710 1139
3  1602 1332 1598
3  1510 1716 1497
3  1716 1551 1552
3  275 1524 1551
3  1497 1716 1552
3  1734 1612 1715
3  1514 1355 1363
3  1600 1603 1605
3  1603 210 1605
3  1551 1716 1599
3  1603 1599 1604
3  1510 63 1604
3  1599 1716 1604
3  1714 1713 1735
3  1519 1520 1623
3  712 711 1606
3  721 703 705
3  1608 1108 1336
3  1335 1684 1336
3  1333 1102 1103
3  1102 395 1103
3  1709 1694 192
3  191 1673 192
3  204 1597 216
3  1597 214 216
3  397 396 1575
3  1343 1575 1344
3  1114 611 1607
3  611 1609 1607
3  704 908 1370
3  908 910 1370
3  1122 1587 1123
3  1122 1115 1587
3  1491 546 1316
3  546 1315 1316
3  1678 913 1617
3  913 912 1617
3  1681 1680 1679
3  1526 1495 1680
3  913 1678 1677
3  1678 1681 1679
3  1528 1527 1165
3  1693 1522 1166
3  1523 1614 1521
3  1614 1027 1521
3  1690 1677 1166
3  1677 1164 1166
3  1322 1321 1691
3  1138 1322 1691
3  1566 1565 1112
3  1112 1111 1620
3  1325 1324 1692
3  1029 101 100
3  1351 1550 1352
3  1550 1643 1352
3  1651 1367 1553
3  1367 923 1553
3  1718 1685 1736
3  1694 1709 1711
3  1684 1683 1708
3  1339 1675 1719
3  1694 1711 1737
3  1726 1718 1736
3  1631 1724 1341
3  1724 1340 1341
3  1369 1029 100
3  959 1518 102
3  1537 1637 1538
3  1537 1149 1637
3  583 1198 1534
3  1198 1188 1534
3  1150 1378 1539
3  1378 548 1539
3  1635 1535 1536
3  1374 1727 1536
3  1377 1727 1151
3  1727 1195 1151
3  1727 1636 1536
3  1727 1377 1636
3  939 940 1697
3  940 1155 1697
3  1641 1728 1696
3  1728 1346 1696
3  1671 1594 1317
3  1594 1588 1317
3  1380 1379 1700
3  1379 1401 1700
3  1549 1402 1702
3  1402 1379 1702
3  1515 1514 1721
3  1514 1119 1121
3  1358 1519 1622
3  1126 1513 1127
3  1121 1351 1721
3  1351 1398 1721
3  1648 1093 1490
3  1648 1131 1729
3  1314 1359 1490
3  1359 1131 1490
3  1359 1703 1132
3  1355 1515 1127
3  1398 1353 1738
3  1352 1489 1353
3  897 1392 1400
3  1392 1401 1400
3  1646 1653 1722
3  1653 1669 1722
3  1722 1729 1738
3  1722 1738 1723
3  920 733 1656
3  733 1658 1656
3  1625 1644 1555
3  1644 1545 1555
3  1544 1416 1411
3  1416 1409 1411
3  390 1582 978
3  1582 435 978
3  1283 230 1731
3  230 232 1731
3  687 884 1459
3  884 150 1459
3  1056 1288 1466
3  1288 1484 1466
3  1468 1586 1667
3  1586 1487 1667
3  1477 1199 1668
3  1199 1475 1668
3  1476 1580 1732
3  1580 1081 1732
3  1297 1074 1478
3  1074 1584 1478
3  1057 1585 528
3  1585 526 528
3  1492 1701 431
3  1403 431 1705
3  1403 1688 547
3  1688 545 547
3  1504 1670 1505
3  312 85 1348
3  1592 1543 311
3  1543 1506 311
3  1670 1720 1505
3  1720 1593 1505
3  1670 1706 1591
3  1706 1115 1591
3  1605 1365 1364
3  1630 1493 1366
3  1676 1602 1674
3  191 1633 1676
3  1495 1552 1619
3  1552 1524 1619
3  1600 1627 1601
3  1627 399 1601
3  1713 1730 1739
3  1119 1363 1649
3  1623 1496 1714
3  1496 1526 1714
3  1661 1683 1136
3  1606 711 722
3  1136 1683 1606
3  1683 1335 1606
3  1101 613 1336
3  613 1334 1336
3  1694 450 1740
3  1100 190 192
3  1709 1673 1710
3  1673 1674 1139
3  707 1503 1344
3  1503 1342 1344
3  537 1741 1134
3  1607 1609 1717
3  1370 910 538
3  910 536 538
3  1315 546 1123
3  546 545 1123
3  1739 1734 1715
3  1354 1734 1739
3  1622 1519 1735
3  1713 1739 1715
3  1528 1165 1618
3  1165 1164 1618
3  1682 1712 1681
3  1712 1526 1681
3  1692 1324 961
3  1324 1032 1691
3  1565 1177 1112
3  1177 1110 1112
3  1324 1691 961
3  1691 1321 961
3  1693 1621 1620
3  1693 1325 1621
3  1553 1546 1624
3  1546 1643 1624
3  1725 215 1105
3  215 214 1105
3  1718 1725 1339
3  1725 1105 1339
3  1710 1500 1711
3  1711 1726 1736
3  1683 1661 1708
3  1741 1707 1134
3  449 448 1498
3  1685 1499 1736
3  1724 1100 1740
3  450 1724 1740
3  448 1737 1499
3  448 1694 1737
3  101 959 102
3  961 1321 100
3  1637 1375 1538
3  1375 1374 1538
3  975 1636 1660
3  1636 1377 1660
3  1636 974 1536
3  974 1635 1536
3  1590 1327 1507
3  1697 1155 1640
3  1672 1346 1698
3  1640 1672 1698
3  1589 1702 1318
3  1702 1379 1318
3  1127 1515 1128
3  1397 1132 1128
3  1127 1513 1356
3  1355 1127 1356
3  1738 1353 1723
3  1722 1669 1729
3  1729 1133 1738
3  1133 1398 1738
3  1353 1489 1723
3  1489 1556 1723
3  1171 1562 1656
3  1562 920 1656
3  461 1286 883
3  1286 1487 883
3  462 1733 463
3  1733 1058 463
3  527 461 1666
3  461 463 1666
3  1701 1589 1705
3  1589 1588 1705
3  1349 1504 1350
3  1505 1593 313
3  1494 1626 1366
3  1626 1364 1366
3  1602 1598 1674
3  1710 1673 1139
3  1618 1680 1619
3  1680 1495 1619
3  1354 1652 1363
3  1363 1652 1649
3  1712 1682 1730
3  1682 1616 1730
3  912 1704 1649
3  1704 1119 1649
3  721 705 722
3  705 1606 722
3  1100 192 1740
3  192 1694 1740
3  1718 1717 1685
3  1717 1609 1685
3  537 1607 1741
3  1607 1717 1741
3  1512 1612 1516
3  1612 1734 1516
3  1730 1652 1739
3  1652 1354 1739
3  1715 1622 1735
3  1713 1715 1735
3  1680 1618 1679
3  1618 1164 1679
3  274 1528 1525
3  1528 1618 1525
3  1621 1566 1620
3  1566 1112 1620
3  1684 1707 1675
3  1718 1339 1719
3  1707 1741 1719
3  1741 1717 1719
3  1711 1500 1726
3  1500 215 1726
3  1518 1692 102
3  1692 961 102
3  741 1118 1672
3  1118 1117 1672
3  1318 1381 1319
3  1318 1379 1381
3  1328 1590 1319
3  1590 1671 1319
3  1516 1734 1356
3  1734 1354 1356
3  1132 1703 1128
3  1703 1126 1128
3  313 312 1350
3  312 1348 1350
3  1674 1598 1139
3  1598 203 1139
3  1685 1610 1499
3  1610 1498 1499
3  1708 1661 1134
3  1661 538 1134
3  1519 1623 1735
3  1623 1714 1735
3  1499 1737 1736
3  1737 1711 1736
3  1346 1728 1698
3  1540 1697 1508
3  1698 1728 1508
3  1728 1506 1508
