OFF
1742 3480 0
10.989 0.606588 1.12957
10.9274 1.21114 1.12316
10.9633 0.909244 1.1269
-332.905 -49.2158 433.147
-296.612 48.3509 435.896
-294.834 156.586 435.896
-7.17608 7.54353 -0.736506
-6.8379 7.67093 -0.702392
-7.09727 7.4758 -0.728965
-3.81573 5.1742 -0.402904
-3.70233 5.35691 -0.391188
-3.64123 5.27532 -0.384972
14.8669 212.992 144.916
-0.338727 9.94603 -0.0348413
-0.677143 9.93189 -0.0696496
17.8837 -177.665 116.877
27.7155 -283.583 215.417
-79.2275 -310.998 255.173
479.842 0 435.896
-70.082 -340.91 435.896
116.213 -317.376 435.896
79.0582 150.2 109.554
127.768 130.408 115.912
4.91149 8.90472 0.504475
-4.29163 7.42795 -0.447549
-4.53979 7.30687 -0.473126
-4.34774 7.51228 -0.452994
-256.304 63.7489 192.601
-172.207 93.4231 135.536
-173.947 58.8426 125.261
283.332 -240.488 382.942
131.659 -329.011 321.421
242.319 -206.308 256.334
8.37676 -6.45276 0.859686
-3.06442 -5.1216 -0.325641
8.59349 -6.21552 0.881958
-270.682 -181.901 235.376
-48.4262 -377.732 322.449
-379.479 65.4738 323.964
-248.044 -78.625 181.636
-356.398 -22.1279 415.387
-340.393 81.1461 430.423
-294.901 -235.948 404.68
-348.888 -178.216 373.858
-198.985 -322.988 388.43
223.327 177.195 216.735
407.114 0 265.837
405.905 0 264.457
-1.0227 -415.376 427.858
62.7956 324.229 435.896
151.035 318.5 434.529
-4.61709 378.023 430.471
-210.684 183.802 435.896
-13.4865 317.971 435.896
-3.99393 6.11718 -0.4202
-3.84469 6.30671 -0.404603
-3.78792 6.22267 -0.39893
22.2419 321.176 435.896
268.625 -246.072 424.992
64.7762 -158.319 109.668
0.338722 -9.94603 0.0348413
0.677152 -9.93189 0.0696499
-6.90497 -6.16633 -0.713808
-6.60983 -6.29075 -0.684043
-6.69088 -6.35636 -0.692005
-288.709 243.018 418.253
204.286 341.005 388.739
309.016 244.617 381.923
447.354 0 321.503
446.58 0 320.164
-191.188 238.513 435.896
-254.156 214.583 431.768
-57.4267 176.561 121.471
-62.6582 111.875 82.2733
-132.673 260.681 215.892
78.6607 195.504 147.351
243.456 -267.637 405.9
234.391 231.557 435.896
71.5892 386.094 395.405
-125.903 358.866 393.858
-357.463 -71.9495 382.763
10.7584 -2.10965 1.10558
13.7737 -1.85348 2.68806
13.7088 -2.11691 2.68049
-119.032 -139.032 119.938
-7.91918 -6.90891 -0.812709
-7.67881 -7.1273 -0.788049
-3.63281 6.40783 -0.382674
-2.88945 4.5336 -0.307708
-2.94629 4.61774 -0.313588
10.0134 4.13085 1.02832
-188.102 -332.32 385.742
-175.663 -324.526 410.053
-251.732 -220.028 434.521
-170.226 -296.122 434.523
-195.971 -253.883 435.896
-21.443 -343.994 435.896
201.879 -285.081 427.677
7.43102 7.33891 0.76264
7.67881 7.12729 0.78805
-4.01397 -7.00467 -0.420417
-4.06912 -7.08954 -0.425831
-4.24694 -6.89209 -0.444471
-5.35063 7.90094 -0.552944
-5.28685 7.82126 -0.546842
-5.55033 7.67079 -0.57387
-93.1148 150.168 123.414
351.156 0 211.084
349.476 0 209.653
84.7705 313.208 275.53
167.51 264.341 253.339
-48.3677 224.55 166.092
-2.35423 9.72045 -0.242063
55.7804 158.951 112.119
0.338726 9.94603 0.0348412
-10.2754 3.56765 -1.05545
-10.1492 3.85095 -1.04238
-6.57296 5.91199 -0.681039
-3.68675 6.49338 -0.38805
-3.46908 6.58994 -0.365472
1.01497 9.90835 0.104393
0.677142 9.93189 0.0696495
173.471 225.26 218.179
-2.90098 4.86547 -0.30884
-2.95533 4.95092 -0.314436
9.19312 5.46999 0.943657
-3.06443 5.1216 -0.325641
8.5935 6.21551 0.881958
8.80194 5.97246 0.903391
-287.991 -43.1387 435.896
169.73 268.79 435.896
-342.339 -55.3981 420.818
-1.68761 9.83309 -0.173554
-3.57348 7.83737 -0.372967
-3.62018 7.92629 -0.377468
-151.426 -86.301 115.23
-144.238 -115.504 122.695
-226.134 -28.4826 160.625
-64.2839 -180.946 135.288
-5.51114 -8.6129 -0.565923
-9.19312 5.47 -0.943657
-7.54243 6.27153 -0.777191
-7.45611 6.2117 -0.768729
-3.21765 -4.70146 -0.341595
-3.11762 -4.86969 -0.331252
-3.27773 -4.78373 -0.347778
190.076 -285.1 431.782
5.80332 -8.45447 0.595858
6.09002 -8.28787 0.625228
128.515 -127.535 111.896
10.6818 2.4059 1.09761
10.6818 -2.40589 1.09761
10.4985 -2.99194 1.07858
450.353 0 326.851
410.675 0 269.969
101.399 -169.174 125.011
286.836 0 161.618
137.411 116.759 115.704
288.94 0 163.098
149.838 70.8027 102.619
251.448 0 137.751
249.13 0 136.247
163.474 0 84.312
160.771 0 82.763
218.348 -284.312 378.584
208.804 -290.838 390.826
-4.83754 7.71864 -0.501938
-4.57411 7.84848 -0.474836
-4.77758 7.63654 -0.496163
-4.03574 8.08552 -0.419344
-3.98522 7.99835 -0.414502
-4.19945 7.79957 -0.436984
-3.9784 9.27782 -0.408803
-4.2935 9.16223 -0.44112
-2.68453 9.65022 -0.275993
-248.616 176.653 230.147
-293.487 230.835 363.934
-13.0065 310.948 250.587
185.235 256.267 261.642
37.4434 291.5 238.836
-3.25981 5.80646 -0.345193
-3.31263 5.89263 -0.350533
-3.11631 5.97869 -0.330114
-3.175 -4.9535 -0.337149
-3.00981 -5.0363 -0.320036
1.68761 9.83309 0.173553
2.02183 9.78142 0.207906
-3.31696 6.32845 -0.350289
-3.26657 6.24113 -0.345238
-3.472 6.15062 -0.366581
-4.682 -5.20901 -0.491113
-4.50382 -5.33552 -0.472983
-4.75464 -5.28239 -0.498455
-3.17408 5.29196 -0.336864
-3.11918 5.20682 -0.33125
-3.29018 5.12087 -0.348955
4.2935 9.16223 0.44112
4.60463 9.03782 0.473021
-266.242 -126.326 435.896
247.128 222.997 435.896
-5.71882 6.59764 -0.594051
-5.79197 6.67046 -0.601227
-5.49209 6.75302 -0.570874
-4.7851 -5.63633 -0.501322
-5.04689 -5.57449 -0.527876
-4.97358 -5.50168 -0.520513
-6.37092 -8.11331 -0.654005
-6.64575 -7.93094 -0.682162
-156.614 -65.9756 110.876
-10.6818 -2.4059 -1.09761
-10.7584 -2.10965 -1.10558
-173.518 -182.318 175.739
-10.9633 -0.90925 -1.1269
-10.989 -0.606588 -1.12957
-5.08226 -5.29056 -0.531613
-4.05395 -5.14589 -0.427256
-3.94366 -5.33373 -0.41591
-4.12073 -5.22375 -0.434041
208.756 -259.758 434.521
238.475 -225.418 435.896
394.5 0 251.984
393.175 0 250.592
-2.84676 4.77993 -0.303249
9.37551 5.21111 0.962453
448.873 0 324.179
448.119 0 322.841
449.618 0 325.515
124.119 -141.922 117.734
4.91149 -8.90472 0.504475
119.194 0 59.4069
116.359 0 57.8425
104.954 0 51.5768
12.2349 -5.19629 2.51337
96.3157 -0.049635 46.8678
-3.0098 5.0363 -0.320036
9.00187 5.72386 0.923963
101.116 -352.336 358.316
-1.35189 9.8754 -0.139038
-4.43391 5.25997 -0.465911
-4.36417 5.18429 -0.458844
-4.60951 5.13548 -0.483777
-4.24414 9.07454 -0.436533
-4.19497 8.98675 -0.431952
-4.44704 8.77934 -0.458303
-4.14601 8.89887 -0.427377
-4.09725 8.81089 -0.422809
-4.343 8.6065 -0.448524
-6.39763 6.85697 -0.661412
-6.70795 6.74255 -0.692735
-6.47453 6.92652 -0.66889
-6.35212 7.64078 -0.654171
-6.01794 7.73935 -0.620425
-6.27927 7.56777 -0.647191
-3.40593 5.28789 -0.36078
-3.58028 5.19363 -0.378762
-3.46402 5.37126 -0.3667
-167.258 330.832 391.007
-235.254 267.222 351.35
-200.126 313.968 404.613
-164.968 277.173 431.756
-3.78497 7.64876 -0.395196
-3.41821 6.50286 -0.360406
-3.24885 6.6803 -0.342571
-3.2011 6.59178 -0.337819
-3.52544 6.23645 -0.37194
-3.36751 6.4157 -0.355345
-3.50656 5.80099 -0.370643
-3.69794 5.70379 -0.390426
-3.56251 5.88551 -0.37629
-4.34961e-07 9.95074 -4.79712e-08
-3.34258 7.39159 -0.350541
-3.39832 4.94797 -0.360158
-3.49851 4.7735 -0.370472
-3.56167 4.85384 -0.376949
-4.86609 -6.07182 -0.509014
-4.9349 -6.1481 -0.515864
-5.14055 -6.00916 -0.53687
-4.18766 5.30148 -0.44083
-4.25475 5.3791 -0.447625
-4.00787 5.41332 -0.422421
-3.1577 4.61911 -0.335417
-3.1577 -4.61911 -0.335416
6.91424 -7.74095 0.709671
6.64576 -7.93094 0.682162
-3.25981 -5.80646 -0.345193
-4.60463 -9.03782 -0.473021
-3.78839 4.83329 -0.400168
-3.72237 -4.75486 -0.393407
-3.78839 -4.83329 -0.400167
-3.28431 5.46198 -0.348104
-3.22912 5.37701 -0.342481
-4.53718 5.06181 -0.476445
12.053 5.44094 2.49333
11.8618 5.6827 2.47242
5.21375 8.76303 0.535452
6.91424 7.74095 0.709671
6.64576 7.93094 0.682162
-178.96 310.92 420.883
-61.9721 309.077 264.301
-6.20664 7.49458 -0.640219
-5.8783 7.58853 -0.607043
-6.13423 7.42121 -0.633253
-9.54887 4.94749 -0.980333
-9.71306 4.67939 -0.997282
-5.51113 8.6129 -0.565923
-5.80332 8.45446 -0.595858
-3.65965 9.3845 -0.3761
-3.88679 9.09927 -0.400296
-3.9325 9.18859 -0.404546
-3.71411 -8.10389 -0.386489
-3.76133 -8.19257 -0.391007
-3.93488 -7.91109 -0.409667
-6.86213 -7.27135 -0.706384
-6.94028 -7.3397 -0.713904
-7.1881 -7.14204 -0.739276
-10.0134 -4.13085 -1.02832
-115.427 89.4828 101.016
-8.15191 6.68399 -0.836596
-8.37675 6.45278 -0.859686
-4.01019 5.76327 -0.42234
-4.20145 5.65142 -0.441983
-4.07225 5.84421 -0.428586
-155.211 22.7068 108.495
-11.0044 0.303425 -1.13118
225.287 0 121.13
222.837 0 119.611
317.046 0 183.651
318.957 0 185.108
451.079 0 328.186
261.356 -156.483 236.736
337.357 0 199.597
335.575 0 198.155
-3.52695 7.74837 -0.36847
-3.48061 7.65929 -0.36398
-3.68594 7.47342 -0.385578
-3.62268 6.85066 -0.380703
-3.79512 6.6642 -0.398816
-3.84957 6.74946 -0.404208
-2.02183 9.78142 -0.207906
-3.66705 8.01513 -0.381976
-3.33754 9.48218 -0.343044
-5.93888 6.81558 -0.615598
-6.01263 6.88788 -0.622793
-5.70427 6.97727 -0.591607
-4.00032 8.63467 -0.413692
-4.18848 8.34645 -0.433905
-4.23979 8.43324 -0.438772
-4.65828 7.47195 -0.484632
-4.59894 7.38947 -0.478876
-4.84628 7.25954 -0.50432
-4.01397 7.00467 -0.420417
-3.77782 7.11059 -0.395983
-3.95899 6.91971 -0.415008
-4.68864 8.56672 -0.483588
-4.49935 8.86561 -0.463202
-5.15452 8.68054 -0.529907
-5.44879 8.53231 -0.56007
-5.21375 8.76303 -0.535452
-5.73798 8.37585 -0.589706
-5.88595 8.0577 -0.605914
-6.15845 7.88946 -0.633835
-5.95374 8.1346 -0.612345
-9.19312 -5.47 -0.943657
-10.8249 1.81159 -1.11249
-10.8812 1.51201 -1.11835
-329.444 -2.58351 433.141
-3.29675 6.76874 -0.347328
-3.38842 7.4809 -0.355015
-3.58763 7.29774 -0.375983
-3.43443 7.57013 -0.359495
-1.01497 9.90835 -0.104393
-3.41872 6.06471 -0.361226
2.35423 9.72045 0.242063
2.68453 9.65022 0.275993
-3.53873 7.20978 -0.371194
6.09002 8.28788 0.625228
-3.16625 6.06625 -0.335151
-3.21633 6.15373 -0.340192
5.51113 8.6129 0.565923
11.6615 5.9213 2.45062
113.518 0 56.2773
-3.45077 5.71637 -0.365001
-3.58067 5.53772 -0.378553
-3.63923 5.6208 -0.384487
-3.175 4.9535 -0.337148
-3.11762 4.86969 -0.331252
10.0134 -4.13085 1.02832
-2.88945 -4.5336 -0.307708
10.1492 -3.85094 1.04238
-10.5951 2.70009 -1.08861
-10.6818 2.4059 -1.09761
-5.26056 6.90173 -0.547169
-5.42176 6.67794 -0.563976
-3.62496 4.93409 -0.383431
-3.6884 5.01423 -0.389917
-4.78133 5.00569 -0.501203
-4.53718 -5.06181 -0.476445
-3.47199 -6.15063 -0.36658
-3.61862 -5.96995 -0.381942
-3.41872 -6.06471 -0.361226
-4.99784 -5.86048 -0.522633
-4.79747 -5.99539 -0.502171
-5.06911 -5.93489 -0.529749
-3.0124 -9.57077 -0.309664
-2.68454 -9.65022 -0.275993
-4.29349 -9.16223 -0.441119
-3.23251 5.03723 -0.343049
-3.33796 4.8659 -0.353966
-4.12073 5.22374 -0.434041
-3.94367 5.33372 -0.41591
-3.87962 5.25402 -0.409404
-3.51948 5.11185 -0.372556
7.91918 6.90891 0.812709
8.15191 6.68399 0.836595
-3.05004 5.46099 -0.323883
-3.10226 5.54747 -0.329204
-4.19688 6.00575 -0.441094
-4.05363 6.19954 -0.42617
-4.85633 5.07713 -0.508798
-3.82499 5.51978 -0.403633
-3.88656 5.60105 -0.409864
-3.75681 5.78667 -0.396371
6.37093 8.11331 0.654005
-3.61862 5.96994 -0.381942
-3.81584 5.86946 -0.40232
-3.67489 6.05428 -0.387599
-4.35478 6.60964 -0.456109
-4.51149 6.40752 -0.472463
-4.57495 6.4875 -0.478753
-4.13112 6.72537 -0.433052
-4.07348 6.64185 -0.427351
-4.2942 6.52785 -0.45011
-7.23995 -6.41737 -0.746674
-6.93516 -6.55196 -0.715928
-7.01698 -6.61675 -0.723915
-152.591 -134.52 137.467
-5.0245 7.04368 -0.52296
-5.08951 7.12258 -0.529301
-4.66076 5.84211 -0.488502
-4.92675 5.78591 -0.515524
-4.72903 5.91882 -0.495334
8.1519 -6.68399 0.836596
313.185 0 180.732
311.236 0 179.271
472.448 0 381.054
472.799 0 382.365
409.499 0 268.593
2.35424 -9.72045 0.242063
-2.99796 -5.37442 -0.318567
-3.11918 -5.20682 -0.33125
-4.19686 -6.00576 -0.441094
-4.33133 -5.80955 -0.45505
-4.13447 -5.92504 -0.434837
380.712 0 238.007
379.267 0 236.602
141.599 0 71.8906
138.826 0 70.3334
144.364 0 73.4469
147.12 0 75.0022
220.376 0 118.09
217.904 0 116.568
8.80194 -5.97246 0.903391
9.00187 -5.72387 0.923963
19.9305 0.133753 5.8745
19.9333 0 5.87493
16.9561 0.20135 4.29349
-3.49 7.12173 -0.36641
-3.7508 8.83084 -0.387582
-3.95214 8.54643 -0.409143
-4.30676 7.9708 -0.447295
-4.51721 7.76461 -0.469365
-4.3607 8.05626 -0.452461
-5.75104 7.90342 -0.593075
-5.5433 8.13908 -0.571292
-5.47885 8.05985 -0.565169
-3.6367 7.38563 -0.380778
-3.82988 7.19705 -0.401088
-4.46053 7.68061 -0.463902
-4.40403 7.59651 -0.458444
-3.0124 9.57077 -0.309664
-3.66108 8.65149 -0.379136
-3.7141 8.10389 -0.386489
-4.30513 6.97527 -0.45019
-4.36351 7.05834 -0.455915
-4.12448 7.1743 -0.431252
-4.99131 6.59247 -0.520729
-4.76646 6.72667 -0.497662
-4.92448 6.51479 -0.514135
-4.60463 9.03782 -0.473021
-5.60796 8.21816 -0.577423
-5.32479 8.37069 -0.548388
-6.09002 8.28788 -0.625228
-6.02176 8.21132 -0.618783
-6.29988 8.03888 -0.647275
-7.18811 7.14204 -0.739277
-7.51212 7.00099 -0.771976
-7.26886 7.20788 -0.747057
-5.81838 7.98065 -0.599491
-6.86212 7.27135 -0.706384
-6.61022 7.45968 -0.680598
-6.53477 7.38886 -0.673348
-6.37093 8.11331 -0.654006
-6.64576 7.93093 -0.682162
-4.52744 6.04581 -0.474694
-7.91918 6.90891 -0.812709
-7.83359 6.84826 -0.804432
-6.91424 7.74095 -0.709671
-6.54953 6.60776 -0.677274
-6.62864 6.67525 -0.685001
-6.32095 6.78722 -0.65394
-7.88956 6.50861 -0.811099
-7.80249 6.44969 -0.802613
-8.19778 6.34098 -0.842243
-6.78746 6.80965 -0.700475
-7.099 6.68133 -0.731909
-6.86717 6.87655 -0.708222
-4.39652 5.88843 -0.461593
-4.33133 5.80955 -0.455051
-159.272 292.973 429.018
-3.44144 7.0336 -0.361632
-3.73132 6.13852 -0.393262
-3.57905 6.32218 -0.377305
-3.34482 6.85711 -0.352091
3.9784 9.27782 0.408803
-3.21765 4.70146 -0.341595
-3.4985 -4.77351 -0.370472
-5.57311 6.45149 -0.579719
-5.86504 6.36487 -0.609246
-5.64587 6.52465 -0.586882
16.946 -0.402805 4.2921
31.8163 0 12.1973
16.9292 -0.604439 4.28978
9.54887 4.94749 0.980333
-3.09789 -4.53667 -0.329242
-3.76358 5.4384 -0.397408
-3.56166 -4.85385 -0.376949
-3.72237 4.75486 -0.393407
324.612 0 189.47
326.471 0 190.921
-4.00786 -5.41333 -0.42242
-3.825 -5.51977 -0.403633
-3.57132 -6.76384 -0.375621
-3.39305 -6.94539 -0.356859
-3.62269 -6.85066 -0.380704
7.67881 -7.12729 0.788049
-3.15464 -5.63388 -0.334529
-3.10226 -5.54747 -0.329203
-7.099 -6.68133 -0.731909
-7.18122 -6.7457 -0.739909
-7.49318 -6.60338 -0.771389
-6.40803 5.78362 -0.66469
-10.3919 3.28123 -1.06752
-4.59316 6.12431 -0.481253
-4.79748 5.99539 -0.502171
-3.48999 -7.12173 -0.36641
-3.34257 -7.3916 -0.35054
-3.53873 -7.20978 -0.371194
-4.59893 -7.38947 -0.478876
-4.53979 -7.30687 -0.473126
-4.34773 -7.51228 -0.452993
1.01498 -9.90835 0.104393
-3.44144 -7.0336 -0.361632
1.18661e-07 -9.95074 1.3087e-08
-3.09789 4.53667 -0.329242
8.37675 6.45278 0.859686
-3.4355 -4.69305 -0.363999
-3.34798 5.20443 -0.354865
-3.39513 5.63166 -0.359364
-3.20715 5.72021 -0.339859
-3.9483 5.68221 -0.416099
-4.13676 5.57217 -0.435457
-3.36559 5.97871 -0.355877
-3.33965 5.54686 -0.353732
-5.61701 7.74849 -0.580265
-5.41463 7.98047 -0.559053
-4.25301 7.88524 -0.442137
-3.90163 6.39065 -0.410282
-4.11351 6.28178 -0.432147
-6.60983 6.29075 -0.684044
-6.39191 6.47218 -0.661839
-6.3134 6.40409 -0.654131
-4.53765 6.85429 -0.474142
-4.70244 6.64707 -0.491353
-6.49041 5.8479 -0.672862
-6.28755 6.02635 -0.652257
-6.20743 5.95978 -0.644326
-6.30973 7.17527 -0.651641
-6.06204 7.34765 -0.626295
-5.99006 7.27392 -0.619344
344.358 0 205.352
342.627 0 203.915
333.78 0 196.711
331.972 0 195.265
7.91919 -6.90891 0.81271
273.944 0 152.712
276.124 0 154.2
305.31 0 174.878
303.308 0 173.411
210.418 0 111.994
207.9 0 110.467
149.868 0 76.5564
463.053 0 353.415
463.59 0 354.736
478.004 0 408.518
478.175 0 409.824
430.916 0 295.914
429.948 0 294.558
408.312 0 267.215
-3.78792 -6.22267 -0.39893
-3.6328 -6.40783 -0.382674
-3.84469 -6.30671 -0.404603
1.68761 -9.83309 0.173554
2.02183 -9.78142 0.207906
-3.16625 -6.06625 -0.335151
-3.21632 -6.15373 -0.340192
-3.3656 -5.97871 -0.355877
-4.22515 5.03256 -0.444726
-3.98734 5.06791 -0.420477
-4.15587 4.9565 -0.437674
365.714 0 223.898
364.146 0 222.48
232.565 0 125.68
230.15 0 124.165
152.607 0 78.1097
122.021 0 60.9705
124.841 0 62.5333
130.458 0 65.6561
127.653 0 64.0951
176.845 0 92.0403
174.19 0 90.4969
-2.95532 -4.95092 -0.314436
9.19313 -5.46999 0.943657
11.6615 -5.9213 2.45062
11.8618 -5.6827 2.47242
246.8 0 134.742
244.457 0 133.235
260.596 0 143.753
258.327 0 142.255
13.916 1.06053 2.70476
13.8772 1.3252 2.7002
10.8249 -1.8116 1.11249
10.989 -0.606588 1.12957
-3.39304 6.9454 -0.356859
1.35189 9.8754 0.139038
-3.72594 7.02403 -0.390884
-4.8977 7.80061 -0.50772
-4.6312 7.93224 -0.480312
-3.84127 9.00988 -0.396052
-3.61728 9.29383 -0.37218
-3.90416 8.45809 -0.4046
-3.70585 8.74121 -0.383356
-4.13738 8.25957 -0.429045
-4.47651 6.77286 -0.468125
-4.24695 6.89208 -0.444472
-3.80876 8.28116 -0.395533
-3.76134 8.19256 -0.391008
-3.88472 7.82374 -0.404837
-3.79594 8.9204 -0.391814
-3.73537 7.56113 -0.390385
-5.84675 7.12594 -0.605462
-6.16077 7.03194 -0.637203
-5.9183 7.20002 -0.612399
-4.85545 8.8204 -0.499243
-4.79964 8.73596 -0.494018
-5.68391 7.82604 -0.586666
-5.67286 8.29709 -0.58356
-5.38668 8.45157 -0.554226
-6.68589 7.53029 -0.687856
-5.948 7.66403 -0.61373
-6.22905 7.96426 -0.640551
-7.57798 6.66495 -0.77964
-7.34626 6.87378 -0.755929
-7.26364 6.80985 -0.747916
-7.43102 7.33891 -0.76264
-7.67881 7.1273 -0.788049
-6.02176 -8.21133 -0.618782
-5.95374 -8.1346 -0.612345
-5.73797 -8.37586 -0.589705
-8.80193 5.97246 -0.90339
-9.00187 5.72386 -0.923963
-104.893 342.314 422.241
-3.52012 6.67693 -0.370544
-3.67422 6.93739 -0.385791
-4.23379 6.44594 -0.444116
-4.7914 6.35901 -0.500964
-4.6386 6.56735 -0.48505
3.33754 9.48218 0.343043
3.65965 9.3845 0.3761
5.80332 8.45446 0.595858
13.0071 -3.93854 2.59977
12.8709 -4.19393 2.58436
61.3706 0 27.9847
58.4287 0 26.4075
10.4985 2.99196 1.07858
-3.00327 4.70181 -0.319471
-3.06038 4.78579 -0.32536
93.4412 -0.0290309 45.2986
87.6591 0 42.1564
90.5558 0 43.7281
-3.4355 4.69305 -0.364
-3.27774 4.78373 -0.347778
12.2349 5.19629 2.51337
13.5528 -2.64201 2.66234
13.4615 -2.9034 2.65178
12.4077 -4.94901 2.5325
9.3755 -5.21112 0.962453
-3.06038 -4.78579 -0.325359
-3.51948 -5.11185 -0.372555
-3.40593 -5.28789 -0.36078
-3.58028 -5.19364 -0.378761
5.21375 -8.76303 0.535452
-3.31695 -6.32846 -0.350289
-11.0095 -9.62483e-07 -1.13171
-11.0044 -0.303424 -1.13118
-3.85456 4.91161 -0.406933
-3.85456 -4.91161 -0.406933
-3.92087 -4.98982 -0.413702
-10.8249 -1.81159 -1.11249
2.68454 -9.65022 0.275993
-10.9633 0.909248 -1.1269
-10.9274 1.21114 -1.12316
-4.97358 5.50168 -0.520513
-5.2337 5.43209 -0.546849
-5.04689 5.57449 -0.527876
-3.98734 -5.06791 -0.420477
-3.75198 -5.09427 -0.396408
-3.92088 4.98982 -0.413703
-3.62495 -4.9341 -0.38343
-3.22913 -5.37701 -0.342482
-3.05004 -5.46099 -0.323883
1.3519 -9.8754 0.139039
-0.338722 -9.94603 -0.0348413
-0.677147 -9.93189 -0.0696494
-3.43443 -7.57013 -0.359495
-7.54243 -6.27153 -0.777191
-7.45611 -6.2117 -0.768729
-9.00187 -5.72386 -0.923963
-4.18849 -8.34645 -0.433906
-4.00032 -8.63467 -0.413692
-4.2398 -8.43323 -0.438772
-4.68864 -8.56672 -0.483588
-4.86165 -8.26608 -0.502286
-4.63346 -8.48193 -0.478383
-5.88594 -8.05771 -0.605914
-5.67285 -8.29709 -0.58356
-6.572 -7.85869 -0.675153
-1.35189 -9.8754 -0.139038
-1.01497 -9.90835 -0.104393
-2.35424 -9.72045 -0.242063
-2.02183 -9.78142 -0.207906
-3.66108 -8.65149 -0.379136
-3.61648 -8.56171 -0.374921
-1.68761 -9.83309 -0.173553
-3.75199 5.09427 -0.396408
-3.15463 5.63388 -0.334529
7.17608 7.54353 0.736506
-3.52227 5.45454 -0.372624
-4.9349 6.1481 -0.515864
-5.00389 6.22424 -0.522719
-4.72513 6.28091 -0.494388
-4.682 5.209 -0.491113
-4.50382 5.33551 -0.472983
-4.8661 6.07181 -0.509015
-4.65905 6.20268 -0.487817
-5.41604 5.2841 -0.565321
-4.26631 5.73055 -0.448514
-4.13448 5.92504 -0.434837
-4.25944 6.08635 -0.447357
-3.95874 6.47449 -0.415966
-4.01602 6.55822 -0.421655
-3.93455 7.36968 -0.411314
-4.41555 6.69131 -0.462113
-3.74085 6.57884 -0.39343
-4.17356 6.36392 -0.438129
-4.89509 6.88544 -0.510299
-5.05833 6.67 -0.527329
-5.12555 6.74739 -0.533936
-4.08646 8.1726 -0.424191
-7.62893 6.33114 -0.785658
-7.23995 6.41737 -0.746674
-5.78973 6.29385 -0.601819
-5.50054 6.37817 -0.572562
-8.5935 6.21551 -0.881958
-8.28718 6.397 -0.850961
-7.66298 6.72628 -0.787897
-7.42909 6.9375 -0.763949
347.782 0 208.221
346.077 0 206.787
340.883 0 202.477
339.127 0 201.038
7.17609 -7.54352 0.736506
328.317 0 192.371
265.095 0 146.745
269.545 0 149.732
267.326 0 148.239
182.125 0 95.1235
179.49 0 93.5825
187.365 0 98.202
184.75 0 96.6634
457.174 0 340.167
457.804 0 341.495
468.017 0 366.604
468.464 0 367.92
475.828 0 395.456
476.083 0 396.764
479.338 0 421.561
479.425 0 422.864
440.026 0 309.422
439.161 0 308.076
421.818 0 283.672
420.753 0 282.307
-3.95874 -6.47449 -0.415965
-3.90162 -6.39065 -0.410281
-3.74084 -6.57884 -0.39343
4.60463 -9.03782 0.473021
-3.46908 -6.58994 -0.365472
-3.41822 -6.50286 -0.360406
-3.24885 -6.6803 -0.342571
-3.29676 -6.76874 -0.347328
-3.11632 -5.97869 -0.330115
-3.31262 -5.89263 -0.350533
309.273 0 177.808
307.298 0 176.344
6.37093 -8.11331 0.654006
400.952 0 258.925
399.685 0 257.539
391.838 0 249.198
373.366 0 230.969
371.86 0 229.558
359.369 0 218.217
357.751 0 216.793
-2.99796 5.37442 -0.318567
242.103 0 131.727
239.736 0 130.217
158.058 0 81.213
155.337 0 79.6618
133.255 0 67.2161
136.045 0 68.7752
197.718 0 104.344
195.146 0 102.811
271.75 0 151.223
12.5712 -4.69939 2.55071
12.7256 -4.4476 2.56801
-2.90098 -4.86547 -0.30884
12.053 -5.44094 2.49333
-3.93487 7.91109 -0.409667
-4.97112 7.42072 -0.516436
-4.71783 7.55431 -0.490394
-4.48084 7.22414 -0.467383
-4.23573 7.34351 -0.442111
-3.83475 7.73629 -0.400014
-3.98716 7.45586 -0.416436
-4.03995 7.54194 -0.421564
-4.18001 7.25896 -0.436678
-3.85637 8.36967 -0.400064
-3.61649 8.5617 -0.374922
-4.09293 7.62791 -0.426698
-4.6885 8.01589 -0.485795
-5.03672 8.51514 -0.518837
-5.09551 8.5979 -0.524368
-5.20168 8.20849 -0.536733
-4.91979 8.34923 -0.507795
-5.14046 8.12719 -0.530917
-5.48386 7.59293 -0.567483
-6.08808 7.81449 -0.627126
-4.72224 7.09783 -0.49223
-4.78416 7.17875 -0.498271
-5.80882 7.51287 -0.600363
-6.76179 7.60071 -0.69512
-6.49849 7.78624 -0.668152
-6.42519 7.71361 -0.661158
-6.57201 7.85868 -0.675153
-7.11266 5.97017 -0.734942
-6.90496 6.16633 -0.713808
-6.82169 6.10305 -0.705607
-9.86793 4.40709 -1.01328
-10.0134 4.13085 -1.02832
-6.94029 7.3397 -0.713904
-7.49318 6.60339 -0.771389
-3.87504 5.95214 -0.408274
-4.44821 6.32741 -0.466178
-4.46189 5.96719 -0.46814
3.0124 9.57077 0.309664
10.2754 -3.56765 1.05545
13.2522 -3.42335 2.62772
10.1492 3.85095 1.04238
12.4077 4.94902 2.5325
43.6704 0 18.5161
40.7102 0 16.9368
13.7088 2.11693 2.68049
10.7584 2.10964 1.10558
10.3919 -3.28123 1.06752
10.3919 3.28123 1.06752
81.8499 0 39.0109
13.1342 -3.68163 2.61423
78.9377 0 37.4374
9.71306 -4.67938 0.997282
9.54887 -4.94749 0.980334
-3.00327 -4.70181 -0.319471
-2.94629 -4.61774 -0.313587
-3.33796 -4.8659 -0.353966
-5.15993 -7.66146 -0.534659
-5.41762 -7.51491 -0.561102
-5.35157 -7.43674 -0.554728
-9.37551 -5.21111 -0.962453
-4.08674 -4.88032 -0.430628
-3.26656 -6.24114 -0.345238
-3.81572 -5.1742 -0.402903
-4.29458 5.10848 -0.451783
-10.989 0.606586 -1.12957
-4.85584 5.71119 -0.50842
-4.59267 5.76527 -0.481675
-4.7851 5.63633 -0.501322
-4.07223 5.49281 -0.428936
-3.33964 -5.54687 -0.353732
-3.28431 -5.46198 -0.348104
-3.45077 -5.71637 -0.365001
-3.39512 -5.63167 -0.359364
-3.17408 -5.29196 -0.336863
-5.35163 -6.60271 -0.557084
-5.05832 -6.67001 -0.527329
-5.12555 -6.74739 -0.533936
-3.62017 -7.92629 -0.377468
-3.66705 -8.01513 -0.381975
-3.83476 -7.73629 -0.400014
-9.71306 -4.67939 -0.997282
-9.54887 -4.94749 -0.980333
-3.95215 -8.54643 -0.409143
-3.7508 -8.83084 -0.387581
-4.90859 -7.3402 -0.510374
-4.84628 -7.25954 -0.50432
-4.65829 -7.47195 -0.484632
-4.52743 -6.04582 -0.474693
-4.72903 -5.91882 -0.495333
-4.66076 -5.84211 -0.488502
-4.46501 4.98801 -0.469118
-5.00679 5.21957 -0.524003
-5.08226 5.29056 -0.531613
-6.36784 6.09274 -0.660195
-6.69088 6.35636 -0.692005
-6.98843 6.22941 -0.722016
-6.73859 6.03957 -0.697412
-6.85354 6.48697 -0.707948
-6.77211 6.42176 -0.699973
-5.21375 -8.76303 -0.535452
-4.91149 -8.90472 -0.504475
-6.15845 -7.88947 -0.633834
-4.72224 -7.09783 -0.492229
-4.48084 -7.22415 -0.467383
-5.47886 -8.05985 -0.565169
-5.75104 -7.90342 -0.593075
-5.68392 -7.82604 -0.586666
-5.26311 -8.28967 -0.542556
-5.20168 -8.2085 -0.536733
-4.97815 -8.43225 -0.513313
-5.22328 -7.74143 -0.540747
-4.95807 -7.88245 -0.513509
-3.98522 -7.99835 -0.414503
-4.03574 -8.08552 -0.419344
-4.19946 -7.79956 -0.436985
-5.28686 -7.82125 -0.546842
-5.35064 -7.90094 -0.552944
-5.55034 -7.67078 -0.573871
-3.82989 -7.19705 -0.401088
-3.77782 -7.11059 -0.395983
-3.6367 -7.38563 -0.380778
-3.67422 -6.93739 -0.385791
-3.72593 -7.02404 -0.390884
-3.9042 -6.83463 -0.409605
-3.45883 5.02996 -0.366354
-4.52475 5.6883 -0.474855
-4.457 5.61119 -0.468039
-4.71453 5.56134 -0.494229
-5.42817 6.30468 -0.565412
-5.35599 6.23104 -0.558267
-5.63971 6.15129 -0.586984
-5.73955 7.43704 -0.59369
-4.32219 6.16682 -0.453625
-4.38511 6.24718 -0.459898
-3.9344 6.03471 -0.414234
-3.90419 6.83463 -0.409605
-4.18894 6.80878 -0.438759
-6.16818 6.64717 -0.639016
-6.0921 6.57686 -0.631564
-5.21218 6.08327 -0.543996
-5.28399 6.15723 -0.551129
-6.07901 6.19873 -0.631045
-4.9086 7.34019 -0.510374
-5.94053 6.43571 -0.616679
-4.85785 6.43697 -0.507546
-5.21196 6.45178 -0.54332
-5.2817 6.52732 -0.550199
-5.86533 6.74311 -0.608409
-6.52898 6.22495 -0.676088
-6.24446 6.71729 -0.646475
-6.47063 6.54007 -0.669553
-7.9307 6.1715 -0.816124
-7.32417 6.47959 -0.754906
-7.40858 6.5416 -0.763144
-6.45955 7.31785 -0.666106
-6.78418 7.20278 -0.698872
330.151 0 193.819
7.43102 -7.33892 0.76264
320.854 0 186.563
322.74 0 188.017
295.175 0 167.526
293.109 0 166.052
278.292 0 155.687
280.447 0 157.172
205.371 0 108.938
202.831 0 107.408
453.883 0 333.518
454.561 0 334.849
460.23 0 346.799
460.813 0 348.124
465.648 0 360.016
466.14 0 361.335
470.566 0 374.492
470.96 0 375.805
474.421 0 388.915
474.719 0 390.224
477.021 0 401.99
477.235 0 403.297
478.776 0 415.042
478.905 0 416.346
479.738 0 429.381
479.775 0 430.684
443.383 0 314.8
442.559 0 313.457
435.601 0 302.68
434.685 0 301.329
426.98 0 290.483
425.969 0 289.123
416.385 0 276.835
415.265 0 275.464
-4.89509 -6.88544 -0.510299
-3.34482 -6.8571 -0.352091
-4.72513 -6.28091 -0.494387
-4.65905 -6.20268 -0.487817
-4.51149 -6.40752 -0.472462
299.268 0 170.471
297.228 0 169
315.122 0 182.192
5.51114 -8.6129 0.565923
404.684 0 263.076
403.451 0 261.693
397.116 0 254.764
395.814 0 253.374
387.755 0 245.011
386.37 0 243.613
376.341 0 233.788
374.859 0 232.379
368.812 0 226.731
367.269 0 225.315
362.566 0 221.06
360.974 0 219.639
354.479 0 213.941
352.824 0 212.513
12.7256 4.44761 2.56801
12.8709 4.19393 2.58436
9.86793 4.40709 1.01328
256.046 0 140.755
253.753 0 139.254
11.0095 0 1.13171
13.8772 -1.3252 2.7002
46.6279 0 20.0951
10.8812 1.512 1.11835
13.9461 0.795613 2.70831
13.9805 0.265285 2.71237
13.9676 0.53051 2.71085
16.946 0.402797 4.2921
-4.42208 7.1413 -0.461646
-3.88213 7.28341 -0.406198
-4.06913 7.08954 -0.425831
-4.39491 8.69297 -0.45341
-4.29129 8.51992 -0.443645
-4.04869 8.72283 -0.418248
-4.95807 7.88246 -0.513509
-4.74601 8.09941 -0.491285
-5.15992 7.66147 -0.534659
-4.41485 8.14162 -0.457632
-4.74403 8.6514 -0.488799
-4.97814 8.43225 -0.513313
-5.26312 8.28966 -0.542557
-5.07944 8.04575 -0.525107
-5.01865 7.96417 -0.519305
-4.91149 8.90472 -0.504475
-5.67049 7.36105 -0.587024
-5.22328 7.74144 -0.540747
-6.62893 7.06505 -0.683867
-6.94709 6.94323 -0.715975
-6.70645 7.13401 -0.691366
67.243 0 31.1375
10.2754 3.56765 1.05545
13.8298 1.58954 2.69464
10.8249 1.81159 1.11249
13.7737 1.85348 2.68806
37.7477 0 15.3572
52.5346 0 23.2521
-2.84676 -4.77994 -0.303248
-3.39832 -4.94797 -0.360158
-7.15592 -6.35493 -0.738449
-5.22012 -7.27996 -0.542001
-5.28574 -7.35843 -0.548361
-5.46459 -7.1321 -0.567066
-4.29419 -6.52785 -0.450109
-4.07348 -6.64185 -0.427351
-4.13112 -6.72537 -0.433052
-4.59267 -5.76528 -0.481675
-4.39652 -5.88844 -0.461592
-4.39298 4.91408 -0.461795
-4.78133 -5.00569 -0.501203
-4.43392 -5.25997 -0.465911
-4.08674 4.88032 -0.430627
-3.45883 -5.02996 -0.366354
-4.46501 -4.98801 -0.469118
-4.05396 5.14588 -0.427256
-3.52011 -6.67694 -0.370544
-3.20714 -5.72022 -0.339859
-3.50656 -5.80099 -0.370643
-3.63923 -5.6208 -0.384487
-8.5935 -6.21551 -0.881958
-8.37675 -6.45278 -0.859686
-7.17609 -7.54353 -0.736506
-6.91423 -7.74095 -0.709671
-6.16818 -6.64717 -0.639016
-5.93888 -6.81558 -0.615598
-6.24447 -6.71729 -0.646475
-8.19778 -6.34098 -0.842242
-8.50209 -6.1622 -0.873023
-9.86793 -4.40709 -1.01328
-7.19825 -6.03088 -0.743379
-10.1492 -3.85094 -1.04238
-6.73859 -6.03957 -0.697412
-4.29163 -7.42795 -0.447549
-4.40402 -7.59651 -0.458445
-5.71463 -6.22265 -0.594398
-5.50055 -6.37817 -0.572562
-5.78974 -6.29385 -0.601819
-3.58763 -7.29774 -0.375984
-3.46403 -5.37126 -0.3667
-4.59315 -6.12431 -0.481252
-4.44821 -6.32741 -0.466177
-5.57295 -5.42062 -0.581078
-5.49442 -5.35244 -0.573197
-5.30967 -5.50262 -0.554475
-7.28403 6.09137 -0.751823
-7.19825 6.03088 -0.743379
-7.36998 6.15164 -0.760273
-9.37551 5.21111 -0.962453
-6.15695 6.26737 -0.638734
-6.44831 6.15894 -0.668138
-6.65569 5.97587 -0.689223
-6.23508 6.33582 -0.64643
-10.7584 2.10964 -1.10558
-5.65166 5.48863 -0.588964
-5.6921 5.85282 -0.592688
-5.76912 5.92235 -0.600348
-5.49042 6.00806 -0.572172
-4.99784 5.86047 -0.522634
-5.49442 5.35244 -0.573197
-5.81838 -7.98065 -0.599491
-6.08807 -7.8145 -0.627126
-6.22904 -7.96426 -0.64055
-6.29987 -8.03888 -0.647274
-3.65964 -9.3845 -0.3761
-3.33754 -9.48218 -0.343043
-3.9325 -9.18859 -0.404546
-3.97841 -9.27781 -0.408803
-4.19496 -8.98675 -0.431951
-5.54329 -8.13909 -0.571292
-5.61702 -7.74849 -0.580265
-4.92448 -6.51479 -0.514134
-4.85785 -6.43697 -0.507546
-4.70242 -6.64708 -0.491353
-4.746 -8.09941 -0.491285
-4.46919 -8.22686 -0.46281
-4.52374 -8.312 -0.467994
-4.08646 -8.1726 -0.424192
-3.90416 -8.45809 -0.404599
-4.13738 -8.25957 -0.429045
-3.57347 -7.83737 -0.372966
-3.52695 -7.74837 -0.36847
-3.68595 -7.47342 -0.385578
-3.48061 -7.65929 -0.36398
-3.98715 -7.45586 -0.416436
-3.93455 -7.36968 -0.411315
-3.78498 -7.64875 -0.395196
-4.49935 -8.86561 -0.463202
-4.44703 -8.77934 -0.458303
-4.24412 -9.07454 -0.436532
-4.09293 -7.62791 -0.426698
-4.03994 -7.54194 -0.421564
-3.88471 -7.82374 -0.404837
-3.38843 -7.4809 -0.355015
-4.75465 5.28239 -0.498456
-4.93148 5.14843 -0.516398
-5.71463 6.22266 -0.594398
-5.07306 6.30024 -0.52958
-4.83068 6.80613 -0.503977
-4.59899 6.93559 -0.480165
-4.38942 5.53395 -0.461229
-4.32201 5.45659 -0.454424
-3.57132 6.76384 -0.375621
-5.8888 5.69162 -0.612657
-6.01621 6.50638 -0.624119
-5.14241 6.37608 -0.536447
-6.00126 6.1299 -0.623362
-6.93516 6.55196 -0.715928
-7.15592 6.35493 -0.738449
-7.07208 6.29228 -0.730229
-7.01698 6.61675 -0.723915
-6.55162 6.99588 -0.676375
-7.02722 7.00971 -0.723735
-7.18122 6.7457 -0.739909
-7.34983 7.27351 -0.754845
-8.50209 6.1622 -0.873023
291.031 0 164.575
284.719 0 160.138
262.852 0 145.25
237.358 0 128.706
234.967 0 127.194
215.42 0 115.045
212.924 0 113.52
192.563 0 101.276
189.969 0 99.7394
171.526 0 88.9524
168.851 0 87.4067
451.794 0 329.52
452.5 0 330.854
455.228 0 336.18
455.886 0 337.51
458.425 0 342.822
459.036 0 344.148
461.387 0 349.447
461.951 0 350.771
464.637 0 357.377
465.147 0 358.697
467.096 0 363.97
467.561 0 365.287
469.331 0 370.55
469.752 0 371.865
471.722 0 378.431
472.089 0 379.742
473.473 0 384.986
473.798 0 386.296
475.009 0 391.532
475.29 0 392.841
476.331 0 398.071
476.569 0 399.378
477.44 0 404.602
477.636 0 405.908
478.338 0 411.128
478.492 0 412.433
479.026 0 417.65
479.138 0 418.954
479.575 0 425.471
479.638 0 426.774
479.825 0 433.29
479.837 0 434.593
445.796 0 318.825
445.001 0 317.484
441.725 0 312.113
440.88 0 310.768
438.287 0 306.728
437.402 0 305.38
433.758 0 299.976
432.821 0 298.623
428.969 0 293.2
427.98 0 291.842
423.915 0 286.4
422.872 0 285.036
419.678 0 280.94
418.591 0 279.573
414.134 0 274.092
412.992 0 272.719
3.97841 -9.27781 0.408803
4.29349 -9.16223 0.44112
-3.34798 -5.20443 -0.354865
-3.29018 -5.12087 -0.348955
3.65964 -9.3845 0.3761
-3.2011 -6.59178 -0.337819
402.207 0 260.31
398.406 0 256.152
390.488 0 247.804
389.128 0 246.408
384.974 0 242.213
383.565 0 240.812
377.81 0 235.196
370.342 0 228.145
356.121 0 215.368
96.3156 0.0497097 46.8678
96.3327 0 46.8697
107.815 0 53.1444
49.5827 0 21.6738
13.8298 -1.58952 2.69464
13.9461 -0.795617 2.70831
13.9676 -0.530504 2.71085
11.0044 0.303421 1.13118
34.783 0 13.7774
16.9292 0.604437 4.28978
55.4833 0 24.83
-4.14609 7.71379 -0.431838
-4.46919 8.22686 -0.46281
-4.80372 8.1828 -0.496782
-4.52375 8.31199 -0.467994
-6.38453 7.24666 -0.65887
-5.41761 7.51491 -0.561102
-5.03385 7.50111 -0.522503
-8.06427 6.62577 -0.82809
-7.97682 6.56731 -0.819592
-7.74819 6.78739 -0.796161
13.6352 -2.37981 2.67191
9.86793 -4.40709 1.01328
13.1342 3.68162 2.61423
13.2522 3.42336 2.62772
13.3613 -3.16391 2.64024
76.0208 0 35.8632
93.4412 0.029067 45.2986
73.0993 0 34.2885
70.1733 0 32.7133
10.5951 -2.70009 1.08861
-7.36998 -6.15164 -0.760273
-7.71562 -6.39053 -0.794133
-8.80194 -5.97246 -0.903391
-8.01955 -6.22823 -0.824824
-6.94709 -6.94323 -0.715975
-6.62893 -7.06505 -0.683867
-6.70645 -7.13401 -0.691366
-4.23378 -6.44595 -0.444116
-4.57495 -6.4875 -0.478753
-4.35478 -6.60964 -0.456109
-4.41556 -6.69131 -0.462114
-5.948 -7.66403 -0.61373
-6.27926 -7.56778 -0.647191
-6.20663 -7.49459 -0.640218
-10.9274 -1.21114 -1.12316
-10.8812 -1.51201 -1.11835
-4.85633 -5.07713 -0.508798
-4.36417 -5.18429 -0.458845
-4.29458 -5.10849 -0.451783
-4.15587 -4.9565 -0.437674
-5.12037 5.64714 -0.535245
-4.64413 5.4862 -0.487142
-4.07223 -5.49281 -0.428936
-4.18766 -5.30149 -0.44083
-4.11351 -6.28179 -0.432147
-4.25944 -6.08635 -0.447356
-4.05363 -6.19954 -0.42617
-3.9483 -5.68221 -0.416099
-3.81584 -5.86945 -0.40232
-4.01019 -5.76327 -0.42234
-7.43102 -7.33891 -0.76264
-7.09727 -7.4758 -0.728965
-5.80331 -8.45447 -0.595858
-6.38453 -7.24666 -0.65887
-6.16076 -7.03195 -0.637203
-6.39763 -6.85697 -0.661412
-6.08659 -6.96001 -0.629995
-6.82169 -6.10305 -0.705607
-10.5951 -2.70009 -1.08861
-10.4985 -2.99196 -1.07858
-10.3919 -3.28123 -1.06752
-10.2754 -3.56765 -1.05545
-6.07901 -6.19873 -0.631045
-6.36784 -6.09274 -0.660195
-6.28755 -6.02636 -0.652257
-4.23572 -7.34351 -0.44211
-4.78416 -7.17875 -0.498271
-4.9597 -6.96463 -0.516626
-6.39191 -6.47218 -0.661839
-6.47062 -6.54007 -0.669553
-5.2337 -5.43209 -0.546849
-5.02451 -7.04367 -0.52296
-4.01602 -6.55822 -0.421655
-3.79512 -6.6642 -0.398816
-3.64122 -5.27532 -0.384972
-3.23252 -5.03723 -0.34305
-5.19403 5.71964 -0.542619
-5.26786 5.79199 -0.549999
-5.61527 5.78311 -0.585035
-5.80958 5.62413 -0.604754
-5.96819 5.75893 -0.620565
-10.4985 2.99195 -1.07858
-6.55162 -6.99588 -0.676375
-6.30973 -7.17527 -0.65164
-6.09002 -8.28788 -0.625228
-4.34301 -8.60649 -0.448524
-4.14601 -8.89887 -0.427377
-4.39492 -8.69297 -0.45341
-4.09726 -8.81089 -0.422809
-4.04868 -8.72283 -0.418247
-3.79594 -8.9204 -0.391814
-3.84126 -9.00988 -0.396052
-4.14609 -7.71379 -0.431838
-5.41463 -7.98047 -0.559052
-5.48387 -7.59292 -0.567483
-5.60797 -8.21816 -0.577423
-5.14046 -8.12719 -0.530917
-5.07945 -8.04574 -0.525108
-5.53301 -7.20858 -0.573712
-5.70426 -6.97727 -0.591606
-6.01264 -6.88788 -0.622793
-5.73955 -7.43704 -0.59369
-5.6705 -7.36105 -0.587024
-6.06203 -7.34766 -0.626295
-5.99007 -7.27392 -0.619344
-6.62864 -6.67526 -0.685001
-6.70795 -6.74256 -0.692735
-4.79964 -8.73596 -0.494018
-4.55189 -8.95177 -0.468108
-5.38668 -8.45157 -0.554225
-5.32478 -8.37069 -0.548387
-5.09551 -8.5979 -0.524368
-4.77758 -7.63654 -0.496163
-4.97112 -7.42072 -0.516435
-4.71784 -7.5543 -0.490394
-4.2913 -8.51991 -0.443645
-4.41484 -8.14162 -0.457631
-3.70585 -8.74121 -0.383356
-3.80875 -8.28116 -0.395532
-3.85637 -8.36967 -0.400063
-4.18 -7.25896 -0.436678
-4.25301 -7.88523 -0.442137
-5.33784 5.21559 -0.55745
-5.1579 5.36141 -0.539229
-4.90043 5.42873 -0.513155
-4.82746 5.35563 -0.505803
-5.06911 5.93489 -0.529749
-6.04776 5.82607 -0.62848
-4.9597 6.96463 -0.516627
-7.71562 6.39053 -0.794133
-8.01955 6.22823 -0.824824
301.294 0 171.942
282.589 0 158.656
227.724 0 122.648
453.197 0 332.186
456.535 0 338.839
459.637 0 345.474
462.507 0 352.093
464.118 0 356.057
466.622 0 362.653
468.902 0 369.235
470.163 0 373.179
471.345 0 377.118
473.14 0 383.676
474.113 0 387.606
475.563 0 394.149
476.8 0 400.684
477.824 0 407.213
478.638 0 413.737
479.242 0 420.257
479.505 0 424.168
479.692 0 428.078
479.804 0 431.987
444.197 0 316.143
436.506 0 304.03
431.874 0 297.269
424.947 0 287.762
417.494 0 278.204
411.839 0 271.345
382.144 0 239.41
9.71306 4.67939 0.997282
12.5712 4.69938 2.55071
13.6352 2.3798 2.67191
166.167 0 85.8599
200.28 0 105.877
22.9035 -0.0777229 7.45538
28.8477 0 10.617
-4.66052 7.01677 -0.486194
-4.55188 8.95178 -0.468108
-4.86165 8.26607 -0.502285
-4.63347 8.48193 -0.478383
-5.22013 7.27995 -0.542001
-5.28575 7.35842 -0.548362
-6.23514 7.1037 -0.644419
-6.08659 6.96 -0.629995
-5.39638 7.05547 -0.560427
-5.4646 7.1321 -0.567067
99.2124 0 48.4394
102.086 0 50.0085
10.5951 2.70009 1.08861
64.3088 0 29.5613
13.4615 2.90341 2.65178
13.3613 3.16391 2.64024
22.9061 0 7.45577
25.8776 0 9.03646
19.9305 -0.133752 5.8745
11.0044 -0.303406 1.13118
-5.84675 -7.12594 -0.605461
-6.98843 -6.22941 -0.722016
-7.28402 -6.09137 -0.751823
-6.78746 -6.80966 -0.700475
-6.86717 -6.87655 -0.708222
-5.26786 -5.79199 -0.549998
-5.19403 -5.71964 -0.542619
-5.65166 -5.48863 -0.588964
-5.63971 -6.15129 -0.586984
-5.56497 -6.07976 -0.579575
-5.35599 -6.23104 -0.558268
-3.88656 -5.60105 -0.409863
-4.46189 -5.96719 -0.46814
-5.33783 -5.21559 -0.55745
-5.41604 -5.2841 -0.565321
-4.22515 -5.03255 -0.444726
-4.57389 5.41092 -0.480059
-3.99393 -6.11718 -0.4202
-3.9344 -6.03472 -0.414234
-3.36751 -6.4157 -0.355345
-7.66299 -6.72628 -0.787897
-7.34626 -6.87378 -0.755929
-7.42908 -6.9375 -0.763949
-6.49849 -7.78624 -0.668151
-7.26364 -6.80985 -0.747916
-6.24382 -5.65448 -0.648363
-6.00126 -6.1299 -0.623362
-6.52898 -6.22495 -0.676088
-4.17355 -6.36392 -0.438128
-6.40803 -5.78362 -0.66469
-6.32583 -5.71915 -0.656523
-4.59898 -6.9356 -0.480164
-4.66051 -7.01678 -0.486194
-4.83068 -6.80612 -0.503977
-4.53765 -6.8543 -0.474141
-4.36351 -7.05834 -0.455915
-6.44831 -6.15894 -0.668138
-4.79139 -6.35901 -0.500964
-5.41605 -5.9362 -0.564775
-5.21219 -6.08327 -0.543997
-5.49042 -6.00806 -0.572172
-5.07305 -6.30024 -0.529579
-5.00387 -6.22425 -0.522718
-4.3851 -6.24718 -0.459898
-4.32218 -6.16683 -0.453624
-5.30967 5.50262 -0.554475
-5.57295 5.42062 -0.581078
-5.38581 5.57299 -0.562107
-5.92369 6.0609 -0.615685
-5.41605 5.9362 -0.564775
-5.34187 5.86417 -0.557384
-5.53861 5.71324 -0.577386
-6.24381 5.65448 -0.648363
-6.32583 5.71915 -0.656523
-7.59536 -7.06426 -0.780009
-7.26886 -7.20788 -0.747057
-7.34983 -7.27351 -0.754845
-5.15451 -8.68054 -0.529907
-4.85544 -8.8204 -0.499243
-5.8783 -7.58853 -0.607043
-6.8379 -7.67092 -0.702392
-4.46052 -7.68061 -0.463902
-5.09678 -7.58136 -0.528578
-5.15472 -7.20134 -0.535648
-6.23515 -7.1037 -0.644419
-6.47453 -6.92652 -0.66889
-6.01622 -6.50638 -0.624119
-5.71882 -6.59764 -0.594051
-5.79198 -6.67046 -0.601227
-5.21196 -6.45178 -0.543319
-5.42818 -6.30468 -0.565412
-5.19294 -6.82464 -0.540549
-5.26056 -6.90173 -0.547169
-4.5741 -7.84849 -0.474835
-4.6312 -7.93225 -0.480312
-4.83753 -7.71864 -0.501938
-5.7754 -7.05169 -0.598531
-5.60165 -7.28489 -0.580365
-4.74403 -8.6514 -0.488799
-3.88678 -9.09928 -0.400296
-4.5785 -8.39702 -0.473185
-5.01865 -7.96417 -0.519305
-4.80373 -8.1828 -0.496782
-3.61729 -9.29383 -0.37218
-5.03385 -7.5011 -0.522503
-4.51722 -7.7646 -0.469366
-3.73537 -7.56114 -0.390384
-3.88213 -7.28341 -0.406198
-4.12447 -7.1743 -0.431252
-5.84631 5.99171 -0.608013
-5.56497 6.07976 -0.579575
-5.35163 6.60271 -0.557084
-7.10755 7.07598 -0.731502
-7.59536 7.06426 -0.780009
-7.01867 7.40786 -0.72143
-8.10857 6.28472 -0.833531
3.0124 -9.57077 0.309664
3.33754 -9.48218 0.343044
-3.52544 -6.23645 -0.37194
13.0071 3.93854 2.59977
13.5528 2.642 2.66234
110.67 0 54.7112
13.9805 -0.265267 2.71237
13.9848 0 2.71288
-5.09678 7.58136 -0.528578
-5.35158 7.43674 -0.554729
-4.5785 8.39702 -0.473185
-5.15472 7.20133 -0.535648
-5.32837 6.97867 -0.553795
-5.56261 6.82793 -0.577778
-5.19295 6.82464 -0.54055
-5.63334 6.90268 -0.584689
-5.60165 7.28489 -0.580365
22.9035 0.0777285 7.45538
-8.10857 -6.28472 -0.833531
-7.57798 -6.66495 -0.77964
-7.88956 -6.50861 -0.811099
-7.02722 -7.00971 -0.723735
-6.42519 -7.71361 -0.661157
-7.97682 -6.56731 -0.819592
-8.06426 -6.62577 -0.82809
-6.78418 -7.20278 -0.698872
-7.10755 -7.07599 -0.731502
-5.28399 -6.15724 -0.551129
-4.71453 -5.56134 -0.494229
-4.90043 -5.42874 -0.513155
-4.18894 -6.80878 -0.438759
-4.93148 -5.14843 -0.516398
-5.1579 -5.36141 -0.539229
-4.82746 -5.35563 -0.505803
-4.57389 -5.41092 -0.48006
-4.64412 -5.4862 -0.487141
-5.84631 -5.99171 -0.608013
-5.80958 -5.62413 -0.604754
-5.53861 -5.71324 -0.577386
-5.61526 -5.78311 -0.585034
-6.04776 -5.82607 -0.62848
-6.12751 -5.89302 -0.6364
-5.6921 -5.85282 -0.592688
-5.73054 -5.55646 -0.596857
-3.52227 -5.45454 -0.372624
-3.69794 -5.70379 -0.390426
-4.39299 -4.91408 -0.461796
-3.56251 -5.88551 -0.37629
-3.75681 -5.78667 -0.39637
-7.62892 -6.33115 -0.785658
-7.07208 -6.29228 -0.730229
-6.57296 -5.91199 -0.681039
-6.49041 -5.8479 -0.672862
-3.68674 -6.49338 -0.38805
-4.42207 -7.14131 -0.461646
-5.2817 -6.52732 -0.550198
-4.6386 -6.56736 -0.48505
-4.99131 -6.59247 -0.520729
-6.65569 -5.97587 -0.689223
-5.08951 -7.12258 -0.5293
-5.46212 -5.6432 -0.569744
-4.92675 -5.78591 -0.515524
-5.46212 5.6432 -0.569744
-5.14055 6.00916 -0.53687
-5.44879 -8.53231 -0.56007
-5.03672 -8.51514 -0.518837
-6.35211 -7.64079 -0.65417
-4.91979 -8.34923 -0.507796
-4.8977 -7.80061 -0.507721
-5.86533 -6.7431 -0.60841
-5.63334 -6.90268 -0.584689
-6.3134 -6.40409 -0.654131
-5.49208 -6.75302 -0.570873
-5.57312 -6.45149 -0.579719
-5.64588 -6.52464 -0.586882
-5.56261 -6.82793 -0.577778
-5.32837 -6.97868 -0.553795
-5.86504 -6.36487 -0.609246
-5.9183 -7.20002 -0.612399
-4.6885 -8.01589 -0.485795
-4.3607 -8.05627 -0.45246
93.4471 0 45.2992
84.7571 0 40.584
16.9595 0 4.29395
16.9561 -0.201347 4.29349
-5.77541 7.05169 -0.598531
13.916 -1.06053 2.70476
-7.32417 -6.47959 -0.754906
-8.15191 -6.68399 -0.836596
-6.6859 -7.53029 -0.687856
-6.76179 -7.60071 -0.69512
-5.96819 -5.75894 -0.620565
-5.76912 -5.92235 -0.600348
-5.00679 -5.21957 -0.524003
-4.60951 -5.13548 -0.483776
-4.85584 -5.71119 -0.50842
-5.34187 -5.86417 -0.557384
-5.92369 -6.0609 -0.615684
-5.38581 -5.57299 -0.562107
-5.12037 -5.64714 -0.535245
-4.25476 -5.3791 -0.447625
-3.57904 -6.32218 -0.377304
-4.52475 -5.6883 -0.474854
-7.40858 -6.5416 -0.763144
-7.11266 -5.97017 -0.734941
-4.76647 -6.72666 -0.497662
-3.84957 -6.74947 -0.404208
-4.47652 -6.77286 -0.468125
-4.30512 -6.97528 -0.45019
-5.39638 -7.05547 -0.560427
-3.73132 -6.13852 -0.393262
-3.87504 -5.95214 -0.408274
-3.67489 -6.05429 -0.387599
-5.73054 5.55646 -0.596857
-6.01793 -7.73935 -0.620424
-7.01866 -7.40786 -0.72143
-7.51212 -7.00099 -0.771976
-6.61023 -7.45967 -0.680599
-5.80882 -7.51287 -0.600363
-6.45955 -7.31786 -0.666106
-6.13424 -7.4212 -0.633253
-6.0921 -6.57686 -0.631564
-6.23508 -6.33582 -0.64643
-5.42176 -6.67795 -0.563975
-5.53303 7.20857 -0.573713
-8.28718 -6.397 -0.850961
-7.74819 -6.78739 -0.796162
-4.26631 -5.73055 -0.448514
-4.45701 -5.61119 -0.468039
-5.88879 -5.69162 -0.612657
-4.32201 -5.45659 -0.454424
-3.70232 -5.35692 -0.391187
-3.58067 -5.53771 -0.378553
-7.80249 -6.44969 -0.802612
-6.85354 -6.48697 -0.707948
-5.14241 -6.37609 -0.536446
-4.07225 -5.84421 -0.428586
-6.12751 5.89302 -0.6364
-6.53477 -7.38886 -0.673348
-6.54953 -6.60776 -0.677274
-6.77211 -6.42176 -0.699973
-6.15695 -6.26737 -0.638734
-6.32094 -6.78722 -0.65394
-4.30675 -7.97081 -0.447295
10.8812 -1.512 1.11835
10.9274 -1.21113 1.12316
10.9633 -0.909244 1.1269
-6.20743 -5.95978 -0.644325
-3.6884 -5.01423 -0.389917
-3.87962 -5.25402 -0.409404
-3.959 -6.9197 -0.415008
-4.20145 -5.65142 -0.441982
-5.94052 -6.43572 -0.616679
-7.83359 -6.84826 -0.804432
-4.38942 -5.53395 -0.461229
-3.76358 -5.4384 -0.397408
-4.13676 -5.57217 -0.435456
3  0 1 2
3  3 4 5
3  6 7 8
3  9 10 11
3  12 13 14
3  15 16 17
3  18 19 20
3  21 22 23
3  24 25 26
3  27 28 29
3  30 31 32
3  33 34 35
3  36 17 37
3  36 38 39
3  38 40 41
3  42 43 44
3  45 46 47
3  17 16 37
3  31 48 37
3  49 50 51
3  52 53 5
3  54 55 56
3  19 18 53
3  53 49 57
3  30 18 58
3  59 60 61
3  62 63 64
3  65 38 41
3  43 38 36
3  66 18 67
3  67 68 69
3  5 70 71
3  72 73 74
3  22 21 75
3  30 58 76
3  15 60 59
3  53 18 77
3  53 51 70
3  51 78 79
3  40 38 80
3  81 82 83
3  84 85 86
3  55 87 56
3  88 89 90
3  91 48 92
3  93 94 95
3  20 19 96
3  48 58 97
3  98 22 99
3  21 12 75
3  37 48 91
3  68 32 69
3  100 101 102
3  103 104 105
3  73 106 74
3  45 107 108
3  109 110 75
3  72 74 111
3  112 72 12
3  12 113 114
3  115 116 117
3  87 118 119
3  113 120 121
3  45 22 122
3  123 124 125
3  126 127 128
3  19 52 129
3  19 53 52
3  18 66 50
3  50 49 130
3  40 43 131
3  40 3 41
3  132 133 134
3  36 135 136
3  48 94 92
3  137 39 27
3  138 84 139
3  15 17 138
3  140 141 142
3  143 144 145
3  3 43 42
3  93 3 42
3  20 48 146
3  58 48 76
3  19 48 96
3  48 20 96
3  147 148 149
3  150 151 152
3  30 32 153
3  45 67 154
3  32 31 155
3  156 157 158
3  159 160 161
3  159 162 163
3  30 76 164
3  76 165 164
3  16 31 37
3  36 37 91
3  166 167 168
3  169 170 171
3  72 172 173
3  72 112 174
3  175 73 28
3  175 38 176
3  110 122 75
3  74 177 111
3  122 22 75
3  110 66 178
3  12 21 113
3  12 177 179
3  180 181 182
3  183 144 184
3  185 21 186
3  187 188 189
3  137 27 29
3  190 191 192
3  193 194 195
3  187 196 197
3  3 129 4
3  95 129 198
3  50 77 199
3  53 77 49
3  109 177 78
3  38 65 176
3  38 43 80
3  43 40 80
3  43 3 131
3  3 40 131
3  200 201 202
3  203 204 205
3  206 84 207
3  36 39 208
3  39 38 27
3  38 175 27
3  209 208 210
3  84 138 211
3  212 213 214
3  215 216 217
3  48 19 94
3  94 19 95
3  58 18 218
3  20 218 219
3  97 58 146
3  48 97 146
3  45 220 221
3  222 123 223
3  67 224 225
3  153 32 226
3  227 32 155
3  227 155 228
3  159 229 230
3  33 35 149
3  231 232 233
3  124 234 235
3  48 165 76
3  165 236 164
3  165 48 236
3  48 31 236
3  12 237 132
3  238 239 240
3  241 242 243
3  244 245 246
3  247 248 249
3  250 251 252
3  253 254 255
3  27 175 28
3  73 175 106
3  106 175 74
3  74 175 176
3  256 257 258
3  51 259 70
3  65 41 5
3  66 109 78
3  12 109 75
3  66 110 109
3  133 260 134
3  66 67 178
3  67 45 178
3  261 262 263
3  187 264 265
3  196 21 197
3  266 267 268
3  13 269 270
3  261 87 119
3  271 272 273
3  274 275 276
3  277 278 279
3  143 280 281
3  282 283 284
3  15 138 285
3  286 287 288
3  253 289 290
3  239 291 240
3  292 235 293
3  187 294 188
3  295 180 296
3  19 129 95
3  93 95 198
3  77 18 199
3  18 50 199
3  4 52 5
3  258 65 297
3  177 74 298
3  50 66 78
3  299 300 301
3  28 302 303
3  72 304 305
3  306 307 308
3  92 42 44
3  43 36 91
3  309 310 311
3  312 313 314
3  138 17 211
3  17 36 211
3  39 137 208
3  135 208 315
3  140 28 316
3  73 317 318
3  319 320 321
3  137 322 323
3  218 18 219
3  18 20 219
3  58 218 146
3  218 20 146
3  110 178 122
3  178 45 122
3  159 324 325
3  149 326 327
3  30 153 328
3  153 67 328
3  32 227 329
3  46 32 47
3  31 16 155
3  16 15 155
3  45 330 331
3  107 329 108
3  236 31 164
3  31 30 164
3  332 333 334
3  335 336 337
3  12 132 338
3  132 339 338
3  72 340 306
3  341 342 343
3  344 345 346
3  347 348 349
3  132 237 133
3  350 351 352
3  243 353 354
3  355 356 357
3  305 304 358
3  359 360 361
3  84 136 362
3  29 363 364
3  129 52 4
3  41 3 365
3  177 12 111
3  12 72 111
3  177 109 179
3  109 12 179
3  262 261 366
3  367 13 270
3  367 368 369
3  237 12 370
3  188 371 189
3  237 370 332
3  372 21 373
3  367 270 374
3  375 376 377
3  188 294 378
3  379 380 293
3  381 382 383
3  384 234 385
3  386 387 388
3  29 389 390
3  202 391 392
3  393 286 394
3  395 291 396
3  397 398 399
3  400 401 402
3  15 403 404
3  15 285 405
3  194 406 195
3  272 271 407
3  408 409 410
3  254 253 411
3  412 22 413
3  414 290 415
3  54 416 417
3  240 395 418
3  419 420 267
3  420 421 267
3  375 422 376
3  423 424 425
3  375 22 422
3  422 22 296
3  129 3 198
3  3 93 198
3  49 77 130
3  77 50 130
3  426 427 428
3  429 430 431
3  432 433 434
3  135 36 208
3  84 211 435
3  211 36 435
3  436 391 437
3  438 439 440
3  330 329 331
3  441 33 149
3  442 149 443
3  159 22 157
3  224 32 225
3  32 224 226
3  30 444 445
3  444 67 445
3  45 154 446
3  154 32 446
3  155 59 447
3  155 15 59
3  441 448 449
3  450 451 452
3  45 453 454
3  453 329 454
3  151 81 83
3  22 159 413
3  159 455 456
3  457 458 149
3  459 149 460
3  461 184 462
3  463 464 465
3  387 88 388
3  12 114 269
3  374 269 466
3  467 468 344
3  172 306 308
3  469 470 471
3  472 473 474
3  475 476 334
3  477 171 478
3  72 174 479
3  479 174 480
3  112 338 481
3  112 12 338
3  482 483 484
3  485 486 487
3  72 173 488
3  173 241 354
3  473 489 490
3  491 492 493
3  494 495 496
3  359 489 497
3  498 499 500
3  73 501 502
3  438 440 503
3  322 137 29
3  28 73 316
3  73 140 316
3  317 504 505
3  73 506 6
3  507 508 509
3  510 511 512
3  513 514 515
3  516 416 517
3  49 51 57
3  51 53 57
3  256 79 257
3  51 50 78
3  79 74 257
3  257 176 258
3  259 518 71
3  259 51 518
3  70 259 71
3  5 53 70
3  3 5 365
3  5 41 365
3  133 237 332
3  370 12 14
3  120 519 121
3  113 21 120
3  264 520 521
3  522 185 186
3  196 265 523
3  87 261 521
3  21 372 186
3  262 366 373
3  22 294 23
3  294 187 23
3  294 22 378
3  188 378 377
3  143 524 280
3  127 159 128
3  272 525 273
3  526 527 528
3  529 530 531
3  379 159 380
3  222 223 532
3  280 533 281
3  534 10 410
3  393 535 536
3  537 538 149
3  539 216 540
3  541 542 543
3  544 545 546
3  33 441 449
3  547 548 549
3  84 435 136
3  435 36 136
3  115 550 551
3  552 440 553
3  554 555 556
3  557 558 559
3  560 61 561
3  554 562 555
3  280 563 533
3  159 379 128
3  194 193 413
3  564 159 127
3  126 234 384
3  234 124 385
3  290 289 415
3  126 406 194
3  525 565 145
3  253 290 566
3  180 567 381
3  567 180 568
3  419 409 279
3  319 569 570
3  371 571 268
3  289 255 572
3  567 568 572
3  409 534 410
3  103 573 574
3  477 470 575
3  118 55 576
3  577 576 417
3  578 579 580
3  486 581 582
3  92 94 42
3  94 93 42
3  583 584 585
3  586 587 588
3  45 589 590
3  589 329 590
3  45 591 592
3  593 441 149
3  149 594 595
3  22 596 597
3  159 598 599
3  458 600 149
3  224 67 226
3  67 153 226
3  32 68 225
3  68 67 225
3  30 601 602
3  601 67 602
3  30 603 604
3  603 67 604
3  67 605 606
3  605 32 606
3  32 46 607
3  46 45 607
3  608 609 610
3  59 611 612
3  613 614 615
3  616 617 618
3  220 32 221
3  32 329 221
3  45 619 620
3  619 329 620
3  564 194 413
3  414 412 413
3  621 149 622
3  34 183 184
3  159 623 600
3  624 625 149
3  159 626 627
3  628 149 629
3  630 631 462
3  632 461 633
3  159 634 635
3  636 149 637
3  638 1 639
3  640 0 641
3  519 120 642
3  120 21 643
3  351 374 644
3  13 12 269
3  166 645 646
3  172 72 306
3  307 306 647
3  340 647 648
3  649 468 650
3  651 469 471
3  270 269 374
3  652 482 653
3  654 112 655
3  339 656 481
3  340 467 657
3  468 345 344
3  333 475 334
3  260 133 658
3  659 660 661
3  172 308 242
3  662 488 663
3  664 474 574
3  358 356 665
3  666 356 355
3  250 499 667
3  299 668 300
3  304 356 358
3  491 72 305
3  72 491 501
3  492 669 493
3  670 671 672
3  73 673 674
3  675 676 677
3  29 28 115
3  73 678 679
3  140 73 679
3  177 298 79
3  298 74 79
3  51 79 680
3  74 176 257
3  79 256 258
3  78 177 79
3  65 71 297
3  65 5 71
3  368 351 475
3  522 681 642
3  114 519 466
3  519 682 466
3  87 521 56
3  264 187 189
3  431 430 683
3  684 685 428
3  265 261 263
3  196 187 265
3  521 520 56
3  55 118 87
3  522 366 119
3  366 261 119
3  366 372 373
3  686 21 687
3  21 23 197
3  23 187 197
3  378 22 688
3  22 375 688
3  386 689 690
3  88 387 89
3  691 83 692
3  150 152 693
3  123 694 695
3  696 697 698
3  271 406 407
3  699 407 700
3  223 125 701
3  152 702 703
3  704 232 705
3  143 281 706
3  707 708 709
3  710 228 711
3  137 712 713
3  714 715 716
3  208 717 210
3  155 447 718
3  719 29 720
3  721 722 723
3  724 716 725
3  9 726 617
3  238 278 277
3  419 534 409
3  715 288 727
3  728 729 546
3  59 560 730
3  731 732 733
3  734 362 735
3  84 362 736
3  737 738 739
3  740 741 742
3  712 137 323
3  29 115 551
3  676 743 744
3  206 207 745
3  15 746 747
3  748 309 749
3  404 750 751
3  15 749 752
3  524 385 695
3  123 222 694
3  254 753 11
3  319 424 569
3  414 193 290
3  406 271 195
3  406 384 407
3  393 271 273
3  699 272 407
3  406 126 384
3  98 754 755
3  255 756 572
3  382 756 10
3  571 376 181
3  571 371 377
3  266 571 181
3  22 295 296
3  568 295 755
3  757 758 759
3  238 760 761
3  762 763 552
3  719 720 764
3  321 765 766
3  416 516 767
3  421 420 569
3  267 421 268
3  571 266 268
3  189 423 425
3  567 382 381
3  266 381 383
3  534 382 10
3  289 253 255
3  768 769 336
3  682 519 335
3  260 658 770
3  771 652 653
3  118 576 772
3  577 773 768
3  774 775 776
3  426 431 427
3  169 575 777
3  470 469 575
3  43 91 44
3  91 92 44
3  141 778 779
3  780 526 781
3  782 318 783
3  671 784 785
3  45 786 787
3  786 329 787
3  45 788 789
3  788 329 789
3  329 591 331
3  591 45 331
3  45 538 537
3  282 790 149
3  538 791 149
3  22 442 443
3  159 157 792
3  793 149 794
3  159 621 622
3  159 795 796
3  159 797 798
3  625 627 149
3  30 799 800
3  799 67 800
3  30 801 802
3  801 67 802
3  30 803 804
3  803 67 804
3  30 805 806
3  805 67 806
3  67 807 808
3  807 32 808
3  67 809 810
3  809 32 810
3  32 607 446
3  607 45 446
3  811 812 813
3  228 814 711
3  815 816 817
3  818 815 817
3  819 820 284
3  22 821 822
3  819 283 823
3  329 227 149
3  45 824 825
3  824 32 825
3  45 221 826
3  221 329 826
3  45 827 828
3  827 329 828
3  45 829 830
3  829 329 830
3  98 99 415
3  22 412 99
3  292 231 701
3  533 563 89
3  564 127 194
3  127 126 194
3  159 564 413
3  193 414 831
3  832 149 833
3  380 159 230
3  159 834 835
3  632 380 149
3  159 458 457
3  836 837 149
3  159 837 836
3  835 834 149
3  159 625 624
3  838 149 839
3  793 157 840
3  34 461 35
3  841 842 696
3  843 630 706
3  844 631 232
3  462 844 633
3  151 640 81
3  151 150 640
3  519 114 121
3  114 113 121
3  21 185 643
3  185 522 643
3  647 306 648
3  306 340 648
3  112 481 655
3  481 656 845
3  846 168 847
3  167 470 168
3  848 24 849
3  850 851 852
3  339 134 850
3  134 260 850
3  133 332 658
3  484 853 770
3  338 339 481
3  654 169 854
3  467 340 479
3  340 72 479
3  174 855 854
3  656 856 845
3  244 307 245
3  647 340 657
3  14 13 369
3  13 367 369
3  307 647 245
3  308 244 242
3  651 471 345
3  645 857 646
3  858 859 662
3  859 666 355
3  860 861 862
3  173 172 241
3  666 859 490
3  473 472 497
3  251 668 252
3  104 863 105
3  472 251 497
3  251 250 864
3  25 865 866
3  300 573 867
3  360 669 361
3  492 358 361
3  491 305 492
3  868 869 870
3  501 871 502
3  73 72 501
3  869 868 7
3  673 73 6
3  872 873 874
3  28 875 876
3  877 494 496
3  511 510 878
3  176 65 258
3  79 258 297
3  120 643 642
3  643 522 642
3  682 374 466
3  269 114 466
3  264 189 425
3  319 879 424
3  880 431 683
3  438 503 881
3  262 686 687
3  265 263 523
3  261 265 521
3  265 264 521
3  372 366 186
3  366 522 186
3  118 681 119
3  681 522 119
3  262 373 882
3  373 21 882
3  386 388 689
3  388 883 884
3  883 388 885
3  223 886 532
3  694 563 280
3  694 222 89
3  638 887 888
3  150 889 890
3  152 891 892
3  891 152 703
3  893 894 895
3  841 896 842
3  563 694 89
3  896 897 898
3  533 899 898
3  841 897 896
3  144 630 184
3  525 145 900
3  272 699 525
3  144 183 145
3  901 902 903
3  362 136 904
3  905 726 716
3  906 710 711
3  907 724 725
3  408 908 239
3  286 535 287
3  323 322 909
3  726 714 716
3  714 753 394
3  9 617 410
3  714 726 753
3  910 911 912
3  569 913 570
3  238 277 239
3  277 408 239
3  447 612 818
3  545 914 915
3  284 916 917
3  729 728 918
3  919 920 921
3  922 923 924
3  136 925 926
3  136 135 925
3  927 928 738
3  929 930 931
3  932 933 934
3  908 616 935
3  322 29 719
3  936 909 937
3  584 117 938
3  939 873 940
3  876 875 941
3  942 507 943
3  138 944 945
3  743 676 946
3  947 948 558
3  949 950 951
3  952 953 954
3  955 901 956
3  15 748 749
3  748 15 404
3  957 958 959
3  960 961 962
3  963 964 965
3  966 967 968
3  554 60 562
3  60 15 562
3  290 193 566
3  566 195 969
3  525 535 273
3  535 393 273
3  385 124 695
3  124 123 695
3  407 384 700
3  565 699 145
3  419 267 383
3  267 266 383
3  180 295 568
3  754 568 755
3  376 571 377
3  371 188 377
3  422 296 182
3  296 180 182
3  970 971 972
3  721 912 972
3  973 974 975
3  105 863 976
3  426 429 431
3  762 552 553
3  773 577 977
3  552 978 503
3  911 970 912
3  54 979 766
3  520 879 979
3  979 321 766
3  382 567 756
3  756 567 572
3  351 368 374
3  368 367 374
3  431 880 427
3  482 581 483
3  336 769 337
3  644 980 352
3  426 981 429
3  351 644 352
3  374 682 644
3  519 642 335
3  579 982 983
3  758 984 985
3  780 986 527
3  987 349 437
3  988 200 528
3  24 848 25
3  685 989 582
3  990 781 991
3  201 983 992
3  874 578 993
3  578 873 939
3  507 994 995
3  248 513 249
3  994 507 509
3  679 778 996
3  514 997 998
3  6 506 7
3  500 999 1000
3  329 786 108
3  786 45 108
3  329 589 787
3  589 45 787
3  329 788 590
3  788 45 590
3  329 330 789
3  330 45 789
3  45 1001 791
3  1002 544 149
3  820 819 613
3  1003 45 1004
3  591 329 149
3  227 147 149
3  22 1005 1006
3  45 1003 327
3  1005 149 1006
3  149 1007 1008
3  159 636 637
3  160 149 161
3  159 832 833
3  159 1009 1010
3  159 459 460
3  834 163 149
3  159 838 839
3  837 456 149
3  159 628 629
3  380 230 149
3  30 1011 1012
3  1011 67 1012
3  30 1013 1014
3  1013 67 1014
3  30 1015 1016
3  1015 67 1016
3  30 1017 1018
3  1017 67 1018
3  30 1019 1020
3  1019 67 1020
3  30 1021 1022
3  1021 67 1022
3  30 1023 1024
3  1023 67 1024
3  30 1025 1026
3  1025 67 1026
3  67 1027 1028
3  1027 32 1028
3  67 1029 1030
3  1029 32 1030
3  67 1031 1032
3  1031 32 1032
3  67 1033 1034
3  1033 32 1034
3  920 1035 921
3  447 59 612
3  1036 815 818
3  554 966 543
3  1037 1038 1039
3  560 59 61
3  612 611 1036
3  560 561 542
3  593 729 441
3  22 1040 1041
3  544 1002 545
3  22 326 1042
3  592 591 149
3  148 614 613
3  906 1043 710
3  1043 227 710
3  45 1044 1045
3  1044 32 1045
3  45 1046 1047
3  1046 32 1047
3  45 1048 1049
3  1048 329 1049
3  45 1050 1051
3  1050 329 1051
3  45 1052 1053
3  1052 329 1053
3  45 1054 1055
3  1054 329 1055
3  45 1056 1057
3  1056 329 1057
3  99 412 415
3  412 414 415
3  193 831 413
3  831 414 413
3  1058 1059 1060
3  123 125 223
3  35 461 149
3  834 159 163
3  230 229 149
3  623 159 835
3  627 626 149
3  458 159 600
3  456 455 149
3  455 159 457
3  600 623 149
3  837 159 456
3  163 162 149
3  626 159 836
3  797 149 798
3  625 159 627
3  598 149 599
3  229 159 624
3  159 1061 1062
3  149 792 794
3  184 630 462
3  461 34 184
3  631 844 462
3  461 462 633
3  897 704 705
3  897 841 704
3  641 0 1063
3  1064 887 1065
3  1 0 1066
3  1067 0 2
3  1068 1069 1070
3  891 883 892
3  260 851 850
3  855 654 854
3  656 850 852
3  348 478 26
3  483 853 484
3  848 849 1071
3  170 655 845
3  339 132 134
3  370 14 333
3  14 369 333
3  24 856 852
3  170 654 655
3  1072 484 770
3  484 1072 1073
3  170 169 654
3  651 649 777
3  174 654 855
3  174 112 654
3  307 244 308
3  244 1074 242
3  1075 245 1076
3  479 480 650
3  857 1077 1078
3  1077 645 1079
3  471 646 1080
3  663 1081 1082
3  489 666 490
3  490 858 1083
3  104 1084 1085
3  858 663 1082
3  72 1086 357
3  1086 355 357
3  242 1074 243
3  241 172 242
3  668 251 472
3  489 473 497
3  869 669 870
3  669 492 361
3  573 105 867
3  659 661 1087
3  573 300 664
3  1085 1077 1088
3  305 358 492
3  356 666 665
3  666 489 665
3  489 359 665
3  669 869 493
3  869 871 493
3  1089 1090 1091
3  7 868 8
3  73 318 782
3  784 671 670
3  71 518 297
3  518 51 297
3  768 336 772
3  769 430 337
3  424 879 425
3  189 371 423
3  520 979 56
3  979 54 56
3  21 523 687
3  21 196 523
3  523 263 687
3  263 262 687
3  21 686 882
3  686 262 882
3  702 1092 703
3  883 885 1093
3  1094 1095 1096
3  889 1096 890
3  1067 638 1097
3  1094 1096 1098
3  0 640 1095
3  640 150 1095
3  281 533 898
3  897 843 1099
3  899 896 898
3  533 89 899
3  232 631 705
3  631 630 843
3  535 525 1100
3  145 183 900
3  525 699 565
3  384 385 700
3  734 1101 432
3  1102 1103 1104
3  1105 1106 1107
3  934 1108 1109
3  616 1110 935
3  395 396 1111
3  191 190 1112
3  1113 726 905
3  535 286 536
3  286 393 536
3  535 1100 1114
3  714 286 715
3  753 254 394
3  286 714 394
3  935 1110 1115
3  617 616 1116
3  438 911 910
3  440 552 503
3  424 421 569
3  278 913 279
3  908 291 239
3  291 395 240
3  1036 1117 815
3  100 963 101
3  790 282 1118
3  916 1119 1120
3  84 1121 1122
3  84 1123 1124
3  1125 1126 1127
3  1128 1121 1129
3  925 1130 1131
3  315 1132 1133
3  948 1134 558
3  1135 557 559
3  1136 1137 1138
3  135 315 1130
3  217 216 539
3  1139 964 967
3  448 729 918
3  708 1140 709
3  1038 1141 1142
3  1143 1144 1145
3  238 240 760
3  936 323 909
3  1146 940 1147
3  1148 302 1149
3  1150 986 938
3  115 28 116
3  1151 938 1152
3  1153 1150 1151
3  363 1154 1155
3  1156 1157 1158
3  440 439 1159
3  722 764 1160
3  1161 743 1162
3  1163 675 1164
3  15 1165 1166
3  403 1166 928
3  1167 1168 1169
3  952 1170 949
3  1170 950 949
3  207 1124 745
3  961 1171 962
3  1172 1173 1174
3  1175 1176 1177
3  15 405 1168
3  1178 1179 1180
3  404 403 750
3  746 752 1181
3  1182 1183 1184
3  1185 1186 1187
3  922 752 923
3  1188 1189 1190
3  1191 1192 1193
3  15 732 731
3  1183 965 1184
3  556 555 1194
3  555 731 1194
3  89 387 899
3  387 386 899
3  393 411 969
3  411 253 566
3  694 280 695
3  280 524 695
3  385 524 700
3  699 700 145
3  382 534 383
3  534 419 383
3  295 22 755
3  22 98 755
3  568 754 572
3  754 289 572
3  180 381 181
3  381 266 181
3  378 688 377
3  688 375 377
3  181 376 182
3  376 422 182
3  936 1195 1196
3  418 1196 760
3  1197 973 975
3  1198 989 684
3  1199 1200 486
3  763 762 759
3  765 971 517
3  320 765 321
3  913 278 570
3  1201 1202 761
3  682 980 644
3  980 429 352
3  483 1200 1071
3  1199 775 774
3  1200 581 486
3  581 482 652
3  577 768 576
3  682 335 337
3  576 768 772
3  768 773 769
3  350 981 653
3  685 652 771
3  336 335 1203
3  335 642 1203
3  980 430 429
3  773 978 683
3  389 1204 390
3  1153 1205 988
3  775 990 991
3  990 973 781
3  1199 486 485
3  973 990 1206
3  1205 201 200
3  780 1197 1207
3  994 509 342
3  25 348 26
3  943 939 940
3  1208 942 1209
3  201 1205 983
3  1205 1153 580
3  942 1208 508
3  248 247 508
3  1210 943 940
3  579 578 939
3  1208 248 508
3  513 248 1211
3  586 1212 1089
3  1091 1090 1213
3  1208 1209 779
3  507 995 943
3  872 303 1147
3  1209 141 779
3  1214 1090 515
3  248 1208 1211
3  673 8 1215
3  678 1216 512
3  544 593 149
3  1001 45 592
3  790 1002 149
3  538 45 791
3  283 282 149
3  1004 45 537
3  326 149 1042
3  1003 149 327
3  1001 592 149
3  821 149 822
3  1004 537 149
3  1040 149 1041
3  157 1217 158
3  149 1217 1006
3  156 149 1218
3  596 149 597
3  159 792 1219
3  792 149 1219
3  159 1220 1221
3  1061 149 1062
3  159 1222 1223
3  634 149 635
3  159 1224 1225
3  1220 149 1221
3  159 1226 1227
3  324 149 325
3  623 835 149
3  1222 149 1223
3  455 457 149
3  1009 149 1010
3  626 836 149
3  1224 149 1225
3  229 624 149
3  795 149 796
3  461 632 149
3  1226 149 1227
3  30 1228 1229
3  1228 67 1229
3  30 1230 1231
3  1230 67 1231
3  30 1232 1233
3  1232 67 1233
3  30 1234 1235
3  1234 67 1235
3  30 1236 1237
3  1236 67 1237
3  30 1238 1239
3  1238 67 1239
3  30 1240 1241
3  1240 67 1241
3  30 1242 1243
3  1242 67 1243
3  30 1244 1245
3  1244 67 1245
3  30 1246 1247
3  1246 67 1247
3  30 1248 1249
3  1248 67 1249
3  30 1250 1251
3  1250 67 1251
3  30 1252 1253
3  1252 67 1253
3  30 1254 1255
3  1254 67 1255
3  30 1256 1257
3  1256 67 1257
3  30 1258 1259
3  1258 67 1259
3  67 1260 1261
3  1260 32 1261
3  67 1262 1263
3  1262 32 1263
3  67 1264 1265
3  1264 32 1265
3  67 1266 1267
3  1266 32 1267
3  67 1268 1269
3  1268 32 1269
3  67 1270 1271
3  1270 32 1271
3  67 1272 1273
3  1272 32 1273
3  67 1274 1275
3  1274 32 1275
3  155 1276 1277
3  228 155 814
3  61 60 561
3  60 554 561
3  729 448 441
3  1278 1279 918
3  1118 282 284
3  1003 1004 149
3  283 819 284
3  791 1001 149
3  227 1043 147
3  148 147 614
3  227 228 710
3  1276 1280 1281
3  32 1044 47
3  1044 45 47
3  45 1045 1282
3  1045 32 1282
3  45 825 1283
3  825 32 1283
3  32 220 1047
3  220 45 1047
3  45 1284 1285
3  1284 329 1285
3  45 1286 1287
3  1286 329 1287
3  45 454 1288
3  454 329 1288
3  329 827 1051
3  827 45 1051
3  329 1052 1289
3  1052 45 1289
3  329 619 1053
3  619 45 1053
3  329 1054 620
3  1054 45 620
3  329 829 1055
3  829 45 1055
3  45 830 1290
3  830 329 1290
3  329 107 1057
3  107 45 1057
3  289 754 415
3  754 98 415
3  388 88 885
3  90 89 1060
3  844 232 231
3  125 124 235
3  231 1291 701
3  380 632 633
3  233 696 1292
3  844 231 1293
3  631 843 705
3  843 897 705
3  1065 1294 1295
3  1296 641 1297
3  1298 0 1069
3  0 1067 1069
3  1298 1069 1068
3  1067 1299 1300
3  1 638 2
3  638 1067 2
3  640 82 81
3  1098 1096 1301
3  169 171 575
3  171 477 575
3  851 853 849
3  849 853 1071
3  581 1200 483
3  853 483 1071
3  476 1072 334
3  332 370 333
3  856 656 852
3  656 339 850
3  26 478 1302
3  655 481 845
3  333 369 475
3  369 368 475
3  658 1072 770
3  482 484 1073
3  480 649 650
3  649 651 468
3  575 469 777
3  469 651 777
3  169 777 854
3  777 649 854
3  1077 857 645
3  646 857 1303
3  1304 1078 1085
3  104 103 1084
3  166 646 167
3  646 471 167
3  657 467 344
3  345 471 1080
3  1086 488 662
3  1086 72 488
3  1303 1078 1305
3  241 243 354
3  474 473 1083
3  473 490 1083
3  356 304 357
3  304 72 357
3  359 497 864
3  497 251 864
3  300 668 664
3  668 472 664
3  300 587 301
3  999 301 1306
3  1087 863 1307
3  660 247 249
3  166 168 1308
3  348 25 866
3  358 665 361
3  665 359 361
3  871 501 493
3  501 491 493
3  871 506 502
3  506 73 502
3  506 871 7
3  871 869 7
3  669 360 870
3  360 250 870
3  668 299 252
3  250 252 499
3  318 1309 1310
3  317 505 1311
3  678 782 1216
3  678 73 782
3  79 297 680
3  297 51 680
3  642 681 1203
3  336 1203 772
3  421 423 268
3  423 371 268
3  423 421 424
3  420 913 569
3  691 1312 83
3  896 1313 842
3  1314 895 1315
3  884 1316 1317
3  231 292 1293
3  1059 1318 697
3  1319 703 1320
3  151 1312 1321
3  82 1098 1301
3  638 639 887
3  1094 639 1066
3  639 1 1066
3  1096 1095 890
3  1095 150 890
3  700 524 145
3  524 143 145
3  735 904 1322
3  362 904 735
3  1323 1324 1325
3  1326 1327 1328
3  556 1139 967
3  1142 1329 1105
3  1139 733 965
3  1330 1331 1332
3  1333 1334 1335
3  208 1336 1337
3  208 213 212
3  713 712 1338
3  396 291 935
3  291 908 935
3  396 935 1115
3  1339 396 1340
3  254 411 394
3  411 393 394
3  753 726 9
3  1341 905 724
3  1341 616 618
3  10 9 410
3  1342 910 723
3  971 1201 1343
3  765 320 971
3  320 1201 971
3  409 408 279
3  408 277 279
3  278 1202 570
3  1202 1201 570
3  1344 1345 539
3  1346 1347 1348
3  1349 1350 1351
3  916 820 1119
3  147 1043 614
3  1043 906 614
3  1123 1352 1353
3  139 84 1354
3  84 86 1352
3  1328 1327 1355
3  1356 1357 1358
3  1121 84 1324
3  62 1359 63
3  208 1360 1361
3  208 1362 1363
3  1364 1365 1366
3  1134 948 1367
3  947 1368 1369
3  1370 1125 1371
3  1145 1372 204
3  274 1038 275
3  1368 1373 1369
3  401 932 1141
3  1038 274 401
3  1374 811 1375
3  1330 1037 1039
3  1100 1279 1114
3  709 1140 1376
3  34 449 1377
3  449 1279 1377
3  989 685 684
3  1159 1378 1379
3  302 28 1149
3  28 140 1149
3  875 872 874
3  116 28 876
3  550 583 585
3  1205 200 988
3  115 117 583
3  117 584 583
3  909 719 937
3  1204 1380 1381
3  1204 389 1382
3  389 29 1383
3  1161 950 1170
3  1327 1384 1385
3  1386 675 1354
3  84 206 1386
3  1387 1388 1389
3  1388 1387 1390
3  1391 1392 1393
3  403 15 1166
3  1394 957 959
3  138 139 944
3  1395 949 951
3  960 1396 955
3  1189 1169 1190
3  743 1161 1397
3  1398 961 1399
3  1103 1400 1104
3  1126 1401 1402
3  1396 1403 1404
3  1403 1405 1406
3  433 1407 1408
3  285 1409 1410
3  1411 1412 1413
3  1414 1415 1416
3  1391 1417 739
3  1417 1391 1390
3  1389 1189 742
3  739 1176 1418
3  750 403 1419
3  309 748 310
3  1135 1394 959
3  1420 957 310
3  958 1420 1421
3  752 922 1181
3  1139 556 1194
3  1422 1186 1185
3  1181 922 1187
3  959 958 1423
3  1192 1134 1367
3  747 746 1182
3  732 15 747
3  555 562 731
3  562 15 731
3  898 843 706
3  281 898 706
3  411 566 969
3  566 193 195
3  712 323 418
3  240 418 760
3  322 719 909
3  719 1424 937
3  1424 764 1425
3  1426 1343 1427
3  762 553 1428
3  1429 1157 1382
3  880 978 552
3  763 880 552
3  978 880 683
3  880 763 427
3  979 879 321
3  879 319 321
3  970 516 517
3  577 417 767
3  576 55 417
3  55 54 417
3  1201 320 570
3  320 319 570
3  866 865 1430
3  25 848 865
3  762 757 759
3  759 684 428
3  1206 990 487
3  990 485 487
3  981 771 653
3  981 426 771
3  350 653 1073
3  653 482 1073
3  1203 681 772
3  681 118 772
3  430 980 337
3  980 682 337
3  429 981 352
3  981 350 352
3  1198 1206 487
3  486 582 487
3  973 1197 781
3  1197 780 781
3  579 995 982
3  995 994 982
3  527 988 528
3  986 1150 527
3  348 347 478
3  347 477 478
3  942 943 1210
3  1148 1210 940
3  872 875 303
3  875 28 303
3  508 247 509
3  507 942 508
3  299 999 500
3  515 1090 1089
3  997 778 1431
3  140 679 996
3  678 1431 1432
3  1431 778 1432
3  141 1209 142
3  1210 1148 142
3  1212 515 1089
3  514 1214 515
3  1208 779 1211
3  510 670 878
3  505 495 1311
3  317 73 504
3  149 821 443
3  821 22 443
3  149 1040 1433
3  1040 22 1433
3  1217 157 1006
3  157 22 1006
3  1007 157 1008
3  149 1434 1218
3  792 157 794
3  157 793 794
3  149 1061 637
3  1061 159 637
3  149 634 161
3  634 159 161
3  149 1220 833
3  1220 159 833
3  149 324 1435
3  324 159 1435
3  149 1222 460
3  1222 159 460
3  149 1009 599
3  1009 159 599
3  149 1224 839
3  1224 159 839
3  149 795 798
3  795 159 798
3  149 1226 629
3  1226 159 629
3  67 1228 328
3  1228 30 328
3  67 1011 1436
3  1011 30 1436
3  67 1230 1012
3  1230 30 1012
3  67 799 1437
3  799 30 1437
3  67 1232 800
3  1232 30 800
3  30 1233 1438
3  1233 67 1438
3  67 1234 1014
3  1234 30 1014
3  67 601 1439
3  601 30 1439
3  30 602 1440
3  602 67 1440
3  67 1015 1237
3  1015 30 1237
3  30 1016 1441
3  1016 67 1441
3  67 801 1239
3  801 30 1239
3  67 1240 1442
3  1240 30 1442
3  30 1241 1443
3  1241 67 1443
3  30 1018 1444
3  1018 67 1444
3  67 444 1243
3  444 30 1243
3  30 445 1445
3  445 67 1445
3  30 1245 1446
3  1245 67 1446
3  67 1246 1020
3  1246 30 1020
3  30 1247 1447
3  1247 67 1447
3  67 1248 804
3  1248 30 804
3  67 1021 1448
3  1021 30 1448
3  67 1250 1022
3  1250 30 1022
3  67 603 1449
3  603 30 1449
3  67 1252 604
3  1252 30 604
3  67 1023 1450
3  1023 30 1450
3  67 1254 1024
3  1254 30 1024
3  67 805 1451
3  805 30 1451
3  67 1256 1452
3  1256 30 1452
3  30 1257 1453
3  1257 67 1453
3  67 1258 1454
3  1258 30 1454
3  67 18 1259
3  18 30 1259
3  32 1260 69
3  1260 67 69
3  67 1261 1455
3  1261 32 1455
3  32 1262 1028
3  1262 67 1028
3  32 807 1263
3  807 67 1263
3  32 1264 808
3  1264 67 808
3  67 1265 1456
3  1265 32 1456
3  32 1266 1030
3  1266 67 1030
3  32 605 1457
3  605 67 1457
3  32 1268 606
3  1268 67 606
3  32 1031 1269
3  1031 67 1269
3  67 1032 1458
3  1032 32 1458
3  32 809 1271
3  809 67 1271
3  32 1272 810
3  1272 67 810
3  32 1033 1459
3  1033 67 1459
3  32 1274 1034
3  1274 67 1034
3  67 1275 1460
3  1275 32 1460
3  1036 611 730
3  611 59 730
3  155 1280 1276
3  612 1036 818
3  1036 730 542
3  730 560 542
3  32 824 1282
3  824 45 1282
3  32 1046 1283
3  1046 45 1283
3  329 1284 826
3  1284 45 826
3  329 1048 1285
3  1048 45 1285
3  329 1286 1049
3  1286 45 1049
3  45 1287 1461
3  1287 329 1461
3  329 1050 1288
3  1050 45 1288
3  329 1289 828
3  1289 45 828
3  329 1056 1290
3  1056 45 1290
3  1462 1463 1058
3  1463 1291 1318
3  1316 1319 1317
3  691 889 1464
3  235 234 128
3  234 126 128
3  125 235 292
3  841 696 233
3  149 162 1465
3  162 159 1465
3  149 628 796
3  628 159 796
3  149 797 1225
3  797 159 1225
3  159 1010 1466
3  1010 149 1466
3  149 598 1223
3  598 159 1223
3  149 459 325
3  459 159 325
3  149 621 1221
3  621 159 1221
3  149 832 635
3  832 159 635
3  149 160 1062
3  160 159 1062
3  149 636 1219
3  636 159 1219
3  594 157 595
3  157 594 840
3  1217 149 158
3  149 156 158
3  149 1005 1041
3  1005 22 1041
3  149 596 822
3  596 22 822
3  149 442 1042
3  442 22 1042
3  326 22 327
3  22 45 327
3  283 149 823
3  149 148 823
3  1467 1468 529
3  1069 1300 1070
3  0 1298 1063
3  1298 1068 1063
3  848 1071 1469
3  1071 1200 1469
3  170 845 1302
3  845 856 1302
3  851 849 852
3  849 24 852
3  475 351 476
3  351 350 476
3  1072 658 334
3  658 332 334
3  853 851 770
3  851 260 770
3  468 467 650
3  467 479 650
3  649 480 854
3  480 174 854
3  490 859 858
3  488 1470 663
3  1075 1305 246
3  1084 1304 1085
3  471 470 167
3  477 347 847
3  1080 1303 346
3  468 651 345
3  1078 1304 1305
3  245 1075 246
3  858 662 663
3  488 173 1470
3  859 355 662
3  355 1086 662
3  353 1081 354
3  1471 353 1472
3  1304 1084 1471
3  474 1083 860
3  250 360 864
3  360 359 864
3  976 863 1087
3  573 103 105
3  472 474 664
3  573 664 574
3  1308 1473 1474
3  586 588 1475
3  660 659 1476
3  247 660 1476
3  513 1212 249
3  660 249 1475
3  168 846 1308
3  846 1473 1308
3  349 436 437
3  200 202 392
3  1473 1477 1478
3  509 247 1476
3  1214 514 878
3  672 1214 878
3  1309 784 1310
3  318 317 1309
3  1216 782 512
3  782 510 512
3  879 520 425
3  520 264 425
3  388 884 894
3  884 1317 895
3  896 899 1313
3  899 386 1313
3  1312 151 83
3  1479 1291 1480
3  1464 150 1481
3  842 690 696
3  1092 702 1482
3  1312 702 1321
3  1483 1319 1320
3  1317 1319 1484
3  702 152 1321
3  152 151 1321
3  83 82 1301
3  1094 1294 1065
3  0 1095 1066
3  1095 1094 1066
3  1097 638 888
3  1299 530 1300
3  1485 1486 1487
3  641 1488 1297
3  1300 530 1070
3  1069 1067 1300
3  1279 1100 1377
3  1100 525 900
3  1489 1356 1358
3  1101 734 735
3  1490 1322 1491
3  904 136 926
3  1324 736 1325
3  547 1492 1493
3  1279 1278 1114
3  1336 1144 1337
3  1038 1037 275
3  1494 1495 400
3  210 717 1496
3  1497 1498 1499
3  1344 1500 1349
3  715 286 288
3  1501 932 934
3  212 1502 1503
3  10 756 11
3  753 9 11
3  617 726 618
3  726 1113 618
3  1341 618 905
3  618 1113 905
3  1341 724 1504
3  1110 616 1504
3  970 911 516
3  911 438 516
3  553 1159 1428
3  439 438 910
3  761 1195 1505
3  760 1195 761
3  616 908 1116
3  908 408 1116
3  913 420 279
3  420 419 279
3  906 397 399
3  608 1506 1507
3  816 1281 817
3  1277 1276 1508
3  542 561 543
3  561 554 543
3  819 823 613
3  823 148 613
3  1509 1510 1511
3  207 84 1124
3  1163 745 1512
3  1123 84 1352
3  548 1513 549
3  1324 84 736
3  1361 1360 1514
3  208 209 1360
3  904 926 1322
3  1515 1138 1364
3  1359 1133 1516
3  925 135 1130
3  1130 315 1133
3  315 208 1132
3  1517 811 1374
3  964 963 100
3  1362 1518 1363
3  1519 1518 1361
3  1520 1521 1522
3  1523 1524 1520
3  1516 1133 1525
3  1037 1330 1526
3  1527 1528 1529
3  1526 1530 1531
3  1528 276 1531
3  932 1532 1141
3  1039 1038 1142
3  1517 1532 1533
3  554 556 967
3  1374 1106 1329
3  1100 900 1377
3  34 33 449
3  546 545 915
3  708 728 915
3  728 1278 918
3  728 708 1278
3  900 183 1377
3  183 34 1377
3  721 1426 1425
3  723 722 1534
3  1535 1155 1536
3  720 29 364
3  116 876 941
3  986 584 938
3  873 578 874
3  116 941 1152
3  584 986 1207
3  986 780 1207
3  585 1207 1537
3  550 115 583
3  1198 758 985
3  1156 1158 1538
3  439 910 1342
3  1342 723 1534
3  550 1383 551
3  1383 29 551
3  1539 1379 1540
3  363 29 1154
3  389 1383 1541
3  1383 550 1542
3  84 1386 1354
3  1543 1544 1545
3  743 1397 744
3  677 676 744
3  1167 1165 1168
3  1165 15 1168
3  944 1546 945
3  285 945 1547
3  1171 951 1548
3  1123 1353 1549
3  1395 1398 953
3  961 960 1399
3  1135 1550 931
3  947 558 1368
3  1551 901 903
3  1102 1552 1415
3  1356 1553 1554
3  1555 1556 1557
3  1558 1137 1559
3  1560 1373 1561
3  1562 1563 1564
3  1565 1400 1566
3  1188 1410 1567
3  1167 1388 1568
3  1169 1168 1190
3  740 1189 1188
3  1569 1175 1177
3  928 1392 738
3  1570 1175 1571
3  1387 1569 1177
3  1387 1417 1390
3  1390 1393 1568
3  1392 1391 738
3  1166 1392 928
3  1392 1166 1393
3  1165 1393 1572
3  750 1419 1179
3  1419 927 1179
3  1102 1415 1573
3  1562 1414 1574
3  1134 1191 1394
3  1420 958 957
3  923 309 1193
3  748 404 1420
3  957 1394 311
3  748 1420 310
3  923 1193 924
3  746 15 752
3  752 749 923
3  749 309 923
3  1182 1181 1575
3  1576 1186 1577
3  1191 1134 1192
3  1422 1185 1367
3  630 144 706
3  144 143 706
3  843 898 1099
3  898 897 1099
3  195 271 969
3  271 393 969
3  418 323 1196
3  323 936 1196
3  1196 1195 760
3  1201 761 1505
3  757 984 758
3  1578 975 1579
3  439 1342 1378
3  1159 439 1378
3  430 769 683
3  769 773 683
3  971 970 517
3  416 54 766
3  1200 1199 1469
3  1199 774 1469
3  427 759 428
3  427 763 759
3  581 652 582
3  652 685 582
3  1072 476 1073
3  476 350 1073
3  990 775 485
3  775 1199 485
3  781 526 991
3  526 1580 991
3  1205 580 983
3  580 579 983
3  1580 526 528
3  526 780 527
3  856 24 1302
3  24 26 1302
3  943 995 939
3  995 579 939
3  1209 1210 142
3  1209 942 1210
3  303 302 1146
3  302 1148 1146
3  299 301 999
3  1581 498 1000
3  495 1582 496
3  1583 877 496
3  499 498 877
3  673 6 8
3  499 877 667
3  1215 8 1583
3  778 141 996
3  141 140 996
3  511 1431 1584
3  1431 678 1584
3  778 679 1432
3  679 678 1432
3  778 997 779
3  779 997 1211
3  1148 1149 142
3  1149 140 142
3  1581 671 785
3  1212 513 515
3  997 1431 998
3  1431 511 998
3  997 514 1211
3  514 513 1211
3  1582 504 674
3  504 73 674
3  495 785 1311
3  785 784 1311
3  149 1433 597
3  1433 22 597
3  1434 157 1218
3  157 156 1218
3  157 1434 1008
3  1434 149 1008
3  149 1435 622
3  1435 159 622
3  67 1436 1229
3  1436 30 1229
3  67 1437 1231
3  1437 30 1231
3  67 1013 1438
3  1013 30 1438
3  67 1439 1235
3  1439 30 1235
3  67 1236 1440
3  1236 30 1440
3  67 1238 1441
3  1238 30 1441
3  67 1442 802
3  1442 30 802
3  67 1017 1443
3  1017 30 1443
3  67 1242 1444
3  1242 30 1444
3  67 1244 1445
3  1244 30 1445
3  67 1019 1446
3  1019 30 1446
3  67 803 1447
3  803 30 1447
3  67 1448 1249
3  1448 30 1249
3  67 1449 1251
3  1449 30 1251
3  67 1450 1253
3  1450 30 1253
3  67 1451 1255
3  1451 30 1255
3  67 1452 806
3  1452 30 806
3  67 1025 1453
3  1025 30 1453
3  67 1454 1026
3  1454 30 1026
3  32 1027 1455
3  1027 67 1455
3  32 1029 1456
3  1029 67 1456
3  32 1457 1267
3  1457 67 1267
3  32 1270 1458
3  1270 67 1458
3  32 1459 1273
3  1459 67 1273
3  32 154 1460
3  154 67 1460
3  155 1585 1586
3  1586 1585 817
3  397 711 1587
3  711 1508 1587
3  1002 790 545
3  790 1118 545
3  820 916 284
3  1118 284 917
3  728 546 915
3  545 1118 914
3  329 453 1461
3  453 45 1461
3  125 292 701
3  1292 1291 1479
3  1314 885 1588
3  1318 1291 1292
3  885 1314 1315
3  152 892 693
3  1483 1092 1589
3  885 88 90
3  893 1314 1588
3  697 1318 698
3  235 128 293
3  128 379 293
3  292 293 1293
3  380 633 1590
3  149 1465 1227
3  1465 159 1227
3  149 838 1466
3  838 159 1466
3  594 149 840
3  149 793 840
3  157 1007 595
3  1007 149 595
3  1591 1063 1592
3  1468 530 529
3  774 865 1469
3  865 848 1469
3  478 171 1302
3  171 170 1302
3  1075 1303 1305
3  1303 857 1078
3  1078 1077 1085
3  1593 1594 1079
3  861 860 1082
3  1081 353 1082
3  1074 246 1595
3  246 1305 1595
3  646 1303 1080
3  1303 1075 346
3  1304 1471 1472
3  1074 244 246
3  245 647 1076
3  647 657 1076
3  1081 1470 354
3  1470 173 354
3  1470 1081 663
3  353 861 1082
3  103 574 862
3  574 860 862
3  474 860 574
3  861 1471 862
3  588 587 867
3  587 300 867
3  249 1212 1475
3  1212 586 1475
3  1596 846 987
3  104 1085 1088
3  1477 1473 1596
3  391 1597 437
3  645 1593 1079
3  645 166 1593
3  1597 202 1598
3  1599 391 436
3  1600 341 343
3  1598 201 992
3  660 1475 661
3  1475 588 661
3  1087 1307 1601
3  202 201 1598
3  1593 1308 1474
3  1473 846 1596
3  784 670 1310
3  670 672 878
3  1090 672 1213
3  1090 1214 672
3  884 883 1316
3  883 891 1316
3  1093 885 1315
3  894 884 895
3  893 689 894
3  689 388 894
3  842 1313 690
3  1313 386 690
3  702 1312 1482
3  1312 691 1482
3  82 640 1295
3  1294 1094 1098
3  1294 1098 1295
3  1299 1067 1097
3  530 1468 1070
3  463 1070 1602
3  1324 1323 1603
3  549 1604 1605
3  1513 1326 1606
3  1162 946 1607
3  1122 1608 1609
3  1610 1611 1606
3  1515 1364 1366
3  1498 1529 1612
3  1613 205 1614
3  208 137 213
3  418 1111 1338
3  418 395 1111
3  1339 1340 217
3  1615 1331 1107
3  1616 190 192
3  1502 214 1617
3  1618 1619 1620
3  401 274 402
3  1497 1621 1498
3  1622 1623 1624
3  1519 1625 1626
3  1527 1627 1624
3  209 210 1622
3  1622 210 1628
3  288 287 727
3  287 535 727
3  1502 212 214
3  204 1372 205
3  1140 1629 1376
3  1120 1630 540
3  756 255 11
3  255 254 11
3  617 1116 410
3  1116 408 410
3  716 715 725
3  905 716 724
3  1110 1631 1115
3  1115 1631 1504
3  417 416 767
3  978 773 977
3  912 970 972
3  971 1343 972
3  1202 278 761
3  278 238 761
3  1195 1427 1505
3  1195 936 1427
3  399 398 1632
3  1632 1119 615
3  398 1633 1632
3  398 1350 1633
3  1276 1281 1508
3  397 906 711
3  1036 542 1117
3  542 541 1117
3  736 362 1634
3  362 734 1634
3  1518 1362 1361
3  1362 208 1361
3  925 1131 1491
3  1131 1490 1491
3  1101 735 1635
3  735 1322 1635
3  1636 1363 1637
3  1132 208 1363
3  815 1117 1638
3  813 541 1375
3  948 1521 1639
3  948 947 1521
3  1558 920 1640
3  1330 1641 1526
3  1332 1331 1615
3  1642 1172 1174
3  1519 1361 1514
3  1133 1132 1643
3  929 1552 1644
3  929 931 1416
3  275 1037 1526
3  1495 1494 1645
3  933 400 1646
3  934 933 1646
3  1109 450 1347
3  1517 1533 1346
3  401 933 932
3  400 1495 1646
3  811 1517 1346
3  1347 450 1348
3  1117 813 1638
3  966 554 967
3  1279 449 918
3  449 448 918
3  719 764 1424
3  1155 1647 1536
3  764 720 1160
3  364 363 1535
3  941 1151 1152
3  1150 938 1151
3  1578 1157 1429
3  584 1207 585
3  984 757 1648
3  757 762 1648
3  973 1206 974
3  985 1158 1579
3  937 1424 1425
3  1426 937 1425
3  1379 1647 1540
3  1154 29 390
3  139 677 1649
3  1412 1650 1413
3  952 1650 1412
3  1397 1161 1170
3  1411 1546 1649
3  744 1411 1649
3  676 675 1163
3  745 1163 1164
3  1651 1162 1607
3  313 1544 314
3  1171 1395 951
3  1611 1610 312
3  1175 1569 1571
3  953 1398 1652
3  558 1134 559
3  557 930 1368
3  930 929 1644
3  558 557 1368
3  1570 960 955
3  1396 902 955
3  1552 929 1415
3  901 1551 1653
3  1384 1553 1385
3  1654 1655 1126
3  432 1101 433
3  1370 63 1656
3  1657 1560 1561
3  1658 919 1659
3  1660 1657 1661
3  1662 1658 1659
3  1565 1489 1358
3  1553 1356 1663
3  1400 903 1566
3  1415 1414 1573
3  945 1546 1547
3  285 138 945
3  1411 1397 1412
3  1650 1547 1413
3  1189 1389 1169
3  1410 1409 1567
3  1421 1179 1178
3  927 737 1180
3  1652 740 1567
3  741 740 1652
3  1563 1176 1664
3  1418 1563 1665
3  1189 740 742
3  1569 1387 1389
3  1389 1388 1169
3  1388 1167 1169
3  1391 1393 1390
3  1388 1390 1568
3  927 1419 928
3  1419 403 928
3  1393 1166 1572
3  1166 1165 1572
3  930 557 931
3  557 1135 931
3  310 957 311
3  1394 1191 1193
3  1176 1563 1418
3  1550 1135 959
3  1134 1394 559
3  1394 1135 559
3  750 1179 1421
3  1420 404 751
3  1186 1576 1575
3  1576 963 1183
3  1187 922 924
3  1182 746 1181
3  965 733 1184
3  964 1139 965
3  1185 1187 924
3  1185 1192 1367
3  1422 1367 1639
3  1367 948 1639
3  440 1159 553
3  1381 1380 1540
3  1378 1342 1536
3  985 984 1158
3  416 766 517
3  766 765 517
3  1580 1599 776
3  1599 1430 776
3  759 758 684
3  758 1198 684
3  582 989 487
3  989 1198 487
3  527 1150 988
3  1150 1153 988
3  1580 528 392
3  528 200 392
3  303 1146 1147
3  1146 1148 940
3  940 873 1147
3  873 872 1147
3  1213 1581 1000
3  586 1089 1306
3  494 498 1581
3  498 500 1000
3  505 504 495
3  504 1582 495
3  498 494 877
3  667 877 1583
3  499 252 500
3  252 299 500
3  514 998 878
3  998 511 878
3  1280 1586 817
3  1585 155 718
3  711 1277 1508
3  1280 155 1586
3  729 593 546
3  593 544 546
3  1140 914 1629
3  914 1118 917
3  914 1140 915
3  1140 708 915
3  1291 1463 886
3  1463 1462 532
3  1666 696 698
3  1588 1059 697
3  893 1588 1667
3  696 690 697
3  1484 1319 1483
3  1482 691 1464
3  892 1093 1484
3  892 883 1093
3  1059 90 1060
3  886 1463 532
3  885 90 1588
3  90 1059 1588
3  892 1484 1483
3  693 892 1483
3  232 704 233
3  704 841 233
3  633 1293 1590
3  633 844 1293
3  1070 1468 1602
3  1299 1097 1296
3  1592 1668 1669
3  464 1668 465
3  860 1083 1082
3  1083 858 1082
3  861 353 1471
3  1305 1304 1595
3  353 243 1472
3  243 1074 1472
3  345 1080 346
3  1076 657 344
3  1471 1084 862
3  1084 103 862
3  588 867 976
3  867 105 976
3  168 470 847
3  470 477 847
3  391 202 1597
3  349 348 866
3  347 349 987
3  349 866 436
3  1594 1593 1474
3  1593 166 1308
3  863 1088 1307
3  1077 1079 1088
3  659 1601 1670
3  342 509 1476
3  994 342 341
3  1477 1596 1597
3  1600 343 1478
3  983 982 992
3  511 1584 512
3  1584 678 512
3  783 318 1310
3  510 782 783
3  1319 1316 703
3  1316 891 703
3  895 1317 1315
3  1314 893 895
3  1096 889 1301
3  83 1301 692
3  1098 82 1295
3  530 1299 531
3  887 1064 1671
3  1296 1097 1671
3  1672 1634 432
3  1634 734 432
3  1513 1510 1604
3  1672 432 434
3  84 1122 1673
3  1673 1122 1609
3  1606 1326 1328
3  1674 1607 1675
3  1144 1372 1145
3  1676 1627 1677
3  1337 1144 1143
3  717 208 1337
3  1678 213 713
3  213 137 713
3  1616 713 1338
3  190 1338 1679
3  1108 1680 203
3  203 1680 204
3  1372 1144 1503
3  1336 208 212
3  1144 1336 1503
3  1336 212 1503
3  213 1678 214
3  1619 1618 192
3  1623 1494 1681
3  1625 1676 1677
3  1515 1136 1138
3  1626 1621 1682
3  1143 1145 1683
3  1145 204 1684
3  1625 1519 1514
3  210 1496 1628
3  727 1114 707
3  727 535 1114
3  191 1112 1685
3  1500 1633 1349
3  907 215 724
3  616 1341 1504
3  881 503 977
3  503 978 977
3  1343 1426 972
3  1426 721 972
3  1427 1343 1505
3  1343 1201 1505
3  816 609 1686
3  609 608 1686
3  1119 820 615
3  614 906 399
3  1109 1687 451
3  1632 1633 1630
3  711 814 1277
3  814 155 1277
3  812 610 1638
3  609 816 815
3  547 549 1688
3  1121 1324 1129
3  1359 1131 1689
3  1359 1130 1133
3  1322 926 1491
3  926 925 1491
3  1690 1642 1174
3  1521 947 1035
3  1521 1035 1522
3  1137 1136 1559
3  1142 1532 1329
3  1331 1330 1039
3  966 968 1691
3  1692 102 1693
3  1641 1332 1692
3  1641 1330 1332
3  1373 930 1644
3  1552 1102 1694
3  1695 1507 1696
3  203 1613 1687
3  1695 608 1507
3  1350 398 1697
3  1532 932 1533
3  932 1501 1533
3  1141 1532 1142
3  1038 401 1141
3  812 811 1346
3  1506 608 610
3  813 812 1638
3  1117 541 813
3  1426 1427 937
3  1427 936 937
3  1647 1378 1536
3  1535 363 1155
3  1153 1151 993
3  941 875 874
3  1151 941 993
3  941 874 993
3  938 117 1152
3  117 116 1152
3  984 1648 1538
3  1429 1541 1542
3  975 1578 1537
3  974 985 1579
3  1428 1159 1379
3  1648 762 1428
3  1378 1647 1379
3  1647 1155 1698
3  974 1206 985
3  1206 1198 985
3  720 364 1160
3  364 1535 1160
3  1535 1536 1534
3  1536 1342 1534
3  910 912 723
3  912 721 723
3  675 677 1354
3  677 139 1354
3  1397 1411 744
3  677 744 1649
3  1395 953 949
3  953 952 949
3  1397 1170 1412
3  1170 952 1412
3  1161 1162 1699
3  206 745 1164
3  1544 1700 1545
3  1512 745 1549
3  1700 1353 1545
3  1544 1543 1701
3  1651 1607 1674
3  1544 1701 314
3  1162 1334 1699
3  1334 1333 1699
3  950 1333 951
3  951 1333 1548
3  930 1373 1368
3  1373 1560 1369
3  1398 1395 961
3  1395 1171 961
3  1403 1396 962
3  1396 960 962
3  956 1653 1664
3  901 1653 956
3  1415 929 1416
3  1551 903 1103
3  313 312 1702
3  1548 1405 1703
3  1335 1704 1705
3  1548 1333 1335
3  1356 1489 1663
3  1406 1405 1385
3  1490 1131 62
3  1654 1125 1706
3  1554 1553 1384
3  1553 1406 1385
3  63 1359 1516
3  1555 1656 1707
3  919 1658 1640
3  919 1560 1708
3  1035 1560 921
3  1560 919 921
3  1560 1657 1708
3  1657 1556 1708
3  1566 902 1404
3  1663 1489 1566
3  1401 1400 1565
3  1489 1565 1566
3  903 1400 1103
3  1400 1401 1104
3  1650 1409 1547
3  1409 285 1547
3  1409 1650 954
3  1650 952 954
3  1188 405 1410
3  405 285 1410
3  738 1391 739
3  737 927 738
3  958 1421 1178
3  1423 958 1178
3  1398 741 1652
3  1571 741 1399
3  1176 1417 1177
3  1417 1387 1177
3  741 1569 742
3  1569 1389 742
3  1168 405 1190
3  405 1188 1190
3  1393 1165 1568
3  1165 1167 1568
3  1653 1551 1564
3  1563 1653 1564
3  1420 751 1421
3  751 750 1421
3  733 732 1184
3  1183 963 965
3  731 733 1194
3  733 1139 1194
3  732 747 1184
3  747 1182 1184
3  1187 1186 1575
3  1181 1187 1575
3  1524 1639 1520
3  1524 1422 1639
3  865 774 1430
3  1430 774 776
3  775 991 776
3  991 1580 776
3  685 771 428
3  771 426 428
3  391 1599 392
3  1599 1580 392
3  301 587 1306
3  587 586 1306
3  999 1306 1091
3  1306 1089 1091
3  495 494 785
3  494 1581 785
3  1582 674 1215
3  674 673 1215
3  868 870 667
3  870 250 667
3  1281 1280 817
3  718 447 818
3  1291 886 701
3  886 223 701
3  1292 696 1666
3  1588 697 1667
3  690 689 697
3  1318 1666 698
3  1462 89 532
3  89 222 532
3  1463 1318 1058
3  1318 1059 1058
3  89 1462 1060
3  1462 1058 1060
3  1589 1482 1464
3  1092 1482 1589
3  1317 1484 1315
3  1484 1093 1315
3  1293 293 1590
3  293 380 1590
3  1068 1070 465
3  1070 463 465
3  1602 1468 1486
3  1468 1467 1486
3  529 1591 1669
3  465 1668 1592
3  1304 1472 1595
3  1472 1074 1595
3  1075 1076 346
3  1076 344 346
3  661 588 1087
3  588 976 1087
3  846 847 987
3  847 347 987
3  1474 1473 1478
3  1594 1474 1709
3  1088 1079 1307
3  863 104 1088
3  1600 1477 1598
3  1477 1597 1598
3  982 341 992
3  982 994 341
3  1476 659 1670
3  1477 1600 1478
3  670 510 1310
3  510 783 1310
3  1301 889 692
3  889 691 692
3  887 639 1065
3  639 1094 1065
3  547 1672 434
3  1407 1357 1408
3  1608 1122 1710
3  1122 1121 1710
3  1511 1701 1711
3  85 84 1673
3  1609 1608 1509
3  548 1326 1513
3  1496 717 1143
3  717 1337 1143
3  1678 713 1616
3  712 418 1338
3  1680 1108 934
3  1687 1712 451
3  933 401 400
3  274 276 402
3  1680 1646 1684
3  1687 1613 1713
3  214 1678 1618
3  191 1619 192
3  276 1528 1527
3  1499 1498 1612
3  1621 1497 1682
3  1136 1497 1559
3  1627 1676 1714
3  209 1622 1714
3  1529 1498 1677
3  1518 1519 1626
3  1360 1676 1514
3  1676 1625 1514
3  1114 1278 707
3  1278 708 707
3  1340 1115 1504
3  396 1115 1340
3  1715 191 1685
3  1619 191 1715
3  767 516 881
3  516 438 881
3  577 767 977
3  767 881 977
3  398 397 1697
3  1686 608 1695
3  1630 1633 1500
3  820 613 615
3  614 399 615
3  399 1632 615
3  1629 1716 1376
3  1629 917 1717
3  1281 816 1508
3  816 1686 1508
3  1128 1718 1605
3  1718 549 1605
3  1634 1672 1323
3  1710 1121 1605
3  1131 1359 62
3  1407 433 1719
3  1131 1130 1689
3  1130 1359 1689
3  1560 1035 1369
3  1035 947 1369
3  1639 1521 1520
3  1035 920 1522
3  1530 1172 1720
3  920 919 1640
3  1526 1641 1173
3  1530 1612 1531
3  1577 1524 1693
3  1523 1520 1690
3  1532 1517 1329
3  1517 1374 1329
3  101 1576 1577
3  963 1576 101
3  541 543 1375
3  811 813 1375
3  1692 1332 102
3  1641 1692 1174
3  1654 1660 1655
3  1694 1102 1104
3  1104 1401 1655
3  1655 1401 1126
3  1561 1373 1644
3  1657 1561 1661
3  450 1506 1348
3  1501 934 1109
3  1712 1687 1713
3  1340 215 217
3  1506 610 1348
3  1346 1533 1347
3  1507 1506 452
3  1507 1721 1696
3  1533 1501 1347
3  1501 1109 1347
3  543 966 1691
3  1374 1375 1691
3  610 609 1638
3  609 815 1638
3  764 722 1425
3  722 721 1425
3  1154 390 1381
3  390 1204 1381
3  578 580 993
3  580 1153 993
3  1207 1197 1537
3  1722 550 585
3  1156 1204 1382
3  1197 975 1537
3  1541 1383 1542
3  1722 1578 1429
3  975 974 1579
3  1380 1539 1540
3  1380 1204 1156
3  1157 1156 1382
3  722 1160 1534
3  1160 1535 1534
3  1546 944 1649
3  944 139 1649
3  1334 1162 1651
3  1162 743 946
3  675 1386 1164
3  1386 206 1164
3  1353 1352 1545
3  86 85 1543
3  1544 313 1700
3  1607 1163 1512
3  312 1610 1723
3  1723 1610 1704
3  1611 1510 1606
3  1510 1513 1606
3  676 1163 946
3  946 1163 1607
3  1333 950 1699
3  950 1161 1699
3  902 901 955
3  1653 1563 1664
3  962 1171 1703
3  1171 1548 1703
3  1175 1570 956
3  1570 955 956
3  1176 1175 1664
3  1175 956 1664
3  1335 1334 1723
3  312 1723 1702
3  1125 1370 1706
3  1706 1555 1557
3  1724 1371 1127
3  1725 1724 1719
3  1525 1726 1707
3  1660 1654 1557
3  1356 1554 1357
3  1357 1554 1408
3  1384 1327 1493
3  547 434 1492
3  433 1101 1719
3  1365 1726 1525
3  1553 1663 1406
3  1663 1403 1406
3  903 902 1566
3  902 1396 1404
3  1357 1407 1727
3  1358 1727 1402
3  1547 1546 1413
3  1546 1411 1413
3  740 1188 1567
3  954 953 1652
3  1409 954 1567
3  954 1652 1567
3  1417 1176 739
3  1551 1573 1564
3  1562 1728 1665
3  737 739 1418
3  1416 1550 1574
3  1563 1562 1665
3  1550 1423 1574
3  1550 959 1423
3  737 1665 1180
3  1728 1423 1178
3  1569 741 1571
3  741 1398 1399
3  960 1570 1399
3  1570 1571 1399
3  1551 1103 1573
3  1103 1102 1573
3  931 1550 1416
3  1414 1416 1574
3  1394 1193 311
3  1193 309 311
3  1576 1183 1575
3  1183 1182 1575
3  1193 1192 924
3  1192 1185 924
3  866 1430 436
3  1430 1599 436
3  672 671 1213
3  671 1581 1213
3  999 1091 1000
3  1091 1213 1000
3  784 1309 1311
3  1309 317 1311
3  8 868 1583
3  868 667 1583
3  1582 1215 496
3  1215 1583 496
3  1585 718 817
3  718 818 817
3  1291 231 1480
3  233 1292 1479
3  889 150 1464
3  1318 1292 1666
3  697 689 1667
3  689 893 1667
3  1589 1464 1481
3  693 1483 1589
3  703 1092 1320
3  1092 1483 1320
3  1668 464 1669
3  463 1602 1486
3  1591 1592 1669
3  529 1669 1487
3  1079 1594 1307
3  1594 1709 1601
3  343 342 1670
3  1307 1594 1601
3  341 1600 992
3  1600 1598 992
3  1295 640 1729
3  529 531 1297
3  888 887 1671
3  1097 888 1671
3  641 1730 1729
3  1064 1065 1295
3  640 641 1729
3  1296 1671 1731
3  434 1408 1492
3  1408 1554 1492
3  549 1718 1688
3  1718 1323 1688
3  433 1408 434
3  1554 1384 1492
3  1608 1604 1509
3  1604 1510 1509
3  1543 85 1701
3  1673 1609 1711
3  1121 1128 1605
3  549 1513 1604
3  1145 1684 1683
3  1494 1623 1645
3  1338 1111 1679
3  190 1616 1338
3  1494 402 1681
3  1494 400 402
3  204 1680 1684
3  1680 934 1646
3  1503 1502 1617
3  1618 1620 1614
3  1618 1678 192
3  1678 1616 192
3  1627 1714 1624
3  1714 1622 1624
3  402 276 1681
3  276 1527 1681
3  1137 1658 1138
3  1726 1364 1662
3  1623 1628 1645
3  1623 1622 1628
3  1676 1360 1714
3  1360 209 1714
3  1625 1621 1626
3  1518 1626 1732
3  707 709 1733
3  709 1376 725
3  1631 1110 1504
3  216 215 1734
3  1111 396 1679
3  396 1339 1679
3  1344 1715 1685
3  205 1617 1614
3  1695 1697 1587
3  1697 397 1587
3  1120 1119 1630
3  1119 1632 1630
3  914 917 1629
3  1716 1629 1717
3  1128 1129 1603
3  1129 1324 1603
3  736 1634 1325
3  1634 1323 1325
3  1132 1363 1636
3  1732 1366 1637
3  1658 1137 1640
3  1137 1558 1640
3  1558 1559 1720
3  1529 1528 1612
3  920 1642 1522
3  920 1558 1642
3  1173 1641 1174
3  1526 1173 1530
3  1642 1690 1522
3  1690 1520 1522
3  1692 1523 1174
3  1523 1690 1174
3  1329 1106 1105
3  1331 1105 1107
3  1186 1422 1577
3  102 101 1693
3  100 1615 1735
3  1375 543 1691
3  1660 1694 1655
3  1694 1104 1655
3  1552 1694 1661
3  1694 1660 1661
3  1109 1108 1687
3  1108 203 1687
3  1721 1712 1736
3  1339 1345 1112
3  215 907 1734
3  1633 1350 1349
3  451 1712 452
3  1721 1736 1351
3  610 812 1348
3  812 1346 1348
3  968 967 1735
3  1107 968 1735
3  1155 1154 1698
3  1154 1381 1698
3  1578 1722 1537
3  1722 585 1537
3  550 1722 1542
3  1722 1429 1542
3  1648 1428 1539
3  1428 1379 1539
3  389 1541 1382
3  1541 1429 1382
3  1158 984 1538
3  1648 1539 1538
3  1700 1674 1675
3  1607 1512 1675
3  1352 86 1545
3  86 1543 1545
3  1328 1355 1704
3  1610 1606 1328
3  1405 1403 1703
3  1403 962 1703
3  1385 1405 1355
3  1327 1385 1355
3  63 1370 64
3  1724 1725 1371
3  1724 1407 1719
3  1371 1125 1127
3  1726 1662 1737
3  1654 1706 1557
3  1556 1657 1557
3  1657 1660 1557
3  1322 1490 1635
3  1490 1725 1635
3  1403 1663 1404
3  1663 1566 1404
3  1407 1724 1727
3  1125 1654 1126
3  1126 1402 1127
3  1358 1357 1727
3  1179 927 1180
3  737 1418 1665
3  1665 1728 1180
3  1728 1178 1180
3  1573 1414 1564
3  1414 1562 1564
3  1423 1728 1574
3  1728 1562 1574
3  1597 1596 437
3  1596 987 437
3  231 233 1480
3  233 1479 1480
3  150 693 1481
3  693 1589 1481
3  464 463 1485
3  463 1486 1485
3  641 1063 1488
3  1063 1591 1488
3  1063 1068 1592
3  1068 465 1592
3  1669 464 1487
3  464 1485 1487
3  342 1476 1670
3  659 1087 1601
3  343 1709 1478
3  1709 1474 1478
3  1601 1709 1670
3  1709 343 1670
3  1299 1296 531
3  531 1296 1297
3  1488 1591 1297
3  1591 529 1297
3  1064 1730 1671
3  1671 1730 1731
3  1730 1064 1729
3  1064 1295 1729
3  1730 641 1731
3  641 1296 1731
3  1492 1384 1493
3  1327 1326 1493
3  1323 1672 1688
3  1672 547 1688
3  1701 85 1738
3  85 1673 1738
3  1510 1611 1511
3  1611 312 314
3  1609 1509 1711
3  1509 1511 1711
3  1604 1608 1605
3  1608 1710 1605
3  1628 1496 1645
3  1684 1495 1683
3  1646 1495 1684
3  1495 1645 1683
3  1620 1613 1614
3  1613 203 205
3  1627 1529 1677
3  1627 1527 1529
3  1498 1621 1677
3  1621 1625 1677
3  1364 1138 1662
3  1138 1658 1662
3  1497 1136 1682
3  1136 1515 1682
3  1716 907 1376
3  1376 907 725
3  725 715 1733
3  709 725 1733
3  724 215 1504
3  215 1340 1504
3  1508 1686 1587
3  1686 1695 1587
3  1500 539 540
3  1630 1500 540
3  917 916 1717
3  916 1120 1717
3  1323 1718 1603
3  1718 1128 1603
3  1726 1365 1364
3  1365 1636 1366
3  1497 1499 1559
3  1499 1530 1720
3  1173 1172 1530
3  1559 1499 1720
3  1331 1039 1105
3  1039 1142 1105
3  1422 1524 1577
3  101 1577 1693
3  1332 1615 102
3  1615 100 102
3  1106 968 1107
3  1615 1107 1735
3  1552 1661 1644
3  1661 1561 1644
3  1613 1620 1713
3  1712 1713 1739
3  1506 450 452
3  450 1109 451
3  1345 217 539
3  1345 1339 217
3  190 1679 1112
3  1679 1339 1112
3  1120 540 1740
3  1500 1344 539
3  907 1716 1734
3  216 1734 1740
3  1350 1697 1696
3  1697 1695 1696
3  1712 1721 452
3  1721 1507 452
3  1736 1712 1739
3  1351 1736 1741
3  968 1106 1691
3  1106 1374 1691
3  1647 1698 1540
3  1698 1381 1540
3  1158 1157 1579
3  1157 1578 1579
3  1539 1380 1538
3  1380 1156 1538
3  1700 313 1674
3  1353 1675 1549
3  1723 1334 1702
3  1334 1651 1702
3  1405 1548 1705
3  1610 1328 1704
3  1516 1525 1707
3  63 1516 1656
3  1725 1490 64
3  1490 62 64
3  1725 64 1371
3  64 1370 1371
3  1101 1635 1719
3  1635 1725 1719
3  1401 1565 1402
3  1565 1358 1402
3  1486 1467 1487
3  1467 529 1487
3  1326 548 1493
3  548 547 1493
3  1611 314 1511
3  314 1701 1511
3  1645 1496 1683
3  1496 1143 1683
3  205 1372 1617
3  1372 1503 1617
3  1617 214 1614
3  214 1618 1614
3  1612 1528 1531
3  1530 1499 1612
3  1623 1681 1624
3  1681 1527 1624
3  1556 1737 1659
3  1656 1516 1707
3  715 727 1733
3  727 707 1733
3  540 216 1740
3  1734 1716 1740
3  1349 1351 1741
3  1344 1349 1741
3  1626 1682 1732
3  1682 1515 1732
3  1132 1636 1643
3  1636 1365 1643
3  1172 1642 1720
3  1642 1558 1720
3  276 275 1531
3  275 1526 1531
3  1524 1523 1693
3  1523 1692 1693
3  967 964 1735
3  964 100 1735
3  1619 1715 1739
3  1715 1741 1739
3  313 1702 1674
3  1702 1651 1674
3  1548 1335 1705
3  1335 1723 1704
3  1704 1355 1705
3  1355 1405 1705
3  1555 1706 1656
3  1706 1370 1656
3  1133 1643 1525
3  1643 1365 1525
3  1402 1727 1127
3  1727 1724 1127
3  1701 1738 1711
3  1738 1673 1711
3  1737 1662 1659
3  1556 1555 1737
3  919 1708 1659
3  1708 1556 1659
3  1716 1717 1740
3  1717 1120 1740
3  1350 1696 1351
3  1696 1721 1351
3  1741 1736 1739
3  1715 1344 1741
3  1366 1636 1637
3  1732 1515 1366
3  1363 1518 1637
3  1518 1732 1637
3  1112 1345 1685
3  1345 1344 1685
3  1713 1620 1739
3  1620 1619 1739
3  1675 1512 1549
3  1353 1700 1675
3  1726 1737 1707
3  1737 1555 1707
3  745 1124 1549
3  1124 1123 1549
