OFF
750 1496 0
419.592 224.152 362.964
472.073 -0.0343658 408.419
415.159 138.042 301.393
-282.681 -125.552 168.638
-262.642 -176.375 165.753
-432.486 -183.964 325.314
185.333 165.532 119.728
93.4824 276.104 155.591
151.348 302.548 203.281
-144.77 -388.201 241.916
-285.458 -324.432 286.833
-7.03748 -5.004 -0.166743
-6.72509 -5.10029 -0.159352
-7.27663 -5.17554 -0.1724
42.5898 130.833 55.554
90.5147 76.6146 49.5018
213.673 -82.6099 118.92
148.387 -5.7632 65.2119
316.386 -73.6469 186.786
-152.863 172.007 122.839
-99.0173 234.73 132.861
-108.97 110.861 70.9135
106.725 -393.897 251.609
124.009 -352.639 228.462
233.565 -253.177 209.19
179.298 57.6105 90.6596
389.54 14.9413 243.743
239.741 -18.633 131.353
428.906 -189.297 304.844
-428.939 -232.622 381.41
-375.9 -291.999 352.534
-166.631 -401.449 435.896
-375.534 96.9285 435.896
-427.324 104.225 435.896
-375.606 149.413 260.44
-295.865 283.839 291.95
-247.229 272.471 227.858
306.515 -180.393 435.896
130.794 -380.488 435.896
-362.533 262.109 390.93
-435.481 99.4213 350.1
-402.255 172.462 422.606
319.261 344.519 363.918
242.989 380.262 423.99
342.007 311.816 434.581
47.2203 465.797 360.046
-139.039 492.146 435.896
21.6048 461.823 407.005
363.119 222.006 302.05
420.13 55.9804 292.757
-225.382 -389.959 362.045
-173.94 -413.442 396.25
-463.567 -59.3776 421.463
-456.389 -1.46752 385.931
-338.486 269.322 327.145
-279.73 343.549 376.295
-426.623 -155.145 429.298
-462.849 -146.052 389.109
-314.664 -305.691 430.582
-386.41 -233.456 423.996
-327.9 -304.557 425.293
71.6377 -399.911 435.896
154.603 -438.605 358.673
17.1708 -453.912 367.37
89.907 -433.562 307.007
-326.843 -269.422 433.22
174.906 411.952 381.697
354.685 22.3457 435.896
344.775 -120.679 435.896
366.797 115.416 435.896
-151.583 370.873 254.896
-185.071 431.958 392.711
11.4571 349.33 204.554
290.928 308.324 307.112
413.38 -72.0579 274.499
106.522 -37.8115 48.7753
116.11 -37.9149 53.5555
388.942 -268.013 404.508
419.381 -213.067 397.936
-10.8512 -462.972 413.56
-436.337 -3.05329 291.04
-7.42634 -5.63702 -0.175936
-8.00143 -5.33086 -0.189542
-7.51572 -5.34715 -0.178054
-118.465 -98.0438 67.0914
-105.217 -58.8364 50.9427
-208.157 255.208 195
-350.093 35.3553 196.99
-221.145 79.4362 118.196
-121.705 -4.36439 51.1231
-234.367 166.819 162.979
-243.091 387.058 399.026
-303.136 -219.232 435.896
-313.756 -198.548 435.896
-110.73 -29.2407 47.7819
397.767 75.3584 434.547
426.546 -193.735 401.831
356.725 83.9203 435.896
249.98 -366.763 434.57
402.437 -89.2052 434.554
287.604 -230.001 435.896
-89.8368 410.627 280.997
-49.0838 123.589 57.2444
-13.2467 126.443 54.1468
-6.27016 6.9135 -0.148558
-5.77409 7.21175 -0.136812
-5.92878 6.95436 -0.14048
-118.158 472.419 393.041
68.4595 440.052 325.195
256.858 -363.383 327.884
125.342 -94.9654 68.7102
8.71465 -4.70658 0.206418
257.106 134.278 166.894
179.828 102.4 100.233
-9.10947 -3.87785 -0.215763
-8.98634 -4.15813 -0.212849
58.8732 -143.014 70.8107
58.4058 -101.709 51.7378
22.395 246 129.518
-91.7517 81.1659 50.0362
-117.794 17.9718 51.9975
-347.186 246.766 319.079
-246.664 -296.909 435.896
-377.272 -287.71 375.941
-23.2681 -433.204 434.564
-49.6213 -432.15 431.905
356.673 -250.054 430.568
352.262 -299.802 413.563
427.446 -39.3734 430.561
412.994 -201.87 409.588
298.896 -353.206 409.62
358.34 152.898 435.896
-376.1 195.502 433.222
-315.078 290.288 431.892
-276.806 329.683 435.896
10.4265 -270.463 139.708
-11.3522 -113.622 48.933
1.04513 -162.601 76.6608
-92.4251 -327.883 189.568
-5.71506 -8.12027 -0.135377
-5.96094 -7.93932 -0.141201
-6.20116 -7.75086 -0.146892
7.5115 6.47263 0.17793
7.70614 6.2369 0.182539
-262.414 -357.488 425.275
-194.572 -256.459 181.497
-96.8247 -233.299 130.147
-146.915 -187.857 122.414
-89.8631 -79.4054 50.8766
-77.7626 -96.8374 53.7913
-86.8177 107.66 60.3899
-5.2073 8.45891 -0.123348
-2.99894 9.48186 -0.0710317
208.267 -411.177 420.111
16.4804 -401.488 435.896
157.176 -404.231 430.569
-255.281 366.845 431.927
-386.392 -149.633 433.213
147.049 384.785 294.675
148.575 356.961 260.368
343.629 195.695 435.896
115.645 38.9506 51.1513
3.57351 9.27796 0.0846425
3.85584 9.16276 0.0913306
-3.24016 5.62628 -0.0768511
-9.77534 -1.5261 -0.231519
-9.66327 -2.12842 -0.228868
-9.81746 1.22264 -0.232516
-9.66327 2.12842 -0.228868
-8.07333 -5.74793 -0.191234
123.694 -190.668 121.287
72.2632 -237.54 134.854
3.57353 -9.27795 0.084642
40.4846 -107.55 50.2176
3.28779 -9.38436 0.0778746
-6.43551 -7.55504 -0.152443
-207.381 -55.2602 111.075
-9.87374 0.612477 -0.233847
-9.85028 0.917993 -0.233292
-9.22396 3.5939 -0.218473
-9.3297 3.30652 -0.220975
-9.81746 -1.22264 -0.232516
-333.892 -215.767 434.546
-431.765 -84.078 431.909
0.60902 9.93184 0.0144247
0.304663 9.94601 0.00721531
-5.86786 5.36965 -0.139068
-5.77082 5.61757 -0.13677
-5.46016 5.65189 -0.129418
307.465 278.649 435.896
196.978 336.557 435.896
51.6216 112.614 51.3714
5.96094 7.93932 0.141201
8.56634 4.97425 0.202907
9.22396 3.5939 0.218472
-271.989 -357.594 379.057
-8.24553 -5.49518 -0.195312
-9.42659 3.01602 -0.223268
-9.51454 2.72265 -0.225349
-5.46378 8.29351 -0.129423
-4.94589 8.61628 -0.117155
-5.10502 8.29095 -0.120936
-1.51749 9.8328 -0.0359414
-1.21573 9.87521 -0.0287941
7.89347 5.99526 0.186975
8.40992 5.23719 0.199204
-359.304 -161.777 434.544
9.87374 0.612479 0.233847
9.85028 0.91799 0.233292
-4.67978 8.7655 -0.110851
-3.28778 -9.38436 -0.0778745
-2.99892 -9.48186 -0.0710327
20.2062 -107.667 47.1305
-43.43 -100.151 48.3335
-9.72392 -1.82813 -0.230302
-8.71465 4.70659 -0.206418
-8.56634 4.97425 -0.202907
-8.39718 4.87503 -0.198908
-9.72392 1.82813 -0.230302
-9.77533 1.5261 -0.231519
3.28779 9.38436 0.0778741
-3.28779 9.38436 -0.0778742
-3.57351 9.27796 -0.0846425
-8.40992 -5.23719 -0.199204
-7.42634 5.63702 -0.175936
-8.00143 5.33086 -0.189542
-4.40924 8.9064 -0.104441
-2.11639 9.72003 -0.0501269
-2.41296 9.64977 -0.0571518
-0.60902 9.93184 -0.0144247
-4.23614 8.553 -0.100361
-3.93163 8.59067 -0.0931508
-4.31207 8.06981 -0.102178
6.4355 7.55505 0.152443
6.20116 7.75085 0.146892
8.07332 5.74794 0.191235
-3.05047 4.93666 -0.0723617
9.88783 0.306385 0.23418
-6.64714 5.0407 -0.157508
-9.88783 -0.30639 -0.23418
-9.87374 -0.612479 -0.233847
-9.42659 -3.01602 -0.223268
-9.51454 -2.72265 -0.225349
-6.64714 -5.0407 -0.157508
-6.02943 5.1854 -0.142892
-6.1778 5.31396 -0.146402
-8.62858 -4.65963 -0.204383
-7.67586 -5.11192 -0.181844
-9.59346 2.42668 -0.227216
-5.80199 6.80426 -0.137485
-5.5909 6.98082 -0.132485
-3.85584 9.16275 -0.0913305
-4.1345 9.03886 -0.0979323
-3.53848 9.18597 -0.0838175
-8.71465 -4.70659 -0.206418
-8.56634 -4.97425 -0.202907
-7.70614 6.23689 -0.182539
-7.5115 6.47263 -0.17793
-7.63018 6.17478 -0.180745
-9.10947 3.87785 -0.215763
-5.65126 5.17007 -0.133943
-5.80681 4.99263 -0.137624
5.46378 8.29351 0.129423
5.71507 8.12026 0.135377
7.10108 6.92548 0.168209
8.24553 5.49517 0.195312
1.81781 9.78106 0.0430544
1.51749 9.8328 0.0359413
-1.51748 -9.8328 -0.0359422
-1.21573 -9.87521 -0.0287942
2.70724 -9.57036 0.0641225
2.41297 -9.64977 0.0571514
8.85469 -4.43446 0.209733
9.59346 2.42669 0.227216
9.51454 2.72264 0.225349
9.42659 3.01602 0.223268
-4.01951 -8.11138 -0.0952509
-4.45986 -7.76133 -0.105689
-4.22002 -7.89594 -0.100006
112.14 -13.1861 48.7605
9.3297 -3.30653 0.220975
9.42659 -3.01601 0.223268
-5.29439 -6.20422 -0.125487
-4.90452 -6.52045 -0.116253
-5.35787 -6.2792 -0.126988
-8.85469 4.43446 -0.209733
-8.98634 4.15813 -0.212849
-9.89252 -8.64832e-07 -0.234291
-9.85028 -0.917994 -0.233292
-9.88783 0.30639 -0.23418
-7.35018 4.89311 -0.174141
-9.59346 -2.42669 -0.227216
-6.99319 -6.02168 -0.165684
-6.44508 -5.90224 -0.15272
-6.58929 -6.03548 -0.156129
-8.89754 -4.11664 -0.210749
9.77533 1.52611 0.231519
9.72392 1.82813 0.230302
-1.81781 9.78106 -0.0430545
-3.36811 6.78714 -0.0798625
-3.66689 6.85314 -0.0869385
-3.54203 7.14017 -0.0839742
-3.85582 -9.16276 -0.0913313
-4.40924 -8.9064 -0.10444
-6.89128 6.71875 -0.163255
-6.81789 7.07112 -0.161507
-6.4014 7.05966 -0.151657
-4.13449 -9.03887 -0.0979329
-3.28906 5.71163 -0.0780086
-3.62999 5.14017 -0.0860899
-3.85606 5.46194 -0.0914424
-3.63282 5.49677 -0.0861546
-4.34961e-07 9.95074 -1.0333e-08
-0.304664 9.94601 -0.00721534
-0.912811 9.90823 -0.0216198
0.91281 9.90823 0.0216197
1.21573 9.87521 0.028794
-4.06471 6.15421 -0.0963752
-3.77134 6.1097 -0.0894281
-3.95679 5.98982 -0.0938219
6.88567 7.14217 0.163107
6.66374 7.35209 0.15785
9.3297 3.30653 0.220975
4.1345 9.03886 0.0979321
9.10947 3.87786 0.215763
8.98634 4.15813 0.212849
9.89252 0 0.234291
-2.98397 4.51122 -0.0707866
4.40924 -8.9064 0.10444
-3.19125 -5.54094 -0.0756932
-3.14233 -5.45561 -0.074535
5.71506 -8.12027 0.135377
5.46379 -8.29351 0.129423
5.96094 -7.93932 0.141201
-5.41608 5.96428 -0.128371
-7.03748 5.004 -0.166743
-7.27663 5.17554 -0.1724
-7.21538 6.21489 -0.170935
-7.32624 5.9264 -0.173563
-7.47822 6.05056 -0.177155
-8.85469 -4.43447 -0.209733
-6.33751 -5.12017 -0.150182
-3.64719 7.96336 -0.0864395
-3.80979 8.32179 -0.0902768
-2.70724 9.57036 -0.064122
-5.20729 -8.45891 -0.123348
-4.67979 -8.7655 -0.11085
9.72392 -1.82814 0.230302
9.59346 -2.42668 0.227216
-2.88093 -5.37693 -0.0683418
-6.20116 7.75086 -0.146892
-5.96094 7.93932 -0.141201
-5.90235 7.86043 -0.139819
-7.30976 6.70222 -0.173151
-8.89754 4.11663 -0.210749
-5.48184 -6.03724 -0.129926
-5.41608 -5.96428 -0.128371
7.30975 6.70223 0.173152
9.81746 1.22263 0.232516
9.66327 2.12842 0.228868
-6.43551 7.55505 -0.152443
-6.66375 7.35208 -0.15785
-3.57352 -9.27795 -0.0846418
4.67978 8.7655 0.11085
4.40924 8.9064 0.104441
4.94589 8.61628 0.117154
5.20731 8.45891 0.123347
8.71465 4.70659 0.206418
-3.94364 7.37445 -0.0934792
9.81747 -1.22262 0.232516
9.77533 -1.52611 0.231519
-7.73779 -5.8758 -0.183297
-8.16417 -5.4404 -0.193389
-6.88567 -7.14217 -0.163107
-7.10107 -6.92548 -0.168209
-7.8344 -5.57612 -0.185588
-5.79567 5.30311 -0.13736
-4.69545 7.61937 -0.111271
-4.90033 7.95511 -0.116107
-4.60579 8.01776 -0.109133
-6.32613 5.44255 -0.149911
-6.01222 5.50274 -0.142483
-6.47443 -5.57118 -0.153419
-6.32613 -5.44255 -0.149911
-9.3297 -3.30652 -0.220975
-4.25724 -5.65448 -0.100942
-4.61044 -6.12674 -0.109299
-4.67346 -5.82719 -0.110795
2.1164 -9.72003 0.0501269
-4.45004 -8.33065 -0.105434
-3.7802 -8.98105 -0.0895492
-5.46378 -8.29351 -0.129423
-5.71507 8.12026 -0.135376
-5.57904 -5.10356 -0.132234
-5.57904 5.10356 -0.132234
-5.43458 4.97056 -0.128815
-2.94658 -5.1143 -0.0698992
-4.72256 5.52976 -0.11196
-4.91326 5.75451 -0.116472
-4.55096 5.6735 -0.107896
-5.80681 -4.99263 -0.137624
-4.33432 6.56529 -0.102752
-4.07974 6.61273 -0.0967223
-4.17258 6.31862 -0.0989269
8.85469 4.43447 0.209733
-6.02943 -5.1854 -0.142892
-4.55096 -5.6735 -0.107896
-4.72257 -5.52976 -0.11196
-4.65898 -5.45486 -0.110455
-3.85142 -7.20067 -0.091301
-3.49856 -7.05191 -0.0829468
0.912832 -9.90823 0.0216184
-4.43909 7.19984 -0.105216
-4.60367 6.97652 -0.109119
-4.76517 7.22332 -0.112935
-6.47443 5.57118 -0.153419
-6.72509 5.10029 -0.159352
-7.67586 5.11192 -0.181844
-4.36597 -8.81805 -0.103422
-3.97271 -6.90694 -0.0941814
-3.57456 -6.6794 -0.0847556
1.81781 -9.78106 0.0430542
-4.9459 -8.61628 -0.117154
-6.00374 -6.21917 -0.142273
-6.20742 -6.43204 -0.147087
-6.40139 -6.23671 -0.15168
-4.80019 -8.35975 -0.11372
-6.0182 7.51976 -0.142575
-4.85713 -6.05779 -0.11514
-6.96123 -6.78765 -0.164907
-7.5115 -6.47263 -0.17793
-6.89128 -6.71875 -0.163255
-9.22396 -3.59391 -0.218473
-5.74479 6.32919 -0.136143
-6.00374 6.21917 -0.142273
-5.87619 6.47522 -0.139249
-5.54828 6.50418 -0.131489
-5.14159 7.79944 -0.121823
-5.30274 8.04644 -0.125625
-4.21642 7.33407 -0.0999396
-4.4112 7.67587 -0.10454
-3.63112 -6.30917 -0.0861032
-3.34357 -6.24514 -0.0792922
-3.48219 -6.50568 -0.0825714
9.88783 -0.306356 0.23418
9.87374 -0.612477 0.233847
-3.29063 -4.65769 -0.0780525
-3.20487 -5.98463 -0.07601
9.85028 -0.917999 0.233292
0.609032 -9.93184 0.0144241
0.304662 -9.94601 0.00721558
7.70613 -6.23691 0.18254
7.89347 -5.99526 0.186976
6.43551 -7.55504 0.152443
6.66374 -7.35209 0.157851
-4.38778 -7.11594 -0.104004
-4.49039 -7.28373 -0.106428
-4.92782 -6.99161 -0.116792
-5.74479 -6.32919 -0.136143
-4.75883 -6.74994 -0.112798
-4.44209 -6.72976 -0.1053
-6.66375 -7.35208 -0.15785
-6.24556 -7.32973 -0.147961
-5.90233 -7.86044 -0.13982
-6.4014 -7.05966 -0.151657
-6.46701 -7.13275 -0.153206
-6.81789 -7.07112 -0.161507
-4.95152 8.03906 -0.117315
-5.99216 -7.02941 -0.141977
-5.89616 -7.36575 -0.139695
-5.54656 -7.87829 -0.131402
-5.43416 -7.71702 -0.12875
-4.41119 -7.67587 -0.10454
-4.21642 -7.33407 -0.0999399
-4.17398 -7.80902 -0.0989192
-7.28942 -6.27931 -0.172684
-7.21538 -6.21489 -0.170935
-7.89347 -5.99526 -0.186975
-7.47822 -6.05057 -0.177155
-7.32624 -5.9264 -0.173563
-6.69681 -5.7642 -0.158677
-6.84502 -5.89292 -0.162181
-6.94613 -5.61612 -0.164577
-4.59539 5.37996 -0.10895
-4.75795 5.23501 -0.112799
-6.44508 5.90224 -0.15272
-6.58929 6.03548 -0.156129
-6.40139 6.23671 -0.15168
-3.11236 -5.81099 -0.0738205
-3.43571 -5.96769 -0.0814795
-4.17399 7.80901 -0.0989188
-4.06287 8.19969 -0.0962734
-6.27529 6.503 -0.148691
-6.47141 6.30554 -0.153335
-6.6114 6.44324 -0.156643
-4.62621 -5.08925 -0.109681
-4.59539 -5.37996 -0.10895
-4.75795 -5.23501 -0.112799
-4.81518 6.83048 -0.11413
-4.64613 6.58884 -0.110134
-3.89754 7.28755 -0.0923899
-4.23382 6.86431 -0.100365
-3.67238 7.40499 -0.0870537
-3.98973 7.46135 -0.0945678
-4.02158 5.33978 -0.0953633
-3.84474 5.10381 -0.0911764
-4.12194 5.13577 -0.0977406
2.11639 9.72003 0.0501269
-3.23756 6.52241 -0.0767754
-3.84884 5.82545 -0.0912675
-4.08199 5.78379 -0.0967898
4.9459 -8.61628 0.117154
9.10947 -3.87785 0.215763
9.66328 -2.12841 0.228868
-2.41297 -9.64977 -0.0571513
-2.1164 -9.72003 -0.0501269
-0.609027 -9.93184 -0.014424
1.18661e-07 -9.95074 2.81893e-09
4.67979 -8.7655 0.11085
7.30975 -6.70223 0.173152
7.51152 -6.47261 0.177929
8.24554 -5.49515 0.195311
-3.93279 -7.93475 -0.0932041
-3.94363 -7.37445 -0.0934793
-3.56582 -7.78417 -0.0845187
-3.66668 -8.70851 -0.0868736
-4.54166 -7.36764 -0.107639
-6.12123 -5.96145 -0.145057
-4.30776 -6.10574 -0.102132
-3.92558 -6.36119 -0.0930775
-4.42059 -6.26675 -0.104801
-5.79997 -6.00637 -0.137455
-5.77082 -5.61757 -0.13677
-5.59612 -5.79366 -0.132634
-5.49187 -7.30842 -0.130131
-4.84791 5.01432 -0.114929
-5.29008 4.8376 -0.125395
-5.27986 5.1365 -0.125153
-5.80199 -6.80426 -0.137485
-6.27529 -6.50301 -0.148691
-5.87619 -6.47522 -0.139249
-4.87277 -7.3879 -0.115476
-5.04042 -7.15277 -0.119452
-5.5298 -6.90386 -0.131042
-4.75161 -8.27424 -0.112574
-5.92878 -6.95436 -0.14048
-5.20924 -7.39454 -0.123439
-4.92656 -7.4702 -0.116746
-4.90032 -7.95511 -0.116107
-7.63018 -6.17478 -0.180745
-6.75136 -6.58098 -0.15995
-6.6145 -6.858 -0.156704
-6.54857 -5.63551 -0.155172
-7.75727 5.16664 -0.183769
-7.19266 5.45802 -0.170411
-6.84502 5.89292 -0.162181
-5.13951 -4.99913 -0.121831
-5.43458 -4.97056 -0.128815
-5.49033 -5.34263 -0.130134
-5.79567 -5.30311 -0.13736
-5.65126 -5.17007 -0.133943
-7.23775 6.63551 -0.171451
-7.10107 6.92549 -0.168209
-4.96332 6.59921 -0.117642
-4.78693 6.36294 -0.113472
-5.04072 6.28845 -0.119481
-5.21875 -5.74541 -0.123703
-4.91326 -5.75452 -0.116472
-5.4076 6.74996 -0.128154
-5.35787 6.2792 -0.126988
-6.73346 6.16875 -0.159537
-5.43319 7.22958 -0.128745
-5.55055 7.38725 -0.131516
-4.4339 5.89058 -0.105122
-4.7347 5.90405 -0.112243
-4.66929 6.20546 -0.11069
-5.79998 6.00637 -0.137455
-4.03581 7.54826 -0.0956561
-3.48219 6.50568 -0.0825712
-3.38979 6.33198 -0.0803854
-3.71991 6.02588 -0.0882112
-3.0922 4.67543 -0.0733507
2.70724 9.57036 0.064122
2.41296 9.64978 0.0571518
-3.29734 6.1583 -0.0781983
8.98635 -4.15813 0.212849
8.40992 -5.23719 0.199204
9.22396 -3.5939 0.218473
9.51453 -2.72265 0.225349
-4.30587 5.36618 -0.102095
-1.81781 -9.78106 -0.0430541
-2.70724 -9.57036 -0.0641225
-4.02551 -5.70332 -0.0954535
-4.13844 -5.86428 -0.0981259
1.51748 -9.8328 0.0359423
1.21573 -9.87521 0.0287943
5.2073 -8.45891 0.123348
6.20116 -7.75086 0.146892
7.10108 -6.92547 0.168209
6.88567 -7.14217 0.163106
-5.46016 -5.6519 -0.129418
-5.25616 -5.4393 -0.124591
-0.912827 -9.90823 -0.0216183
-6.08438 -5.56931 -0.14419
-6.01222 -5.50274 -0.142483
-6.30082 -5.76905 -0.149309
-5.54827 -6.50418 -0.131489
-3.25661 5.27172 -0.0772438
-3.51409 5.69065 -0.0833397
-7.70614 -6.23689 -0.182539
-5.72649 -7.62381 -0.13567
-7.19266 -5.45802 -0.170411
-7.35018 -4.89311 -0.174141
-8.62858 4.65963 -0.204383
-6.69681 5.76419 -0.158677
-7.02218 5.67815 -0.166375
-7.89347 5.99526 -0.186975
-8.24553 5.49517 -0.195312
-8.40992 5.23719 -0.199204
-6.08438 5.56931 -0.14419
-6.30082 5.76905 -0.149309
-5.91102 5.7551 -0.140086
-5.42018 5.27391 -0.128474
-4.98404 -5.15595 -0.118151
-4.84791 -5.01432 -0.114929
-6.88567 7.14217 -0.163107
-3.97273 6.90693 -0.0941808
-4.49602 8.41761 -0.106518
-5.65892 8.03959 -0.134052
-5.41011 8.21115 -0.128158
-5.60275 7.95894 -0.132727
-6.75136 6.58098 -0.15995
-4.98033 7.5525 -0.118016
-5.15298 7.31394 -0.122111
-3.87517 6.73612 -0.0918747
-5.22421 6.51917 -0.123819
-5.66408 5.86455 -0.134241
-4.18247 6.78044 -0.0991511
-4.19835 5.5758 -0.0995474
-3.96904 5.62285 -0.0941166
2.99894 9.48186 0.0710317
8.07332 -5.74795 0.191235
8.56634 -4.97426 0.202908
2.99893 -9.48186 0.0710328
-3.28108 -6.61065 -0.077805
4.13449 -9.03887 0.0979329
-4.33431 -6.56529 -0.102752
-5.86786 -5.36965 -0.139068
-6.1778 -5.31396 -0.146402
-6.73346 -6.16875 -0.159537
-6.87759 -6.30207 -0.162943
-4.62622 5.08925 -0.109681
-3.25447 -4.92178 -0.077195
-5.42018 -5.27391 -0.128474
-4.01075 -6.07202 -0.095099
-4.0647 -6.15421 -0.0963754
-4.25133 -6.02525 -0.100797
-5.08084 -6.75677 -0.12042
-7.30976 -6.70222 -0.173151
-6.47885 -6.71599 -0.1535
-4.24457 5.28937 -0.100644
-4.34092 5.08044 -0.102926
-7.99369 5.69065 -0.189353
-7.8344 5.57612 -0.185588
-8.16417 5.4404 -0.193389
-8.07333 5.74793 -0.191234
-6.20742 6.43204 -0.147087
-5.02132 5.52663 -0.119032
-4.98404 5.15595 -0.118151
-4.88965 5.3808 -0.115916
-6.46701 7.13275 -0.153206
-6.30889 7.40483 -0.149455
-5.32173 7.55576 -0.126095
-5.19834 6.91434 -0.123197
-5.1396 6.83555 -0.121809
-5.4687 6.82691 -0.129598
-5.95719 7.44274 -0.141135
-4.88965 -5.38081 -0.115916
-4.21364 4.93072 -0.0999124
-3.93794 4.90541 -0.0933835
-5.21875 5.74541 -0.123703
-5.78513 7.70267 -0.137053
-4.33647 7.03206 -0.102791
-4.30776 6.10574 -0.102132
-4.25134 6.02524 -0.100797
-3.35962 5.43928 -0.0796831
-3.46035 4.8989 -0.0820723
-3.36261 5.08604 -0.0797561
-3.25447 4.92178 -0.077195
-0.304662 -9.94601 -0.00721559
3.85583 -9.16276 0.0913315
-4.07023 -7.07778 -0.0964858
-4.24456 -5.28937 -0.100644
-4.18325 -5.21257 -0.0991925
-4.2338 -6.86431 -0.100365
-5.02132 -5.52663 -0.119032
-6.20453 -6.84043 -0.147007
-6.47141 -6.30554 -0.153335
-5.10387 5.97934 -0.120981
-6.54857 5.63551 -0.155172
-6.12123 5.96145 -0.145057
-6.87759 6.30207 -0.162943
-4.92782 6.99161 -0.116792
-4.91834 6.13466 -0.116587
-4.4206 6.26675 -0.104801
-4.477 6.34726 -0.106135
-3.77758 6.56532 -0.0895671
-5.25616 5.43929 -0.124591
-5.31579 7.07195 -0.125972
-6.59817 7.27897 -0.156302
-5.09671 7.23334 -0.120782
-4.81898 7.30561 -0.114206
-4.59294 7.45154 -0.10885
-4.49596 6.812 -0.106573
-3.9328 7.93475 -0.0932035
-4.54167 7.36763 -0.107639
-3.56556 5.77445 -0.084558
-3.79485 5.74327 -0.0899899
-3.23405 4.57728 -0.0767114
-3.66846 -5.94207 -0.0869939
-3.10202 -5.02042 -0.0735826
-3.90369 -5.18247 -0.0925728
-3.41667 5.16818 -0.0810364
-4.12794 7.72209 -0.0978316
-5.60922 7.46609 -0.132901
-3.43571 5.96769 -0.0814794
-3.17746 4.49689 -0.0753707
-3.36261 -5.08604 -0.0797563
-3.5169 -4.97932 -0.0834119
-3.90281 -5.90764 -0.0925451
-3.74085 -5.6611 -0.088712
-3.2566 -5.27172 -0.0772439
-3.85605 -5.46194 -0.0914424
-4.21364 -4.93071 -0.0999123
-4.34092 -5.08044 -0.102926
-3.99928 -4.98219 -0.0948365
-4.56033 5.01638 -0.108121
-3.20509 5.18795 -0.0760237
-3.60883 -4.78926 -0.0855894
-3.72877 6.47993 -0.0884127
-3.92559 6.36119 -0.0930765
-4.30586 -5.36618 -0.102095
-3.40379 4.81849 -0.0807325
-3.52477 5.33246 -0.0835961
-3.41112 -5.52306 -0.0809024
-3.61701 -5.85826 -0.0857762
-3.68652 -5.22061 -0.0874289
-3.66783 4.86789 -0.0869865
-3.74303 -5.30105 -0.0887669
-3.54984 4.71064 -0.0841919
3  0 1 2
3  3 4 5
3  6 7 8
3  9 10 4
3  11 12 13
3  14 6 15
3  16 17 18
3  19 20 21
3  22 23 24
3  25 26 27
3  16 28 24
3  29 5 30
3  31 32 33
3  34 35 36
3  37 31 38
3  39 40 41
3  42 43 44
3  45 46 47
3  42 0 48
3  6 48 2
3  49 1 28
3  48 0 2
3  46 31 37
3  10 50 30
3  50 9 51
3  5 10 30
3  52 33 53
3  4 10 5
3  54 39 55
3  35 34 54
3  56 52 57
3  58 59 60
3  38 31 61
3  62 63 64
3  31 46 32
3  58 31 65
3  42 45 66
3  43 46 44
3  0 42 44
3  67 68 69
3  46 70 71
3  8 7 72
3  7 6 14
3  48 6 73
3  26 49 74
3  75 17 76
3  49 28 74
3  26 74 18
3  77 28 78
3  79 9 63
3  10 9 50
3  5 57 80
3  81 82 83
3  84 4 85
3  36 70 86
3  87 88 89
3  86 19 90
3  54 91 71
3  3 5 87
3  9 79 51
3  33 40 53
3  92 33 93
3  4 3 94
3  87 5 80
3  95 1 44
3  28 1 96
3  97 37 68
3  98 99 100
3  32 46 33
3  40 33 41
3  72 70 101
3  97 67 69
3  102 20 103
3  104 105 106
3  1 49 2
3  42 48 73
3  46 45 107
3  45 42 108
3  62 22 109
3  22 62 64
3  75 110 111
3  6 112 113
3  28 16 18
3  74 28 18
3  85 114 115
3  110 116 117
3  57 52 53
3  34 88 87
3  36 35 70
3  72 7 118
3  88 119 120
3  119 88 21
3  54 34 121
3  40 39 54
3  65 31 122
3  29 123 60
3  1 0 44
3  46 37 97
3  124 31 125
3  38 98 100
3  126 98 127
3  79 63 62
3  1 128 129
3  62 109 130
3  96 1 129
3  95 44 131
3  41 33 132
3  133 132 134
3  29 59 56
3  59 58 56
3  7 14 118
3  70 46 107
3  45 43 66
3  43 42 66
3  46 43 47
3  43 45 47
3  135 136 137
3  4 94 85
3  49 26 2
3  2 26 112
3  6 8 73
3  8 42 73
3  22 9 135
3  135 9 138
3  109 22 24
3  139 140 141
3  63 9 64
3  9 22 64
3  26 18 27
3  142 15 143
3  79 31 51
3  60 123 144
3  58 60 144
3  29 30 123
3  5 29 57
3  29 56 57
3  9 145 146
3  4 84 147
3  84 148 149
3  118 14 103
3  19 21 90
3  102 119 150
3  72 20 70
3  20 19 86
3  36 86 90
3  70 20 86
3  119 102 151
3  102 103 152
3  39 46 91
3  91 46 71
3  70 35 71
3  35 54 71
3  34 40 121
3  40 54 121
3  79 62 153
3  124 61 154
3  37 100 68
3  37 38 100
3  28 77 109
3  109 77 130
3  124 153 155
3  124 79 153
3  99 126 128
3  77 96 129
3  100 99 68
3  97 68 67
3  99 98 126
3  77 126 127
3  133 134 156
3  39 41 133
3  56 65 157
3  56 58 65
3  108 42 158
3  158 42 159
3  20 118 103
3  20 72 118
3  131 44 160
3  46 97 131
3  15 6 161
3  25 161 113
3  17 16 110
3  162 163 164
3  94 89 165
3  166 167 168
3  161 6 113
3  6 2 112
3  148 85 169
3  170 23 171
3  116 110 170
3  172 173 174
3  18 17 27
3  17 25 27
3  123 30 144
3  59 29 60
3  40 34 80
3  34 87 80
3  138 9 146
3  149 148 175
3  9 4 145
3  4 147 145
3  84 85 148
3  85 94 114
3  94 3 176
3  3 87 176
3  177 89 178
3  88 120 89
3  45 108 101
3  108 72 101
3  34 36 90
3  21 88 90
3  119 21 150
3  21 20 150
3  119 179 180
3  177 167 181
3  39 91 55
3  91 54 55
3  124 98 61
3  98 38 61
3  31 79 125
3  79 124 125
3  28 96 78
3  96 77 78
3  1 95 128
3  95 99 128
3  98 153 130
3  153 62 130
3  153 98 155
3  98 124 155
3  99 95 69
3  68 99 69
3  98 130 127
3  130 77 127
3  132 33 134
3  133 41 132
3  33 46 134
3  134 46 156
3  46 39 156
3  39 133 156
3  31 33 92
3  65 92 182
3  33 52 183
3  52 56 183
3  72 108 159
3  108 158 159
3  14 184 185
3  186 187 188
3  95 131 69
3  131 97 69
3  189 44 190
3  46 131 189
3  14 15 191
3  192 193 194
3  25 17 161
3  15 161 193
3  136 135 146
3  135 138 146
3  30 50 195
3  50 51 144
3  51 31 144
3  31 58 144
3  40 80 53
3  80 57 53
3  135 116 171
3  169 85 196
3  94 176 89
3  176 87 89
3  120 197 198
3  120 119 197
3  45 101 107
3  101 70 107
3  88 34 90
3  20 102 150
3  119 151 199
3  151 200 201
3  202 103 203
3  193 204 205
3  61 31 154
3  31 124 154
3  128 126 129
3  126 77 129
3  31 92 122
3  92 65 122
3  183 157 206
3  183 56 157
3  42 8 159
3  8 72 159
3  44 189 160
3  189 131 160
3  44 46 190
3  46 189 190
3  161 207 208
3  200 209 201
3  112 26 113
3  26 25 113
3  110 16 24
3  136 210 211
3  145 147 146
3  147 84 146
3  50 144 195
3  144 30 195
3  173 116 212
3  146 149 213
3  94 165 214
3  165 89 181
3  215 216 217
3  89 218 219
3  220 14 162
3  102 221 222
3  85 223 196
3  224 217 225
3  102 226 209
3  103 227 228
3  103 14 229
3  230 231 232
3  192 233 204
3  15 233 234
3  33 183 206
3  157 65 182
3  15 193 205
3  15 235 204
3  161 17 207
3  236 207 237
3  28 109 24
3  110 24 170
3  17 110 76
3  110 75 76
3  136 146 213
3  146 84 149
3  198 238 168
3  89 239 240
3  241 242 243
3  165 181 166
3  244 238 245
3  246 247 83
3  167 219 168
3  89 120 248
3  249 105 250
3  221 102 152
3  102 251 252
3  253 221 231
3  85 254 255
3  256 257 258
3  119 259 179
3  244 260 261
3  262 14 263
3  142 143 264
3  14 191 263
3  191 15 263
3  157 182 206
3  33 206 93
3  193 192 204
3  143 204 264
3  235 265 204
3  235 15 265
3  14 266 267
3  136 268 269
3  270 212 271
3  75 111 272
3  161 273 274
3  274 194 275
3  276 277 278
3  17 75 279
3  75 280 281
3  116 135 137
3  116 173 117
3  282 283 284
3  24 23 170
3  116 170 171
3  230 253 231
3  119 285 286
3  177 181 240
3  239 89 287
3  288 89 240
3  89 177 289
3  89 167 178
3  167 177 178
3  197 179 290
3  167 89 219
3  94 291 242
3  181 167 166
3  292 293 294
3  247 295 13
3  238 166 168
3  248 120 198
3  296 208 297
3  202 227 298
3  251 222 252
3  251 102 222
3  222 221 253
3  299 300 301
3  136 213 302
3  213 149 303
3  161 296 297
3  304 305 306
3  213 303 307
3  220 162 308
3  309 310 311
3  198 197 238
3  119 216 215
3  248 198 168
3  312 229 313
3  202 203 314
3  315 316 185
3  317 318 319
3  262 263 192
3  263 15 192
3  15 320 321
3  204 233 264
3  206 182 93
3  182 92 93
3  320 264 321
3  143 15 204
3  204 265 205
3  265 15 205
3  312 14 185
3  164 273 297
3  161 322 194
3  14 323 163
3  161 324 325
3  262 192 194
3  237 326 327
3  328 329 330
3  116 137 212
3  137 136 212
3  110 117 331
3  331 332 333
3  23 22 171
3  22 135 171
3  188 187 334
3  335 290 336
3  337 338 339
3  254 85 340
3  181 288 240
3  181 89 288
3  89 289 287
3  289 177 287
3  94 214 166
3  214 165 166
3  243 341 12
3  241 94 242
3  202 342 343
3  103 228 344
3  227 103 298
3  103 202 298
3  163 323 164
3  323 194 164
3  226 252 209
3  226 102 252
3  345 307 346
3  347 348 349
3  202 314 342
3  350 351 352
3  314 229 342
3  257 119 353
3  285 354 286
3  354 179 286
3  203 103 314
3  103 229 314
3  316 299 301
3  316 14 267
3  341 238 244
3  282 355 356
3  233 192 234
3  192 15 234
3  320 15 264
3  142 264 357
3  264 233 321
3  233 15 321
3  14 163 162
3  161 208 358
3  221 152 231
3  273 161 359
3  119 360 361
3  136 302 362
3  363 323 364
3  365 14 366
3  363 14 365
3  194 365 366
3  193 367 194
3  193 161 367
3  342 229 368
3  369 17 370
3  169 196 371
3  196 223 372
3  373 148 374
3  223 85 255
3  375 372 82
3  340 85 115
3  239 287 240
3  287 177 240
3  242 291 166
3  291 94 166
3  247 246 295
3  244 186 376
3  377 378 379
3  186 380 381
3  382 341 383
3  316 267 299
3  302 213 307
3  94 241 384
3  179 197 180
3  197 119 180
3  228 152 344
3  152 103 344
3  184 315 185
3  102 209 200
3  385 386 387
3  212 388 271
3  302 389 390
3  345 149 391
3  119 199 392
3  199 151 392
3  89 248 168
3  285 119 215
3  393 394 395
3  11 241 243
3  194 273 164
3  172 270 271
3  229 14 313
3  14 312 313
3  347 349 396
3  397 398 399
3  264 15 357
3  15 142 357
3  208 296 358
3  296 161 358
3  394 393 400
3  401 402 403
3  323 14 364
3  14 363 364
3  274 273 194
3  161 274 275
3  324 194 325
3  324 161 194
3  194 367 325
3  367 161 404
3  140 149 141
3  244 400 405
3  406 407 408
3  409 410 411
3  149 140 139
3  81 375 82
3  412 413 414
3  415 380 416
3  354 217 417
3  151 102 200
3  307 303 346
3  302 307 418
3  410 419 420
3  388 421 271
3  303 149 346
3  149 345 422
3  423 424 425
3  418 345 426
3  427 350 352
3  351 119 392
3  179 259 286
3  259 119 286
3  194 322 275
3  322 161 275
3  194 323 365
3  323 363 365
3  367 404 325
3  404 161 325
3  282 428 283
3  429 430 431
3  255 254 246
3  115 432 295
3  166 238 243
3  295 432 13
3  433 434 435
3  238 197 335
3  436 433 435
3  201 437 438
3  335 336 416
3  238 341 243
3  219 218 168
3  218 89 168
3  439 412 440
3  227 202 343
3  184 14 315
3  14 316 315
3  267 266 299
3  162 164 308
3  441 442 443
3  444 445 446
3  172 442 447
3  445 17 448
3  448 347 396
3  411 449 450
3  110 451 452
3  110 453 454
3  455 456 457
3  307 345 418
3  423 284 458
3  455 459 460
3  461 462 463
3  464 465 466
3  201 467 437
3  222 253 230
3  464 468 469
3  345 139 463
3  345 470 471
3  472 473 474
3  149 422 346
3  422 345 346
3  149 139 391
3  139 345 391
3  175 461 141
3  475 476 431
3  14 262 366
3  262 194 366
3  169 371 477
3  464 429 431
3  292 478 479
3  480 481 482
3  254 340 246
3  397 483 484
3  485 486 487
3  335 197 290
3  179 354 336
3  290 179 336
3  208 207 236
3  488 489 329
3  343 490 491
3  492 493 494
3  495 496 497
3  498 413 499
3  368 500 501
3  360 350 361
3  368 502 500
3  342 368 503
3  504 505 506
3  266 507 508
3  266 14 507
3  509 510 319
3  511 512 332
3  511 280 512
3  348 347 513
3  279 75 348
3  17 279 370
3  17 369 448
3  136 514 515
3  268 516 269
3  517 409 411
3  173 212 270
3  518 117 328
3  332 453 333
3  110 519 520
3  521 520 332
3  522 523 524
3  385 406 496
3  525 389 276
3  456 472 526
3  423 293 527
3  528 529 530
3  531 532 533
3  534 471 469
3  535 536 537
3  423 527 531
3  538 539 540
3  541 542 457
3  373 462 461
3  149 175 141
3  543 534 469
3  472 277 541
3  470 463 471
3  389 302 418
3  389 418 426
3  389 426 544
3  543 469 545
3  546 547 548
3  478 375 479
3  478 476 549
3  431 550 551
3  464 462 465
3  478 371 375
3  371 196 375
3  293 480 552
3  292 81 482
3  375 81 479
3  81 292 479
3  115 114 432
3  114 94 432
3  242 166 243
3  341 382 12
3  217 224 553
3  415 336 554
3  119 257 256
3  338 555 224
3  536 556 557
3  558 559 560
3  252 222 230
3  561 562 304
3  257 353 562
3  353 119 562
3  119 351 350
3  209 252 230
3  563 564 565
3  428 566 567
3  434 485 487
3  336 415 416
3  436 568 569
3  555 570 486
3  337 257 304
3  571 105 572
3  368 229 185
3  229 312 185
3  573 574 575
3  576 434 569
3  342 503 577
3  152 228 231
3  503 439 577
3  228 343 231
3  299 266 578
3  318 579 580
3  273 359 297
3  359 161 297
3  326 444 446
3  581 236 327
3  582 507 583
3  220 308 584
3  111 585 272
3  585 75 272
3  585 111 521
3  110 521 586
3  331 117 332
3  280 75 587
3  280 348 281
3  75 281 588
3  347 279 513
3  279 348 513
3  369 347 448
3  483 399 589
3  279 347 370
3  347 369 370
3  136 590 268
3  136 591 514
3  525 276 211
3  523 409 524
3  212 421 388
3  385 592 593
3  421 212 594
3  421 595 411
3  117 596 332
3  75 585 512
3  596 117 511
3  453 110 597
3  110 598 519
3  598 599 520
3  410 409 419
3  600 558 601
3  277 472 278
3  276 389 277
3  276 268 211
3  136 602 516
3  355 284 531
3  603 383 604
3  382 605 293
3  356 355 531
3  455 473 456
3  283 606 284
3  164 297 607
3  608 308 311
3  473 472 456
3  148 477 609
3  175 148 461
3  148 373 461
3  426 345 471
3  470 345 463
3  471 463 610
3  542 534 543
3  430 429 374
3  430 148 609
3  371 478 549
3  478 292 476
3  82 246 83
3  375 196 372
3  372 223 82
3  223 255 82
3  83 247 13
3  382 552 482
3  81 611 482
3  432 612 13
3  241 432 384
3  432 94 384
3  432 241 612
3  241 11 612
3  354 285 217
3  215 217 613
3  614 554 615
3  616 256 258
3  119 617 618
3  217 618 225
3  350 427 361
3  555 338 570
3  619 620 621
3  483 397 399
3  376 188 622
3  495 623 624
3  257 561 304
3  562 119 625
3  257 562 561
3  493 570 494
3  500 626 501
3  209 230 627
3  625 361 305
3  360 119 350
3  628 351 629
3  630 628 629
3  337 304 631
3  492 104 249
3  151 201 629
3  209 467 201
3  437 632 633
3  626 301 634
3  368 185 502
3  185 316 301
3  635 563 565
3  636 576 334
3  626 634 637
3  377 232 440
3  504 638 639
3  507 582 508
3  582 14 640
3  14 220 640
3  309 505 310
3  297 208 236
3  207 17 237
3  327 326 446
3  505 504 310
3  110 331 333
3  507 14 583
3  14 582 583
3  596 511 332
3  521 110 641
3  521 111 586
3  111 110 642
3  281 348 588
3  348 75 588
3  210 302 211
3  389 525 390
3  514 591 515
3  211 268 515
3  270 174 643
3  270 172 174
3  411 410 644
3  348 280 349
3  212 595 594
3  595 421 594
3  172 328 645
3  328 117 645
3  117 518 511
3  585 521 332
3  519 598 520
3  598 110 599
3  512 585 332
3  521 452 520
3  283 646 460
3  283 459 457
3  595 212 411
3  136 517 450
3  455 409 523
3  148 169 477
3  471 546 548
3  469 468 545
3  400 393 560
3  647 648 405
3  532 647 558
3  532 600 533
3  293 605 527
3  476 649 650
3  606 283 543
3  540 539 424
3  535 651 495
3  448 652 446
3  542 543 457
3  457 456 526
3  601 558 653
3  654 655 656
3  461 463 141
3  463 139 141
3  426 471 548
3  548 547 541
3  471 534 546
3  534 542 546
3  457 543 657
3  459 455 457
3  430 549 475
3  371 549 477
3  148 430 658
3  658 430 374
3  423 606 540
3  550 539 659
3  552 480 482
3  82 255 246
3  246 340 295
3  340 115 295
3  612 11 13
3  260 244 376
3  12 382 13
3  11 243 12
3  651 660 661
3  260 394 261
3  653 558 560
3  559 647 405
3  217 285 613
3  285 215 613
3  380 415 619
3  238 380 245
3  380 238 416
3  238 335 416
3  395 536 557
3  393 395 557
3  224 554 553
3  662 339 663
3  617 664 618
3  617 662 664
3  119 616 665
3  616 662 665
3  662 616 258
3  338 337 570
3  492 435 666
3  398 397 667
3  576 569 334
3  568 635 569
3  573 510 638
3  484 668 669
3  397 484 669
3  376 186 188
3  304 562 305
3  625 119 361
3  427 670 671
3  562 625 305
3  672 437 571
3  673 674 675
3  306 305 670
3  104 304 306
3  351 628 352
3  437 676 630
3  601 653 677
3  678 505 679
3  536 395 537
3  395 394 537
3  398 667 680
3  435 434 666
3  415 620 619
3  620 415 485
3  427 630 681
3  427 352 630
3  577 439 440
3  228 227 343
3  185 301 502
3  502 301 500
3  413 412 682
3  501 413 682
3  301 626 500
3  401 501 637
3  301 300 634
3  508 582 584
3  266 508 578
3  573 683 684
3  164 607 685
3  686 687 688
3  326 17 444
3  17 445 444
3  521 641 452
3  641 110 452
3  111 642 586
3  642 110 586
3  302 210 362
3  210 136 362
3  591 211 515
3  591 136 211
3  268 522 524
3  268 276 522
3  409 517 689
3  517 136 689
3  268 590 515
3  590 136 515
3  174 173 643
3  173 270 643
3  518 328 511
3  328 280 511
3  117 173 645
3  172 645 690
3  453 599 454
3  599 110 454
3  452 451 520
3  451 110 520
3  419 409 691
3  409 455 691
3  411 212 449
3  517 411 450
3  277 389 548
3  277 548 541
3  462 373 466
3  465 462 466
3  382 383 603
3  532 603 604
3  647 559 558
3  393 653 560
3  611 382 482
3  382 293 552
3  606 543 540
3  543 538 540
3  527 605 531
3  355 282 284
3  692 495 693
3  442 644 443
3  283 428 386
3  172 488 329
3  646 419 694
3  459 283 460
3  356 600 566
3  428 282 356
3  428 356 566
3  600 532 558
3  567 695 387
3  393 557 653
3  547 546 541
3  546 542 541
3  463 462 469
3  462 464 469
3  148 658 374
3  429 464 466
3  429 466 374
3  466 373 374
3  549 476 475
3  430 475 431
3  423 540 424
3  539 538 696
3  649 425 697
3  476 292 649
3  394 400 261
3  400 244 261
3  380 186 245
3  186 244 245
3  187 619 621
3  380 619 381
3  569 698 334
3  433 436 569
3  554 614 699
3  555 614 615
3  554 336 417
3  336 354 417
3  217 216 618
3  216 119 618
3  257 337 258
3  616 119 256
3  662 617 665
3  617 119 665
3  224 225 663
3  338 224 663
3  620 485 700
3  337 631 701
3  702 413 498
3  703 398 698
3  704 575 705
3  299 578 706
3  574 703 575
3  564 703 565
3  445 448 446
3  707 667 669
3  535 537 668
3  188 707 622
3  304 104 631
3  104 492 631
3  492 249 435
3  675 250 708
3  670 305 709
3  105 676 572
3  680 188 334
3  703 569 565
3  703 698 569
3  569 635 565
3  415 554 699
3  614 555 485
3  485 434 700
3  434 576 700
3  620 700 621
3  700 576 621
3  232 377 379
3  467 378 437
3  414 710 711
3  377 712 414
3  710 673 708
3  632 377 633
3  713 401 499
3  342 577 714
3  412 414 715
3  413 702 414
3  412 715 440
3  503 368 439
3  501 626 637
3  508 584 579
3  402 706 403
3  510 684 319
3  638 510 639
3  716 717 580
3  579 584 580
3  402 634 706
3  582 640 584
3  640 220 584
3  17 326 237
3  236 237 327
3  581 327 718
3  441 529 719
3  406 385 387
3  646 283 386
3  280 328 349
3  448 396 720
3  525 211 390
3  211 302 390
3  473 522 474
3  522 276 474
3  522 473 523
3  473 455 523
3  268 689 516
3  689 136 516
3  280 587 512
3  587 75 512
3  520 599 332
3  599 453 332
3  645 173 690
3  173 172 690
3  449 212 450
3  212 136 450
3  426 548 544
3  548 389 544
3  538 543 545
3  468 464 696
3  647 383 648
3  383 341 648
3  532 605 603
3  605 382 603
3  648 341 405
3  341 244 405
3  605 532 531
3  284 423 531
3  480 293 481
3  293 292 481
3  81 83 611
3  481 292 482
3  284 606 458
3  606 423 458
3  419 691 694
3  691 455 694
3  721 385 692
3  497 407 677
3  529 441 443
3  386 428 387
3  557 556 653
3  600 601 695
3  463 469 610
3  469 471 610
3  543 283 657
3  283 457 657
3  472 541 526
3  541 457 526
3  477 549 609
3  549 430 609
3  476 550 431
3  464 431 551
3  539 650 697
3  649 292 294
3  649 294 425
3  650 649 697
3  539 550 650
3  550 476 650
3  83 13 611
3  13 382 611
3  537 622 668
3  537 394 622
3  619 187 381
3  187 186 381
3  554 224 615
3  224 555 615
3  554 417 553
3  417 217 553
3  618 664 225
3  339 338 663
3  337 339 258
3  339 662 258
3  570 493 487
3  493 492 666
3  249 250 675
3  635 568 674
3  368 501 682
3  563 498 499
3  398 703 574
3  703 564 575
3  698 680 334
3  434 433 569
3  403 704 705
3  564 563 499
3  419 646 529
3  505 678 506
3  686 309 722
3  510 509 717
3  398 574 399
3  574 573 399
3  484 483 651
3  535 484 651
3  631 494 701
3  631 492 494
3  105 249 106
3  249 104 106
3  105 104 676
3  104 306 676
3  702 498 674
3  250 571 708
3  427 676 670
3  676 306 670
3  394 260 622
3  260 376 622
3  486 570 487
3  485 555 486
3  614 485 699
3  485 415 699
3  723 490 714
3  715 414 440
3  378 467 627
3  467 209 627
3  676 437 724
3  676 724 572
3  437 378 632
3  378 377 632
3  435 249 675
3  437 633 571
3  436 435 675
3  710 702 673
3  634 402 637
3  402 401 637
3  702 710 414
3  377 414 711
3  723 577 440
3  490 440 491
3  490 723 440
3  577 723 714
3  230 232 379
3  231 343 491
3  490 343 714
3  343 342 714
3  317 683 403
3  683 573 704
3  634 300 706
3  300 299 706
3  584 308 725
3  725 308 716
3  446 718 726
3  652 727 728
3  421 411 644
3  442 172 271
3  420 419 529
3  386 528 530
3  729 592 730
3  328 172 329
3  442 441 719
3  652 731 727
3  472 474 278
3  474 276 278
3  409 689 524
3  689 268 524
3  516 602 269
3  602 136 269
3  453 597 333
3  597 110 333
3  539 696 659
3  696 464 659
3  468 696 545
3  696 538 545
3  383 647 604
3  647 532 604
3  559 405 560
3  405 400 560
3  646 694 460
3  694 455 460
3  385 732 592
3  678 733 734
3  385 721 732
3  720 396 731
3  567 566 695
3  566 600 695
3  600 356 533
3  356 531 533
3  550 659 551
3  659 464 551
3  294 293 425
3  293 423 425
3  187 621 636
3  621 576 636
3  707 188 667
3  667 188 680
3  225 664 663
3  664 662 663
3  498 563 674
3  563 635 674
3  413 501 713
3  501 401 713
3  412 439 682
3  439 368 682
3  187 636 334
3  698 398 680
3  638 504 589
3  735 721 693
3  736 651 661
3  651 483 660
3  297 236 737
3  721 505 738
3  308 608 716
3  164 685 311
3  667 397 669
3  484 535 668
3  494 570 701
3  570 337 701
3  352 628 630
3  437 630 438
3  305 361 709
3  670 709 671
3  493 666 487
3  666 434 487
3  250 105 571
3  672 571 572
3  710 633 711
3  633 377 711
3  414 712 440
3  712 377 440
3  401 403 705
3  704 573 575
3  736 678 495
3  413 713 499
3  683 704 403
3  575 564 705
3  578 318 739
3  510 573 684
3  706 318 740
3  317 403 318
3  399 638 589
3  399 573 638
3  509 319 580
3  717 509 580
3  442 271 644
3  271 421 644
3  593 654 656
3  489 442 719
3  652 720 731
3  652 448 720
3  678 679 735
3  679 505 735
3  396 349 731
3  442 489 447
3  678 734 495
3  385 496 741
3  623 497 677
3  428 567 387
3  536 535 624
3  721 692 693
3  425 424 697
3  424 539 697
3  673 675 708
3  673 702 674
3  504 660 589
3  660 483 589
3  678 661 506
3  678 736 661
3  310 717 311
3  446 686 742
3  495 734 693
3  505 721 735
3  661 660 506
3  660 504 506
3  686 505 309
3  310 504 639
3  510 717 639
3  607 297 737
3  311 685 743
3  716 608 311
3  668 622 669
3  622 707 669
3  351 392 629
3  392 151 629
3  630 676 681
3  676 427 681
3  674 568 675
3  568 436 675
3  709 361 671
3  361 427 671
3  440 232 491
3  232 231 491
3  378 627 379
3  627 230 379
3  571 633 708
3  633 710 708
3  724 437 572
3  437 672 572
3  564 499 705
3  499 401 705
3  319 318 580
3  584 725 580
3  684 683 319
3  683 317 319
3  318 403 740
3  403 706 740
3  318 706 739
3  706 578 739
3  318 578 579
3  578 508 579
3  420 529 443
3  644 410 420
3  744 745 730
3  746 731 744
3  733 735 693
3  651 736 495
3  734 733 693
3  733 678 735
3  489 488 447
3  488 172 447
3  644 420 443
3  330 329 744
3  408 407 497
3  692 496 495
3  505 686 747
3  505 747 738
3  685 607 722
3  308 164 311
3  717 716 311
3  685 722 743
3  630 629 438
3  629 201 438
3  717 310 639
3  725 716 580
3  727 731 746
3  746 721 728
3  732 748 730
3  745 489 719
3  496 692 741
3  692 385 741
3  496 408 497
3  496 406 408
3  695 407 387
3  407 406 387
3  581 718 688
3  718 446 742
3  686 738 749
3  686 446 738
3  607 737 722
3  686 722 687
3  731 349 330
3  349 328 330
3  721 738 728
3  727 746 728
3  653 556 623
3  535 495 624
3  529 646 530
3  646 386 530
3  731 330 744
3  721 746 748
3  653 623 677
3  623 495 497
3  718 327 726
3  327 446 726
3  742 686 688
3  718 742 688
3  738 747 749
3  747 686 749
3  722 737 687
3  687 737 688
3  722 309 743
3  309 311 743
3  738 446 728
3  446 652 728
3  623 556 624
3  556 536 624
3  748 744 730
3  529 655 654
3  746 744 748
3  744 329 745
3  529 528 655
3  592 729 593
3  407 695 677
3  695 601 677
3  737 236 688
3  236 581 688
3  329 489 745
3  529 729 719
3  592 732 730
3  732 721 748
3  386 385 656
3  385 593 656
3  745 719 730
3  719 729 730
3  593 729 654
3  729 529 654
3  655 528 656
3  528 386 656
