OFF
1134 2264 0
-3.30718 9.38508 -1.36424e-12
-3.59462 9.27879 0
-3.30718 9.38508 30.2106
-9.16363 -3.87863 435.896
-9.16369 -3.87866 77.6844
-9.0399 -4.15902 64.737
-9.03983 -4.15899 435.896
-9.65017 -2.42712 435.896
-9.38504 -3.30716 435.896
8.29496 -5.49644 -5.00222e-12
-9.22158 -0.854506 -1.27329e-11
9.81019 -0.909049 -5.91172e-12
6.92705 7.14375 4.54747e-13
6.70377 7.35368 2.27374e-12
6.70377 7.35369 8.6316
9.90829 -0.91814 2.27374e-12
9.93187 -0.612578 358.212
9.90829 -0.91814 328.001
-6.7036 -7.35351 435.896
-7.35353 6.70364 435.896
-9.94602 -0.306434 435.896
-9.22158 0.854505 -1.27329e-11
2.12879 -9.72036 2.27374e-13
2.42712 -9.6502 -4.54747e-13
2.12879 -9.72036 34.5264
7.35368 -6.70376 77.6844
7.35369 -6.70377 34.5264
7.55664 -6.47413 60.4212
9.16369 -3.87865 -3.63798e-12
-2.1287 9.71995 435.896
9.48244 -3.01658 435.896
3.87851 9.16335 435.896
-6.70376 -7.35367 86.316
-6.92689 -7.14359 435.896
-1.22277 -9.87489 435.896
-4.15886 -9.03957 435.896
-8.12164 5.7492 435.896
-8.12175 5.74927 103.579
-8.29485 5.49637 427.264
-9.27879 3.59462 64.737
-9.38508 3.30718 -1.81899e-12
-9.38508 3.30718 112.211
-2.42712 9.6502 -5.68434e-13
-2.72315 9.57088 1.7053e-12
-2.42712 9.6502 17.2632
-6.85846 -7.07302 -9.09495e-12
3.87866 9.16369 -2.27374e-13
2.42712 9.6502 -7.95808e-13
3.01659 9.48248 9.09495e-13
9.28659 2.64226 -5.91172e-12
7.51833 3.45898 -6.36646e-12
8.29496 5.49644 -5.00222e-12
1.22283 -9.87527 99.2635
1.52635 -9.83292 107.895
1.5263 -9.83255 435.896
1.82837 -9.78089 435.896
0.30642 -9.94558 435.896
1.22278 -9.87489 435.896
8.61759 -4.97537 1.36424e-12
-9.95074 -8.69921e-07 435.896
-9.94602 0.306434 435.896
-9.94602 0.306437 410.001
-9.38504 3.30716 435.896
-8.46018 5.23833 435.896
-9.72036 -2.12879 -3.63798e-12
-9.94602 -0.306434 -3.18323e-12
-9.73562 -1.51125 -5.00222e-12
-3.8785 -9.16335 435.896
-3.87864 -9.16365 99.2635
-3.59461 -9.27876 86.316
-4.43543 8.90753 -2.04636e-12
-4.61441 8.59312 -3.63798e-12
6.23836 7.75243 -3.18323e-12
4.39151 8.81934 -1.13687e-12
8.46029 5.23839 4.54747e-13
8.90754 4.43543 -2.72848e-12
9.94602 0.306434 73.3686
9.95074 0 9.09495e-13
9.94602 0.306434 3.18323e-12
3.59462 9.27878 51.7896
3.87866 9.16369 30.2106
3.59462 9.27879 25.8948
-1.22282 -9.87527 99.2635
-0.918134 -9.90827 69.0528
-0.918132 -9.90825 90.6318
-0.612575 -9.93187 -2.55795e-13
1.18661e-07 -9.95074 -3.38813e-20
-0.306433 -9.94602 0
6.23836 -7.75243 -2.72848e-12
5.99666 -7.94086 -2.72848e-12
-9.83296 1.52636 435.896
-8.46029 5.23839 60.4212
-8.46029 5.23839 -4.54747e-13
-8.61759 4.97537 82.0002
-2.72303 -9.57048 435.896
-4.43543 -8.90754 -1.59162e-12
-3.59462 -9.27879 -9.09495e-13
-4.15901 -9.0399 0
-6.47411 -7.55661 116.527
5.74928 -8.12176 -2.27374e-12
5.49644 -8.29496 -2.27374e-12
-4.70763 -8.76672 4.3158
-4.70763 -8.76672 43.158
-4.15901 9.0399 -4.54747e-13
-6.70377 7.35368 47.4738
-6.70377 7.35368 0
-6.92705 7.14375 38.8422
-7.55664 6.47413 56.1054
-7.55662 6.47412 107.895
-7.35368 6.70376 73.3686
-5.49643 8.29494 86.316
-5.23839 8.46029 34.5264
-5.49644 8.29495 51.7896
-4.43541 8.9075 99.2635
-4.43542 8.90752 69.0528
-4.70762 8.7667 82.0002
-0.306417 9.94558 435.896
-0.612546 9.93143 435.896
-9.78131 1.82844 1.36424e-12
-9.72036 2.12879 -3.63798e-12
-9.87532 1.22283 0
-9.90829 0.918138 -2.27374e-12
-9.94602 0.306434 -3.18323e-12
9.57085 -2.72314 431.58
9.48247 -3.01659 172.632
9.57088 -2.72315 82.0002
1.52636 -9.83296 60.4212
1.52636 -9.83298 17.2632
1.82844 -9.7813 51.7896
8.12165 5.74919 435.896
7.94085 5.99665 99.2635
7.94074 5.99656 422.949
6.23819 7.75222 435.896
6.70361 7.35351 435.896
6.47397 7.55645 435.896
5.74928 8.12176 -1.36424e-12
5.49644 8.29496 2.72848e-12
5.49644 8.29496 30.2106
0.61258 -9.93186 43.158
0.61258 -9.93187 12.9474
0.918141 -9.90829 30.2106
-9.48244 -3.01659 427.264
-9.48244 -3.01658 435.896
0.306433 -9.94602 2.84217e-14
0.61258 -9.93187 4.3158
2.42702 -9.6498 435.896
2.1287 -9.71995 435.896
-0.612548 -9.93143 435.896
-0.306419 -9.94558 435.896
-0.918136 -9.90829 -1.7053e-13
-1.22283 -9.87532 4.3158
-1.22283 -9.87532 -2.27374e-13
5.49644 -8.29496 30.2106
5.23839 -8.46029 17.2632
1.18661e-07 -9.95074 4.3158
0.306433 -9.94602 30.2106
1.18661e-07 -9.95074 21.579
3.01658 9.48244 94.9476
3.30705 9.38471 435.896
3.30716 9.38504 103.579
5.99663 7.94082 129.474
5.99665 7.94085 73.3686
5.74927 8.12175 73.3686
-7.94073 5.99657 435.896
-9.0399 4.15901 77.6844
-9.16369 3.87866 60.4212
-9.16369 3.87866 77.6844
-4.70762 -8.7667 82.0002
-4.97535 -8.61757 90.6318
-4.97536 -8.61758 69.0528
0.91814 -9.90828 56.1054
-4.9752 -8.61731 435.896
-5.99666 -7.94086 -1.36424e-12
-5.49644 -8.29496 -1.36424e-12
-5.74927 -8.12176 -4.54747e-13
-1.82836 -9.78089 435.896
-4.07666 -8.86089 -4.54747e-12
-1.82844 -9.78131 -1.25056e-12
-6.70377 -7.35369 4.54747e-13
-6.70377 -7.35369 12.9474
-6.92705 -7.14375 0
-9.90829 -0.91814 -2.27374e-12
-7.94073 -5.99657 435.896
-9.93187 -0.612581 138.106
-9.93187 -0.612579 0
-9.6502 -2.42712 4.3158
-9.72036 -2.12879 185.579
-9.6502 -2.42712 -4.09273e-12
-9.57088 -2.72315 -5.45697e-12
2.72304 9.57049 435.896
3.01647 9.4821 435.896
2.72313 9.57082 112.211
4.9272 7.9577 -3.63798e-12
-4.97906 8.04146 -4.77485e-12
-5.23839 8.46029 -2.95586e-12
-5.23839 8.46029 4.3158
-4.97537 8.61759 8.6316
-6.92689 7.14359 435.896
-6.7036 7.35351 435.896
-6.70375 7.35366 112.211
-7.55649 6.47402 431.58
-7.75229 6.23825 435.896
-5.74928 8.12176 -4.54747e-13
-5.99666 7.94086 -1.81899e-12
1.82837 9.78089 435.896
-0.612577 9.93187 -2.27374e-13
-2.10772 9.62412 -1.7053e-12
-1.52636 9.83298 -6.82121e-13
-4.15901 9.0399 38.8422
-4.43542 8.90753 47.4738
9.81019 0.909048 -5.91172e-12
9.93187 0.612576 0
8.29496 5.49644 51.7896
0.306425 9.94558 435.896
0.612553 9.93143 435.896
0.306432 9.94593 133.79
0.306436 -9.94596 107.895
0.612558 -9.93143 435.896
0.306434 9.94602 -2.84217e-14
0.612576 9.93187 1.7053e-13
0.918138 9.90829 5.68434e-14
9.27879 3.59462 2.27374e-12
9.16369 3.87866 77.6844
9.27879 3.59462 73.3686
5.74928 -8.12176 34.5264
-6.47413 -7.55664 -1.36424e-12
-0.612574 -9.93185 60.4212
-0.612575 -9.93186 43.158
-0.306432 -9.946 64.737
5.99665 -7.94085 73.3686
5.99664 -7.94083 107.895
5.74927 -8.12175 73.3686
2.37906 -9.4591 -1.47793e-12
-0.30643 -9.94594 125.158
1.18661e-07 -9.95069 99.2635
1.1866e-07 -9.95067 116.527
-0.306432 -9.94598 86.316
0.918134 -9.90822 120.842
0.918138 -9.90826 82.0002
5.99649 -7.94064 435.896
8.12164 -5.74919 435.896
7.1436 -6.9269 435.896
0.918106 -9.90785 435.896
0.612578 -9.93183 86.316
0.306432 -9.946 64.737
1.22283 -9.87532 4.3158
1.52636 -9.83298 4.3158
4.43543 -8.90754 1.59162e-12
4.43543 -8.90754 12.9474
4.15902 -9.0399 -2.27374e-12
-9.27873 3.5946 435.896
-9.27874 3.5946 418.633
-8.90746 4.43539 435.896
-9.93186 0.612577 435.896
-9.90829 0.918138 435.896
-8.61759 4.97537 4.09273e-12
-8.76672 4.70763 -6.36646e-12
-8.6175 4.97532 431.58
-8.46027 5.23838 129.474
-9.16363 3.87863 435.896
-9.03983 4.15898 435.896
-8.12176 5.74928 -2.27374e-12
-8.29496 5.49644 5.45697e-12
-8.29496 5.49644 60.4212
-6.85846 7.07302 -5.00222e-12
-7.20807 6.57102 -5.91172e-12
-7.75243 6.23836 -4.54747e-12
-9.72036 2.12879 224.422
-9.7813 1.82844 410.001
-9.72035 2.12879 358.212
-9.65018 2.42712 358.212
-9.57087 2.72315 176.948
-9.6502 2.42712 86.316
-7.94086 -5.99666 60.4212
-8.12176 -5.74928 -2.72848e-12
-7.94086 -5.99666 -1.81899e-12
-4.70747 -8.76642 435.896
-4.97534 -8.61755 116.527
-5.23822 -8.46002 431.58
-5.99666 -7.94086 4.3158
-5.74927 -8.12176 51.7896
-2.42712 -9.6502 4.3158
-2.72315 -9.57088 -4.54747e-13
-2.42712 -9.6502 -2.27374e-13
-3.01659 -9.48248 -2.27374e-13
-4.159 -9.03987 94.9476
-5.99666 -7.94086 21.579
-5.23837 -8.46026 99.2635
-5.23838 -8.46028 64.737
-0.612572 -9.93182 94.9476
-0.918128 -9.90821 129.474
-1.52635 -9.83291 116.527
-1.82844 -9.78127 90.6318
-1.52629 -9.83255 435.896
-9.57088 -2.72315 82.0002
-9.6502 -2.42712 86.316
-9.83298 -1.52636 4.3158
-9.78131 -1.82845 138.106
-9.83298 -1.52636 151.053
-7.35353 -6.70364 435.896
-7.67567 -6.17659 -5.91172e-12
-8.76672 -4.70763 -3.63798e-12
-7.14375 6.92705 -3.63798e-12
8.61759 4.97537 82.0002
8.46029 5.23839 51.7896
-6.70376 7.35367 86.316
-6.47413 7.55663 64.737
-5.23821 8.46002 435.896
-5.99648 7.94064 435.896
-2.12879 9.72036 -1.13687e-13
-8.90753 4.43542 116.527
-8.76672 4.70763 82.0002
-7.1436 6.9269 427.264
-6.92703 7.14374 94.9476
-7.14372 6.92702 133.79
0.306432 9.94596 107.895
0.612574 9.93183 86.316
-0.306435 9.94602 21.579
-0.612577 9.93187 4.3158
-4.43527 8.90722 435.896
-3.59448 9.27843 435.896
-3.87851 9.16335 435.896
-3.34549 8.6357 -3.63798e-12
0.918103 9.90786 435.896
-4.3496e-07 9.95072 64.737
-0.306434 9.94602 30.2106
-0.306434 9.946 64.737
2.42702 9.6498 435.896
1.5263 9.83255 435.896
1.52635 9.83292 107.895
9.93187 0.612577 47.4738
9.90829 0.918138 2.27374e-12
8.6175 4.97531 435.896
8.46027 5.23838 138.106
8.46019 5.23832 435.896
4.159 -9.03988 82.0002
4.4354 -8.90749 116.527
4.15899 -9.03984 125.158
6.47413 -7.55664 47.4738
6.70377 -7.35369 2.27374e-12
6.70377 -7.35369 12.9474
-1.82844 -9.78131 4.3158
-2.12879 -9.72036 2.27374e-13
2.40309 -9.55465 -1.13687e-12
1.82844 -9.78131 1.7053e-12
1.52636 -9.83298 -1.13687e-13
9.78131 1.82844 185.579
9.72036 2.12879 168.316
9.72036 2.12879 198.527
1.18661e-07 -9.95072 64.737
1.18661e-07 -9.95071 77.6844
0.306433 -9.94601 47.4738
1.18656e-07 -9.9503 435.896
9.90829 -0.918139 435.896
9.78131 -1.82844 -1.36424e-12
7.35368 6.70377 34.5264
7.14375 6.92705 -9.09495e-13
7.14375 6.92705 21.579
7.94086 5.99666 56.1054
8.12176 5.74928 2.72848e-12
7.94086 5.99666 2.72848e-12
6.70361 -7.35351 435.896
6.23819 -7.75222 435.896
6.47397 -7.55645 435.896
9.38508 -3.30718 99.2635
9.38504 -3.30716 435.896
1.82844 -9.78127 90.6318
2.12879 -9.72033 82.0002
2.12878 -9.72029 125.158
1.22283 -9.87531 47.4738
0.61258 -9.93187 -2.55795e-13
0.918141 -9.90829 2.27374e-13
1.52636 -9.83294 86.316
5.49627 -8.2947 435.896
3.59449 -9.27843 435.896
4.9752 -8.61731 435.896
1.22283 -9.87532 -2.27374e-13
-7.94086 5.99666 60.4212
-7.94085 5.99665 99.2635
-8.76664 4.70759 427.264
-9.03983 4.15899 431.58
-9.67977 1.19861 -5.91172e-12
-9.57088 2.72315 38.8422
-9.57088 2.72315 -2.72848e-12
-7.75241 6.23834 112.211
-7.75242 6.23835 77.6844
-9.93187 0.612577 427.264
-9.83297 1.52636 431.58
-9.87531 1.22283 435.896
-7.35369 6.70377 -9.09495e-13
-7.55664 6.47413 -4.09273e-12
-9.27879 3.59462 -2.27374e-12
-9.16369 3.87866 9.09495e-13
-8.90754 4.43543 2.72848e-12
-8.90754 4.43543 38.8422
-5.74927 8.12175 73.3686
-5.49644 8.29496 30.2106
-5.74928 8.12176 30.2106
-9.0399 4.15901 -2.72848e-12
-9.83298 1.52636 2.72848e-12
-4.7076 -8.76667 125.158
-3.87865 -9.16368 60.4212
-3.87864 -9.16367 77.6844
-6.23835 -7.75242 69.0528
-6.47396 -7.55645 435.896
-5.74909 -8.12153 435.896
-6.23819 -7.75222 435.896
-6.47413 -7.55664 43.158
-3.59448 -9.27843 435.896
-3.5946 -9.27875 99.2635
-3.87865 -9.16369 1.13687e-12
-3.87865 -9.16369 43.158
-4.70746 -8.76643 431.58
-4.4354 -8.90748 125.158
-4.43526 -8.90722 435.896
-3.59462 -9.27879 34.5264
-7.55664 -6.47413 9.09495e-13
-7.14375 -6.92705 9.09495e-13
-1.22283 -9.87531 47.4738
-1.52635 -9.83295 77.6844
-1.52636 -9.83297 43.158
-9.94602 -0.306436 410.001
-9.93187 -0.612579 427.264
-9.83296 -1.52636 435.896
-9.93186 -0.612578 435.896
-9.87531 -1.22283 435.896
-9.78131 -1.82845 -1.81899e-12
-9.90829 -0.918144 405.685
-9.87532 -1.22283 0
-9.87532 -1.22283 224.422
5.75917 -7.62637 -3.63798e-12
-5.49643 -8.29495 64.737
-5.49644 -8.29496 30.2106
-9.38508 -3.30718 112.211
-9.38508 -3.30718 4.3158
-9.27879 -3.59462 64.737
-9.57084 -2.72314 435.896
-9.57085 -2.72314 388.422
-6.92703 -7.14374 99.2635
-7.1436 -6.9269 431.58
-7.75228 -6.23825 435.896
-6.92705 7.14375 4.54747e-13
-5.23836 8.46025 116.527
-5.49642 8.29493 103.579
-5.49627 8.29471 431.58
-4.97536 8.61757 82.0002
-4.97536 8.61758 69.0528
-5.23837 8.46026 99.2635
-5.49644 8.29496 2.72848e-12
3.01659 9.48246 69.0528
3.30717 9.38507 60.4212
3.01659 9.48248 25.8948
0.306433 9.946 64.737
0.306434 9.94602 30.2106
-4.15901 9.03989 60.4212
-3.30704 9.38471 435.896
-3.01647 9.48209 435.896
-3.01647 9.4821 431.58
-4.4354 8.90748 125.158
-4.159 9.03987 94.9476
-5.7491 8.12152 435.896
-5.99665 7.94085 77.6844
-5.99663 7.94082 129.474
-6.47396 7.55645 435.896
-6.47411 7.55661 116.527
-6.92704 7.14375 60.4212
-7.14375 6.92704 64.737
-7.14374 6.92703 94.9476
-7.35367 6.70375 103.579
-7.55649 6.47401 435.896
3.12356e-06 9.9503 435.896
1.52636 9.83296 60.4212
1.52636 9.83297 43.158
1.22283 9.87531 47.4738
3.30718 9.38508 21.579
3.30717 9.38508 38.8422
-3.30717 9.38506 77.6844
-3.5946 9.27873 120.842
-3.30716 9.38503 112.211
-3.01657 9.4824 133.79
-2.72314 9.57084 90.6318
-2.42712 9.65018 64.737
-2.72314 9.57086 64.737
5.23836 8.46024 129.474
4.97535 8.61756 103.579
5.23822 8.46002 435.896
5.99649 7.94064 435.896
5.49627 8.2947 435.896
8.76664 4.70758 435.896
9.7813 1.82844 435.896
7.35368 6.70377 -3.63798e-12
3.59448 9.27843 435.896
1.82844 9.78131 4.3158
1.52636 9.83298 4.3158
1.82844 9.78131 25.8948
-4.34958e-07 9.95069 99.2635
1.22282 9.87527 99.2635
1.22278 9.87489 435.896
5.33301 8.04833 435.896
9.94602 -0.306431 435.896
9.93186 -0.612578 435.896
9.94602 -0.306431 233.053
-9.38508 -3.30718 -5.00222e-12
-2.12869 -9.71995 435.896
7.75243 6.23836 4.54747e-12
8.76672 4.70763 86.316
8.90746 4.43539 435.896
9.90829 0.918137 435.896
9.90829 0.918138 431.58
9.87532 1.22283 237.369
-0.306433 -9.94602 30.2106
9.48248 -3.01659 -9.09495e-13
9.27879 -3.59462 2.27374e-12
4.70747 8.76642 435.896
9.72035 -2.12879 422.949
9.72034 -2.12879 435.896
9.65018 -2.42711 422.949
9.83297 -1.52635 435.896
9.68446 1.81034 -3.63798e-12
9.93187 0.612577 112.211
7.14375 -6.92704 69.0528
6.92704 -7.14375 64.737
6.92705 -7.14375 30.2106
8.46019 -5.23832 435.896
8.29485 -5.49637 435.896
3.30705 -9.38471 435.896
5.99666 -7.94086 38.8422
6.23834 -7.75241 90.6318
6.47412 -7.55662 90.6318
6.70376 -7.35368 64.737
6.70376 -7.35367 82.0002
5.74925 -8.12172 125.158
0.612578 -9.93184 73.3686
1.22283 -9.87532 17.2632
1.82844 -9.78131 25.8948
3.01648 -9.48209 435.896
2.72304 -9.57049 431.58
2.72313 -9.57082 112.211
3.30718 -9.38508 -9.09495e-13
3.59462 -9.27879 25.8948
3.30718 -9.38508 38.8422
3.01659 -9.48247 47.4738
3.0166 -9.48248 12.9474
-8.61749 4.97532 435.896
-9.87532 1.22283 224.422
-9.78131 1.82844 181.264
-9.48244 3.01659 427.264
-9.83298 1.52636 151.053
-9.72034 2.12879 435.896
-9.48248 3.01659 9.09495e-13
-7.35367 6.70376 90.6318
-9.48248 3.0166 69.0528
-4.70763 8.76672 38.8422
-4.97537 8.61759 38.8422
-5.23838 8.46027 77.6844
-7.75243 6.23836 8.6316
-4.43541 -8.9075 99.2635
-5.49627 -8.2947 435.896
-5.23836 -8.46025 116.527
-5.74926 -8.12175 82.0002
-5.99664 -7.94084 99.2635
-5.99665 -7.94086 51.7896
-5.49642 -8.29493 103.579
-6.23836 -7.75243 21.579
-6.47412 -7.55663 77.6844
-6.70377 -7.35368 43.158
-6.92704 -7.14375 69.0528
-6.70376 -7.35368 69.0528
-3.01646 -9.4821 435.896
-3.30704 -9.38471 435.896
-3.30703 -9.38472 431.58
-4.15901 -9.0399 38.8422
-5.23839 -8.46029 4.3158
-4.97537 -8.61759 1.81899e-12
-5.23839 -8.46029 34.5264
-3.30717 -9.38508 43.158
-3.30717 -9.38507 60.4212
-4.15901 -9.03989 60.4212
-4.43542 -8.90752 69.0528
-1.22282 -9.87529 77.6844
-2.42702 -9.6498 435.896
-1.52636 -9.83298 4.54747e-13
-1.22283 -9.87532 21.579
-0.918091 -9.90786 435.896
-9.83298 -1.52636 9.09495e-13
-9.83297 -1.52636 431.58
-9.7813 -1.82844 371.159
-7.75229 -6.23825 431.58
-7.7524 -6.23833 142.421
-9.90829 -0.918142 86.316
-9.48248 -3.0166 43.158
-9.27874 -3.5946 418.633
-9.27873 -3.5946 435.896
-7.35368 -6.70377 3.63798e-12
-7.35368 -6.70377 47.4738
-7.5566 -6.4741 168.316
-8.61759 -4.97537 82.0002
-8.61759 -4.97537 -2.72848e-12
-8.46029 -5.23839 2.27374e-12
-8.6175 -4.97532 435.896
-7.14373 -6.92702 120.842
-7.14374 -6.92703 94.9476
-7.14373 -6.92703 107.895
-6.23835 7.75242 69.0528
-6.23832 7.75239 129.474
-6.23818 7.75222 435.896
-4.43543 8.90753 34.5264
-4.43543 8.90753 4.3158
-4.70763 8.76672 0
-4.97537 8.61759 -9.09495e-13
-5.49626 8.29471 435.896
-4.97534 8.61755 116.527
-5.74925 8.12172 125.158
-0.306435 9.94602 -1.13687e-13
-1.52636 9.83294 86.316
-1.52635 9.83291 116.527
-1.22283 9.87529 77.6844
-1.82844 9.78127 90.6318
-1.82836 9.78089 435.896
-1.52635 9.83289 133.79
-1.52636 9.83297 43.158
-1.52636 9.83296 60.4212
-1.22283 9.87531 47.4738
-1.22283 9.87532 21.579
-1.52636 9.83298 12.9474
-1.82844 9.78131 -1.13687e-13
-2.42702 9.6498 435.896
-3.01659 9.48248 -4.54747e-13
-2.12879 9.72036 38.8422
-3.87865 9.16367 73.3686
-3.01659 9.48248 17.2632
-3.01659 9.48246 64.737
-3.01658 9.48244 90.6318
3.30718 9.38508 1.13687e-12
3.59462 9.27879 1.81899e-12
3.87866 9.16369 4.3158
4.15901 9.0399 9.09495e-13
5.23839 8.46029 2.27374e-12
4.159 9.03988 77.6844
3.87865 9.16368 60.4212
3.87865 9.16367 73.3686
4.70763 8.76672 6.82121e-13
4.97537 8.61759 0
5.99666 7.94086 -4.54747e-13
5.99666 7.94086 38.8422
7.5565 6.47401 435.896
7.55661 6.47411 138.106
7.35366 6.70375 125.158
8.29495 5.49643 103.579
8.12175 5.74927 99.2635
8.61759 4.97537 2.72848e-12
8.29485 5.49636 435.896
7.75243 6.23836 25.8948
0.918138 9.90829 4.3158
0.612576 9.93187 4.3158
0.918138 9.90829 30.2106
2.12879 9.72036 -4.54747e-13
1.82844 9.78131 7.95808e-13
-0.30643 9.94594 125.158
-4.34959e-07 9.95071 77.6844
2.72314 9.57084 90.6318
3.5946 9.27875 99.2635
2.72315 9.57088 6.82121e-13
7.55664 6.47413 -9.09495e-13
7.1436 6.9269 435.896
-0.612575 -9.93187 4.3158
-0.918136 -9.90829 25.8948
9.7813 -1.82844 435.896
9.95074 0 297.79
9.94602 0.306434 267.58
9.95074 0 371.159
9.38508 -3.30718 5.00222e-12
8.76663 -4.70759 435.896
9.16363 -3.87863 435.896
9.65017 -2.4271 435.896
9.48248 -3.01659 56.1054
9.57084 -2.72314 435.896
9.93187 -0.612578 0
9.48248 3.01659 -9.09495e-13
9.78131 1.82844 -1.36424e-12
9.83298 1.52636 -9.09495e-13
8.76672 -4.70763 4.54747e-12
8.90754 -4.43542 2.72848e-12
7.14376 -6.92704 4.54747e-13
7.35369 -6.70377 3.18323e-12
7.94086 -5.99666 56.1054
7.75242 -6.23835 77.6844
7.75243 -6.23835 43.158
2.42711 -9.65016 90.6318
4.97537 -8.61759 -1.81899e-12
3.01658 -9.48244 94.9476
3.01659 -9.48246 64.737
3.01659 -9.48245 77.6844
3.59462 -9.27879 -2.27374e-13
7.75243 -6.23835 2.72848e-12
7.94086 -5.99666 1.81899e-12
6.92689 -7.14359 435.896
6.23835 -7.75242 60.4212
6.92705 -7.14375 0
7.14374 -6.92703 103.579
7.35354 -6.70363 435.896
2.42712 -9.6502 17.2632
2.42712 -9.65019 43.158
3.87866 -9.16369 -2.27374e-13
2.42712 -9.65018 64.737
2.72315 -9.57088 9.09495e-13
3.0166 -9.48248 -6.82121e-13
2.72315 -9.57088 25.8948
-8.76663 4.70758 435.896
-8.29495 5.49643 103.579
-9.03989 4.15901 133.79
-9.16367 3.87865 198.527
-9.95074 -8.69921e-07 -9.09495e-13
-9.57084 2.72315 435.896
-9.65017 2.42712 435.896
-9.78129 1.82844 435.896
-7.35369 6.70377 21.579
-7.14375 6.92705 25.8948
-6.47413 7.55664 9.09495e-13
-4.70763 -8.76672 -9.09495e-13
-4.97537 -8.61759 38.8422
-6.23836 -7.75243 2.72848e-12
-5.99648 -7.94065 435.896
-5.74924 -8.12172 129.474
-7.14375 -6.92704 64.737
-7.14375 -6.92705 25.8948
-6.23833 -7.75239 120.842
-5.23839 -8.46029 -4.54747e-13
-4.43543 -8.90754 17.2632
-1.82844 -9.78131 30.2106
-2.42712 -9.65018 64.737
-2.42711 -9.65016 90.6318
-2.72314 -9.57084 90.6318
-2.12878 -9.72033 86.316
-9.94602 -0.306436 211.474
-9.90829 -0.918144 306.422
-9.72036 -2.12879 224.422
-9.72035 -2.12879 358.212
-9.72034 -2.12879 435.896
-7.75241 -6.23834 112.211
-7.94085 -5.99665 99.2635
-7.75243 -6.23836 1.81899e-12
-7.55649 -6.47402 435.896
-9.48248 -3.0166 69.0528
-9.57087 -2.72315 176.948
-8.90754 -4.43543 38.8422
-9.03989 -4.15901 133.79
-8.46018 -5.23833 435.896
-8.46027 -5.23838 129.474
-8.29495 -5.49644 90.6318
-8.29485 -5.49637 435.896
-8.76672 -4.70763 82.0002
-7.14359 -6.9269 435.896
-6.23836 7.75243 3.18323e-12
-5.99666 7.94086 38.8422
-6.47413 7.55664 38.8422
-6.23836 7.75243 21.579
4.43541 8.90751 90.6318
4.70762 8.7667 82.0002
4.43542 8.90752 69.0528
4.97536 8.61758 69.0528
4.70763 8.76672 43.158
-4.7076 8.76667 125.158
-4.70747 8.76642 435.896
-4.9752 8.61731 435.896
-4.15886 9.03957 435.896
-3.87864 9.16364 112.211
-3.87866 9.16369 34.5264
-3.59462 9.27878 51.7896
-3.59462 9.27879 21.579
-8.29494 5.49643 129.474
-1.22282 9.87525 116.527
-0.918135 9.90825 90.6318
-4.34957e-07 9.95067 116.527
-4.3496e-07 9.95074 21.579
-4.34961e-07 9.95074 2.71051e-20
-4.34961e-07 9.95074 17.2632
3.01657 9.48241 125.158
-0.918137 9.90827 69.0528
-0.918138 9.90828 51.7896
-0.918139 9.90829 -1.13687e-13
-1.22277 9.87489 435.896
-1.52629 9.83255 435.896
-1.22283 9.87532 5.11591e-13
-0.918094 9.90786 435.896
9.95074 0 435.896
-3.59461 9.27875 94.9476
-2.72315 9.57088 12.9474
-2.72313 9.57081 125.158
-2.72303 9.57048 435.896
4.97521 8.61731 435.896
4.70761 8.76669 99.2635
4.15899 9.03984 125.158
7.7523 6.23825 435.896
6.47413 7.55664 1.36424e-12
8.76672 4.70763 3.63798e-12
6.92689 7.14359 435.896
6.70375 7.35366 107.895
6.47413 7.55664 47.4738
5.49642 8.29493 103.579
5.49643 8.29494 82.0002
5.23837 8.46027 82.0002
4.4354 8.90749 116.527
2.4271 9.65013 120.842
2.72315 9.57088 25.8948
2.12879 9.72036 34.5264
1.82843 9.78122 138.106
1.52636 9.83298 0
2.72315 9.57087 47.4738
2.12878 9.72029 125.158
7.14375 6.92704 69.0528
7.35368 6.70377 47.4738
7.14375 6.92705 34.5264
7.55664 6.47413 47.4738
9.83297 1.52636 435.896
9.6502 2.42712 60.4212
9.6502 2.42712 82.0002
7.75242 6.23835 77.6844
7.75241 6.23834 112.211
8.12176 5.74928 34.5264
9.57088 -2.72315 3.63798e-12
9.27879 -3.59462 60.4212
9.0399 -4.15901 0
9.72036 -2.12879 220.106
9.72036 2.12879 3.63798e-12
9.87532 -1.22283 0
9.93187 -0.612578 422.949
8.90753 -4.43542 112.211
8.76671 -4.70762 138.106
8.76672 -4.70763 77.6844
9.0399 -4.15901 82.0002
9.16369 -3.87865 90.6318
9.16368 -3.87865 151.053
8.46019 -5.23833 431.58
8.12176 -5.74928 2.72848e-12
7.55664 -6.47413 4.54747e-13
7.75229 -6.23825 435.896
2.4271 -9.65013 120.842
1.82843 -9.78122 138.106
5.23839 -8.46029 30.2106
5.23838 -8.46027 82.0002
4.97537 -8.61759 38.8422
3.59461 -9.27875 99.2635
3.30716 -9.38503 112.211
4.70763 -8.76672 43.158
5.49643 -8.29494 86.316
5.74911 -8.12152 435.896
7.5565 -6.47401 435.896
7.94074 -5.99656 435.896
7.7523 -6.23825 431.58
6.70375 -7.35366 107.895
6.4741 -7.5566 138.106
6.47413 -7.55664 1.36424e-12
-9.93187 0.612577 0
-9.94602 0.306437 211.474
-9.90829 0.91814 431.58
-9.90829 0.918142 345.264
-9.90829 0.918142 306.422
-9.48248 3.0166 43.158
-9.57085 2.72314 388.422
-9.48244 3.01658 435.896
-5.2382 -8.46002 435.896
-5.99665 -7.94085 69.0528
-3.01659 -9.48248 17.2632
-2.72315 -9.57088 12.9474
-3.30717 -9.38508 -2.27374e-13
-3.30715 -9.38503 112.211
-1.52636 -9.83298 21.579
-2.72314 -9.57086 64.737
-2.12879 -9.72036 34.5264
-2.72313 -9.57081 125.158
-2.72303 -9.57049 431.58
-2.4271 -9.65012 129.474
-2.12879 -9.72034 73.3686
-9.78129 -1.82845 435.896
-9.48248 -3.01659 9.09495e-13
-8.29496 -5.49644 4.54747e-12
-7.35367 -6.70376 94.9476
-8.12164 -5.7492 431.58
-8.90752 -4.43542 146.737
-8.90754 -4.43543 3.63798e-12
-8.76663 -4.70759 435.896
-8.90746 -4.43539 435.896
-8.76664 -4.70759 427.264
-7.55664 -6.47413 56.1054
-7.55662 -6.47412 107.895
-8.12163 -5.7492 435.896
-9.0399 -4.15902 -1.81899e-12
-9.27879 -3.59462 -2.27374e-12
-6.47412 7.55662 94.9476
0.918135 9.90826 82.0002
0.918132 9.90822 120.842
-4.3496e-07 9.95073 43.158
4.43527 8.90722 435.896
-3.87866 9.16369 1.36424e-12
-7.14359 6.9269 435.896
-0.612574 9.93182 94.9476
-1.82844 9.78129 64.737
-2.12879 9.72034 73.3686
-1.82844 9.78128 77.6844
-0.612576 9.93185 60.4212
9.94602 0.306433 435.896
-2.12878 9.72033 86.316
-1.82844 9.78131 30.2106
-2.42712 9.65019 47.4738
-2.42711 9.65016 90.6318
-2.4271 9.65012 129.474
3.59461 9.27876 86.316
3.30717 9.38506 73.3686
4.15901 9.03989 56.1054
3.87864 9.16365 103.579
4.97537 8.61759 43.158
5.23839 8.46029 34.5264
6.47412 7.55662 90.6318
6.47411 7.55661 112.211
9.03989 4.15901 142.421
9.0399 4.15901 82.0002
8.90754 4.43543 38.8422
9.38508 3.30717 125.158
9.38508 3.30718 77.6844
6.23835 7.75242 64.737
5.74911 8.12152 435.896
6.23836 7.75243 12.9474
1.22283 9.87529 73.3686
2.12871 9.71995 435.896
2.42711 9.65016 90.6318
2.12879 9.72034 69.0528
2.42712 9.65018 64.737
1.22283 9.87532 2.84217e-13
1.82844 9.7813 51.7896
7.55663 6.47412 90.6318
7.35367 6.70376 90.6318
7.55662 6.47412 107.895
1.18661e-07 -9.95073 43.158
-0.918135 -9.90828 51.7896
9.94602 -0.306431 3.18323e-12
9.78131 -1.82844 185.579
9.83298 -1.52636 4.54747e-12
9.6502 -2.42712 9.09495e-13
9.87532 1.22283 202.843
9.83298 1.52636 164
9.57084 2.72314 435.896
9.65017 2.42711 435.896
9.57085 2.72314 422.949
9.16369 3.87866 -9.09495e-13
9.0399 4.15901 2.72848e-12
9.87532 1.22283 0
9.90829 0.918138 43.158
9.87531 1.22283 435.896
8.90746 -4.43539 435.896
8.76664 -4.70758 431.58
8.46029 -5.23839 4.54747e-13
9.27873 -3.5946 435.896
9.27874 -3.5946 431.58
9.27878 -3.59462 146.737
8.90754 -4.43542 51.7896
8.29494 -5.49643 129.474
8.46029 -5.23839 51.7896
8.61759 -4.97537 51.7896
5.23836 -8.46024 129.474
4.15901 -9.0399 30.2106
4.15902 -9.0399 8.6316
7.75241 -6.23834 116.527
6.92703 -7.14374 94.9476
2.72305 -9.57048 435.896
4.70763 -8.76672 6.82121e-13
3.59462 -9.27878 51.7896
-9.90829 0.91814 86.316
-9.6502 2.42712 -2.27374e-12
-3.30716 -9.38505 90.6318
-3.01659 -9.48246 64.737
-3.30717 -9.38506 73.3686
-1.82844 -9.78128 77.6844
-2.42712 -9.6502 17.2632
-2.42712 -9.65019 47.4738
-2.72315 -9.57087 43.158
-9.90829 -0.918142 431.58
-9.90829 -0.918139 435.896
-8.12175 -5.74927 103.579
-7.75242 -6.23835 77.6844
-8.46029 -5.23839 51.7896
-8.29496 -5.49644 51.7896
-8.12176 -5.74927 69.0528
-8.46028 -5.23839 82.0002
-8.12176 -5.74928 43.158
-9.16369 -3.87866 -1.81899e-12
1.22283 9.87532 17.2632
-0.306432 9.94598 86.316
-0.612576 9.93186 43.158
-0.918139 9.90829 25.8948
4.15886 9.03957 435.896
4.97535 8.61757 90.6318
7.55663 6.47413 73.3686
6.70376 7.35367 82.0002
7.35368 6.70376 69.0528
9.16363 3.87863 435.896
6.23834 7.75241 94.9476
6.47409 7.55659 155.369
5.23838 8.46028 60.4212
5.74926 8.12174 94.9476
1.82843 9.78127 90.6318
1.52635 9.83294 86.316
0.918137 9.90828 56.1054
0.612574 9.93184 73.3686
0.612575 9.93186 43.158
8.29494 5.49643 129.474
8.29485 5.49637 422.949
8.12176 5.74927 64.737
9.6502 -2.42712 103.579
9.94602 0.306434 418.633
9.93187 0.612576 422.949
9.72035 2.12879 422.949
9.65019 2.42712 220.106
9.38504 3.30716 435.896
9.27873 3.5946 435.896
9.93186 0.612576 435.896
9.38508 3.30718 1.81899e-12
9.48244 3.01658 435.896
9.03984 -4.15898 405.685
8.61758 -4.97536 138.106
8.46027 -5.23838 142.421
8.29496 -5.49644 51.7896
9.16364 -3.87862 427.264
9.03989 -4.15901 142.421
8.6175 -4.97531 435.896
8.12175 -5.74927 99.2635
8.29495 -5.49643 103.579
7.94085 -5.99665 99.2635
7.55664 -6.47413 30.2106
2.12879 -9.72035 56.1054
1.82844 -9.78128 77.6844
4.70747 -8.76642 435.896
4.70748 -8.76642 431.58
3.87866 -9.16369 30.2106
6.23832 -7.75238 142.421
4.97535 -8.61756 103.579
4.70762 -8.7667 86.316
4.97535 -8.61757 90.6318
5.23822 -8.46002 435.896
6.70375 -7.35367 94.9476
7.14376 -6.92704 30.2106
7.55662 -6.47412 107.895
2.72315 -9.57087 47.4738
2.72314 -9.57086 64.737
3.87851 -9.16335 435.896
-1.82844 -9.78129 64.737
-2.12879 -9.72036 38.8422
-3.01658 -9.48243 103.579
-6.92705 -7.14375 21.579
0.612576 9.93187 12.9474
-2.72315 9.57087 43.158
-3.01659 9.48247 47.4738
-3.30717 9.38507 60.4212
-3.30717 9.38508 38.8422
4.43542 8.90753 47.4738
4.15901 9.0399 34.5264
7.94073 5.99656 435.896
7.35354 6.70364 435.896
7.14374 6.92703 103.579
6.92704 7.14375 64.737
6.92703 7.14374 94.9476
6.92705 7.14375 30.2106
9.27878 3.59462 146.737
9.27874 3.5946 422.949
5.74928 8.12176 25.8948
5.49643 8.29495 64.737
5.74924 8.12171 142.421
2.42712 9.65019 43.158
1.82844 9.78128 77.6844
1.52636 9.83295 73.3686
2.42712 9.6502 17.2632
9.87532 -1.22283 237.369
9.87531 -1.22283 435.896
9.83298 -1.52636 164
9.72036 -2.12879 5.00222e-12
9.48247 3.01659 172.632
9.16367 3.87865 198.527
9.93187 0.612577 202.843
9.57087 2.72315 181.264
9.57088 2.72315 5.45697e-12
9.48248 3.01659 56.1054
9.6502 2.42712 2.27374e-12
8.12165 -5.74919 422.949
7.35367 -6.70375 107.895
8.12176 -5.74928 34.5264
4.97536 -8.61758 69.0528
4.15888 -9.03957 435.896
4.43528 -8.90722 431.58
5.49644 -8.29495 51.7896
6.23836 -7.75243 25.8948
5.23839 -8.46029 9.09495e-13
4.97521 -8.61731 431.58
2.72314 -9.57084 90.6318
3.59462 -9.27877 69.0528
-7.94086 5.99666 -2.72848e-12
-8.12176 5.74927 69.0528
-8.12176 5.74928 17.2632
-3.01659 -9.48247 47.4738
-7.75243 -6.23836 30.2106
0.306433 9.94598 86.316
4.43543 8.90754 12.9474
4.43543 8.90754 2.50111e-12
6.4741 7.5566 133.79
5.74927 8.12176 47.4738
1.52636 9.83298 21.579
8.90753 4.43542 112.211
9.03983 4.15898 435.896
9.57088 2.72315 64.737
8.61759 -4.97536 86.316
9.03983 -4.15898 435.896
8.12176 -5.74927 69.0528
7.55662 -6.47411 120.842
3.87864 -9.16365 103.579
3.87865 -9.16366 86.316
4.15901 -9.03989 56.1054
3.87865 -9.16368 60.4212
4.70761 -8.76668 112.211
5.23837 -8.46025 112.211
2.72314 -9.57085 77.6844
3.30717 -9.38507 60.4212
-8.29485 5.49636 435.896
-3.01657 -9.4824 133.79
6.70377 7.35368 38.8422
2.72314 9.57086 64.737
8.90752 4.43542 151.053
9.72034 2.12879 435.896
4.43527 -8.90722 435.896
4.43542 -8.90752 69.0528
3.30717 -9.38505 86.316
-0.918139 9.90829 17.2632
4.43542 -8.90753 47.4738
4.43541 -8.90751 90.6318
-7.55661 -6.47411 138.106
9.65017 2.42712 422.949
3  0 1 2
3  3 4 5
3  6 7 8
3  9 10 11
3  12 13 14
3  15 16 17
3  18 19 20
3  10 21 11
3  22 23 24
3  25 26 27
3  9 11 28
3  29 30 31
3  32 18 33
3  34 18 35
3  36 37 38
3  39 40 41
3  42 43 44
3  10 9 45
3  46 47 48
3  49 50 51
3  52 53 54
3  21 50 49
3  55 56 57
3  9 28 58
3  19 18 34
3  59 60 61
3  20 19 62
3  62 19 63
3  64 65 66
3  67 68 69
3  70 0 71
3  19 56 29
3  46 72 73
3  10 65 21
3  29 56 30
3  74 75 51
3  76 77 78
3  79 80 81
3  82 83 84
3  85 86 87
3  9 88 89
3  19 34 56
3  20 62 90
3  91 92 93
3  34 35 94
3  95 96 97
3  98 18 32
3  18 20 6
3  99 100 89
3  101 95 102
3  103 0 70
3  104 105 106
3  107 108 109
3  110 111 112
3  113 114 115
3  29 116 117
3  118 119 120
3  121 119 122
3  123 124 125
3  50 21 51
3  126 127 128
3  129 130 131
3  132 133 134
3  135 136 137
3  138 139 140
3  141 8 142
3  139 143 144
3  145 55 146
3  56 147 148
3  149 150 151
3  100 152 153
3  154 155 156
3  157 158 159
3  160 161 162
3  63 19 163
3  164 165 166
3  167 168 169
3  170 138 140
3  35 18 171
3  172 173 174
3  34 94 175
3  96 176 177
3  178 179 180
3  181 65 64
3  18 6 182
3  183 65 184
3  185 186 187
3  64 66 188
3  189 190 191
3  192 21 193
3  194 195 196
3  197 198 199
3  200 108 201
3  202 194 203
3  29 158 204
3  29 31 158
3  205 206 207
3  114 208 209
3  72 192 47
3  210 211 77
3  74 51 212
3  213 214 215
3  56 216 217
3  218 219 220
3  221 222 223
3  11 21 210
3  100 99 224
3  172 225 45
3  226 227 228
3  229 230 231
3  176 232 177
3  233 234 235
3  236 234 233
3  56 34 147
3  143 139 155
3  237 238 52
3  30 56 239
3  240 239 241
3  237 57 242
3  243 216 244
3  245 246 127
3  237 52 57
3  55 57 54
3  247 248 249
3  62 250 251
3  62 63 252
3  253 90 254
3  255 92 256
3  257 63 258
3  259 252 260
3  261 262 263
3  264 265 266
3  267 268 269
3  270 271 272
3  273 274 275
3  35 171 276
3  277 171 278
3  279 172 280
3  35 68 67
3  281 282 283
3  96 282 284
3  68 35 285
3  279 280 286
3  168 287 288
3  173 172 45
3  289 147 290
3  291 175 292
3  293 175 291
3  185 294 295
3  296 297 298
3  185 187 294
3  6 20 7
3  18 182 299
3  300 274 301
3  302 105 203
3  0 206 71
3  192 206 47
3  303 74 304
3  104 305 306
3  19 307 308
3  19 29 307
3  207 42 309
3  310 252 311
3  312 313 314
3  315 214 316
3  317 205 318
3  319 320 321
3  307 29 320
3  192 193 322
3  42 206 0
3  29 204 323
3  324 325 326
3  204 158 327
3  328 204 329
3  330 211 331
3  332 333 334
3  335 336 337
3  338 339 340
3  341 342 177
3  23 343 249
3  344 246 345
3  246 245 345
3  346 347 348
3  210 21 49
3  349 244 350
3  155 138 351
3  143 155 154
3  100 224 152
3  148 233 352
3  56 148 352
3  31 30 353
3  28 11 354
3  355 356 357
3  358 359 360
3  361 362 363
3  364 30 365
3  366 367 368
3  369 127 126
3  57 56 217
3  217 237 242
3  144 143 370
3  139 144 371
3  170 369 52
3  246 344 127
3  372 126 128
3  216 243 217
3  373 374 375
3  345 376 23
3  377 37 378
3  257 93 379
3  259 260 380
3  62 252 259
3  21 381 119
3  20 90 253
3  382 383 272
3  384 385 378
3  60 386 61
3  90 387 388
3  389 302 390
3  391 165 392
3  393 164 394
3  62 39 41
3  395 396 397
3  256 261 266
3  165 164 398
3  399 118 120
3  276 171 400
3  401 69 402
3  98 403 404
3  171 18 405
3  405 18 406
3  178 407 179
3  342 283 177
3  94 35 408
3  408 67 409
3  410 96 411
3  412 413 414
3  411 415 401
3  168 400 277
3  406 18 404
3  282 96 177
3  245 371 376
3  167 400 168
3  416 45 417
3  96 95 176
3  34 175 293
3  236 233 289
3  418 419 420
3  421 183 422
3  423 424 425
3  186 426 64
3  427 428 429
3  9 430 45
3  431 280 432
3  433 434 435
3  436 7 437
3  438 33 439
3  299 182 440
3  106 105 441
3  442 443 444
3  445 446 447
3  194 202 448
3  449 450 451
3  452 453 324
3  454 208 114
3  455 456 457
3  458 459 113
3  195 111 196
3  460 443 110
3  111 448 396
3  461 462 395
3  198 463 464
3  104 106 465
3  466 467 313
3  200 19 468
3  163 19 469
3  29 470 116
3  471 472 473
3  206 42 207
3  81 474 475
3  476 477 478
3  0 103 1
3  478 455 479
3  480 481 482
3  206 193 71
3  194 70 71
3  193 206 322
3  206 192 322
3  483 484 485
3  31 486 487
3  488 353 489
3  72 12 490
3  158 31 491
3  492 493 494
3  470 315 495
3  206 205 218
3  323 204 328
3  329 496 497
3  31 498 486
3  72 490 51
3  499 353 500
3  16 501 499
3  10 45 502
3  45 430 249
3  175 503 292
3  95 173 45
3  236 289 228
3  370 343 376
3  75 49 51
3  504 358 360
3  505 488 506
3  507 508 509
3  139 138 155
3  87 156 510
3  148 147 233
3  85 149 177
3  234 216 235
3  216 56 352
3  28 511 512
3  30 239 240
3  31 487 513
3  31 353 498
3  511 28 354
3  514 515 516
3  353 515 517
3  11 210 77
3  210 49 518
3  519 78 330
3  520 521 522
3  523 240 524
3  239 525 374
3  239 56 525
3  99 89 224
3  224 89 526
3  527 230 229
3  239 374 373
3  528 527 338
3  338 529 530
3  230 239 531
3  243 237 217
3  243 170 238
3  238 170 52
3  138 170 532
3  170 243 532
3  139 371 140
3  371 245 140
3  170 140 369
3  127 369 533
3  145 146 368
3  366 53 372
3  525 55 145
3  127 344 534
3  535 536 537
3  538 539 540
3  149 151 177
3  540 541 542
3  252 63 543
3  63 257 543
3  40 39 391
3  62 259 250
3  20 253 60
3  544 399 120
3  268 267 545
3  62 41 546
3  399 544 547
3  90 62 548
3  261 92 262
3  40 383 549
3  257 91 93
3  265 21 256
3  469 19 200
3  119 383 256
3  19 467 468
3  550 108 200
3  41 551 546
3  40 551 41
3  264 193 265
3  193 21 265
3  446 552 553
3  446 111 554
3  267 270 272
3  555 390 266
3  276 412 414
3  35 276 414
3  285 413 556
3  278 557 558
3  176 95 45
3  559 560 561
3  557 405 562
3  172 279 563
3  407 403 564
3  403 98 564
3  179 565 566
3  565 567 566
3  18 299 33
3  407 564 567
3  568 569 570
3  408 35 67
3  95 97 571
3  97 410 411
3  280 173 432
3  572 573 574
3  286 280 561
3  403 563 561
3  96 410 97
3  415 575 576
3  577 285 578
3  167 578 556
3  34 293 291
3  419 418 579
3  175 94 580
3  283 282 177
3  233 147 289
3  83 289 84
3  232 343 370
3  150 581 151
3  581 150 582
3  147 34 583
3  426 296 584
3  20 421 422
3  585 297 586
3  7 20 423
3  296 426 297
3  587 182 588
3  184 181 589
3  426 181 64
3  502 434 590
3  591 3 592
3  593 417 594
3  587 588 595
3  596 597 598
3  182 6 599
3  232 176 249
3  66 10 188
3  6 8 3
3  4 3 591
3  433 8 141
3  294 7 295
3  600 601 602
3  438 32 33
3  603 463 604
3  463 308 605
3  194 264 203
3  466 313 465
3  552 606 607
3  606 103 607
3  307 320 319
3  458 319 459
3  196 552 608
3  608 70 609
3  308 610 460
3  307 611 442
3  19 308 198
3  199 198 464
3  308 307 610
3  110 395 612
3  550 466 109
3  264 302 203
3  265 256 266
3  262 91 263
3  47 206 218
3  218 205 613
3  614 615 616
3  29 323 214
3  615 617 618
3  619 615 618
3  620 621 622
3  157 159 449
3  620 623 624
3  625 207 309
3  103 606 208
3  208 606 209
3  477 320 478
3  320 29 626
3  43 42 627
3  628 42 44
3  454 459 629
3  321 320 477
3  627 2 630
3  631 476 632
3  46 633 634
3  46 635 636
3  136 637 137
3  638 639 640
3  46 641 642
3  643 135 644
3  645 646 647
3  648 212 649
3  498 353 486
3  75 74 650
3  651 488 332
3  504 652 358
3  29 214 470
3  470 214 213
3  653 654 655
3  492 656 657
3  117 116 658
3  452 659 495
3  157 449 660
3  159 491 661
3  47 662 48
3  327 158 190
3  51 359 212
3  490 663 51
3  21 192 51
3  486 488 664
3  232 370 177
3  665 227 666
3  371 370 376
3  371 144 370
3  138 244 351
3  244 216 350
3  216 352 235
3  352 233 235
3  515 514 667
3  668 669 670
3  512 511 671
3  30 672 673
3  353 30 515
3  516 515 674
3  364 511 675
3  515 30 676
3  486 353 488
3  16 677 501
3  49 75 678
3  210 679 680
3  30 240 672
3  681 58 682
3  683 684 26
3  685 686 687
3  368 367 688
3  525 56 55
3  100 689 249
3  690 691 692
3  376 343 23
3  693 538 249
3  176 45 249
3  430 9 89
3  694 695 685
3  241 361 696
3  527 229 697
3  9 683 698
3  241 699 700
3  241 239 361
3  24 701 702
3  539 693 703
3  52 369 126
3  237 243 238
3  138 532 244
3  532 243 244
3  53 52 372
3  245 127 533
3  57 52 54
3  53 55 54
3  525 145 535
3  367 704 688
3  705 706 707
3  525 535 690
3  252 543 708
3  543 257 708
3  260 252 380
3  252 310 380
3  91 258 709
3  39 165 391
3  250 259 251
3  710 166 711
3  388 387 544
3  118 399 547
3  65 712 122
3  60 253 386
3  548 713 714
3  548 62 713
3  548 268 715
3  268 387 715
3  93 311 379
3  166 251 711
3  311 252 379
3  21 119 256
3  302 716 717
3  91 257 258
3  105 718 203
3  390 302 266
3  552 607 70
3  607 103 70
3  111 195 448
3  195 194 448
3  413 412 400
3  412 276 400
3  173 572 574
3  573 101 102
3  101 573 719
3  573 102 720
3  403 407 563
3  172 563 721
3  171 405 557
3  562 287 558
3  406 560 722
3  562 405 723
3  416 593 594
3  95 101 719
3  98 32 564
3  566 724 725
3  406 404 726
3  560 559 722
3  18 98 404
3  560 406 726
3  564 32 567
3  407 565 179
3  94 408 569
3  96 575 415
3  577 411 401
3  578 285 556
3  563 407 225
3  407 178 225
3  573 572 727
3  574 573 720
3  97 411 571
3  411 577 571
3  413 285 414
3  285 35 414
3  578 102 728
3  102 95 728
3  34 291 82
3  291 419 82
3  175 580 503
3  342 341 729
3  730 731 732
3  503 580 733
3  147 583 290
3  583 34 290
3  65 183 734
3  65 734 712
3  735 428 427
3  423 20 424
3  426 584 428
3  584 296 428
3  426 186 297
3  297 736 586
3  586 736 737
3  186 185 295
3  295 7 737
3  7 423 738
3  181 426 428
3  181 428 589
3  65 10 66
3  187 186 64
3  502 45 301
3  739 182 740
3  416 741 275
3  742 440 587
3  294 743 744
3  5 745 746
3  747 748 749
3  182 599 750
3  10 502 188
3  6 3 746
3  8 7 142
3  751 745 301
3  439 33 752
3  416 417 593
3  718 753 203
3  202 203 754
3  610 444 460
3  444 443 460
3  755 603 756
3  718 105 104
3  654 219 218
3  219 653 220
3  757 758 759
3  758 760 761
3  458 762 763
3  454 114 459
3  611 307 764
3  319 458 763
3  765 321 766
3  767 768 769
3  442 445 447
3  552 196 553
3  198 308 463
3  461 754 603
3  197 313 312
3  19 198 197
3  610 307 444
3  307 442 444
3  467 466 550
3  394 310 311
3  164 393 398
3  709 258 770
3  470 213 215
3  616 771 772
3  495 658 773
3  774 775 776
3  777 157 191
3  622 778 779
3  205 207 780
3  781 615 782
3  207 783 780
3  29 117 784
3  499 670 785
3  29 782 618
3  625 309 628
3  309 42 628
3  42 0 627
3  320 626 456
3  766 477 786
3  43 630 787
3  626 788 789
3  456 626 789
3  637 135 642
3  513 790 791
3  790 487 485
3  638 792 757
3  637 136 135
3  484 790 485
3  793 646 645
3  12 356 490
3  12 72 13
3  13 72 794
3  75 795 505
3  793 488 651
3  133 796 797
3  794 72 798
3  799 800 801
3  483 799 801
3  802 513 791
3  513 487 790
3  327 189 803
3  662 47 804
3  805 492 494
3  329 204 806
3  657 656 807
3  493 492 657
3  656 220 807
3  219 654 653
3  804 449 451
3  804 808 449
3  635 634 80
3  80 79 639
3  48 662 804
3  809 327 803
3  663 504 360
3  504 663 652
3  810 811 812
3  663 490 813
3  795 650 303
3  75 650 795
3  489 499 814
3  348 815 816
3  192 72 51
3  650 74 303
3  817 818 130
3  212 359 819
3  151 581 177
3  342 281 283
3  85 370 86
3  370 143 86
3  706 23 249
3  345 245 376
3  511 820 675
3  821 28 512
3  58 28 822
3  821 512 364
3  667 514 823
3  124 675 125
3  516 674 123
3  515 676 674
3  676 30 123
3  30 364 124
3  76 78 519
3  668 77 76
3  679 347 346
3  815 347 824
3  677 15 825
3  499 500 826
3  682 58 822
3  827 828 829
3  830 831 832
3  30 673 365
3  672 240 523
3  523 524 833
3  695 834 685
3  695 9 834
3  9 695 835
3  240 241 836
3  536 837 537
3  146 55 838
3  839 840 841
3  842 374 843
3  844 689 841
3  531 845 231
3  373 845 846
3  531 239 846
3  239 230 362
3  230 531 231
3  847 241 700
3  848 836 849
3  361 239 362
3  528 850 851
3  527 528 851
3  852 339 338
3  339 88 698
3  88 9 698
3  127 534 128
3  57 217 242
3  216 234 350
3  349 350 228
3  244 349 351
3  349 155 351
3  369 140 533
3  140 245 533
3  706 538 540
3  703 693 249
3  93 255 256
3  383 40 391
3  398 393 256
3  92 261 256
3  259 380 710
3  39 62 251
3  853 121 122
3  254 90 388
3  20 60 59
3  21 65 122
3  853 122 854
3  253 254 386
3  855 544 856
3  857 544 120
3  40 549 858
3  549 383 858
3  270 714 859
3  713 62 860
3  546 551 859
3  551 271 859
3  271 270 859
3  270 548 714
3  387 90 715
3  90 548 715
3  393 394 256
3  391 398 256
3  394 164 710
3  164 166 710
3  91 709 263
3  92 91 262
3  377 385 555
3  37 36 378
3  106 302 717
3  106 466 465
3  193 264 71
3  264 194 71
3  552 70 608
3  70 194 609
3  448 202 396
3  462 308 612
3  400 171 277
3  861 557 278
3  431 574 288
3  168 288 169
3  577 578 728
3  578 167 102
3  431 562 559
3  559 562 723
3  171 557 861
3  171 861 278
3  560 403 862
3  559 723 722
3  280 559 561
3  563 279 286
3  32 438 566
3  565 407 567
3  863 282 864
3  96 284 865
3  408 866 570
3  94 569 568
3  415 69 401
3  411 96 415
3  69 68 402
3  285 577 401
3  563 225 721
3  225 172 721
3  173 574 432
3  574 431 432
3  173 280 174
3  280 172 174
3  719 573 727
3  173 95 719
3  413 400 556
3  400 167 556
3  341 581 729
3  867 418 420
3  582 149 666
3  82 419 579
3  582 418 867
3  868 730 732
3  292 503 733
3  281 342 869
3  870 871 568
3  871 94 568
3  580 870 872
3  733 731 873
3  734 183 421
3  422 183 427
3  183 735 427
3  424 20 422
3  428 296 429
3  429 296 298
3  297 186 736
3  738 423 874
3  736 295 737
3  186 295 736
3  65 181 184
3  428 735 589
3  188 502 875
3  590 294 188
3  598 274 876
3  434 502 435
3  417 45 180
3  724 601 877
3  299 440 742
3  741 273 275
3  740 182 878
3  745 751 879
3  750 599 747
3  301 745 880
3  881 882 883
3  599 6 881
3  739 884 885
3  182 750 886
3  8 433 435
3  887 745 5
3  4 435 888
3  435 502 888
3  3 5 746
3  4 887 5
3  434 433 590
3  294 590 743
3  141 142 436
3  142 7 436
3  33 299 752
3  299 439 752
3  203 753 754
3  306 889 603
3  656 47 220
3  47 218 220
3  496 890 891
3  325 324 892
3  72 47 73
3  47 46 73
3  758 757 791
3  893 513 802
3  762 113 115
3  459 114 113
3  476 768 786
3  1 103 894
3  307 763 764
3  762 611 764
3  307 319 763
3  763 762 764
3  627 0 2
3  477 476 786
3  103 208 894
3  321 477 766
3  196 111 553
3  111 446 553
3  110 442 447
3  442 611 445
3  114 552 115
3  611 762 115
3  464 463 603
3  305 889 306
3  308 462 605
3  753 718 755
3  889 305 199
3  469 200 201
3  313 467 314
3  19 197 895
3  443 442 110
3  395 462 612
3  302 389 716
3  389 390 716
3  775 613 317
3  774 325 892
3  29 781 782
3  117 896 784
3  620 622 623
3  617 615 614
3  897 898 899
3  778 900 779
3  771 615 781
3  901 499 785
3  29 617 902
3  903 628 898
3  904 628 44
3  905 788 906
3  478 320 455
3  320 456 455
3  31 513 893
3  641 46 636
3  907 450 908
3  636 635 80
3  639 638 909
3  907 31 910
3  638 757 909
3  911 760 912
3  664 488 793
3  332 303 333
3  794 798 14
3  133 913 914
3  915 916 917
3  223 918 919
3  644 161 920
3  486 664 132
3  135 72 642
3  72 46 642
3  72 643 644
3  72 135 643
3  487 486 921
3  72 644 922
3  890 496 923
3  204 327 924
3  809 925 926
3  924 327 809
3  925 927 926
3  808 804 927
3  807 220 928
3  653 655 928
3  890 316 891
3  497 496 891
3  79 907 639
3  635 46 634
3  158 491 159
3  907 159 661
3  805 929 926
3  927 925 660
3  190 158 777
3  158 157 777
3  327 190 189
3  190 777 191
3  647 930 931
3  651 332 334
3  817 652 813
3  652 663 813
3  303 304 333
3  488 303 332
3  793 651 129
3  793 930 932
3  304 212 333
3  212 648 333
3  652 817 358
3  813 355 811
3  581 341 177
3  370 85 177
3  154 156 87
3  156 155 933
3  86 154 87
3  666 227 934
3  143 154 86
3  665 87 510
3  11 77 677
3  677 77 935
3  517 515 667
3  936 354 937
3  511 364 671
3  364 512 671
3  820 511 938
3  511 354 938
3  674 676 123
3  30 124 123
3  516 123 125
3  124 364 675
3  77 211 78
3  939 680 940
3  941 942 943
3  944 75 945
3  346 489 814
3  668 76 669
3  946 939 947
3  679 346 680
3  77 668 501
3  489 353 499
3  814 948 509
3  16 499 826
3  347 815 348
3  49 678 518
3  828 949 950
3  9 58 951
3  952 673 953
3  821 364 954
3  822 28 831
3  955 827 829
3  524 956 833
3  957 58 958
3  686 27 687
3  836 241 847
3  836 847 849
3  695 694 835
3  845 373 959
3  248 960 961
3  849 27 962
3  26 684 835
3  339 698 522
3  520 699 521
3  699 241 963
3  522 521 340
3  837 368 688
3  535 145 964
3  965 247 249
3  539 966 540
3  366 368 838
3  368 146 838
3  165 398 392
3  398 391 392
3  165 39 166
3  39 251 166
3  386 254 855
3  254 388 855
3  734 421 712
3  386 853 854
3  121 853 967
3  853 386 857
3  544 387 547
3  268 548 269
3  271 551 382
3  119 118 267
3  119 272 968
3  271 382 272
3  383 551 858
3  551 40 858
3  713 860 546
3  860 62 546
3  551 383 382
3  272 383 968
3  714 713 859
3  713 546 859
3  380 310 710
3  310 394 710
3  93 92 255
3  383 391 256
3  385 377 378
3  385 107 555
3  63 163 36
3  163 201 384
3  108 550 109
3  716 390 107
3  107 385 384
3  163 469 201
3  194 196 609
3  196 608 609
3  554 111 110
3  111 396 112
3  720 102 169
3  102 167 169
3  287 562 288
3  562 431 288
3  95 571 728
3  571 577 728
3  563 286 561
3  280 431 559
3  557 562 558
3  168 277 278
3  404 403 726
3  403 560 726
3  284 575 865
3  575 96 865
3  969 408 409
3  576 970 971
3  575 284 863
3  69 415 576
3  68 285 402
3  285 401 402
3  572 173 727
3  173 719 727
3  289 83 226
3  290 34 82
3  150 149 582
3  149 665 666
3  292 873 972
3  419 291 292
3  729 581 867
3  581 582 867
3  342 729 869
3  733 580 872
3  973 974 864
3  870 580 871
3  580 94 871
3  569 408 570
3  974 730 975
3  282 281 973
3  429 425 976
3  976 425 977
3  874 423 585
3  423 425 585
3  735 183 589
3  183 184 589
3  45 274 300
3  887 502 301
3  45 225 180
3  225 178 180
3  567 32 566
3  438 439 600
3  566 438 724
3  416 594 884
3  978 740 878
3  740 273 979
3  45 300 301
3  749 980 981
3  597 751 301
3  274 597 301
3  982 978 749
3  597 274 598
3  596 983 748
3  984 982 749
3  596 599 883
3  881 6 882
3  182 886 878
3  596 598 980
3  8 435 591
3  435 4 591
3  888 502 985
3  502 887 985
3  590 433 743
3  433 141 743
3  294 187 188
3  187 64 188
3  743 141 437
3  141 436 437
3  220 653 928
3  493 657 807
3  606 552 209
3  552 114 209
3  459 319 765
3  319 321 765
3  446 445 115
3  762 458 113
3  445 611 115
3  552 446 115
3  768 2 769
3  454 629 767
3  629 768 767
3  1 894 767
3  306 603 755
3  603 754 756
3  305 313 199
3  313 197 199
3  889 464 603
3  889 199 464
3  463 605 604
3  462 461 603
3  19 895 312
3  895 197 312
3  396 202 397
3  754 461 395
3  105 302 441
3  302 106 441
3  716 466 717
3  466 106 717
3  313 305 465
3  305 104 465
3  467 550 468
3  550 200 468
3  453 218 774
3  775 218 613
3  928 655 986
3  654 218 453
3  782 619 618
3  495 326 987
3  207 625 903
3  625 628 903
3  784 771 781
3  79 81 475
3  988 318 989
3  780 783 623
3  621 614 616
3  622 621 616
3  615 619 782
3  449 159 908
3  159 907 908
3  617 29 618
3  481 905 898
3  904 481 898
3  43 627 630
3  788 479 457
3  788 626 906
3  905 906 902
3  31 893 990
3  639 907 640
3  758 484 991
3  792 893 802
3  992 813 811
3  930 817 992
3  798 913 993
3  992 811 994
3  222 221 944
3  488 489 995
3  913 996 914
3  133 997 134
3  912 998 800
3  999 486 160
3  487 921 799
3  486 132 160
3  637 642 911
3  487 483 485
3  47 656 805
3  656 492 805
3  316 214 891
3  1000 329 806
3  809 1000 806
3  329 1000 1001
3  323 328 497
3  328 329 497
3  316 1002 1003
3  316 890 1002
3  452 316 1003
3  1002 655 1004
3  634 633 474
3  450 449 908
3  491 31 661
3  31 907 661
3  633 48 474
3  633 46 48
3  930 992 931
3  930 647 932
3  795 303 505
3  303 488 505
3  1005 649 1006
3  358 649 1007
3  74 212 304
3  333 648 1005
3  359 358 819
3  819 358 1007
3  359 51 360
3  51 663 360
3  155 349 933
3  156 933 510
3  83 227 226
3  289 226 228
3  149 85 665
3  665 85 87
3  227 665 510
3  228 227 510
3  11 677 825
3  677 16 15
3  514 1008 823
3  516 125 1008
3  936 667 823
3  514 516 1008
3  675 820 125
3  820 938 125
3  901 1009 1010
3  939 946 680
3  1011 816 1012
3  995 1013 1014
3  670 669 1009
3  669 76 519
3  17 16 826
3  501 668 499
3  78 211 330
3  508 939 509
3  77 501 935
3  501 677 935
3  499 668 670
3  507 1015 1010
3  678 679 518
3  679 210 518
3  944 221 1016
3  1016 221 223
3  347 679 824
3  995 1017 1013
3  949 827 1018
3  58 829 958
3  9 951 957
3  828 1019 829
3  951 58 957
3  957 1020 1021
3  953 673 1022
3  365 673 952
3  673 672 949
3  1023 830 832
3  1024 1019 950
3  1019 828 950
3  956 524 1025
3  1020 1026 1021
3  240 836 848
3  685 1025 1027
3  26 835 1028
3  520 26 25
3  684 683 835
3  683 9 835
3  52 126 372
3  704 367 1029
3  372 128 1030
3  128 367 1030
3  375 1031 1032
3  539 703 1033
3  89 88 526
3  527 363 1034
3  239 373 846
3  845 531 846
3  1035 1036 1037
3  959 373 1038
3  845 840 839
3  153 152 839
3  88 339 852
3  1039 528 530
3  1039 963 850
3  963 696 850
3  363 362 1034
3  152 224 231
3  698 683 1040
3  25 27 1041
3  241 696 963
3  696 361 850
3  534 344 22
3  344 345 22
3  22 345 23
3  707 704 702
3  690 535 537
3  704 1042 1043
3  374 525 843
3  525 690 843
3  538 693 539
3  375 1044 1031
3  55 53 838
3  53 366 838
3  251 259 711
3  259 710 711
3  547 387 545
3  387 268 545
3  119 121 120
3  120 121 967
3  712 421 59
3  421 20 59
3  119 381 122
3  381 21 122
3  388 544 855
3  544 857 856
3  548 270 269
3  270 267 269
3  383 119 968
3  119 267 272
3  107 390 555
3  302 264 266
3  466 716 109
3  716 107 109
3  446 554 447
3  554 110 447
3  288 574 169
3  574 720 169
3  723 405 722
3  405 406 722
3  287 168 558
3  168 278 558
3  403 561 862
3  561 560 862
3  67 69 409
3  69 969 409
3  575 970 576
3  970 969 971
3  418 83 579
3  83 82 579
3  227 83 934
3  418 582 666
3  289 290 84
3  290 82 84
3  873 1045 972
3  729 867 420
3  731 730 873
3  729 873 1046
3  284 282 863
3  281 869 973
3  969 1047 866
3  282 973 864
3  973 869 1046
3  730 868 975
3  585 425 429
3  422 427 976
3  427 429 976
3  425 424 977
3  7 738 737
3  874 585 586
3  738 874 737
3  874 586 737
3  438 601 724
3  417 180 1048
3  439 299 600
3  299 601 600
3  594 724 877
3  601 299 877
3  440 182 587
3  182 739 588
3  599 881 883
3  751 597 596
3  274 984 876
3  984 749 981
3  984 273 982
3  750 747 749
3  747 599 748
3  599 596 748
3  751 882 879
3  882 6 879
3  882 751 883
3  751 596 883
3  748 983 749
3  274 273 984
3  3 8 592
3  8 591 592
3  887 4 985
3  4 888 985
3  745 879 746
3  879 6 746
3  502 590 875
3  590 188 875
3  437 7 744
3  7 294 744
3  655 473 986
3  493 807 928
3  629 459 766
3  459 765 766
3  894 208 767
3  208 454 767
3  718 104 755
3  104 306 755
3  754 753 756
3  753 755 756
3  605 462 604
3  462 603 604
3  467 19 314
3  19 312 314
3  308 460 612
3  460 110 612
3  396 395 112
3  395 110 112
3  202 754 397
3  754 395 397
3  201 108 384
3  108 107 384
3  784 896 772
3  900 988 779
3  658 470 773
3  453 1004 1049
3  218 775 774
3  613 205 317
3  628 904 898
3  621 620 903
3  778 616 772
3  29 784 781
3  783 207 623
3  903 620 624
3  615 771 616
3  622 616 778
3  906 626 902
3  626 29 902
3  481 1050 482
3  905 902 898
3  788 905 480
3  904 1050 481
3  630 2 1051
3  476 631 1052
3  631 1051 1052
3  768 1052 1053
3  2 1 769
3  1 767 769
3  792 638 910
3  759 761 1054
3  757 759 909
3  636 80 1055
3  760 911 761
3  80 639 909
3  1055 759 1054
3  893 792 990
3  642 641 911
3  759 758 761
3  1056 129 131
3  358 817 130
3  817 930 818
3  930 793 818
3  645 647 1057
3  664 793 645
3  664 1057 1058
3  1059 1060 1058
3  356 12 1061
3  13 794 14
3  132 664 133
3  133 664 796
3  223 222 1062
3  1062 222 1063
3  678 75 944
3  916 75 917
3  798 72 922
3  996 913 798
3  997 996 134
3  996 132 134
3  132 996 160
3  996 161 160
3  644 135 1064
3  135 137 1064
3  137 912 1065
3  921 486 1066
3  486 999 1066
3  921 1066 799
3  189 191 803
3  927 804 1067
3  926 929 1068
3  929 805 494
3  471 929 472
3  496 1069 923
3  204 924 806
3  924 809 806
3  214 323 891
3  323 497 891
3  1002 890 923
3  655 1002 473
3  214 315 215
3  315 470 215
3  778 896 900
3  896 117 658
3  804 47 1070
3  927 805 926
3  817 813 992
3  813 490 355
3  350 234 228
3  234 236 228
3  17 353 1071
3  517 1071 1072
3  354 11 825
3  937 1071 1073
3  1071 517 1073
3  517 667 1073
3  938 354 1074
3  354 936 1074
3  125 938 1008
3  938 1074 1008
3  918 1017 1075
3  489 346 348
3  915 995 1076
3  915 222 916
3  814 499 507
3  211 946 331
3  946 211 680
3  211 210 680
3  669 519 1009
3  519 330 947
3  1077 508 1010
3  947 939 508
3  995 489 941
3  943 1012 1078
3  1079 678 1080
3  678 944 1016
3  824 679 1081
3  678 1079 1081
3  28 821 831
3  1023 827 830
3  672 523 1024
3  1024 523 833
3  956 1026 1020
3  9 957 1021
3  831 821 954
3  365 952 953
3  1023 1022 1018
3  822 831 830
3  828 827 949
3  827 1023 1018
3  681 682 955
3  682 822 955
3  58 681 829
3  681 955 829
3  848 1027 1082
3  1025 524 1082
3  699 1083 700
3  1083 847 700
3  1083 699 25
3  699 520 25
3  835 694 1028
3  27 686 962
3  1028 694 27
3  26 1028 27
3  685 834 1084
3  1027 1025 1082
3  367 366 1030
3  366 372 1030
3  703 961 1033
3  689 965 249
3  844 1085 1036
3  538 706 249
3  1086 336 1087
3  248 247 844
3  231 845 1088
3  526 88 1089
3  224 526 231
3  526 229 231
3  152 1088 839
3  100 153 1090
3  373 375 1038
3  1091 375 1032
3  229 526 1089
3  88 852 338
3  850 361 851
3  528 1039 850
3  88 338 1089
3  229 1089 697
3  683 26 1040
3  26 520 1040
3  699 963 521
3  529 521 530
3  145 536 964
3  536 535 964
3  536 145 837
3  145 368 837
3  343 232 249
3  706 705 23
3  128 534 24
3  534 22 24
3  1042 704 707
3  1042 707 541
3  690 537 1092
3  537 688 1092
3  540 966 1093
3  541 540 691
3  267 118 545
3  118 547 545
3  853 857 967
3  857 120 967
3  122 712 854
3  712 59 854
3  857 386 856
3  386 855 856
3  93 256 311
3  256 394 311
3  261 377 1094
3  377 555 266
3  258 63 770
3  37 263 770
3  37 377 1095
3  263 1095 1096
3  36 163 378
3  163 384 378
3  969 69 971
3  69 576 971
3  83 418 934
3  418 666 934
3  731 870 732
3  869 729 1046
3  420 419 1045
3  292 733 873
3  969 970 1047
3  870 1047 732
3  970 575 1097
3  575 863 1097
3  1047 970 732
3  970 868 732
3  873 730 974
3  868 970 975
3  297 585 298
3  585 429 298
3  180 179 1048
3  179 566 1048
3  601 438 602
3  438 600 602
3  724 594 725
3  594 417 725
3  299 742 877
3  594 877 884
3  588 739 595
3  884 877 885
3  978 273 740
3  273 1098 979
3  274 45 275
3  45 416 275
3  273 741 1098
3  741 416 1098
3  745 887 880
3  887 301 880
3  978 750 749
3  598 876 980
3  273 978 982
3  743 437 744
3  325 317 318
3  325 774 317
3  205 780 318
3  325 988 900
3  116 470 658
3  470 495 773
3  315 316 1099
3  316 452 1099
3  326 896 987
3  659 452 324
3  614 621 897
3  621 903 897
3  623 207 624
3  207 903 624
3  480 905 481
3  902 617 898
3  904 44 787
3  44 43 787
3  631 1050 1051
3  1050 630 1051
3  768 629 786
3  629 766 786
3  480 631 632
3  478 479 632
3  80 634 81
3  634 474 81
3  757 802 791
3  757 792 802
3  484 483 991
3  483 487 799
3  911 641 761
3  636 1100 1101
3  793 1056 131
3  793 129 1056
3  129 649 130
3  649 358 130
3  647 646 932
3  646 793 932
3  490 356 355
3  647 931 1058
3  1057 647 1058
3  664 645 1057
3  1059 1061 14
3  1061 12 14
3  664 1060 796
3  1060 1059 993
3  1060 993 797
3  796 1060 797
3  161 996 920
3  996 798 920
3  133 914 1102
3  914 996 1102
3  161 644 162
3  1103 137 162
3  137 637 912
3  637 911 912
3  1066 999 799
3  644 1103 162
3  929 1069 1068
3  1069 1001 1068
3  473 472 1104
3  1069 471 473
3  809 926 1068
3  929 471 1069
3  472 929 1104
3  929 494 1104
3  1004 655 1049
3  453 452 1004
3  315 1099 495
3  1099 452 495
3  474 48 451
3  48 804 451
3  47 805 1070
3  804 1070 1067
3  191 157 660
3  925 191 660
3  191 925 803
3  925 809 803
3  355 357 811
3  1060 664 1058
3  651 334 1006
3  334 333 1005
3  648 649 1005
3  334 1005 1006
3  649 212 1007
3  212 819 1007
3  933 349 510
3  349 228 510
3  937 354 825
3  15 17 1071
3  1008 1074 823
3  1074 936 823
3  222 945 916
3  222 944 945
3  488 995 506
3  915 1105 1106
3  1013 1062 1063
3  222 915 1076
3  680 346 940
3  346 814 940
3  946 947 331
3  947 330 331
3  814 507 948
3  948 507 509
3  500 353 826
3  353 17 826
3  941 489 942
3  815 1079 816
3  679 678 1081
3  816 1079 1107
3  1017 918 1013
3  995 941 1017
3  918 1062 1013
3  918 223 1062
3  678 1016 919
3  1016 223 919
3  1079 815 1081
3  815 824 1081
3  957 958 1108
3  958 829 1108
3  957 1019 1020
3  1019 1024 1020
3  834 1021 1084
3  834 9 1021
3  364 365 954
3  365 953 954
3  953 1022 832
3  1022 1023 832
3  827 955 830
3  955 822 830
3  1022 673 1109
3  673 949 1109
3  949 672 950
3  672 1024 950
3  1021 1026 1110
3  1026 956 1025
3  27 849 1041
3  849 847 1111
3  686 1027 962
3  686 685 1027
3  1112 842 1113
3  1114 335 1115
3  374 842 1044
3  375 374 1044
3  689 844 965
3  844 247 965
3  959 1038 1035
3  1038 375 1091
3  1116 336 1036
3  1038 1091 1035
3  1088 845 839
3  152 231 1088
3  689 839 841
3  689 153 839
3  153 689 1090
3  689 100 1090
3  840 845 1117
3  845 959 1117
3  1117 959 1035
3  1116 1036 1035
3  339 522 340
3  528 338 530
3  361 363 851
3  363 527 851
3  362 230 1034
3  230 527 1034
3  1089 338 697
3  338 527 697
3  698 1040 522
3  1040 520 522
3  688 704 1092
3  537 837 688
3  367 128 1029
3  128 24 1029
3  23 707 701
3  23 705 707
3  541 707 542
3  1042 541 691
3  690 1118 1043
3  1118 704 1043
3  1044 842 1112
3  540 1093 1119
3  386 854 61
3  854 59 61
3  252 708 379
3  708 257 379
3  377 266 1094
3  266 261 1094
3  263 709 770
3  36 38 1120
3  37 1095 263
3  261 263 1096
3  870 731 872
3  731 733 872
3  873 729 1045
3  729 420 1045
3  1047 870 1121
3  870 568 1121
3  866 1047 570
3  408 969 866
3  970 1097 975
3  1097 863 975
3  873 974 1046
3  974 973 1046
3  424 422 977
3  422 976 977
3  417 1048 725
3  1048 566 725
3  739 740 979
3  1098 416 884
3  886 750 878
3  750 978 878
3  749 983 980
3  983 596 980
3  775 317 776
3  317 774 776
3  623 622 989
3  988 325 318
3  896 778 772
3  771 784 772
3  659 324 326
3  658 495 987
3  324 453 892
3  453 774 892
3  614 897 899
3  897 903 898
3  1050 631 482
3  631 480 482
3  630 1050 787
3  1050 904 787
3  1052 1051 1053
3  768 476 1052
3  479 455 457
3  476 478 632
3  31 990 910
3  990 792 910
3  759 1055 909
3  1055 80 909
3  636 1055 1100
3  761 641 1100
3  790 484 791
3  484 758 791
3  912 760 998
3  760 758 991
3  356 1061 357
3  1059 810 812
3  810 931 994
3  931 992 994
3  1059 14 1122
3  14 798 1122
3  993 913 797
3  913 133 797
3  644 920 922
3  920 798 922
3  996 997 1102
3  997 133 1102
3  137 1103 1064
3  1103 644 1064
3  799 999 800
3  999 160 162
3  998 760 801
3  800 998 801
3  999 162 800
3  912 800 1065
3  494 493 1104
3  493 928 1104
3  1069 496 1001
3  496 329 1001
3  1001 1000 1068
3  1000 809 1068
3  473 1104 986
3  1104 928 986
3  1069 473 923
3  473 1002 923
3  1002 1004 1003
3  1004 452 1003
3  655 654 1049
3  654 453 1049
3  907 79 450
3  79 475 450
3  450 475 451
3  475 474 451
3  1070 805 1067
3  805 927 1067
3  927 660 1123
3  660 449 1123
3  811 357 812
3  811 810 994
3  1071 353 1072
3  353 517 1072
3  945 75 916
3  75 505 917
3  505 506 1124
3  506 1106 1124
3  506 995 1106
3  995 915 1106
3  507 499 901
3  1009 901 785
3  519 508 1077
3  519 947 508
3  489 1011 1125
3  489 348 1011
3  1017 943 1075
3  1017 941 943
3  222 1076 1063
3  1076 995 1063
3  829 1019 1108
3  1019 957 1108
3  956 1020 833
3  1020 1024 833
3  831 954 832
3  954 953 832
3  1022 1109 1018
3  1109 949 1018
3  524 240 1082
3  240 848 1082
3  685 1084 1110
3  1084 1021 1110
3  27 694 687
3  694 685 687
3  1027 848 962
3  848 849 962
3  847 1083 1041
3  1083 25 1041
3  430 89 249
3  89 100 249
3  335 1086 1112
3  1086 1044 1112
3  1032 1031 1126
3  1031 1086 1126
3  840 1085 841
3  1085 844 841
3  840 1117 1035
3  1091 1116 1035
3  960 248 1114
3  844 1036 1127
3  336 1032 1087
3  336 1116 1032
3  1116 1091 1032
3  840 1035 1037
3  521 963 530
3  963 1039 530
3  521 529 340
3  529 338 340
3  701 707 702
3  24 23 701
3  1093 1128 1119
3  1093 842 1128
3  707 706 542
3  706 540 542
3  704 1118 1092
3  1118 690 1092
3  1042 691 1043
3  691 690 1043
3  842 843 1128
3  843 690 1128
3  63 38 770
3  38 37 770
3  38 63 1120
3  63 36 1120
3  1095 377 1096
3  377 261 1096
3  1045 419 972
3  419 292 972
3  1047 1121 570
3  1121 568 570
3  974 975 864
3  975 863 864
3  877 742 595
3  742 587 595
3  1098 884 979
3  884 739 979
3  980 876 981
3  876 984 981
3  318 780 1129
3  780 623 1129
3  325 900 326
3  900 896 326
3  495 659 326
3  896 658 987
3  898 617 899
3  617 614 899
3  1051 2 1053
3  2 768 1053
3  479 788 632
3  788 480 632
3  456 789 457
3  789 788 457
3  907 910 640
3  910 638 640
3  810 1059 1058
3  931 810 1058
3  798 993 1122
3  993 1059 1122
3  760 991 801
3  991 483 801
3  800 162 1065
3  162 137 1065
3  449 808 1123
3  808 927 1123
3  649 129 1006
3  129 651 1006
3  15 1071 825
3  1071 937 825
3  667 936 1073
3  936 937 1073
3  505 1105 917
3  1105 915 917
3  1106 1105 1124
3  1105 505 1124
3  508 507 1010
3  670 1009 785
3  507 901 1015
3  1015 901 1010
3  939 940 509
3  940 814 509
3  1009 1077 1010
3  1009 519 1077
3  816 1107 1012
3  1011 348 816
3  1011 942 1125
3  942 489 1125
3  678 919 1080
3  919 918 1080
3  1026 1025 1110
3  1025 685 1110
3  847 1041 1111
3  1041 849 1111
3  1114 1115 1033
3  1127 1114 1130
3  1031 1044 1086
3  335 1112 1113
3  842 1093 1113
3  1113 1093 1115
3  335 1127 1131
3  1127 1036 1131
3  704 1029 702
3  1029 24 702
3  1128 692 1119
3  1128 690 692
3  692 691 1119
3  691 540 1119
3  739 885 1132
3  885 877 1132
3  318 1129 989
3  1129 623 989
3  761 1100 1054
3  1100 1055 1054
3  1100 641 1101
3  641 636 1101
3  130 818 131
3  818 793 131
3  357 1061 812
3  1061 1059 812
3  1079 1080 1107
3  1012 1107 1078
3  1011 1012 1133
3  1012 943 1133
3  1107 1080 1078
3  1080 918 1075
3  1013 1063 1014
3  1063 995 1014
3  844 1127 1130
3  1127 335 1114
3  703 249 961
3  249 248 961
3  336 1086 337
3  1086 335 337
3  960 1114 1033
3  335 1113 1115
3  1036 336 1131
3  336 335 1131
3  1036 1085 1037
3  1085 840 1037
3  877 595 1132
3  595 739 1132
3  988 989 779
3  989 622 779
3  943 942 1133
3  942 1011 1133
3  1114 248 1130
3  248 844 1130
3  1086 1087 1126
3  1087 1032 1126
3  1093 966 1115
3  961 960 1033
3  1080 1075 1078
3  1075 943 1078
3  1115 966 1033
3  966 539 1033
