OFF
1343 2682 0
-8.73115 4.3476 1.81899e-12
-7.14375 6.92705 2.72848e-12
-4.97906 8.04146 -2.72848e-12
7.14375 6.92705 -1.13687e-11
7.35368 6.70377 -1.77351e-11
6.70377 7.35368 -8.18545e-12
-7.55638 -6.47392 435.896
-7.55638 6.47392 435.896
-7.71984 5.11541 435.896
1.1866e-07 -9.95062 112.211
-0.306408 -9.94522 435.896
-0.306428 -9.94587 125.158
-4.70734 8.76617 435.896
-3.30694 9.38441 435.896
-4.15873 9.0393 435.896
9.16369 -3.87865 -1.63709e-11
8.21283 -5.44202 -1.54614e-11
9.19924 -3.24169 -1.81899e-11
9.16358 3.87861 435.896
7.23326 -5.4623 -1.68257e-11
8.98137 -2.2589 -2.18279e-11
6.98964 -6.3719 -1.54614e-11
-6.70377 -7.35369 9.54969e-12
-6.70377 -7.35369 12.9474
-6.92705 -7.14375 17.2632
3.0166 -9.48248 -5.11591e-12
2.42712 -9.6502 -4.43379e-12
4.97537 -8.61759 -1.09139e-11
-6.47413 -7.55664 34.5264
-6.23836 -7.75243 1.00044e-11
-6.23836 -7.75243 21.579
-9.72036 -2.12879 1.00044e-11
-9.78131 -1.82845 9.54969e-12
-9.57088 -2.72315 2.72848e-12
7.14376 -6.92704 -9.09495e-12
7.35369 -6.70377 -4.09273e-12
7.14376 -6.92704 30.2106
-9.0399 -4.15902 4.3158
-8.90754 -4.43543 38.8422
-9.0399 -4.15902 47.4738
-9.38508 3.30718 25.8948
-9.38508 3.30718 5.91172e-12
-9.48248 3.0166 69.0528
-9.62412 2.10771 5.00222e-12
-9.94602 0.306434 7.7307e-12
-9.83298 1.52636 1.04592e-11
-9.1034 1.70172 -9.09495e-13
9.87532 -1.22283 -1.63709e-11
9.83298 -1.52636 -7.7307e-12
9.78131 -1.82844 -1.63709e-11
4.70733 8.76617 435.896
6.70347 7.35336 435.896
5.74896 8.12133 435.896
7.35367 6.70376 69.0528
7.14375 6.92704 47.4738
7.14374 6.92703 69.0528
-3.01659 -9.48248 17.2632
-3.01659 -9.48247 34.5264
-3.30717 -9.38508 30.2106
9.78128 -1.82844 435.896
9.78129 -1.82843 418.633
9.83296 -1.52635 435.896
4.43513 -8.90696 435.896
-5.99634 -7.94046 435.896
-4.15873 -9.0393 435.896
7.55663 -6.47412 69.0528
7.55664 -6.47413 38.8422
7.75243 -6.23835 43.158
-6.85846 -7.07302 -1.81899e-12
-7.94086 -5.99666 6.82121e-12
-8.61759 -4.97537 5.91172e-12
-4.07666 -8.86089 -1.13687e-12
-3.30715 -9.38502 90.6318
-3.5946 -9.27873 86.316
-3.30715 -9.38505 69.0528
1.22283 -9.87532 -1.98952e-12
0.918141 -9.90829 21.579
0.918141 -9.90829 -9.66338e-13
-9.27869 3.59458 435.896
-9.38508 3.30718 69.0528
-4.15901 9.0399 30.2106
-4.43543 8.90753 4.3158
-4.43543 8.90753 30.2106
-5.08279 8.20899 -6.82121e-13
-4.43543 8.90753 9.09495e-13
-9.02537 0.836324 -1.36424e-12
-9.6502 -2.42712 1.27329e-11
3.01659 -9.48246 47.4738
3.01659 -9.48247 34.5264
3.30717 -9.38507 43.158
-0.918139 9.90829 7.95808e-13
0.306434 9.94602 -5.25802e-13
0.918138 9.90829 -1.25056e-12
0.612576 9.93187 -5.11591e-13
0.918138 9.90829 21.579
3.87864 9.16365 73.3686
3.59461 9.27875 69.0528
3.5946 9.27873 86.316
7.94086 -5.99666 -6.82121e-12
7.94086 -5.99666 47.4738
7.75243 -6.23835 -8.18545e-12
9.65019 2.42712 151.053
9.72036 2.12879 142.421
9.6502 2.42712 43.158
-7.89873 -4.24153 -2.27374e-12
-9.02537 -0.836325 -1.36424e-12
-9.57088 -2.72315 38.8422
-9.6502 -2.42712 12.9474
-7.5566 -6.4741 116.527
-7.55662 -6.47412 82.0002
-7.35367 -6.70376 69.0528
6.92705 -7.14375 -9.54969e-12
7.55664 -6.47413 -1.09139e-11
-1.22282 -9.87524 90.6318
-0.91813 -9.90823 82.0002
-1.22281 -9.8752 112.211
2.42694 -9.64947 435.896
0.918072 -9.9075 435.896
1.52624 -9.8322 435.896
-0.61253 -9.93106 435.896
2.4029 -9.55392 435.896
0.61258 -9.93187 -1.16529e-12
2.37906 -9.4591 -5.91172e-12
3.87862 -9.16361 103.579
3.87861 -9.16359 116.527
3.5946 -9.27872 94.9476
-8.76672 4.70763 4.09273e-12
-9.0399 4.15901 64.737
-9.16369 3.87866 60.4212
-9.16368 3.87865 107.895
-9.48248 3.01659 1.54614e-11
-5.49644 8.29496 4.3158
-5.23839 8.46029 5.68434e-12
-5.49644 8.29496 9.54969e-12
0.306434 9.94602 21.579
3.59462 9.27879 -3.63798e-12
3.30718 9.38508 -4.3201e-12
3.59462 9.27879 17.2632
-7.75242 6.23835 64.737
-7.75241 6.23834 86.316
-7.55663 6.47413 56.1054
-1.52636 9.83298 1.25056e-12
-3.30718 9.38508 1.36424e-12
9.48248 -3.01659 -1.54614e-11
9.38508 -3.30718 -2.27374e-12
9.27879 -3.59462 -1.13687e-11
7.35341 6.70353 435.896
7.35363 6.70372 138.106
7.14371 6.92701 112.211
2.12863 9.71961 435.896
1.82843 9.78123 94.9476
1.8283 9.78054 435.896
2.12879 9.72036 -3.63798e-12
1.82844 9.78127 64.737
2.12878 9.72031 77.6844
1.52635 -9.8329 90.6318
1.22282 -9.8752 112.211
1.22282 -9.87524 90.6318
9.65015 2.42711 435.896
-2.4271 -9.65012 94.9476
-2.72311 -9.57075 125.158
-2.72312 -9.57078 107.895
9.03989 4.15901 103.579
9.16368 3.87865 107.895
9.16369 3.87866 47.4738
9.81019 -0.909049 -2.22826e-11
9.95074 0 -1.36424e-11
9.48248 3.01659 -1.54614e-11
9.57088 2.72315 60.4212
9.57088 2.72315 -2.72848e-12
-5.99666 -7.94086 4.3158
-5.99666 -7.94086 5.68434e-12
-7.14375 -6.92705 21.579
-6.92705 -7.14375 9.54969e-12
-6.92704 -7.14375 47.4738
-4.43543 -8.90754 4.3201e-12
-5.23839 -8.46029 4.77485e-12
-9.72033 2.12879 435.896
-9.65015 -2.42711 435.896
9.93187 -0.612578 -1.09139e-11
7.7524 -6.23833 107.895
-3.59462 -9.27879 4.54747e-12
-4.15901 -9.0399 6.13909e-12
-0.918136 -9.90829 1.02318e-12
-0.612575 -9.93187 6.25278e-13
-0.918136 -9.90829 25.8948
-6.70376 -7.35368 47.4738
-9.95074 -8.69921e-07 1.36424e-11
-9.94602 -0.306434 7.7307e-12
-9.94602 -0.306436 155.369
-8.67976 -4.66095 435.896
-8.29476 -5.4963 435.896
5.49644 -8.29496 -1.20508e-11
-5.23839 -8.46029 4.3158
-5.49644 -8.29496 4.3158
-5.49644 -8.29496 6.82121e-12
-3.01637 -9.48178 435.896
-3.01656 -9.48239 103.579
3.30716 -9.38503 82.0002
3.30717 -9.38505 64.737
3.59461 -9.27874 77.6844
-4.62585e-06 -9.94993 435.896
0.612531 -9.93106 435.896
-9.27879 -3.59462 4.3158
-9.38508 -3.30718 2.27374e-12
-9.27879 -3.59462 1.13687e-11
-8.12154 -5.74913 435.896
-8.12174 -5.74926 99.2635
-7.5566 6.4741 116.527
-7.75218 6.23816 431.58
-9.16358 3.87861 435.896
-8.12154 5.74913 435.896
-7.94063 5.99649 435.896
-7.75217 6.23816 435.896
-9.38507 3.30717 142.421
-9.48241 3.01657 435.896
-9.385 3.30715 431.58
-3.59462 9.27879 2.72848e-12
-8.76672 -4.70763 5.91172e-12
-8.90754 -4.43543 1.81899e-11
-9.0399 -4.15902 8.18545e-12
-9.38508 3.30717 90.6318
-7.35369 6.70377 21.579
-7.55664 6.47413 34.5264
-2.42712 9.6502 2.50111e-12
-2.12879 9.72036 2.50111e-12
-7.14375 6.92705 21.579
-4.70763 8.76672 7.27596e-12
-4.70763 8.76672 25.8948
-4.70761 8.76668 82.0002
-4.43538 8.90745 112.211
-0.306435 9.94602 3.2685e-13
-0.612577 9.93187 5.96856e-13
-1.52634 9.83285 116.527
-1.22281 9.8752 112.211
-1.52635 9.8329 90.6318
9.81019 0.909048 -2.22826e-11
9.87532 1.22283 4.3158
9.90829 0.918139 228.738
9.87532 1.22283 -1.63709e-11
8.90754 4.43543 -1.54614e-11
9.48241 3.01657 435.896
7.55662 6.47411 90.6318
7.75218 6.23816 435.896
7.75239 6.23832 116.527
6.23836 7.75243 -1.22782e-11
6.23805 7.75205 435.896
0.306432 9.94595 86.316
0.612571 9.93178 94.9476
0.612572 9.9318 82.0002
-1.22273 9.87453 435.896
-1.8283 9.78055 435.896
0.30641 9.94522 435.896
1.52624 9.8322 435.896
0.918066 9.90749 435.896
1.52636 -9.83298 -2.50111e-12
4.97533 -8.61753 103.579
4.70759 -8.76665 107.895
4.7076 -8.76667 90.6318
6.23805 -7.75204 435.896
5.23807 -8.4598 435.896
6.23836 -7.75243 -1.00044e-11
5.99666 -7.94086 -1.06866e-11
-6.70347 -7.35336 435.896
-6.23805 -7.75205 435.896
-6.47413 -7.55664 6.82121e-12
-9.90829 -0.91814 1.18234e-11
-9.94602 -0.306431 435.896
-1.82844 -9.78131 1.36424e-12
-1.22283 -9.87532 1.02318e-12
0.306433 -9.94602 21.579
0.61258 -9.93187 12.9474
-1.22283 -9.87531 38.8422
-1.22283 -9.87532 12.9474
-4.97537 -8.61759 1.09139e-11
-4.97537 -8.61759 25.8948
2.72294 -9.57016 435.896
2.72312 -9.57077 112.211
3.01638 -9.48178 435.896
-3.01659 -9.48248 4.43379e-12
-2.72315 -9.57088 3.18323e-12
-1.8283 -9.78055 435.896
-2.42694 -9.64946 435.896
-2.12862 -9.71961 435.896
-4.15896 -9.03979 125.158
-4.43514 -8.90696 435.896
-4.15898 -9.03983 99.2635
-4.15899 -9.03984 90.6318
-3.87863 -9.16363 90.6318
-4.70763 -8.76672 8.18545e-12
-4.70762 -8.7667 60.4212
-4.70763 -8.76672 25.8948
-4.43542 -8.90753 38.8422
-6.92702 -7.14373 90.6318
-7.14373 -6.92702 90.6318
-7.14374 -6.92703 73.3686
-7.94063 -5.99649 435.896
9.95074 0 435.896
9.94602 -0.306436 431.58
8.29496 -5.49644 -1.22782e-11
7.67567 -6.17659 -1.31877e-11
2.12879 -9.72036 -3.06954e-12
1.52636 -9.83297 30.2106
1.22283 -9.87532 17.2632
1.52636 -9.83298 8.6316
-7.94086 5.99666 4.54747e-12
-7.94084 5.99665 82.0002
-7.94086 5.99666 38.8422
-7.55664 6.47413 7.27596e-12
-7.35369 6.70377 8.6402e-12
-8.4601 5.23828 431.58
-8.29494 5.49643 103.579
-8.46027 5.23838 99.2635
-8.61759 4.97537 1.81899e-11
-8.46029 5.23839 6.36646e-12
-8.90739 4.43535 435.896
-9.03977 4.15896 435.896
-9.83296 1.52636 431.58
-9.83298 1.52636 99.2635
-9.87531 1.22283 435.896
-9.57088 2.72315 8.18545e-12
-9.19183 2.6153 9.09495e-13
-4.15899 9.03984 90.6318
-4.15898 9.03983 99.2635
-3.87863 9.16363 90.6318
-3.30714 9.38499 107.895
-3.30716 9.38503 82.0002
-3.59458 9.27869 112.211
-6.92676 7.14346 435.896
-4.43542 8.90751 60.4212
-4.43542 8.90753 38.8422
-4.70762 8.7667 60.4212
-6.23804 7.75205 435.896
-5.49613 8.2945 435.896
-5.99635 7.94046 435.896
-3.30718 9.38508 4.3158
-3.01659 9.48248 2.16005e-12
-4.97537 8.61759 7.04858e-12
-1.82844 9.78127 64.737
-1.82844 9.78128 56.1054
-2.12879 9.72033 60.4212
7.51251e-07 9.95062 112.211
-0.30641 9.94522 435.896
-4.34926e-07 9.94994 431.58
5.74927 8.12175 51.7896
5.74926 8.12174 69.0528
5.99665 7.94085 51.7896
3.59437 9.27814 435.896
4.15873 9.0393 435.896
3.87839 9.16306 435.896
9.93187 0.612577 401.37
9.93186 0.612576 435.896
9.94602 0.306434 435.896
9.90829 0.918138 431.58
9.90829 0.918139 340.948
8.29496 5.49644 -1.22782e-11
8.61759 4.97537 -5.91172e-12
7.5566 6.4741 116.527
7.55638 6.47391 435.896
9.03977 4.15896 435.896
9.0399 4.15901 56.1054
8.90754 4.43543 30.2106
6.92705 7.14375 -7.7307e-12
6.92705 7.14375 30.2106
6.47413 7.55664 -7.27596e-12
4.70763 8.76672 -6.36646e-12
3.87866 9.16369 -5.45697e-12
4.15901 9.0399 -5.22959e-12
3.87861 9.16359 116.527
3.30716 9.38503 82.0002
3.30717 9.38506 56.1054
3.01658 9.48244 69.0528
3.59457 9.27867 125.158
3.30714 9.385 103.579
5.23837 -8.46025 82.0002
5.23839 -8.46028 43.158
5.49642 -8.29493 73.3686
5.74928 -8.12176 -1.02318e-11
-1.52624 -9.8322 435.896
3.87839 -9.16306 435.896
0.918136 -9.90823 82.0002
0.918139 -9.90827 51.7896
1.22283 -9.87529 56.1054
7.35365 -6.70373 112.211
7.35342 -6.70352 435.896
7.14372 -6.92701 107.895
9.6502 -2.42712 -1.59162e-11
9.57088 -2.72315 -4.54747e-12
-6.70374 -7.35366 86.316
-6.70375 -7.35367 69.0528
-6.47411 -7.55662 77.6844
-9.93187 0.612577 1.09139e-11
-9.90829 0.918142 306.422
-9.90829 0.91814 86.316
-9.87531 -1.22283 435.896
-9.90829 -0.918139 435.896
-2.42712 -9.6502 3.97904e-12
-2.72314 -9.57084 69.0528
-3.01658 -9.48246 51.7896
-2.72315 -9.57087 30.2106
1.18661e-07 -9.95074 -2.43945e-19
-0.306432 -9.94598 64.737
-0.612579 -9.93185 43.158
-0.306432 -9.94599 56.1054
1.18661e-07 -9.95071 56.1054
1.18661e-07 -9.9507 64.737
-1.82844 -9.78129 47.4738
-1.52635 -9.83296 43.158
-1.82844 -9.78128 56.1054
-2.12877 -9.72025 112.211
-3.30717 -9.38508 4.3201e-12
-4.15901 -9.0399 4.3158
-3.87861 -9.1636 112.211
-4.15897 -9.03981 112.211
-5.23834 -8.46021 120.842
-5.49613 -8.2945 435.896
-5.49639 -8.2949 107.895
-4.97506 -8.61707 435.896
-5.74896 -8.12133 435.896
-4.97535 -8.61757 64.737
-4.97535 -8.61756 73.3686
7.94062 5.99649 435.896
7.94063 5.99649 431.58
7.94086 5.99666 34.5264
7.75243 6.23836 -7.27596e-12
7.94086 5.99666 47.4738
9.57088 -2.72315 60.4212
-3.87865 -9.16369 4.3158
-4.15901 -9.0399 30.2106
-4.43539 -8.90748 94.9476
-8.29496 5.49644 38.8422
-8.46029 5.23839 51.7896
-6.47411 -7.55661 86.316
-6.23834 -7.75241 69.0528
-5.74927 -8.12176 4.3158
2.42712 -9.6502 4.3158
2.72315 -9.57088 -2.72848e-12
-8.90754 4.43543 1.54614e-11
-9.0399 4.15901 8.18545e-12
-8.12176 5.74928 5.45697e-12
-8.29496 5.49644 1.09139e-11
-8.76672 4.70762 69.0528
-8.76672 4.70763 56.1054
-8.90753 4.43542 77.6844
-9.27879 3.59462 51.7896
-8.29476 5.4963 435.896
-8.12175 5.74927 82.0002
-8.61759 4.97537 56.1054
-9.87532 1.22283 1.63709e-11
-5.99662 7.94081 103.579
-5.74925 8.12172 90.6318
-5.99663 7.94082 90.6318
-5.99666 7.94086 5.68434e-12
-5.74928 8.12176 9.32232e-12
-9.78128 1.82844 435.896
-9.78129 1.82844 371.159
-9.72036 2.12879 1.00044e-11
-9.78131 1.82844 1.63709e-11
-9.90829 -0.918144 345.264
-9.87532 -1.22283 1.63709e-11
-9.87532 -1.22283 164
-9.90829 0.918137 435.896
-9.83295 1.52636 435.896
-9.87532 1.22283 164
-4.43514 8.90695 435.896
-4.43514 8.90696 431.58
-2.72315 9.57088 6.0254e-12
-3.01659 9.48248 17.2632
-6.23836 7.75243 1.22782e-11
-5.99666 7.94086 34.5264
-7.35365 6.70374 103.579
-7.35363 6.70372 133.79
-6.47383 7.55629 435.896
-6.70347 7.35336 435.896
-6.2383 7.75236 125.158
-4.15901 9.0399 5.00222e-12
-3.59437 9.27814 435.896
-2.72295 9.57016 435.896
-2.72311 9.57075 125.158
-3.01637 9.48178 435.896
-1.52636 9.83296 43.158
-1.82844 9.78129 47.4738
-1.82843 9.78122 99.2635
-2.12863 9.71961 435.896
6.70377 7.35369 8.6316
5.74923 8.1217 112.211
5.74925 8.12172 90.6318
5.49642 8.29493 77.6844
4.4354 8.90748 90.6318
4.70759 8.76665 107.895
4.43541 8.9075 73.3686
5.49644 8.29496 -1.59162e-12
5.74928 8.12176 -6.13909e-12
5.23839 8.46029 -5.91172e-12
9.93186 -0.612578 435.896
6.92676 7.14346 435.896
7.14372 6.92701 103.579
8.4601 5.23827 435.896
8.76656 4.70755 435.896
8.61742 4.97527 435.896
7.94082 5.99663 129.474
7.75242 6.23835 56.1054
7.75241 6.23834 77.6844
8.29475 5.49631 435.896
6.47413 7.55664 25.8948
6.70376 7.35368 43.158
6.92701 7.14372 103.579
6.70375 7.35366 82.0002
2.42712 9.6502 -3.86535e-12
4.66102 8.67992 -8.6402e-12
4.43513 8.90696 435.896
4.15897 9.03982 107.895
6.47383 7.55629 435.896
6.47409 7.55659 112.211
6.70372 7.35363 120.842
6.47412 7.55663 56.1054
6.70375 7.35367 69.0528
4.97537 8.61759 -7.27596e-12
1.22283 9.87532 17.2632
1.22283 9.87531 34.5264
0.612528 9.93106 435.896
0.612566 9.93171 129.474
1.52636 9.83298 -2.04636e-12
1.82844 9.78131 -1.36424e-12
1.52636 9.83298 8.6316
1.22283 9.87532 -1.3074e-12
-2.4271 9.65012 94.9476
-2.12878 9.72029 90.6318
-2.12878 9.72031 77.6844
5.23839 -8.46029 -5.91172e-12
4.97537 -8.61759 25.8948
3.59462 -9.27879 -5.45697e-12
7.14375 -6.92704 56.1054
7.35369 -6.70377 17.2632
9.6502 -2.42712 64.737
9.72033 -2.12879 435.896
9.65019 -2.42712 151.053
9.87532 1.22283 168.316
9.83298 1.52636 138.106
9.87531 1.22283 435.896
4.97506 -8.61707 435.896
5.74896 -8.12133 435.896
5.49613 -8.29449 435.896
-3.59457 -9.27868 120.842
-2.12879 -9.72036 30.2106
-1.82844 -9.7813 34.5264
0.612575 -9.93178 94.9476
0.91813 -9.90817 112.211
3.01656 -9.48235 125.158
1.22283 -9.87531 34.5264
4.15902 -9.0399 -6.36646e-12
3.87866 -9.16369 25.8948
3.87866 -9.16369 -5.45697e-12
4.43541 -8.90751 64.737
4.159 -9.03987 69.0528
4.15901 -9.03989 43.158
0.306408 -9.94522 435.896
0.306434 -9.94591 107.895
0.61257 -9.93171 129.474
7.14347 -6.92678 435.896
9.78131 -1.82844 142.421
9.72036 -2.12879 142.421
9.57081 -2.72314 435.896
9.48241 -3.01657 435.896
9.57082 -2.72313 431.58
-7.14347 -6.92678 435.896
-7.35366 -6.70375 86.316
-3.87865 -9.16368 47.4738
-3.59462 -9.27878 34.5264
-3.59461 -9.27877 51.7896
0.306432 -9.94598 64.737
0.306432 -9.94599 56.1054
-0.918063 -9.9075 435.896
1.1866e-07 -9.95066 90.6318
0.612579 -9.93185 43.158
-3.30694 -9.38441 435.896
-3.59437 -9.27814 435.896
-3.87838 -9.16307 435.896
-4.15901 -9.03989 43.158
-3.87865 -9.16369 6.59384e-12
-5.23807 -8.4598 435.896
-5.74925 -8.12173 86.316
-4.97534 -8.61754 94.9476
-8.12176 5.74927 56.1054
-8.12176 5.74928 17.2632
9.27879 3.59462 -1.13687e-11
9.16369 3.87866 -1.00044e-11
8.46027 5.23838 94.9476
8.61757 4.97536 107.895
8.46028 5.23838 77.6844
9.90829 0.918138 -1.18234e-11
9.90829 0.918139 138.106
9.93187 0.612577 43.158
-3.30713 -9.38497 120.842
-3.59462 -9.27879 17.2632
-3.87865 -9.16369 21.579
-4.43541 -8.90751 64.737
-4.159 -9.03988 60.4212
-4.43541 -8.9075 73.3686
-5.99666 -7.94086 17.2632
-5.99664 -7.94085 60.4212
-5.99664 -7.94084 69.0528
2.72315 -9.57088 8.6316
-9.27879 3.59462 1.13687e-11
-9.16369 3.87866 1.00044e-11
-8.7667 4.70762 116.527
-7.94083 5.99664 103.579
-8.61742 4.97527 435.896
-8.61755 4.97535 151.053
-8.76656 4.70755 435.896
-9.57082 2.72314 435.896
-9.57087 2.72315 120.842
-9.78131 1.82844 138.106
-7.75243 6.23836 7.27596e-12
-7.75243 6.23836 8.6316
-7.55662 6.47412 77.6844
-7.35367 6.70376 69.0528
-9.27878 3.59462 120.842
-8.12176 5.74928 4.3158
-8.90739 4.43536 431.58
-9.90829 -0.918142 86.316
-9.93187 -0.612579 1.09139e-11
-9.94602 -0.306436 211.474
-9.93187 -0.612581 138.106
-9.94602 -0.306436 410.001
-9.95074 -8.69921e-07 185.579
-9.94602 0.306437 401.37
-9.90829 0.918138 1.18234e-11
-3.30718 9.38508 25.8948
-3.01656 9.48239 103.579
-3.59462 9.27879 12.9474
-4.97536 8.61757 60.4212
-4.97537 8.61759 30.2106
-4.4354 8.90747 94.9476
-4.159 9.03988 60.4212
-3.87861 9.16359 116.527
-3.5946 9.27873 86.316
-3.87865 9.16367 56.1054
-3.87865 9.16368 43.158
-6.4741 7.5566 99.2635
-7.35368 6.70376 56.1054
-7.14374 6.92703 73.3686
-7.14375 6.92704 47.4738
-2.12879 9.72036 30.2106
-2.42712 9.65018 43.158
-2.12879 9.72034 51.7896
-2.72315 9.57088 4.3158
-2.42712 9.6502 12.9474
0.30643 9.94591 107.895
-1.22283 9.87532 2.10321e-12
2.42693 9.64947 435.896
3.30718 9.38508 8.6316
3.01659 9.48248 -2.16005e-12
5.99666 7.94086 -6.82121e-12
6.23833 7.7524 82.0002
6.4741 7.5566 99.2635
6.47412 7.55662 69.0528
4.43543 8.90754 12.9474
4.43542 8.90753 38.8422
4.70763 8.76672 30.2106
4.43538 8.90745 112.211
9.57082 2.72313 435.896
9.57087 2.72315 120.842
9.83298 1.52636 -1.27329e-11
9.78131 1.82844 -1.63709e-11
9.38508 3.30718 -5.91172e-12
6.92704 7.14374 60.4212
6.92703 7.14374 69.0528
7.14347 6.92678 435.896
7.94085 5.99665 73.3686
7.55664 6.47413 -1.36424e-11
8.12176 5.74928 -7.27596e-12
8.12176 5.74927 56.1054
8.12175 5.74927 73.3686
8.29494 5.49643 90.6318
4.15899 9.03985 86.316
5.23808 8.45979 435.896
4.97507 8.61707 435.896
4.97533 8.61753 103.579
5.99635 7.94046 435.896
5.99662 7.94081 103.579
5.99663 7.94082 90.6318
6.23832 7.75239 94.9476
2.12877 9.72025 112.211
2.42709 9.65007 120.842
2.72314 9.57086 47.4738
2.42712 9.65018 43.158
2.42711 9.65016 64.737
-0.918062 9.9075 435.896
-0.918139 9.90829 25.8948
-1.22283 9.87532 12.9474
-1.22282 9.87528 64.737
-1.52636 9.83294 60.4212
-1.52635 9.83292 77.6844
0.612573 9.93182 69.0528
0.306433 9.94599 56.1054
0.306432 9.94598 64.737
0.612575 9.93185 43.158
0.612575 9.93184 51.7896
-4.34961e-07 9.95074 4.87891e-19
0.612576 9.93187 12.9474
4.15875 -9.03929 435.896
3.59462 -9.27878 38.8422
3.30718 -9.38508 21.579
3.59462 -9.27879 17.2632
6.23832 -7.75238 103.579
6.47409 -7.55659 112.211
6.47383 -7.55629 435.896
5.99635 -7.94046 435.896
6.70347 -7.35337 435.896
6.92675 -7.14346 435.896
9.90829 -0.91814 -1.18234e-11
9.90829 -0.918144 142.421
8.76656 -4.70756 435.896
9.27879 -3.59462 4.3158
9.38508 -3.30718 69.0528
5.74928 -8.12176 25.8948
5.74927 -8.12175 51.7896
5.49644 -8.29495 38.8422
-0.30643 -9.94594 90.6318
1.52636 -9.83296 43.158
1.52636 -9.83294 64.737
1.82844 -9.78131 -2.27374e-13
2.42709 -9.65007 120.842
2.72314 -9.57086 47.4738
3.01658 -9.48244 69.0528
2.72314 -9.57085 56.1054
6.92701 -7.14372 103.579
7.75218 -6.23816 435.896
7.55639 -6.47391 435.896
7.55661 -6.4741 107.895
7.35368 -6.70376 60.4212
9.27869 -3.59459 435.896
9.03978 -4.15896 435.896
9.72036 -2.12879 -1.09139e-11
9.78131 -1.82845 90.6318
-7.35341 -6.70353 435.896
-7.35364 -6.70373 120.842
-6.92676 -7.14346 435.896
-6.70371 -7.35362 133.79
-8.46029 -5.23839 43.158
-8.61759 -4.97537 56.1054
-9.48241 -3.01657 435.896
-9.57082 -2.72313 435.896
-9.57082 -2.72314 422.949
-6.23832 -7.75238 103.579
-6.4741 -7.5566 99.2635
-2.12879 -9.72036 3.41061e-12
-2.72313 -9.5708 94.9476
-1.52636 -9.83298 12.9474
-1.52636 -9.83298 2.38742e-12
-0.918132 -9.90825 69.0528
-0.918134 -9.90827 47.4738
0.306433 -9.94602 -3.55271e-13
-3.01658 -9.48243 77.6844
-3.01657 -9.48241 90.6318
-2.42709 -9.65007 120.842
-4.70761 -8.76668 82.0002
-4.70734 -8.76617 435.896
-4.43537 -8.90742 133.79
-5.49643 -8.29495 47.4738
-5.74927 -8.12176 43.158
-5.99661 -7.9408 116.527
-5.99635 -7.94046 431.58
-5.49644 -8.29496 25.8948
-5.23839 -8.46029 25.8948
-5.23838 -8.46027 56.1054
9.48248 -3.01659 21.579
9.87531 -1.22283 435.896
9.0399 4.15901 -8.18545e-12
9.27878 3.59462 103.579
9.93187 0.612576 -1.09139e-11
9.94602 0.306434 -7.7307e-12
9.78131 1.82844 142.421
9.90829 -0.918139 431.58
9.93187 -0.612578 401.37
-4.43543 -8.90754 8.6316
-9.03988 4.159 133.79
-7.94083 5.99663 112.211
-7.35366 6.70374 94.9476
-6.92702 7.14373 90.6318
-7.14347 6.92678 435.896
-8.90754 4.43543 38.8422
-9.6502 2.42712 9.09495e-12
-9.6502 2.42712 69.0528
-9.385 3.30714 435.896
-9.72036 2.12879 142.421
-9.83298 -1.52636 1.27329e-11
-9.83296 -1.52636 435.896
-9.83298 -1.52636 133.79
-9.78131 -1.82844 138.106
-9.78131 -1.82845 77.6844
-8.61742 -4.97527 435.896
-8.90739 -4.43536 435.896
-8.76656 -4.70755 435.896
-9.72036 -2.12879 142.421
-9.72036 -2.1288 47.4738
-9.6502 -2.42712 69.0528
-9.48248 -3.01659 1.54614e-11
-9.16369 -3.87866 60.4212
-9.0399 -4.15901 64.737
-9.16368 -3.87865 107.895
-9.93187 0.612577 323.685
-9.93186 0.612577 435.896
-3.59456 9.27864 142.421
-3.59461 9.27877 51.7896
-3.30716 9.38505 64.737
-3.59459 9.27871 99.2635
-4.15897 9.03981 112.211
-4.15896 9.03979 125.158
-5.74928 8.12176 21.579
-5.49642 8.29493 73.3686
-5.23838 8.46027 56.1054
-5.49643 8.29494 56.1054
-6.70373 7.35364 112.211
-7.14374 6.92704 60.4212
-6.47411 7.55661 86.316
-7.14373 6.92702 90.6318
-6.47413 7.55664 8.6402e-12
-6.92705 7.14375 7.7307e-12
-6.70377 7.35368 1.00044e-11
-6.47413 7.55664 30.2106
-0.612572 9.93179 90.6318
-0.612525 9.93107 431.58
-1.22283 9.87531 38.8422
-2.42709 9.65007 120.842
-1.52624 9.8322 435.896
-4.97506 8.61707 435.896
-4.97534 8.61754 94.9476
-6.23834 7.75241 69.0528
-6.23835 7.75242 47.4738
-5.74926 8.12174 69.0528
-5.74927 8.12175 51.7896
2.4271 9.65011 99.2635
2.72313 9.5708 94.9476
3.01637 9.48178 435.896
3.01657 9.4824 99.2635
4.15901 9.03989 43.158
4.159 9.03987 69.0528
4.43541 8.90751 64.737
4.43543 8.90754 4.3158
4.43543 8.90754 -5.45697e-12
9.48248 3.01659 51.7896
9.27869 3.59459 435.896
6.70373 7.35364 107.895
7.14375 6.92705 30.2106
7.35368 6.70377 38.8422
7.55664 6.47413 38.8422
7.55663 6.47412 69.0528
7.75243 6.23835 38.8422
7.55664 6.47413 4.3158
8.76672 4.70763 -5.91172e-12
8.76672 4.70763 69.0528
8.90739 4.43536 435.896
8.46029 5.23839 25.8948
8.61759 4.97537 30.2106
8.46029 5.23839 38.8422
8.29496 5.49644 43.158
8.12176 5.74928 34.5264
8.29493 5.49642 116.527
8.46025 5.23836 142.421
7.94086 5.99666 -4.54747e-12
5.49644 8.29496 25.8948
5.23835 8.46023 103.579
5.49613 8.29449 435.896
5.49638 8.29487 129.474
6.2383 7.75236 125.158
3.59462 9.27878 38.8422
3.30717 9.38508 30.2106
3.30717 9.38507 43.158
-0.918137 9.90827 47.4738
-1.22282 9.87524 90.6318
-1.22282 9.87526 77.6844
0.918127 9.90819 103.579
1.22281 9.8752 112.211
1.22282 9.87524 90.6318
0.918136 9.90827 51.7896
0.612575 9.93186 30.2106
2.12879 9.72036 25.8948
1.52636 9.83297 30.2106
1.52634 9.83288 103.579
-3.01658 9.48244 69.0528
-2.42693 9.64946 435.896
-2.12877 9.72025 112.211
-2.72315 9.57087 30.2106
4.15897 -9.03979 125.158
4.4354 -8.90748 90.6318
4.43538 -8.90745 112.211
5.23834 -8.46021 116.527
4.43543 -8.90754 12.9474
4.43542 -8.90753 38.8422
4.43543 -8.90754 -4.3201e-12
4.70763 -8.76672 -6.82121e-12
3.30718 -9.38508 -4.09273e-12
2.42712 -9.6502 8.6316
6.47412 -7.55662 69.0528
6.23834 -7.75241 64.737
5.74925 -8.12172 90.6318
5.4964 -8.2949 103.579
5.49642 -8.29492 82.0002
6.70375 -7.35367 73.3686
6.47412 -7.55663 56.1054
6.70376 -7.35368 47.4738
6.70377 -7.35369 -8.18545e-12
6.47413 -7.55664 -6.82121e-12
9.94602 0.306434 358.212
9.87532 -1.22283 168.316
5.99666 -7.94086 30.2106
5.74926 -8.12173 77.6844
-2.72293 -9.57016 435.896
-1.52634 -9.83288 103.579
-1.52635 -9.83292 77.6844
-1.22282 -9.87527 73.3686
-0.612521 -9.93107 431.58
1.18661e-07 -9.95073 34.5264
0.306432 -9.946 47.4738
1.18652e-07 -9.94994 431.58
0.306431 -9.94595 86.316
0.612576 -9.9318 82.0002
2.12877 -9.72025 112.211
2.12862 -9.71961 435.896
-0.61257 -9.93179 90.6318
0.612579 -9.93186 30.2106
1.8283 -9.78054 435.896
1.82844 -9.78128 56.1054
2.12879 -9.72034 51.7896
1.82844 -9.78127 64.737
1.22273 -9.87453 435.896
3.59462 -9.27877 51.7896
3.30717 -9.38506 56.1054
1.82842 -9.78123 94.9476
1.52634 -9.83286 112.211
2.12878 -9.72029 90.6318
1.82843 -9.78121 103.579
6.92705 -7.14375 25.8948
6.70372 -7.35363 120.842
6.92699 -7.1437 129.474
7.94082 -5.99663 129.474
7.94063 -5.99648 435.896
9.27879 -3.59462 38.8422
8.61758 -4.97536 99.2635
8.61742 -4.97527 431.58
8.61759 -4.97537 -9.54969e-12
8.46029 -5.23839 -6.36646e-12
9.83298 -1.52636 164
-7.14375 -6.92704 47.4738
-7.75217 -6.23816 435.896
-8.29496 -5.49644 1.40972e-11
-8.12176 -5.74928 7.27596e-12
-8.29496 -5.49644 38.8422
-8.46029 -5.23839 1.13687e-11
-7.55664 -6.47413 34.5264
-7.35368 -6.70377 34.5264
-7.55663 -6.47413 56.1054
-6.23835 -7.75242 47.4738
-1.82843 -9.78122 99.2635
-0.306433 -9.94602 4.83169e-13
-0.612571 -9.93181 77.6844
-0.306432 -9.946 47.4738
1.18661e-07 -9.95074 17.2632
-2.12878 -9.72029 90.6318
-3.30717 -9.38507 43.158
-3.01659 -9.48246 47.4738
-3.87864 -9.16365 73.3686
-4.97536 -8.61758 47.4738
-5.49642 -8.29493 73.3686
-5.49641 -8.29492 86.316
9.83296 1.52636 435.896
9.78129 1.82844 418.633
-3.59461 -9.27876 60.4212
-9.16358 3.87862 427.264
-8.90751 4.43541 133.79
-8.4601 5.23827 435.896
-6.92704 7.14375 43.158
-6.92703 7.14374 69.0528
-7.35341 6.70353 435.896
-9.57088 2.72315 34.5264
-9.94602 0.306432 435.896
-9.94602 0.306434 431.58
-9.94602 0.306437 155.369
-9.94602 0.306437 410.001
-9.78128 -1.82845 435.896
-8.4601 -5.23828 427.264
-8.46009 -5.23827 435.896
-9.27869 -3.59458 435.896
-8.76672 -4.70763 56.1054
-9.78129 -1.82844 371.159
-9.72033 -2.12879 435.896
-9.94602 -0.306434 431.58
-9.93187 -0.612579 323.685
-5.23808 8.45979 435.896
-5.74896 8.12133 435.896
-5.23837 8.46026 73.3686
-6.92705 7.14375 21.579
-1.82844 9.78131 2.72848e-12
-0.306434 9.946 47.4738
-4.3496e-07 9.95073 34.5264
-0.306434 9.94602 21.579
-1.82844 9.78131 17.2632
-5.23839 8.46029 25.8948
-5.99664 7.94084 69.0528
-5.99664 7.94083 77.6844
-6.23833 7.7524 82.0002
4.15901 9.0399 21.579
3.87866 9.16369 21.579
2.42711 9.65014 82.0002
2.72314 9.57084 64.737
2.72314 9.57085 56.1054
3.59459 9.27872 94.9476
5.49643 8.29494 60.4212
5.23838 8.46027 56.1054
5.99666 7.94086 30.2106
6.23835 7.75242 47.4738
6.23836 7.75243 4.3158
9.72033 2.12879 435.896
9.385 3.30715 435.896
9.38506 3.30717 181.264
9.65018 2.42712 220.106
9.38508 3.30717 94.9476
9.27879 3.59462 38.8422
8.12154 5.74913 435.896
8.12172 5.74925 129.474
7.75243 6.23836 12.9474
8.7667 4.70762 116.527
8.90752 4.43542 112.211
8.46029 5.23839 -6.36646e-12
8.61759 4.97537 60.4212
8.12173 5.74926 107.895
8.29476 5.49631 427.264
4.70762 8.7667 60.4212
4.7076 8.76667 90.6318
4.97537 8.61759 30.2106
4.70762 8.76672 38.8422
4.97536 8.61757 60.4212
6.47413 7.55663 43.158
2.72294 9.57016 435.896
1.82844 9.7813 38.8422
2.12879 9.72034 51.7896
3.30694 9.38441 435.896
3.01659 9.48248 12.9474
3.01659 9.48247 34.5264
-0.612525 9.93106 435.896
-1.52636 9.83298 12.9474
-4.34957e-07 9.95066 90.6318
-0.918134 9.90824 73.3686
-0.918132 9.90822 86.316
-0.306432 9.94594 90.6318
-1.62117e-06 9.95068 77.6844
1.22283 9.87529 56.1054
0.918133 9.90823 82.0002
1.22282 9.87526 77.6844
2.12878 9.72029 90.6318
1.82844 9.78131 21.579
1.52635 9.83294 64.737
1.52635 9.8329 90.6318
-3.01659 9.48246 47.4738
-3.30717 9.38507 43.158
4.70762 -8.7667 60.4212
4.97536 -8.61757 60.4212
4.97535 -8.61756 73.3686
4.70733 -8.76617 435.896
4.43541 -8.9075 73.3686
4.15899 -9.03984 90.6318
3.87864 -9.16364 82.0002
3.0166 -9.48248 12.9474
3.87864 -9.16365 73.3686
7.5566 -6.4741 116.527
2.72313 -9.5708 94.9476
5.99661 -7.94079 120.842
5.99664 -7.94083 77.6844
6.70377 -7.35369 8.6316
5.99664 -7.94084 69.0528
5.99665 -7.94085 51.7896
9.94602 -0.306431 435.896
9.94602 -0.306431 -7.7307e-12
9.94602 -0.306436 258.948
9.90828 -0.918139 435.896
9.90829 -0.918144 280.527
9.385 -3.30715 435.896
9.27878 -3.59462 103.579
9.38506 -3.30717 181.264
5.99663 -7.94082 90.6318
5.49644 -8.29496 21.579
-1.82842 -9.78123 94.9476
-1.22272 -9.87453 435.896
-0.918126 -9.90818 107.895
1.18661e-07 -9.95068 77.6844
1.82844 -9.78131 21.579
2.12879 -9.72036 25.8948
1.82844 -9.7813 38.8422
2.42712 -9.65018 43.158
2.42711 -9.65016 64.737
3.30714 -9.38498 112.211
3.30693 -9.38441 435.896
3.30715 -9.38501 94.9476
3.59458 -9.27867 125.158
7.14374 -6.92703 73.3686
6.92703 -7.14374 69.0528
6.92702 -7.14373 86.316
8.12176 -5.74928 -7.27596e-12
8.12154 -5.74912 435.896
8.12154 -5.74913 431.58
8.90752 -4.43542 103.579
9.03989 -4.15901 103.579
8.90753 -4.43542 73.3686
8.90739 -4.43535 435.896
8.90751 -4.43541 138.106
8.76672 -4.70763 60.4212
8.90739 -4.43536 431.58
9.6502 -2.42712 4.3158
-6.70372 -7.35363 120.842
-8.7667 -4.70762 116.527
-7.94083 -5.99663 112.211
-7.75243 -6.23836 30.2106
-7.75242 -6.23835 64.737
-7.94086 -5.99666 38.8422
-7.75241 -6.23834 86.316
-7.94084 -5.99665 82.0002
-6.47383 -7.55629 435.896
-5.99662 -7.94081 103.579
-6.47412 -7.55663 56.1054
-1.82844 -9.78127 64.737
-2.12879 -9.72034 51.7896
-3.01658 -9.48244 69.0528
-2.12878 -9.72031 77.6844
-1.82843 -9.78126 73.3686
-1.82844 -9.78131 17.2632
-0.306433 -9.94602 21.579
-0.612575 -9.93186 25.8948
-0.306433 -9.94601 34.5264
-2.72315 -9.57088 12.9474
-5.99665 -7.94085 51.7896
-5.99665 -7.94086 38.8422
-5.74927 -8.12176 7.50333e-12
-5.23837 -8.46026 73.3686
9.48241 -3.01658 431.58
9.38507 -3.30717 142.421
9.48247 -3.01659 116.527
-9.65016 2.42711 384.106
-9.95074 -8.69921e-07 435.896
-9.93186 -0.612578 435.896
-9.90829 -0.918144 297.79
-9.65015 -2.42712 431.58
-9.57087 -2.72315 120.842
-9.48248 -3.0166 69.0528
-9.03977 -4.15896 435.896
-9.16369 -3.87866 4.3158
-9.385 -3.30716 427.264
-9.385 -3.30715 435.896
-3.59462 9.27878 34.5264
-5.23808 8.4598 431.58
-5.49644 8.29496 25.8948
-6.70377 7.35368 34.5264
-6.70375 7.35367 69.0528
-1.82844 9.7813 34.5264
-5.74922 8.12169 120.842
3.01659 9.48246 47.4738
3.87862 9.16361 103.579
5.23838 8.46028 43.158
5.23839 8.46029 21.579
3.87863 9.16362 94.9476
9.90828 0.918138 435.896
9.72036 2.12879 -1.00044e-11
9.6502 2.42712 -9.09495e-12
9.48246 3.01659 164
6.92702 7.14373 86.316
7.7524 6.23833 99.2634
4.97535 8.61756 73.3686
5.49643 8.29495 47.4738
5.23836 8.46024 90.6318
5.74927 8.12176 34.5264
6.23834 7.75241 64.737
2.72313 9.57082 82.0002
3.59461 9.27877 51.7896
2.72315 9.57088 -1.81899e-12
2.42712 9.6502 8.6316
2.72315 9.57088 8.6316
-0.918129 9.90818 107.895
-0.612576 9.93186 25.8948
-0.612576 9.93185 43.158
-4.34959e-07 9.9507 64.737
0.306433 9.946 47.4738
-0.306435 9.94602 17.2632
-4.34959e-07 9.95071 56.1054
1.22273 9.87453 435.896
-2.72314 9.57085 56.1054
-2.72313 9.5708 94.9476
4.70763 -8.76672 30.2106
6.47413 -7.55664 25.8948
2.42711 -9.65014 82.0002
2.12878 -9.72031 77.6844
2.72315 -9.57087 30.2106
2.4271 -9.65011 99.2635
6.4741 -7.5566 99.2635
6.70374 -7.35365 94.9476
6.23835 -7.75242 47.4738
9.83296 -1.52636 431.58
5.99662 -7.94081 103.579
5.23839 -8.46029 21.579
4.97536 -8.61759 34.5264
0.612577 -9.93182 69.0528
0.612579 -9.93184 51.7896
1.22282 -9.87526 77.6844
3.59438 -9.27813 435.896
6.92704 -7.14374 60.4212
6.92704 -7.14375 43.158
6.92676 -7.14346 431.58
8.4601 -5.23827 435.896
9.16369 -3.87865 73.3686
9.16358 -3.87861 435.896
8.76672 -4.70763 -1.81899e-12
8.61759 -4.97537 38.8422
9.16368 -3.87865 112.211
8.90754 -4.43542 -1.13687e-11
-6.92703 -7.14374 69.0528
-8.46027 -5.23838 99.2635
-8.61757 -4.97535 116.527
-8.29494 -5.49643 94.9476
-8.29492 -5.49642 129.474
-9.27878 -3.59462 120.842
-8.12175 -5.74927 73.3686
-8.29491 -5.49641 151.053
-8.12176 -5.74928 30.2106
-7.55664 -6.47413 1.36424e-11
-7.75218 -6.23816 431.58
-7.14375 -6.92705 1.13687e-11
0.306433 -9.94601 34.5264
-3.30714 -9.385 103.579
-2.42712 -9.65018 43.158
-5.4964 -8.2949 103.579
9.94602 0.306434 414.317
-9.65019 2.42712 151.053
-9.65015 2.42711 435.896
-9.16358 -3.87861 435.896
-9.90829 -0.918142 410.001
-9.90829 0.918142 345.264
-3.59461 9.27875 69.0528
-3.87866 9.16369 6.59384e-12
-5.23834 8.46021 120.842
-5.49641 8.29491 94.9476
-6.23836 7.75243 4.3158
-2.72314 9.57084 64.737
-5.49639 8.29489 116.527
-5.99665 7.94085 51.7896
3.87865 9.16367 51.7896
3.87864 9.16366 64.737
5.74928 8.12176 17.2632
9.78128 1.82844 435.896
9.38507 3.30717 142.421
7.14373 6.92702 86.316
5.99664 7.94084 69.0528
2.42712 9.65019 30.2106
7.51199e-07 9.94993 435.896
-0.306428 9.94587 125.158
-4.34961e-07 9.95074 17.2632
1.52636 9.83296 43.158
1.82844 9.78128 56.1054
-3.87864 9.16365 73.3686
4.70763 -8.76672 25.8948
4.15901 -9.0399 21.579
2.72313 -9.57082 82.0002
6.23836 -7.75243 12.9474
3.01658 -9.48242 82.0002
6.47413 -7.55663 43.158
8.12176 -5.74928 34.5264
8.12176 -5.74927 56.1054
8.12174 -5.74926 99.2635
7.94085 -5.99665 73.3686
8.46027 -5.23838 94.9476
8.29496 -5.49644 43.158
9.65015 -2.42711 431.58
9.65015 -2.4271 435.896
8.90754 -4.43542 38.8422
8.76671 -4.70762 94.9476
8.7667 -4.70761 125.158
8.9074 -4.43535 422.949
8.46029 -5.23839 38.8422
-8.61755 -4.97535 151.053
-7.94085 -5.99665 69.0528
-7.75243 -6.23836 1.13687e-11
-7.35368 -6.70377 1.77351e-11
-7.35368 -6.70377 4.3158
-2.42712 -9.65019 30.2106
-2.42711 -9.65017 56.1054
-8.90753 -4.43543 69.0528
-8.76671 -4.70763 82.0002
-9.03988 -4.15901 125.158
-9.38507 -3.30717 142.421
-9.27879 -3.59462 51.7896
-8.90752 -4.43542 103.579
-9.57088 -2.72315 47.4738
-9.65016 -2.42711 384.106
-9.16369 -3.87866 8.6402e-12
-9.38508 -3.30718 69.0528
-9.90829 0.91814 405.685
-9.90829 0.918138 427.264
-4.15901 9.03989 43.158
-3.87866 9.16369 21.579
-6.47412 7.55662 69.0528
-6.47413 7.55663 47.4738
-1.82843 9.78126 73.3686
-2.42712 9.65019 30.2106
-2.72312 9.57078 107.895
9.38508 3.30718 51.7896
-0.612573 9.93181 77.6844
-0.306434 9.94599 56.1054
-4.3496e-07 9.95074 12.9474
4.15902 -9.0399 8.6316
2.42712 -9.65019 30.2106
8.29494 -5.49643 90.6318
8.29493 -5.49642 116.527
8.29476 -5.49631 427.264
8.61741 -4.97527 435.896
8.29475 -5.4963 435.896
9.48248 -3.01659 51.7896
9.0399 -4.15901 -1.00044e-11
-2.42711 -9.65015 73.3686
-1.52635 -9.83294 60.4212
-3.87839 9.16306 435.896
-2.42711 9.65015 73.3686
2.72315 9.57087 30.2106
-0.918135 9.90825 64.737
-0.612575 9.93183 60.4212
-0.306433 9.94598 64.737
3.87865 -9.16367 51.7896
5.49643 -8.29494 56.1054
8.12175 -5.74927 73.3686
8.46028 -5.23838 77.6844
8.46025 -5.23837 133.79
8.61759 -4.97536 64.737
9.16359 -3.8786 422.949
9.0399 -4.15901 56.1054
-8.12176 -5.74927 51.7896
-7.35368 -6.70376 51.7896
-2.42712 -9.6502 12.9474
9.65018 -2.42712 220.106
-2.42711 9.65017 56.1054
-0.306433 9.94596 77.6844
-4.34961e-07 9.95074 8.6316
3.87864 -9.16366 64.737
2.72314 -9.57084 64.737
8.46025 -5.23836 142.421
9.65016 -2.42711 366.843
3  0 1 2
3  3 4 5
3  6 7 8
3  9 10 11
3  12 13 14
3  15 16 17
3  13 6 18
3  19 20 21
3  22 23 24
3  25 26 27
3  28 29 30
3  31 32 33
3  34 35 36
3  37 38 39
3  40 41 42
3  43 44 45
3  46 0 2
3  47 48 49
3  50 51 52
3  53 54 55
3  56 57 58
3  59 60 61
3  62 63 64
3  65 66 67
3  68 69 70
3  27 71 68
3  72 73 74
3  75 76 77
3  8 7 78
3  40 42 79
3  80 81 82
3  2 83 84
3  46 4 85
3  31 33 86
3  87 88 89
3  2 90 91
3  92 93 94
3  95 96 97
3  98 99 100
3  18 6 63
3  101 102 103
3  104 105 20
3  86 106 107
3  108 109 110
3  34 111 112
3  113 114 115
3  116 117 118
3  62 119 120
3  20 19 68
3  121 71 122
3  123 124 125
3  18 63 62
3  1 0 126
3  127 128 129
3  41 130 42
3  46 44 43
3  131 132 133
3  7 6 13
3  93 91 134
3  135 136 137
3  138 139 140
3  141 90 142
3  105 85 20
3  105 46 85
3  143 144 145
3  146 147 148
3  13 51 50
3  149 150 151
3  152 2 91
3  153 150 154
3  155 156 157
3  18 59 158
3  159 160 161
3  162 163 164
3  47 165 166
3  167 168 169
3  170 29 171
3  24 172 173
3  172 24 174
3  71 175 176
3  6 177 178
3  6 8 78
3  47 166 179
3  180 65 67
3  175 181 182
3  183 184 185
3  174 23 186
3  68 71 176
3  187 188 189
3  6 190 191
3  192 19 21
3  193 194 176
3  176 194 195
3  160 196 197
3  198 199 200
3  120 201 202
3  203 204 205
3  206 191 207
3  208 139 209
3  210 7 211
3  209 212 213
3  214 215 216
3  90 2 142
3  84 217 142
3  218 219 220
3  42 214 221
3  140 222 223
3  141 224 225
3  1 222 226
3  81 227 228
3  7 13 12
3  229 12 230
3  231 91 232
3  233 234 235
3  227 81 84
3  1 83 2
3  13 18 51
3  51 18 146
3  20 85 236
3  237 238 239
3  85 4 236
3  236 4 240
3  18 158 241
3  242 243 244
3  4 245 5
3  52 51 246
3  247 248 249
3  13 250 251
3  252 253 254
3  152 91 92
3  75 122 255
3  256 257 258
3  259 62 260
3  121 122 75
3  66 35 112
3  111 261 262
3  63 263 264
3  22 24 173
3  22 173 265
3  188 32 266
3  178 177 267
3  86 33 106
3  268 71 269
3  71 121 269
3  270 121 271
3  185 272 273
3  193 274 275
3  276 277 278
3  56 279 280
3  281 282 283
3  284 64 285
3  286 287 288
3  289 274 176
3  290 291 292
3  293 294 295
3  68 176 171
3  104 20 68
3  6 191 296
3  16 20 17
3  166 297 298
3  16 15 299
3  300 192 16
3  175 289 176
3  19 192 68
3  192 27 68
3  122 71 27
3  26 301 255
3  302 303 304
3  79 42 221
3  1 126 305
3  78 7 210
3  306 138 307
3  1 308 309
3  310 311 312
3  126 313 314
3  210 315 316
3  317 318 319
3  42 130 320
3  0 41 126
3  46 43 321
3  44 188 187
3  32 188 33
3  322 323 324
3  325 326 327
3  7 12 328
3  329 330 331
3  332 333 334
3  328 12 332
3  335 336 142
3  227 84 337
3  338 339 340
3  341 342 343
3  152 4 2
3  4 46 2
3  344 345 346
3  347 348 349
3  350 351 352
3  353 350 354
3  240 355 356
3  357 358 243
3  18 162 359
3  162 360 361
3  3 362 363
3  245 364 5
3  253 149 151
3  365 366 367
3  349 348 368
3  369 370 371
3  250 252 342
3  91 93 92
3  13 347 253
3  347 372 373
3  26 122 27
3  374 375 376
3  18 62 259
3  192 262 377
3  62 64 119
3  119 64 378
3  62 120 379
3  380 381 382
3  111 34 36
3  383 384 385
3  18 259 59
3  386 387 143
3  388 389 390
3  63 6 263
3  296 191 206
3  274 193 176
3  391 392 393
3  173 68 265
3  394 267 395
3  24 23 174
3  268 396 280
3  397 398 399
3  184 121 400
3  401 402 403
3  401 404 405
3  406 407 408
3  283 282 409
3  410 71 280
3  411 175 182
3  286 412 413
3  414 415 416
3  64 63 417
3  415 418 416
3  419 290 420
3  20 236 165
3  165 236 166
3  243 421 422
3  423 424 425
3  143 387 426
3  15 386 143
3  20 16 21
3  16 192 21
3  175 71 181
3  71 410 181
3  411 427 428
3  286 429 287
3  311 430 431
3  412 284 413
3  432 390 433
3  434 170 171
3  435 26 436
3  26 25 436
3  122 26 255
3  26 435 301
3  76 121 77
3  121 75 77
3  437 438 127
3  439 314 440
3  441 442 443
3  444 40 79
3  139 212 209
3  126 41 438
3  7 208 209
3  1 309 222
3  222 308 223
3  445 211 446
3  313 442 447
3  210 211 315
3  43 41 321
3  392 448 393
3  2 84 142
3  449 450 451
3  84 452 132
3  132 452 453
3  6 78 177
3  454 177 455
3  456 45 457
3  43 45 456
3  458 459 460
3  267 177 454
3  41 0 321
3  0 46 321
3  461 462 319
3  463 461 319
3  12 464 465
3  466 336 467
3  83 1 84
3  332 12 333
3  452 468 469
3  330 228 331
3  230 12 465
3  464 14 465
3  470 7 471
3  328 472 473
3  328 332 472
3  332 474 472
3  84 80 475
3  14 13 476
3  477 478 479
3  480 481 339
3  217 335 142
3  251 482 483
3  84 1 452
3  474 332 449
3  13 50 347
3  347 50 348
3  363 362 484
3  485 486 487
3  488 489 490
3  491 492 493
3  236 240 167
3  158 59 494
3  51 146 495
3  147 357 242
3  148 147 496
3  357 147 358
3  497 498 499
3  500 501 502
3  147 146 358
3  146 18 503
3  484 504 505
3  5 364 484
3  364 245 504
3  495 506 507
3  152 508 509
3  348 510 511
3  512 51 513
3  51 514 513
3  515 507 516
3  362 3 5
3  517 366 365
3  517 245 509
3  91 90 232
3  518 94 519
3  520 254 521
3  250 253 252
3  152 522 523
3  522 152 92
3  524 522 525
3  526 527 528
3  27 529 530
3  25 27 531
3  532 36 533
3  35 34 112
3  534 535 536
3  537 538 539
3  260 62 540
3  541 260 542
3  412 73 543
3  544 545 406
3  546 380 547
3  277 548 278
3  302 549 303
3  381 76 549
3  550 551 552
3  553 554 555
3  556 557 558
3  202 201 556
3  59 259 384
3  384 259 559
3  560 60 561
3  562 563 564
3  565 294 293
3  263 6 565
3  294 566 295
3  389 174 186
3  410 279 56
3  567 568 569
3  570 404 571
3  119 378 572
3  573 401 405
3  574 570 571
3  575 64 576
3  64 412 577
3  281 575 196
3  410 56 58
3  292 428 578
3  64 284 412
3  182 181 579
3  427 411 182
3  580 415 414
3  417 63 580
3  63 581 418
3  290 582 420
3  15 165 386
3  583 307 584
3  20 165 17
3  165 15 17
3  585 586 164
3  587 588 589
3  590 239 591
3  591 350 592
3  575 576 593
3  427 594 595
3  596 597 598
3  274 289 291
3  30 170 599
3  600 601 433
3  435 436 602
3  436 25 602
3  603 128 604
3  442 605 447
3  139 306 606
3  607 608 609
3  41 40 603
3  610 42 611
3  317 612 318
3  215 42 610
3  308 613 614
3  440 314 430
3  140 615 616
3  208 7 470
3  128 617 129
3  608 607 312
3  607 211 445
3  614 305 307
3  439 618 305
3  211 7 212
3  315 607 609
3  315 609 619
3  603 40 444
3  128 438 604
3  41 43 320
3  130 41 320
3  620 621 266
3  6 178 190
3  46 105 33
3  104 68 204
3  622 623 624
3  187 625 626
3  45 44 627
3  622 187 189
3  335 217 628
3  629 13 479
3  628 217 630
3  478 629 479
3  84 81 80
3  330 80 82
3  84 132 337
3  229 329 331
3  452 469 453
3  631 331 632
3  329 633 634
3  635 636 324
3  12 14 464
3  80 637 638
3  472 474 639
3  640 641 642
3  13 251 483
3  643 644 645
3  336 466 224
3  224 646 647
3  341 648 247
3  90 141 649
3  336 224 142
3  224 141 142
3  253 347 650
3  651 136 652
3  653 245 492
3  654 655 656
3  657 658 659
3  511 510 660
3  661 158 662
3  350 353 351
3  663 664 538
3  353 537 539
3  240 586 585
3  167 585 665
3  148 666 667
3  506 495 668
3  495 146 668
3  506 668 148
3  668 146 148
3  666 507 667
3  358 421 243
3  146 421 358
3  240 4 355
3  501 500 669
3  503 498 497
3  503 18 498
3  670 424 671
3  425 501 669
3  146 503 421
3  672 673 674
3  517 509 366
3  488 675 660
3  50 52 676
3  677 676 678
3  245 4 509
3  4 152 509
3  52 246 679
3  486 680 681
3  246 51 512
3  682 513 654
3  683 650 684
3  685 686 687
3  234 250 688
3  13 253 250
3  689 649 690
3  691 692 693
3  694 695 696
3  697 695 698
3  91 231 699
3  252 520 521
3  93 134 700
3  248 648 521
3  92 94 525
3  253 650 149
3  62 379 701
3  540 257 256
3  702 703 704
3  27 550 531
3  705 706 707
3  259 541 708
3  559 709 710
3  259 705 707
3  47 179 711
3  47 711 712
3  59 384 713
3  714 144 715
3  259 260 541
3  716 717 718
3  260 540 256
3  27 192 529
3  378 64 575
3  429 597 287
3  120 119 201
3  719 9 11
3  380 156 547
3  549 720 721
3  549 76 303
3  379 116 276
3  301 722 255
3  277 116 723
3  88 87 724
3  724 725 726
3  385 559 727
3  559 259 709
3  728 384 729
3  728 729 730
3  731 533 66
3  732 713 733
3  734 386 49
3  560 561 735
3  565 736 294
3  565 6 736
3  566 294 737
3  566 108 110
3  263 738 739
3  263 565 738
3  23 265 28
3  265 29 28
3  204 218 220
3  68 173 69
3  70 740 741
3  742 743 744
3  432 745 746
3  23 22 265
3  412 288 73
3  284 285 413
3  396 268 747
3  397 159 748
3  407 545 749
3  750 268 269
3  183 269 184
3  402 751 752
3  753 270 400
3  121 753 400
3  72 754 755
3  378 575 281
3  196 575 197
3  576 64 577
3  279 410 280
3  282 756 409
3  64 417 285
3  417 757 758
3  597 292 578
3  287 597 288
3  181 427 579
3  427 182 579
3  285 758 759
3  417 580 582
3  286 285 759
3  758 757 759
3  760 581 761
3  264 762 763
3  194 434 195
3  760 761 764
3  760 765 766
3  580 63 415
3  386 165 49
3  165 47 49
3  143 426 767
3  768 59 61
3  586 769 360
3  162 18 163
3  586 240 769
3  164 163 770
3  590 771 239
3  350 772 592
3  664 102 773
3  494 774 775
3  427 181 594
3  181 410 594
3  289 175 291
3  175 428 776
3  290 292 596
3  285 417 758
3  417 582 757
3  582 290 757
3  745 762 264
3  63 264 763
3  438 128 127
3  777 127 129
3  315 211 607
3  430 446 583
3  212 139 778
3  311 445 446
3  445 311 310
3  446 211 778
3  309 308 222
3  138 140 223
3  616 208 779
3  140 139 615
3  328 780 781
3  222 640 642
3  127 777 782
3  320 783 784
3  139 138 306
3  126 439 305
3  605 608 447
3  608 605 609
3  442 437 782
3  442 126 437
3  78 617 216
3  215 78 785
3  783 786 784
3  177 78 215
3  627 44 391
3  456 612 786
3  178 267 394
3  266 787 459
3  788 789 790
3  789 32 791
3  792 793 794
3  795 796 797
3  798 33 204
3  799 800 801
3  32 787 266
3  621 188 266
3  612 45 318
3  318 45 448
3  267 454 461
3  461 802 803
3  476 325 804
3  629 326 325
3  805 326 806
3  327 326 807
3  808 809 635
3  217 84 475
3  81 228 82
3  228 330 82
3  453 469 810
3  811 812 813
3  329 229 633
3  229 230 633
3  14 809 465
3  230 465 323
3  473 639 814
3  642 641 815
3  814 639 816
3  781 780 817
3  818 819 820
3  821 468 818
3  822 688 823
3  691 824 692
3  478 477 825
3  250 234 826
3  12 229 827
3  828 229 631
3  829 469 830
3  469 831 832
3  683 684 833
3  834 835 836
3  837 838 839
3  348 511 368
3  245 517 493
3  492 245 493
3  840 841 367
3  509 508 366
3  237 663 537
3  167 665 842
3  663 237 239
3  238 237 537
3  240 585 167
3  18 241 843
3  236 664 239
3  664 663 239
3  666 363 505
3  355 4 670
3  495 844 514
3  844 507 513
3  363 54 845
3  4 3 846
3  847 53 848
3  849 501 425
3  424 850 847
3  850 4 846
3  361 851 852
3  498 18 853
3  854 855 356
3  856 855 854
3  856 355 857
3  355 858 857
3  859 497 860
3  671 425 858
3  4 850 670
3  850 424 670
3  355 670 671
3  424 423 861
3  508 136 366
3  136 135 366
3  841 365 367
3  841 840 365
3  491 493 862
3  676 863 678
3  50 676 677
3  489 677 678
3  676 52 864
3  246 680 679
3  863 864 865
3  486 345 487
3  363 484 505
3  364 504 484
3  513 682 866
3  682 680 866
3  867 868 869
3  650 347 835
3  689 824 870
3  235 871 872
3  252 648 341
3  695 694 698
3  521 254 873
3  873 874 875
3  876 877 697
3  648 252 521
3  152 523 878
3  149 650 683
3  524 518 879
3  253 880 874
3  326 881 806
3  882 483 883
3  646 884 647
3  13 629 325
3  885 886 887
3  256 374 888
3  889 890 555
3  886 257 887
3  891 550 892
3  550 27 892
3  25 531 893
3  703 531 704
3  435 602 894
3  123 885 124
3  895 705 896
3  897 898 899
3  900 901 902
3  261 903 904
3  158 494 297
3  494 59 768
3  905 166 772
3  297 166 905
3  561 734 735
3  774 768 906
3  534 561 535
3  144 143 715
3  192 377 716
3  377 907 716
3  717 908 376
3  260 256 888
3  281 196 909
3  160 197 161
3  910 911 912
3  119 572 913
3  404 914 915
3  201 10 916
3  546 917 918
3  919 116 920
3  201 119 10
3  572 921 913
3  271 76 922
3  382 381 549
3  116 118 923
3  116 202 117
3  924 925 926
3  156 118 927
3  89 928 929
3  155 930 931
3  919 930 932
3  930 155 721
3  120 202 116
3  931 930 923
3  379 120 116
3  920 923 933
3  702 928 89
3  928 199 929
3  384 559 385
3  111 36 934
3  706 935 709
3  727 559 936
3  937 938 180
3  16 299 112
3  59 713 732
3  714 715 939
3  940 713 941
3  299 942 943
3  906 768 944
3  560 735 944
3  294 736 737
3  736 6 737
3  293 389 388
3  172 174 945
3  44 46 33
3  6 296 946
3  947 948 949
3  948 950 70
3  951 952 953
3  172 945 952
3  463 448 392
3  68 70 204
3  954 28 30
3  432 388 390
3  909 756 282
3  73 72 543
3  910 281 955
3  754 397 748
3  269 121 184
3  956 184 400
3  719 921 957
3  402 957 751
3  402 958 403
3  400 270 959
3  753 121 270
3  574 270 922
3  285 286 413
3  960 955 409
3  577 412 543
3  576 577 543
3  74 569 961
3  71 268 280
3  196 160 909
3  756 160 159
3  57 962 961
3  288 597 963
3  428 292 776
3  175 411 428
3  274 291 275
3  275 291 964
3  29 170 30
3  170 434 761
3  29 265 171
3  265 68 171
3  418 581 416
3  415 63 418
3  581 965 966
3  582 580 414
3  561 60 535
3  426 534 536
3  769 240 360
3  240 851 361
3  538 664 773
3  967 773 968
3  594 567 595
3  969 567 569
3  292 597 596
3  607 310 312
3  290 596 598
3  597 429 598
3  762 581 763
3  581 63 763
3  609 605 619
3  210 316 970
3  617 214 216
3  316 971 443
3  305 618 307
3  447 608 312
3  607 445 972
3  446 306 307
3  140 640 222
3  640 140 616
3  138 614 307
3  614 613 305
3  139 208 615
3  615 208 616
3  973 815 974
3  821 818 820
3  7 975 471
3  7 328 975
3  313 126 442
3  126 438 437
3  605 442 441
3  437 127 782
3  177 215 610
3  605 971 619
3  613 308 305
3  308 1 305
3  618 439 440
3  439 126 314
3  129 78 970
3  782 777 443
3  438 41 604
3  41 603 604
3  617 128 444
3  128 603 444
3  617 444 79
3  42 215 214
3  320 43 783
3  43 456 783
3  45 612 457
3  612 456 457
3  317 454 455
3  177 786 455
3  784 611 976
3  783 456 786
3  977 802 978
3  318 448 463
3  44 187 979
3  802 626 980
3  188 621 623
3  621 620 623
3  178 394 788
3  788 394 789
3  178 788 981
3  459 789 460
3  982 191 983
3  69 948 70
3  191 190 984
3  190 178 984
3  984 178 742
3  218 70 985
3  986 795 987
3  459 787 789
3  988 624 989
3  620 266 459
3  45 627 448
3  391 44 979
3  336 628 467
3  336 335 628
3  327 635 804
3  327 807 635
3  990 12 827
3  334 333 991
3  828 631 992
3  331 228 632
3  230 323 322
3  634 322 324
3  639 829 816
3  472 639 473
3  819 993 820
3  819 1 993
3  225 224 643
3  994 141 225
3  90 649 689
3  995 996 997
3  998 994 225
3  526 478 825
3  999 812 631
3  228 227 337
3  1000 829 1001
3  631 812 992
3  337 132 999
3  132 131 999
3  1002 449 451
3  474 449 1002
3  1003 366 1004
3  366 135 137
3  1005 1006 1007
3  1008 369 373
3  1009 1010 487
3  1011 1012 1013
3  348 50 510
3  50 677 489
3  102 1014 968
3  102 101 1014
3  538 967 539
3  158 297 967
3  1015 241 1016
3  101 168 1017
3  770 1018 1019
3  163 18 843
3  771 166 239
3  166 236 239
3  586 360 164
3  360 162 164
3  680 682 681
3  3 363 845
3  507 655 513
3  844 495 507
3  514 844 513
3  51 495 514
3  363 666 54
3  147 53 55
3  500 1020 1021
3  425 424 1022
3  424 847 1022
3  501 849 847
3  54 53 846
3  850 846 847
3  588 498 1023
3  853 18 359
3  853 359 1024
3  359 162 1024
3  851 855 852
3  360 240 361
3  356 355 1025
3  355 856 854
3  852 855 1026
3  673 669 1027
3  503 497 1028
3  503 1028 1020
3  421 503 1020
3  500 422 1020
3  424 861 671
3  861 423 671
3  837 658 657
3  365 840 657
3  1029 490 1030
3  840 367 1003
3  676 864 863
3  1031 1032 1033
3  679 680 485
3  52 679 485
3  362 5 484
3  507 666 516
3  513 655 654
3  512 513 866
3  1034 504 1012
3  1012 504 1013
3  246 512 866
3  680 246 866
3  650 1035 684
3  878 1036 1037
3  150 880 151
3  880 253 151
3  372 1008 373
3  835 347 1038
3  136 508 652
3  868 1039 1040
3  250 342 1041
3  342 822 823
3  232 90 689
3  649 1042 690
3  648 248 247
3  341 247 1043
3  1044 871 1045
3  1046 1043 1047
3  252 254 520
3  1048 1049 1050
3  876 94 877
3  134 877 700
3  150 1051 154
3  878 523 1052
3  150 1053 1054
3  522 92 525
3  13 477 479
3  467 1055 884
3  881 1055 1056
3  326 629 881
3  325 327 804
3  476 13 325
3  1057 1058 1059
3  374 256 1059
3  257 540 1060
3  540 62 1060
3  886 554 1061
3  62 885 887
3  554 886 1062
3  550 891 889
3  1063 123 125
3  25 703 1064
3  702 551 928
3  1063 928 1065
3  729 383 1066
3  548 277 1067
3  259 708 1068
3  908 1069 897
3  903 934 1070
3  261 111 903
3  1068 708 897
3  1071 717 1072
3  1073 494 775
3  1074 166 1075
3  350 905 772
3  773 102 968
3  494 768 1076
3  775 774 1077
3  1078 1079 1080
3  15 143 145
3  377 262 907
3  262 261 907
3  1069 705 1081
3  708 541 897
3  716 718 1082
3  898 374 899
3  378 281 910
3  910 1083 911
3  572 378 1084
3  269 183 185
3  910 113 115
3  114 921 1085
3  573 405 1086
3  9 719 573
3  556 201 916
3  405 570 917
3  546 547 558
3  557 546 558
3  10 921 11
3  921 719 11
3  1087 1088 1089
3  382 549 721
3  117 156 927
3  925 924 1089
3  1090 724 1091
3  255 722 1087
3  930 721 926
3  76 75 303
3  1088 925 1089
3  924 721 1089
3  548 1092 1093
3  1094 125 1095
3  532 383 1096
3  383 385 1096
3  1097 1098 900
3  532 1096 1097
3  706 709 707
3  709 259 707
3  98 299 1099
3  713 384 728
3  1100 938 1101
3  728 730 180
3  60 59 535
3  733 1102 1103
3  59 732 1078
3  715 143 767
3  1102 1104 1103
3  733 713 1105
3  1106 1107 1102
3  733 1105 1108
3  735 48 944
3  387 1109 426
3  23 28 186
3  28 389 186
3  1110 738 293
3  738 565 293
3  945 174 295
3  295 566 110
3  793 1111 794
3  950 948 947
3  296 206 1112
3  945 295 110
3  1113 1114 1115
3  1116 1112 1117
3  745 264 1118
3  1118 263 746
3  601 581 1119
3  390 389 1120
3  1121 1122 408
3  398 397 1123
3  396 747 544
3  747 268 544
3  1124 1121 1125
3  544 268 1126
3  1127 402 1128
3  914 958 1129
3  921 10 913
3  10 119 913
3  404 958 914
3  573 719 401
3  184 956 1127
3  956 400 1127
3  58 57 961
3  280 396 1130
3  594 568 567
3  969 73 963
3  281 909 282
3  909 160 756
3  1083 960 1124
3  748 159 161
3  194 193 765
3  193 275 765
3  757 429 759
3  429 286 759
3  581 762 1119
3  581 601 600
3  434 194 761
3  1131 954 1132
3  195 434 1133
3  171 176 195
3  581 600 761
3  761 194 764
3  582 414 1134
3  414 416 966
3  386 734 561
3  734 49 735
3  1135 1136 1137
3  430 314 431
3  387 386 1109
3  386 561 1109
3  537 663 538
3  537 353 354
3  239 238 591
3  238 350 591
3  292 291 776
3  291 175 776
3  212 7 213
3  7 209 213
3  778 139 606
3  211 212 778
3  308 614 223
3  614 138 223
3  973 993 642
3  222 642 226
3  208 470 779
3  641 640 616
3  780 641 817
3  975 328 781
3  641 779 817
3  779 470 817
3  777 316 443
3  442 782 443
3  312 311 431
3  314 313 447
3  447 312 431
3  311 446 430
3  617 78 129
3  78 210 970
3  786 612 455
3  612 317 455
3  786 177 784
3  610 611 1138
3  461 454 462
3  454 317 462
3  802 391 626
3  391 802 392
3  624 623 989
3  625 187 622
3  980 625 1139
3  267 461 977
3  395 267 1140
3  620 459 1141
3  795 790 791
3  1142 178 987
3  70 218 204
3  1142 1143 744
3  742 178 743
3  33 798 1144
3  191 984 1145
3  1146 37 799
3  33 1144 106
3  742 1147 1148
3  188 44 33
3  790 789 791
3  805 1056 1149
3  637 1149 638
3  827 828 1150
3  999 131 1151
3  990 827 1150
3  333 12 990
3  323 465 808
3  465 809 808
3  993 973 1152
3  974 780 1153
3  1 819 818
3  973 974 1152
3  13 483 882
3  1042 1154 480
3  477 882 825
3  13 882 477
3  251 250 826
3  693 482 235
3  141 994 998
3  483 482 883
3  826 234 233
3  692 338 693
3  132 453 133
3  453 131 133
3  229 331 631
3  228 337 632
3  1000 1001 831
3  449 332 334
3  449 334 450
3  334 991 1155
3  829 639 1002
3  639 474 1002
3  868 137 651
3  137 136 651
3  137 868 867
3  685 1156 1040
3  511 675 1157
3  372 347 349
3  680 486 485
3  345 1009 487
3  245 653 1011
3  1009 344 862
3  510 50 660
3  1031 1158 1159
3  675 511 660
3  95 97 1160
3  168 158 1017
3  967 538 773
3  539 351 1161
3  967 297 539
3  102 664 1162
3  102 1163 103
3  1163 664 167
3  664 236 167
3  241 661 1164
3  241 158 661
3  843 241 1015
3  585 164 1019
3  148 667 1165
3  667 507 1165
3  54 666 55
3  666 148 55
3  1166 500 502
3  501 847 848
3  425 673 672
3  671 423 425
3  846 53 847
3  53 147 242
3  54 846 845
3  846 3 845
3  855 856 1026
3  1024 162 361
3  855 851 356
3  851 240 356
3  853 1024 852
3  1024 361 852
3  588 1026 589
3  587 499 588
3  587 589 674
3  355 671 858
3  97 1008 1160
3  678 863 1167
3  1009 862 1168
3  493 1031 1159
3  344 1009 345
3  1010 1169 487
3  653 492 1011
3  344 1011 1170
3  655 507 656
3  654 656 1171
3  1034 1012 515
3  507 515 656
3  1051 150 683
3  150 149 683
3  836 369 371
3  1038 347 373
3  373 369 836
3  834 836 1172
3  867 370 1173
3  370 369 96
3  651 652 1039
3  1174 1175 1176
3  251 826 233
3  250 1041 688
3  482 251 233
3  234 688 1177
3  1178 1179 997
3  696 695 1180
3  247 694 696
3  697 134 1181
3  231 232 1182
3  232 689 1178
3  877 94 700
3  94 93 700
3  877 134 697
3  695 1181 1183
3  874 880 875
3  249 248 1049
3  1048 876 1049
3  694 247 249
3  652 508 1174
3  508 152 878
3  523 524 1052
3  523 522 524
3  1049 875 1050
3  150 153 1053
3  524 525 518
3  525 94 518
3  248 873 1049
3  248 521 873
3  873 254 1184
3  254 253 1184
3  628 1055 467
3  1055 881 1185
3  881 629 1186
3  1055 1185 884
3  330 329 634
3  809 14 635
3  554 551 555
3  1058 374 1059
3  87 89 929
3  885 62 701
3  257 1060 887
3  1060 62 887
3  891 892 889
3  1057 890 1187
3  886 885 1062
3  257 886 1061
3  531 703 893
3  703 25 893
3  548 1094 1092
3  1188 903 1070
3  925 1090 1091
3  602 25 1064
3  531 551 704
3  551 702 704
3  551 531 552
3  531 550 552
3  890 553 555
3  890 1057 553
3  885 701 124
3  701 379 124
3  925 1189 1190
3  602 1064 1191
3  276 116 277
3  1189 277 1192
3  706 1193 1194
3  895 1195 901
3  298 297 1073
3  297 494 1073
3  179 298 775
3  298 1073 775
3  166 298 1075
3  179 166 1074
3  166 771 772
3  772 771 592
3  711 179 712
3  179 775 1077
3  768 774 1076
3  774 494 1076
3  560 944 1196
3  48 47 906
3  144 714 145
3  714 15 145
3  897 1069 1081
3  896 705 1069
3  717 1071 908
3  1071 896 1069
3  1197 705 1068
3  705 259 1068
3  1197 1068 897
3  718 375 1082
3  374 376 899
3  1082 375 1198
3  541 542 898
3  542 260 888
3  890 889 1187
3  1187 530 1199
3  1085 572 115
3  572 1084 115
3  402 185 1128
3  185 402 752
3  402 401 957
3  401 719 957
3  921 572 1085
3  114 1085 115
3  556 9 557
3  9 573 557
3  10 9 916
3  9 556 916
3  381 1200 1201
3  917 570 1200
3  156 117 547
3  547 117 558
3  156 380 157
3  721 157 1202
3  302 720 549
3  721 720 1089
3  155 157 721
3  382 721 1202
3  1189 724 726
3  722 1088 1087
3  118 117 927
3  721 924 926
3  118 931 923
3  930 919 920
3  722 301 1088
3  301 435 1088
3  118 156 931
3  156 155 931
3  1092 1203 1093
3  278 548 1093
3  36 35 533
3  1096 385 1097
3  384 383 729
3  383 532 731
3  727 936 1194
3  36 532 934
3  111 262 112
3  532 1204 1205
3  710 709 1206
3  559 710 1206
3  383 731 730
3  100 99 67
3  713 1100 1207
3  713 728 1100
3  66 100 67
3  66 112 100
3  1079 1136 1080
3  1078 732 1079
3  15 714 1208
3  715 1079 939
3  732 733 1209
3  733 1106 1102
3  942 1210 1211
3  1208 1079 1212
3  938 937 1101
3  1210 942 1213
3  49 48 735
3  48 906 944
3  944 768 1196
3  768 61 1196
3  174 389 1214
3  389 293 1214
3  432 1110 388
3  1110 293 388
3  1215 1216 741
3  1217 207 1218
3  798 204 1144
3  984 1147 1219
3  794 1111 1216
3  1217 949 1220
3  982 1217 1221
3  948 69 1222
3  1223 952 951
3  296 1116 1224
3  69 173 1225
3  173 172 1225
3  28 954 433
3  1131 600 433
3  264 263 1118
3  745 1118 746
3  738 1110 739
3  1110 432 739
3  1132 30 599
3  1132 954 30
3  960 1083 955
3  1083 910 955
3  268 750 1126
3  1083 1124 1125
3  958 404 403
3  404 401 403
3  185 184 1128
3  184 1127 1128
3  404 570 405
3  574 381 1201
3  1127 914 1129
3  270 914 959
3  574 915 1226
3  915 914 1226
3  568 594 58
3  594 410 58
3  197 593 1227
3  593 576 1227
3  575 593 197
3  72 197 1227
3  73 288 963
3  412 286 288
3  428 567 578
3  567 597 578
3  567 428 595
3  428 427 595
3  56 280 1130
3  73 969 74
3  544 1122 1228
3  1124 960 159
3  419 420 1134
3  420 582 1134
3  291 290 964
3  290 419 964
3  954 1131 433
3  1120 28 433
3  762 745 1119
3  745 432 433
3  600 1131 761
3  1131 1132 761
3  434 171 1133
3  171 195 1133
3  581 1229 416
3  1229 581 966
3  581 760 965
3  965 760 1134
3  275 964 765
3  416 1229 966
3  314 447 431
3  59 1078 562
3  426 1109 534
3  1109 561 534
3  297 905 1230
3  905 350 1230
3  771 590 592
3  590 591 592
3  429 757 598
3  757 290 598
3  971 316 619
3  316 315 619
3  611 42 976
3  784 177 1231
3  642 993 226
3  993 1 226
3  815 641 974
3  973 642 815
3  470 471 817
3  641 616 779
3  471 975 817
3  975 781 817
3  618 430 584
3  618 440 430
3  971 605 443
3  605 441 443
3  316 777 970
3  777 129 970
3  78 216 785
3  216 215 785
3  214 617 221
3  617 79 221
3  177 1138 1231
3  177 610 1232
3  318 463 319
3  462 317 319
3  802 977 803
3  977 461 803
3  188 623 189
3  623 622 189
3  267 988 989
3  625 622 624
3  395 1140 989
3  1140 267 989
3  787 32 789
3  32 31 796
3  1145 984 1233
3  203 1146 799
3  191 793 792
3  191 1145 793
3  105 104 204
3  33 105 204
3  796 86 107
3  743 1142 744
3  743 178 1142
3  178 981 987
3  459 458 1141
3  989 458 1234
3  463 392 1235
3  392 802 1235
3  326 636 807
3  805 637 1236
3  1055 628 1056
3  628 630 1149
3  630 217 1237
3  1056 628 1149
3  229 828 827
3  828 1238 1150
3  1239 1238 992
3  1238 828 992
3  641 780 974
3  974 1153 1152
3  1153 780 814
3  1153 814 816
3  821 830 1240
3  830 469 1240
3  468 452 818
3  452 1 818
3  884 1185 644
3  1185 881 1241
3  649 141 1042
3  141 998 1042
3  131 453 1151
3  1151 453 810
3  333 1238 1242
3  1238 1239 1242
3  337 999 632
3  999 631 632
3  333 1242 991
3  1001 450 831
3  811 813 831
3  450 1001 451
3  469 829 1243
3  829 1000 1243
3  867 1173 1244
3  95 838 1245
3  1011 492 1246
3  1011 1246 1170
3  50 489 660
3  489 488 660
3  1163 168 103
3  168 101 103
3  101 1017 1014
3  1017 158 1014
3  158 1247 1014
3  158 967 1247
3  664 1163 1162
3  1163 102 1162
3  168 1163 169
3  1163 167 169
3  158 168 662
3  661 662 842
3  241 1018 1248
3  164 770 1019
3  163 843 770
3  843 1015 770
3  504 1034 505
3  1034 515 505
3  507 506 1165
3  506 148 1165
3  148 496 1249
3  496 147 1249
3  357 243 242
3  1166 242 244
3  422 421 1020
3  500 1166 422
3  1166 502 848
3  502 501 848
3  847 849 1022
3  849 425 1022
3  500 1021 1027
3  673 425 669
3  355 854 1025
3  854 356 1025
3  499 498 588
3  852 1026 1023
3  589 857 674
3  1020 1028 1021
3  490 1029 839
3  838 837 1244
3  367 366 1003
3  837 1003 1004
3  658 1032 659
3  493 517 1031
3  492 862 1246
3  492 491 862
3  365 657 659
3  517 365 1031
3  864 52 865
3  52 485 865
3  345 486 681
3  681 654 1250
3  504 245 1013
3  245 1011 1013
3  515 1012 656
3  1171 1012 346
3  1175 1251 1176
3  1035 834 684
3  650 835 1035
3  835 834 1035
3  835 1038 836
3  1038 373 836
3  1156 370 869
3  370 867 869
3  96 369 97
3  370 96 1173
3  692 480 339
3  822 1044 1045
3  342 252 1252
3  342 1252 343
3  1179 995 997
3  996 995 1183
3  341 1046 1253
3  1046 822 1253
3  134 996 1181
3  247 696 1180
3  997 996 1254
3  1178 689 1179
3  694 876 698
3  876 697 698
3  519 1048 1255
3  1036 878 1052
3  1051 1005 154
3  153 154 1037
3  1037 1036 1256
3  879 519 1255
3  153 1037 1256
3  154 1005 1037
3  94 876 519
3  876 1048 519
3  876 694 1049
3  694 249 1049
3  253 874 1184
3  874 873 1184
3  637 634 1257
3  807 636 635
3  1057 258 1061
3  258 257 1061
3  889 892 1258
3  892 27 1258
3  379 276 1203
3  1203 276 278
3  1062 885 1063
3  554 1062 1063
3  889 555 1259
3  555 551 1259
3  885 123 1063
3  554 1063 1065
3  731 532 533
3  125 124 1095
3  925 1088 1090
3  1064 88 1191
3  116 923 920
3  116 919 723
3  87 725 724
3  1260 725 1067
3  261 904 1188
3  904 903 1188
3  706 705 1193
3  705 895 1193
3  717 907 1072
3  1188 1195 1261
3  298 179 1075
3  179 1074 1075
3  774 906 1077
3  906 47 1077
3  907 717 716
3  192 716 1082
3  907 1195 1072
3  1071 1072 896
3  542 888 898
3  888 374 898
3  1258 530 1187
3  1258 27 530
3  256 258 1059
3  258 1057 1059
3  911 272 912
3  272 407 749
3  1084 378 115
3  378 910 115
3  546 557 917
3  557 573 917
3  117 202 558
3  202 556 558
3  381 380 1200
3  917 1200 918
3  121 76 271
3  270 271 922
3  75 255 303
3  1087 302 304
3  157 380 1202
3  380 382 1202
3  302 1087 1089
3  720 302 1089
3  1262 725 198
3  548 1262 198
3  1263 1188 902
3  903 111 934
3  1204 900 902
3  1204 532 1097
3  1204 1097 900
3  1195 1263 901
3  709 935 1206
3  559 1206 936
3  533 35 66
3  192 300 112
3  99 1264 1265
3  1100 728 938
3  99 1266 1267
3  99 98 1264
3  940 941 1268
3  1264 299 1269
3  564 1270 1271
3  715 1136 1079
3  1136 715 1137
3  1078 1135 563
3  1104 1107 1272
3  1107 1210 1213
3  1208 1212 1103
3  940 1273 1274
3  1105 713 1108
3  1273 1275 1274
3  1269 943 1276
3  1211 1210 1107
3  61 60 1196
3  60 560 1196
3  174 1214 295
3  1214 293 295
3  949 1215 740
3  950 949 740
3  219 985 38
3  794 1216 1277
3  1215 982 792
3  950 947 949
3  949 1217 1215
3  1217 982 1215
3  207 1220 1278
3  206 207 1112
3  6 946 1224
3  946 296 1224
3  69 1225 1279
3  1225 1223 1279
3  109 1114 953
3  1116 109 108
3  1223 1225 1280
3  1225 172 1281
3  389 28 1120
3  390 1120 433
3  263 739 746
3  739 432 746
3  170 761 599
3  761 1132 599
3  272 751 912
3  751 114 912
3  399 1130 1282
3  1228 399 1282
3  750 273 749
3  1121 1124 1122
3  914 1127 959
3  1127 400 959
3  958 402 1129
3  402 1127 1129
3  404 915 571
3  915 574 571
3  914 270 1226
3  270 574 1226
3  962 398 961
3  969 569 74
3  755 754 748
3  197 72 755
3  576 543 1227
3  543 72 1227
3  597 567 963
3  567 969 963
3  397 754 1123
3  754 72 74
3  57 398 962
3  398 74 961
3  159 960 409
3  756 159 409
3  754 74 1123
3  74 398 1123
3  398 57 399
3  397 1228 1283
3  765 964 766
3  964 419 1134
3  1119 745 433
3  601 1119 433
3  194 765 764
3  765 760 764
3  307 618 584
3  562 564 1271
3  426 1270 564
3  59 562 535
3  350 238 354
3  238 537 354
3  351 297 352
3  539 297 351
3  42 320 976
3  320 784 976
3  445 310 972
3  310 607 972
3  306 446 606
3  446 778 606
3  446 307 583
3  430 583 584
3  610 1138 1232
3  1138 177 1232
3  187 626 979
3  626 391 979
3  626 625 980
3  625 624 1139
3  977 978 1139
3  978 980 1139
3  623 458 989
3  395 989 1234
3  788 790 986
3  790 795 986
3  219 37 220
3  1284 985 1285
3  1145 1233 1286
3  984 1219 801
3  742 1144 1287
3  799 1219 1288
3  800 1284 1286
3  1284 1111 1289
3  1147 984 1148
3  984 742 1148
3  31 86 796
3  797 1290 1291
3  37 1146 220
3  1146 205 1292
3  204 1288 1293
3  1219 1287 1293
3  797 106 1290
3  1142 987 1291
3  458 623 1141
3  623 620 1141
3  789 394 460
3  394 395 460
3  448 627 393
3  627 391 393
3  463 1294 1295
3  1294 802 1295
3  217 475 1237
3  475 80 1237
3  330 634 1296
3  634 637 1296
3  323 635 324
3  323 808 635
3  636 326 1236
3  326 805 1236
3  881 1056 806
3  1056 805 806
3  1149 630 1297
3  637 805 1149
3  1238 333 1150
3  333 990 1150
3  1239 992 811
3  992 812 811
3  780 328 814
3  328 473 814
3  1298 829 1299
3  1153 1298 1299
3  469 468 1240
3  468 821 1240
3  821 820 1152
3  820 993 1152
3  482 1300 528
3  527 482 528
3  1042 998 1154
3  481 1154 643
3  467 884 646
3  884 644 1301
3  526 1186 1302
3  1186 629 1302
3  1154 481 480
3  338 692 339
3  991 1242 1155
3  1242 1239 450
3  1001 829 451
3  829 1002 451
3  878 1037 686
3  371 1156 685
3  1008 372 368
3  372 349 368
3  95 675 838
3  675 488 490
3  366 137 1004
3  137 867 1004
3  1014 1247 968
3  1247 967 968
3  1164 661 842
3  1018 1164 842
3  241 1164 1018
3  665 1019 1303
3  666 505 516
3  505 515 516
3  147 55 1249
3  55 148 1249
3  243 422 244
3  422 1166 244
3  53 242 848
3  242 1166 848
3  857 858 672
3  858 425 672
3  1026 856 589
3  1026 588 1023
3  498 853 1023
3  853 852 1023
3  856 857 589
3  857 672 674
3  1028 497 859
3  587 859 860
3  1028 859 1021
3  669 500 1027
3  1032 658 1029
3  1033 1029 1167
3  1010 1031 1033
3  863 1169 1167
3  840 1003 657
3  1003 837 657
3  1169 863 487
3  1169 1010 1033
3  1031 1010 1158
3  1010 1009 1158
3  863 865 487
3  865 485 487
3  682 654 681
3  345 681 1250
3  1246 862 1170
3  862 344 1170
3  656 1012 1171
3  654 1171 346
3  684 834 833
3  834 1005 833
3  370 1156 371
3  652 1174 1039
3  96 95 1173
3  838 1244 1245
3  369 1008 97
3  1008 1157 1160
3  688 822 1177
3  822 1046 1304
3  688 1041 823
3  1041 342 823
3  1042 824 690
3  824 689 690
3  1252 252 343
3  252 341 343
3  995 1179 1305
3  247 1180 1043
3  1181 996 1183
3  695 697 1181
3  996 134 1254
3  134 91 1306
3  822 342 1253
3  342 341 1253
3  1043 1180 1047
3  822 1304 1044
3  880 1054 875
3  880 150 1054
3  1036 879 1255
3  518 519 879
3  875 1054 1050
3  1049 873 875
3  554 553 1061
3  553 1057 1061
3  1058 1057 1187
3  889 1258 1187
3  934 532 1205
3  1203 278 1093
3  551 550 1307
3  550 889 1307
3  725 199 198
3  88 1064 89
3  1090 1088 1308
3  602 1308 894
3  1090 1308 724
3  88 724 1191
3  932 930 1190
3  1189 932 1190
3  723 919 1192
3  277 723 1192
3  1063 125 200
3  125 198 200
3  1195 1188 1263
3  261 1188 1261
3  1072 1195 896
3  1195 895 896
3  179 1077 712
3  1077 47 712
3  374 1058 375
3  1058 1187 1199
3  541 898 897
3  908 1071 1069
3  750 269 273
3  269 185 273
3  957 921 751
3  921 114 751
3  405 917 1086
3  917 573 1086
3  1200 380 918
3  380 546 918
3  1200 570 1201
3  570 574 1201
3  76 381 922
3  381 574 922
3  303 255 304
3  255 1087 304
3  1064 703 89
3  703 702 89
3  1097 385 1098
3  385 727 1098
3  936 935 1194
3  1193 895 900
3  1206 935 936
3  935 706 1194
3  383 730 1066
3  730 729 1066
3  300 16 112
3  731 66 65
3  937 1266 1101
3  938 728 180
3  299 1264 1099
3  1264 98 1099
3  1265 1269 1309
3  1310 1207 1311
3  713 1207 1312
3  713 1312 941
3  1266 1310 1311
3  1207 1100 1313
3  942 1211 943
3  943 1211 1276
3  1136 1135 1080
3  1135 1078 1080
3  426 1137 1314
3  1137 715 1314
3  563 1135 564
3  562 1078 563
3  1079 732 1212
3  1315 15 1208
3  15 1315 1213
3  1103 1104 1272
3  1273 1106 1275
3  1106 733 1275
3  1106 1273 1107
3  1273 940 1107
3  1284 800 38
3  219 218 985
3  1216 1215 1277
3  70 950 740
3  69 1113 1115
3  1116 296 1112
3  207 191 1221
3  191 982 1221
3  207 1278 1117
3  207 1217 1220
3  6 1224 108
3  1224 1116 108
3  69 1279 1113
3  1279 1223 1113
3  1223 1281 952
3  1281 172 952
3  1225 1281 1280
3  1281 1223 1280
3  1121 911 1125
3  911 1083 1125
3  159 397 1316
3  544 1228 1282
3  273 272 749
3  545 544 1126
3  272 911 1317
3  545 407 406
3  569 568 961
3  568 58 961
3  1228 1122 1283
3  397 399 1228
3  399 57 1130
3  57 56 1130
3  965 1134 966
3  1134 414 966
3  964 1134 766
3  1134 760 766
3  1138 611 1231
3  611 784 1231
3  624 988 1139
3  978 802 980
3  988 267 1139
3  267 977 1139
3  458 460 1234
3  460 395 1234
3  32 796 791
3  796 795 791
3  981 986 987
3  981 788 986
3  985 1284 38
3  1219 799 801
3  800 1286 801
3  203 799 1288
3  1219 1147 1287
3  1147 742 1287
3  1111 793 1289
3  793 1145 1289
3  191 792 983
3  792 982 983
3  1216 1111 741
3  740 1215 741
3  205 204 1292
3  1146 203 205
3  1143 1144 744
3  1144 742 744
3  107 106 797
3  796 107 797
3  802 1294 1235
3  1294 463 1235
3  802 461 1295
3  461 463 1295
3  630 1237 1297
3  1237 80 1297
3  634 633 322
3  633 230 322
3  637 80 1296
3  80 330 1296
3  635 14 1318
3  14 476 1318
3  636 1236 324
3  634 324 1257
3  1151 810 832
3  450 1239 811
3  829 830 1299
3  830 821 1299
3  829 1298 816
3  1298 1153 816
3  1153 1299 1152
3  1299 821 1152
3  1154 998 643
3  998 225 643
3  482 527 883
3  527 526 883
3  338 1300 693
3  1300 482 693
3  692 824 480
3  824 1042 480
3  224 466 646
3  466 467 646
3  881 1186 1241
3  1185 1241 1319
3  629 478 1302
3  478 526 1302
3  481 643 645
3  1300 338 528
3  234 1177 871
3  824 691 1044
3  482 233 235
3  691 693 235
3  810 469 832
3  450 811 831
3  1242 450 1155
3  450 334 1155
3  1005 685 687
3  836 371 1172
3  1320 685 1040
3  868 651 1039
3  1008 368 1157
3  368 511 1157
3  838 490 839
3  838 675 490
3  837 1004 1244
3  1004 867 1244
3  662 168 842
3  168 167 842
3  1019 1018 1303
3  665 585 1019
3  1018 770 1248
3  241 1248 1016
3  673 859 674
3  859 587 674
3  497 499 860
3  499 587 860
3  1021 859 1027
3  859 673 1027
3  1032 1029 1033
3  1169 1033 1167
3  1032 1031 659
3  1031 365 659
3  1158 1168 1159
3  1158 1009 1168
3  1168 862 1159
3  862 493 1159
3  1250 654 346
3  345 1250 346
3  1005 1051 833
3  1051 683 833
3  1044 1304 1321
3  824 1044 1321
3  1179 870 1322
3  1046 341 1043
3  1180 1323 1047
3  1304 1323 1305
3  1323 1180 1305
3  1180 695 1183
3  134 1306 1254
3  1306 91 699
3  232 997 1182
3  232 1178 997
3  1036 1053 1256
3  1053 153 1256
3  1036 1052 879
3  1052 524 879
3  1048 1053 1255
3  1053 1036 1255
3  1054 1053 1050
3  1053 1048 1050
3  551 1307 1259
3  1307 889 1259
3  928 551 1324
3  551 554 1324
3  124 379 1095
3  379 1203 1095
3  1308 1088 894
3  1088 435 894
3  724 1308 1191
3  1308 602 1191
3  277 1189 1067
3  1189 1260 1067
3  724 1189 1091
3  1189 925 1091
3  930 926 1190
3  926 925 1190
3  923 930 933
3  930 920 933
3  919 932 1192
3  932 1189 1192
3  1070 934 902
3  1188 1070 902
3  262 192 112
3  1098 727 900
3  1195 907 1261
3  907 261 1261
3  529 1082 1198
3  529 192 1082
3  717 376 1325
3  376 375 1325
3  705 1197 1081
3  1197 897 1081
3  530 375 1199
3  375 1058 1199
3  114 113 912
3  113 910 912
3  751 272 752
3  272 185 752
3  1100 1101 1311
3  1101 1266 1311
3  99 1265 1326
3  940 1268 1327
3  1312 1207 941
3  1310 1268 1328
3  299 943 1269
3  1207 1310 1328
3  1309 1269 1327
3  1268 1309 1327
3  1211 1107 1329
3  1107 940 1329
3  715 767 1314
3  767 426 1314
3  1079 1208 939
3  1208 714 939
3  733 1103 1330
3  1315 1208 1331
3  1107 1104 1102
3  1208 1103 1331
3  942 299 1213
3  299 15 1213
3  713 1275 1108
3  1275 733 1108
3  1275 713 1274
3  713 940 1274
3  207 1221 1218
3  1221 1217 1218
3  1222 1115 1332
3  949 948 1222
3  1114 1278 1115
3  1112 207 1117
3  566 737 108
3  737 6 108
3  1278 1220 1115
3  1113 1223 951
3  1113 951 953
3  109 1116 1114
3  1114 1113 953
3  110 953 1333
3  1122 1124 1316
3  1124 159 1316
3  407 1317 408
3  1122 544 406
3  545 1126 749
3  1126 750 749
3  1122 406 408
3  407 272 1317
3  955 281 409
3  281 283 409
3  197 755 161
3  755 748 161
3  544 1282 1334
3  1282 1130 1334
3  426 536 1335
3  536 535 1335
3  1135 1137 564
3  1137 426 564
3  1270 535 1271
3  535 562 1271
3  351 353 1161
3  353 539 1161
3  297 1230 352
3  1230 350 352
3  1284 1289 1286
3  1289 1145 1286
3  38 800 39
3  37 219 38
3  800 799 39
3  799 37 39
3  1288 1219 1293
3  204 203 1288
3  1287 1144 1293
3  1144 204 1293
3  204 220 1292
3  220 1146 1292
3  987 797 1291
3  987 795 797
3  1149 1297 638
3  1297 80 638
3  635 1318 804
3  1318 476 804
3  324 1236 1257
3  1236 637 1257
3  812 999 813
3  999 1151 813
3  1336 1319 340
3  1185 1319 1336
3  882 883 825
3  883 526 825
3  469 1243 831
3  1243 1000 831
3  813 1151 832
3  831 813 832
3  1006 371 1007
3  371 1006 1172
3  878 1251 1175
3  1320 1040 1176
3  1251 685 1320
3  1251 1320 1176
3  1157 675 1160
3  675 95 1160
3  1244 1173 1245
3  1173 95 1245
3  1018 842 1303
3  842 665 1303
3  1248 770 1016
3  770 1015 1016
3  490 489 1030
3  489 678 1030
3  1029 658 839
3  658 837 839
3  1029 1030 1167
3  1030 678 1167
3  1012 1011 346
3  1011 344 346
3  870 1304 1322
3  1179 689 870
3  871 1177 1045
3  1177 822 1045
3  1180 1183 1305
3  1183 995 1305
3  1323 1304 1337
3  1304 1046 1337
3  1306 699 1338
3  699 231 1338
3  1306 1338 1254
3  1338 231 1254
3  928 1324 1339
3  1324 554 1339
3  1203 1092 1095
3  1092 1094 1095
3  125 1094 198
3  1094 548 198
3  199 725 929
3  725 87 929
3  199 928 200
3  928 1063 200
3  725 1260 1340
3  1260 1189 1340
3  725 1262 1067
3  1262 548 1067
3  901 1263 902
3  900 895 901
3  375 530 1198
3  530 529 1198
3  376 908 899
3  908 897 899
3  375 718 1325
3  718 717 1325
3  1193 900 1194
3  900 727 1194
3  934 1205 902
3  1205 1204 902
3  180 730 65
3  730 731 65
3  1266 937 1267
3  937 180 1267
3  112 299 100
3  299 98 100
3  1207 1313 1311
3  1313 1100 1311
3  1310 1266 1326
3  1266 99 1326
3  1268 1310 1309
3  1265 1264 1269
3  1268 941 1328
3  1207 1328 1341
3  1103 1212 1330
3  1212 732 1330
3  732 1209 1330
3  1209 733 1330
3  949 1222 1332
3  1222 69 1115
3  1278 1114 1117
3  1114 1116 1117
3  945 110 1333
3  110 109 953
3  1122 1316 1283
3  1316 397 1283
3  1317 911 408
3  911 1121 408
3  1130 396 1334
3  396 544 1334
3  535 1270 1342
3  1270 426 1335
3  1286 1233 801
3  1233 984 801
3  1111 1284 1285
3  985 70 741
3  1215 792 1277
3  792 794 1277
3  106 1144 1290
3  1144 1143 1290
3  1290 1143 1291
3  1143 1142 1291
3  1241 1186 1319
3  1186 526 1319
3  644 643 1301
3  643 224 647
3  234 871 235
3  691 235 872
3  1006 1005 1172
3  1005 834 1172
3  371 685 1007
3  685 1005 1007
3  685 1251 686
3  1251 878 686
3  1174 508 1175
3  508 878 1175
3  1156 869 1040
3  869 868 1040
3  1040 1039 1176
3  1039 1174 1176
3  1304 870 1321
3  870 824 1321
3  1304 1305 1322
3  1305 1179 1322
3  1323 1337 1047
3  1337 1046 1047
3  997 1254 1182
3  1254 231 1182
3  928 1339 1065
3  1339 554 1065
3  725 1340 726
3  1340 1189 726
3  99 1267 67
3  1267 180 67
3  1211 1329 1276
3  1329 940 1276
3  1310 1326 1309
3  1326 1265 1309
3  1328 941 1341
3  941 1207 1341
3  1107 1213 1272
3  1213 1315 1272
3  1115 1220 1332
3  1220 949 1332
3  953 952 1333
3  952 945 1333
3  1270 1335 1342
3  1335 535 1342
3  985 741 1285
3  741 1111 1285
3  644 1336 645
3  1319 526 528
3  1336 340 645
3  644 1185 1336
3  643 647 1301
3  647 884 1301
3  871 1044 872
3  1044 691 872
3  686 1037 687
3  1037 1005 687
3  1269 1276 1327
3  1276 940 1327
3  1103 1272 1331
3  1272 1315 1331
3  1319 528 340
3  528 338 340
3  340 339 645
3  339 481 645
