OFF
244 484 0
0.0985222 0 0
0 0 4.3158
0 0 0
-4.34961e-07 9.95074 0
9.95074 0 0
9.95074 0 435.896
0 0 435.896
-9.16369 3.87866 0
-9.94602 0.306434 0
-9.72036 2.12879 0
-9.94602 0.306434 435.896
-4.34961e-07 9.95074 435.896
-6.92705 7.14375 0
-3.34817 0.103156 0
-9.15822 0.282162 0
6.92705 7.14375 435.896
9.16369 3.87866 435.896
6.92705 7.14375 0
-3.34817 0.103156 435.896
-9.15822 0.282162 435.896
9.16369 3.87866 0
8.29496 5.49644 0
6.70377 7.35368 0
-9.48248 3.01659 0
-6.92705 7.14375 435.896
-3.59462 9.27879 435.896
-7.87804 0.24272 435.896
-9.35517 0.28823 0
3.59462 9.27879 0
7.94086 5.99666 435.896
1.82844 9.78131 0
6.70377 7.35368 435.896
-3.59462 9.27879 0
-3.30718 9.38508 0
-9.16369 3.87866 435.896
-9.0399 4.15901 0
-5.23839 8.46029 435.896
-9.35517 0.28823 435.896
9.6502 2.42712 0
9.6502 2.42712 263.264
9.72036 2.12879 0
9.78131 1.82844 0
-7.87804 0.24272 0
8.76672 4.70763 435.896
8.29496 5.49644 366.843
8.12176 5.74928 366.843
5.23839 8.46029 0
3.59462 9.27879 435.896
3.87866 9.16369 0
1.82844 9.78131 82.0002
1.52636 9.83298 82.0002
2.72315 9.57088 0
0.918138 9.90829 0
0.612576 9.93187 0
-9.87532 1.22283 0
-9.83298 1.52636 0
-8.29496 5.49644 0
-7.75243 6.23836 0
-7.14375 6.92705 0
-1.82844 9.78131 435.896
-5.23839 8.46029 0
-4.43543 8.90753 0
-1.82844 9.78131 0
-1.52636 9.83298 0
-6.23836 7.75243 435.896
9.57088 2.72315 435.896
9.38508 3.30718 435.896
9.27879 3.59462 0
9.90829 0.918138 0
9.87532 1.22283 323.685
9.90829 0.918138 435.896
8.76672 4.70763 125.158
8.90754 4.43543 142.421
8.76672 4.70763 0
7.75243 6.23836 0
7.55664 6.47413 435.896
9.78131 1.82844 435.896
9.57088 2.72315 0
6.23836 7.75243 0
5.23839 8.46029 435.896
5.49644 8.29496 0
1.82844 9.78131 435.896
2.12879 9.72036 94.9476
0.918138 9.90829 64.737
0.612576 9.93187 60.4212
4.43543 8.90754 435.896
4.43543 8.90754 0
4.97537 8.61759 0
0.918138 9.90829 435.896
3.01659 9.48248 0
3.30718 9.38508 133.79
3.30718 9.38508 435.896
3.01659 9.48248 133.79
2.72315 9.57088 120.842
2.72315 9.57088 435.896
-9.93187 0.612577 0
-9.72036 2.12879 435.896
-9.90829 0.918138 0
-9.27879 3.59462 0
-9.27879 3.59462 435.896
-9.6502 2.42712 0
-8.76672 4.70763 0
-8.46029 5.23839 0
-8.29496 5.49644 435.896
-8.76672 4.70763 435.896
-8.12176 5.74928 0
-7.14375 6.92705 435.896
-0.918139 9.90829 435.896
-2.72315 9.57088 0
-2.42712 9.6502 0
-2.72315 9.57088 435.896
-0.918139 9.90829 0
-0.612577 9.93187 0
-4.97537 8.61759 0
-6.23836 7.75243 0
-5.74928 8.12176 0
-4.43543 8.90753 435.896
-4.15901 9.0399 0
-3.87866 9.16369 0
-6.70377 7.35368 435.896
9.83298 1.52636 0
9.83298 1.52636 362.527
9.93187 0.612576 0
9.93187 0.612576 366.843
9.94602 0.306434 0
8.12176 5.74928 435.896
8.90754 4.43543 0
7.75243 6.23836 345.264
7.75243 6.23836 435.896
8.12176 5.74928 0
7.35368 6.70377 0
7.35368 6.70377 328.001
7.14375 6.92705 435.896
7.35368 6.70377 435.896
6.23836 7.75243 435.896
6.47413 7.55664 0
0.306434 9.94602 60.4212
0.612576 9.93187 435.896
1.52636 9.83298 0
1.22283 9.87532 73.3686
5.74928 8.12176 435.896
5.74928 8.12176 0
5.99666 7.94086 0
4.70763 8.76672 0
4.15901 9.0399 0
3.87866 9.16369 435.896
4.97537 8.61759 435.896
2.42712 9.6502 107.895
2.12879 9.72036 0
2.42712 9.6502 435.896
3.30718 9.38508 0
1.52636 9.83298 435.896
-9.87532 1.22283 435.896
-9.48248 3.01659 435.896
-9.38508 3.30718 0
-9.93187 0.612577 435.896
-9.78131 1.82844 0
-9.78131 1.82844 435.896
-9.6502 2.42712 435.896
-9.57088 2.72315 0
-8.61759 4.97537 0
-8.90754 4.43543 0
-8.46029 5.23839 435.896
-8.90754 4.43543 435.896
-7.35369 6.70377 0
-7.75243 6.23836 435.896
-7.55664 6.47413 0
-7.94086 5.99666 0
-8.12176 5.74928 435.896
-3.01659 9.48248 0
-2.12879 9.72036 0
-2.12879 9.72036 435.896
-3.01659 9.48248 435.896
-0.612577 9.93187 435.896
-1.22283 9.87532 0
-1.52636 9.83298 435.896
-0.306435 9.94602 0
-4.70763 8.76672 0
-4.70763 8.76672 435.896
-3.87866 9.16369 435.896
-5.99666 7.94086 0
-6.70377 7.35368 0
-6.47413 7.55664 0
-5.74928 8.12176 435.896
-5.49644 8.29496 0
9.38508 3.30718 0
9.48248 3.01659 0
9.87532 1.22283 0
9.93187 0.612576 435.896
8.46029 5.23839 94.9476
8.46029 5.23839 0
8.61759 4.97537 0
8.61759 4.97537 435.896
8.90754 4.43543 435.896
9.0399 4.15901 142.421
9.0399 4.15901 0
7.94086 5.99666 0
8.46029 5.23839 435.896
7.14375 6.92705 315.054
7.55664 6.47413 0
7.14375 6.92705 0
1.22283 9.87532 0
0.306434 9.94602 0
0.306434 9.94602 435.896
6.47413 7.55664 435.896
5.49644 8.29496 435.896
5.99666 7.94086 435.896
4.15901 9.0399 435.896
4.70763 8.76672 435.896
2.42712 9.6502 0
3.01659 9.48248 435.896
1.22283 9.87532 435.896
2.12879 9.72036 435.896
-9.83298 1.52636 435.896
-9.90829 0.918138 435.896
-9.38508 3.30718 435.896
-9.57088 2.72315 435.896
-8.61759 4.97537 435.896
-9.0399 4.15901 435.896
-7.35369 6.70377 435.896
-7.55664 6.47413 435.896
-7.94086 5.99666 435.896
-2.42712 9.6502 435.896
-3.30718 9.38508 435.896
-1.22283 9.87532 435.896
-0.306435 9.94602 435.896
-4.97537 8.61759 435.896
-4.15901 9.0399 435.896
-5.99666 7.94086 435.896
-5.49644 8.29496 435.896
-6.47413 7.55664 435.896
9.48248 3.01659 306.422
9.38508 3.30718 332.317
9.27879 3.59462 384.106
9.6502 2.42712 435.896
9.87532 1.22283 435.896
9.83298 1.52636 435.896
9.94602 0.306434 392.738
9.0399 4.15901 435.896
9.72036 2.12879 435.896
9.94602 0.306434 435.896
8.29496 5.49644 435.896
9.48248 3.01659 435.896
9.27879 3.59462 435.896
3  0 1 2
3  0 3 4
3  1 5 6
3  3 0 2
3  7 8 9
3  1 0 5
3  3 2 8
3  5 10 6
3  10 5 11
3  5 0 4
3  3 8 12
3  8 13 14
3  8 2 13
3  2 1 13
3  15 5 16
3  4 3 17
3  18 10 19
3  13 1 6
3  20 17 21
3  15 17 22
3  7 9 23
3  24 11 25
3  18 19 26
3  8 14 27
3  4 17 20
3  17 3 28
3  13 6 18
3  6 10 18
3  11 5 15
3  15 16 29
3  28 3 30
3  15 22 31
3  10 11 24
3  12 8 7
3  32 25 33
3  7 34 35
3  3 12 32
3  24 25 36
3  27 19 37
3  10 8 27
3  38 39 40
3  4 20 41
3  27 14 19
3  19 14 42
3  14 13 42
3  13 18 42
3  29 16 43
3  44 21 45
3  17 28 46
3  28 47 48
3  49 30 50
3  28 30 51
3  52 3 53
3  11 15 47
3  9 8 54
3  9 54 55
3  10 24 34
3  12 56 57
3  24 12 58
3  12 7 56
3  25 11 59
3  32 60 61
3  62 59 63
3  3 32 62
3  32 12 60
3  24 36 64
3  16 65 66
3  20 16 67
3  68 69 70
3  4 41 68
3  19 10 37
3  10 27 37
3  19 42 26
3  42 18 26
3  71 43 72
3  20 21 73
3  21 17 74
3  15 29 75
3  16 5 76
3  39 77 65
3  17 46 78
3  46 79 80
3  30 3 52
3  49 81 82
3  83 52 84
3  11 47 81
3  47 79 85
3  47 15 79
3  46 86 87
3  46 28 86
3  83 84 88
3  28 51 89
3  47 90 91
3  92 93 94
3  54 8 95
3  10 34 96
3  54 95 97
3  7 23 98
3  34 98 99
3  9 96 100
3  56 101 102
3  56 7 101
3  34 103 104
3  34 24 103
3  56 103 105
3  24 58 106
3  59 11 107
3  62 32 108
3  62 108 109
3  25 59 110
3  111 107 112
3  3 62 111
3  60 36 113
3  60 114 115
3  61 116 117
3  32 61 118
3  60 12 114
3  24 64 119
3  41 77 38
3  41 20 77
3  120 76 121
3  41 76 120
3  122 123 124
3  4 68 122
3  44 45 125
3  20 73 126
3  127 74 75
3  127 75 128
3  127 29 74
3  21 74 129
3  74 17 130
3  131 132 133
3  17 78 22
3  78 134 135
3  84 136 137
3  81 49 50
3  30 52 138
3  52 83 139
3  84 53 136
3  11 81 88
3  79 134 140
3  79 15 134
3  78 141 142
3  78 46 141
3  86 85 143
3  86 28 48
3  86 48 144
3  47 85 145
3  79 87 146
3  79 46 87
3  93 51 147
3  51 93 92
3  30 82 148
3  94 147 149
3  93 147 94
3  28 89 150
3  81 50 151
3  83 88 139
3  81 94 149
3  81 47 94
3  8 10 95
3  10 96 152
3  23 153 154
3  34 7 98
3  95 10 155
3  9 55 156
3  96 156 157
3  55 54 152
3  96 153 158
3  96 34 153
3  23 100 159
3  23 9 100
3  101 104 160
3  101 7 161
3  103 102 162
3  103 56 102
3  101 161 104
3  34 104 163
3  12 57 164
3  57 165 166
3  57 105 167
3  57 56 105
3  103 165 168
3  103 24 165
3  109 108 110
3  108 32 169
3  59 170 171
3  62 109 170
3  108 169 110
3  25 110 172
3  107 11 173
3  111 62 63
3  111 63 174
3  59 107 175
3  112 173 176
3  3 111 112
3  61 177 116
3  61 60 177
3  36 116 178
3  36 25 116
3  25 118 179
3  25 32 118
3  114 64 180
3  114 181 182
3  115 183 184
3  60 115 184
3  114 12 181
3  12 24 181
3  77 185 186
3  77 20 185
3  77 39 38
3  41 38 40
3  76 5 70
3  69 120 121
3  68 120 187
3  68 41 120
3  123 70 188
3  122 68 123
3  5 4 124
3  4 122 124
3  21 189 190
3  73 71 72
3  43 191 192
3  21 44 189
3  43 71 191
3  45 29 125
3  72 193 194
3  20 126 195
3  29 129 196
3  29 43 197
3  131 130 198
3  15 75 132
3  131 75 130
3  74 130 199
3  130 17 200
3  17 15 198
3  50 139 151
3  52 139 201
3  53 3 202
3  84 52 53
3  3 11 136
3  136 11 203
3  134 31 204
3  134 15 31
3  31 22 135
3  22 78 135
3  141 140 142
3  141 46 80
3  141 80 140
3  79 140 205
3  134 142 206
3  134 78 142
3  85 144 207
3  85 86 144
3  144 48 145
3  48 47 145
3  87 143 146
3  87 86 143
3  85 146 208
3  85 79 146
3  82 147 209
3  30 49 82
3  51 92 89
3  89 92 90
3  90 92 210
3  47 28 90
3  11 88 137
3  88 84 137
3  88 151 211
3  88 81 151
3  92 94 210
3  94 47 210
3  147 82 149
3  81 149 212
3  156 55 213
3  96 9 156
3  10 152 155
3  152 54 97
3  152 97 214
3  97 95 155
3  55 152 213
3  152 96 213
3  153 99 215
3  153 34 99
3  99 98 154
3  98 23 154
3  100 158 159
3  100 96 158
3  153 159 216
3  153 23 159
3  104 161 163
3  161 7 35
3  104 162 217
3  104 103 162
3  162 102 160
3  102 101 160
3  161 35 163
3  34 163 218
3  12 164 58
3  58 164 219
3  165 219 220
3  165 24 219
3  219 164 166
3  164 57 166
3  165 167 221
3  165 57 167
3  167 105 168
3  105 103 168
3  110 169 172
3  169 32 33
3  170 109 222
3  59 62 170
3  109 110 222
3  110 59 222
3  169 33 172
3  25 172 223
3  107 174 224
3  107 111 174
3  174 63 175
3  63 59 175
3  173 11 225
3  112 107 173
3  11 3 176
3  3 112 176
3  116 177 178
3  177 60 113
3  177 113 178
3  36 178 226
3  118 117 179
3  118 61 117
3  116 179 227
3  116 25 179
3  115 180 183
3  115 114 180
3  64 183 228
3  64 36 183
3  36 184 229
3  36 60 184
3  181 119 182
3  181 24 119
3  64 182 230
3  64 114 182
3  231 232 66
3  185 20 67
3  185 233 232
3  77 231 65
3  39 65 234
3  76 41 40
3  76 235 236
3  69 121 235
3  120 69 187
3  69 68 187
3  70 5 188
3  123 68 70
3  5 124 237
3  124 123 237
3  71 73 191
3  73 21 191
3  191 189 197
3  189 44 197
3  73 72 126
3  126 72 194
3  72 43 193
3  43 16 193
3  16 194 238
3  16 20 194
3  29 45 129
3  45 21 129
3  75 29 128
3  29 127 128
3  131 198 132
3  198 15 132
3  130 75 199
3  75 74 199
3  17 198 200
3  198 130 200
3  139 50 138
3  50 30 138
3  3 136 202
3  136 53 202
3  31 135 204
3  135 134 204
3  140 80 205
3  80 79 205
3  142 140 206
3  140 134 206
3  144 145 207
3  145 85 207
3  146 143 208
3  143 85 208
3  147 51 209
3  51 30 209
3  89 90 150
3  90 28 150
3  11 137 203
3  137 136 203
3  151 139 211
3  139 88 211
3  90 210 91
3  210 47 91
3  149 82 212
3  82 81 212
3  97 155 214
3  155 152 214
3  156 213 157
3  213 96 157
3  99 154 215
3  154 153 215
3  159 158 216
3  158 153 216
3  162 160 217
3  160 104 217
3  163 35 218
3  35 34 218
3  58 219 106
3  219 24 106
3  219 166 220
3  166 165 220
3  167 168 221
3  168 165 221
3  170 222 171
3  222 59 171
3  172 33 223
3  33 25 223
3  174 175 224
3  175 107 224
3  11 176 225
3  176 173 225
3  178 113 226
3  113 36 226
3  179 117 227
3  117 116 227
3  183 180 228
3  180 64 228
3  184 183 229
3  183 36 229
3  182 119 230
3  119 64 230
3  185 67 233
3  67 16 233
3  16 76 65
3  65 76 239
3  185 231 186
3  231 77 186
3  76 40 239
3  40 39 239
3  76 70 235
3  70 69 235
3  237 188 240
3  237 123 188
3  189 191 190
3  191 21 190
3  29 197 125
3  44 125 241
3  191 197 192
3  197 43 192
3  126 194 195
3  194 20 195
3  194 193 238
3  193 16 238
3  129 74 196
3  74 29 196
3  132 75 133
3  75 131 133
3  139 138 201
3  138 52 201
3  82 209 148
3  209 30 148
3  66 65 242
3  231 185 232
3  65 239 234
3  239 39 234
3  235 121 236
3  121 76 236
3  188 5 240
3  5 237 240
3  125 197 241
3  197 44 241
3  232 233 66
3  16 66 243
3  65 231 242
3  231 66 242
3  66 233 243
3  233 16 243
