OFF
589 1174 0
9.95074 0 9.09495e-13
4.74958e-08 -8.22689e-08 431.58
3.58554e-08 -6.21046e-08 185.579
9.95074 0 435.896
9.95074 0 4.3158
9.94602 0.306434 4.3158
-7.14359 6.9269 435.896
-9.94602 0.306434 435.896
-9.15822 0.282162 -4.54747e-12
-9.74907 0.300366 -4.09273e-12
-8.07499 0.248788 -7.27596e-12
-7.58261 0.233618 -8.18545e-12
-9.22158 0.854505 -1.27329e-11
9.55212 0.294298 -5.91172e-12
-8.76672 4.70763 -6.36646e-12
-9.72036 2.12879 -3.63798e-12
-9.67977 1.19861 -5.91172e-12
9.85222 0 -4.54747e-13
9.81019 0.909048 -5.91172e-12
-3.30717 9.38507 60.4212
-3.59462 9.27878 51.7896
-3.30717 9.38506 77.6844
-4.97906 8.04146 -4.77485e-12
-7.20807 6.57102 -5.91172e-12
0.306425 9.94558 435.896
9.48244 3.01658 435.896
-3.34817 0.103156 -1.81899e-12
0 0 0
4.91435e-09 -1.06817e-08 30.2106
9.78131 1.82844 -1.36424e-12
9.72036 2.12879 198.527
9.78131 1.82844 185.579
6.47397 7.55645 435.896
6.92689 7.14359 435.896
6.70361 7.35351 435.896
9.94602 0.306434 3.18323e-12
9.90829 0.918137 435.896
9.90829 0.918138 431.58
9.87532 1.22283 237.369
4.60209e-08 -6.09444e-08 435.896
-7.87804 0.24272 1.36424e-12
-9.15822 0.282162 431.58
-9.35517 0.28823 4.54747e-13
-9.57088 2.72315 -2.72848e-12
3.30705 9.38471 435.896
3.87851 9.16335 435.896
3.59448 9.27843 435.896
8.29485 5.49636 435.896
4.97521 8.61731 435.896
9.93187 0.612576 0
9.93187 0.612577 47.4738
-7.87804 0.24272 319.369
1.22282 9.87527 99.2635
1.52636 9.83295 73.3686
1.22283 9.87529 73.3686
-9.94602 0.306434 -3.18323e-12
-3.87866 9.16369 1.36424e-12
-4.15901 9.0399 4.3158
-3.87866 9.16369 34.5264
-7.75243 6.23836 -4.54747e-12
-7.94086 5.99666 -2.72848e-12
-7.94086 5.99666 60.4212
-9.90829 0.918138 -2.27374e-12
-9.93187 0.612577 0
-9.90829 0.91814 86.316
7.51833 3.45898 -6.36646e-12
8.29496 5.49644 -5.00222e-12
9.28659 2.64226 -5.91172e-12
6.92705 7.14375 30.2106
6.70377 7.35369 8.6316
6.92704 7.14375 64.737
7.35354 6.70364 435.896
8.17734 0 -3.63798e-12
9.55665 0 -3.18323e-12
9.68446 1.81034 -3.63798e-12
8.90754 4.43543 38.8422
8.90754 4.43543 -2.72848e-12
8.76672 4.70763 38.8422
-3.87851 9.16335 435.896
-1.82836 9.78089 435.896
-2.72303 9.57048 435.896
9.94602 0.306434 211.474
9.94602 0.306434 418.633
-9.15822 0.282162 435.896
-9.35517 0.28823 435.896
4.13793 0 -2.50111e-12
4.9272 7.9577 -3.63798e-12
-7.75241 6.23834 112.211
-7.55662 6.47412 107.895
-7.55664 6.47413 56.1054
-6.85846 7.07302 -5.00222e-12
-8.76663 4.70758 435.896
-9.16363 3.87863 435.896
-8.90746 4.43539 435.896
-8.12164 5.7492 435.896
9.48248 3.01659 -9.09495e-13
9.65019 2.42712 220.106
9.57085 2.72314 422.949
9.65017 2.42712 422.949
8.29495 5.49643 103.579
8.29494 5.49643 129.474
8.46027 5.23838 138.106
-2.10772 9.62412 -1.7053e-12
0.306434 9.94602 -2.84217e-14
2.42712 9.6502 -7.95808e-13
6.23836 7.75243 -3.18323e-12
1.52636 9.83298 0
1.82844 9.78131 7.95808e-13
2.12879 9.72036 -4.54747e-13
4.159 9.03988 77.6844
4.43541 8.90751 90.6318
4.15901 9.03989 56.1054
5.99665 7.94085 73.3686
6.23835 7.75242 64.737
5.99666 7.94086 38.8422
9.83297 1.52636 435.896
-5.23836 8.46025 116.527
-5.49643 8.29494 86.316
-5.49642 8.29493 103.579
-4.61441 8.59312 -3.63798e-12
-3.30718 9.38508 -1.36424e-12
-3.30718 9.38508 30.2106
-3.30717 9.38508 38.8422
-3.34817 0.103156 202.843
-6.79481 0.209346 353.896
5.99649 7.94064 435.896
-3.34549 8.6357 -3.63798e-12
0.918132 9.90822 120.842
0.612574 9.93183 86.316
0.612553 9.93143 435.896
1.52635 9.83294 86.316
1.52635 9.83292 107.895
1.82843 9.78127 90.6318
-7.14375 6.92705 -3.63798e-12
-5.99666 7.94086 -1.81899e-12
-9.87532 1.22283 0
-9.78131 1.82844 1.36424e-12
-9.38504 3.30716 435.896
-9.83296 1.52636 435.896
-9.65017 2.42712 435.896
-7.75229 6.23825 435.896
-8.46018 5.23833 435.896
9.38508 3.30717 125.158
9.38504 3.30716 435.896
9.16369 3.87866 -9.09495e-13
9.0399 4.15901 2.72848e-12
9.16369 3.87866 77.6844
5.99666 7.94086 25.8948
6.23836 7.75243 12.9474
8.12175 5.74927 99.2635
8.29485 5.49637 422.949
4.15886 9.03957 435.896
9.90829 0.918138 2.27374e-12
-0.918094 9.90786 435.896
-1.22277 9.87489 435.896
-6.92705 7.14375 38.8422
-7.14375 6.92704 64.737
-6.92704 7.14375 60.4212
-3.59462 9.27879 8.6316
-3.59462 9.27879 0
-3.30704 9.38471 435.896
-2.4271 9.65012 129.474
-2.42702 9.6498 435.896
-2.12878 9.72033 86.316
9.65017 2.42711 435.896
-5.99665 7.94085 77.6844
-5.99666 7.94086 38.8422
-6.23835 7.75242 69.0528
-5.23839 8.46029 -2.95586e-12
3.01659 9.48248 9.09495e-13
2.72315 9.57088 6.82121e-13
2.72315 9.57087 47.4738
3.01659 9.48246 69.0528
2.72315 9.57088 25.8948
3.01658 9.48244 94.9476
2.72313 9.57082 112.211
3.01657 9.48241 125.158
4.70761 8.76669 99.2635
4.97535 8.61756 103.579
4.70762 8.7667 82.0002
-0.612577 9.93187 -2.27374e-13
-0.306435 9.94602 -1.13687e-13
-9.72034 2.12879 435.896
-9.78129 1.82844 435.896
-9.27879 3.59462 -2.27374e-12
-9.0399 4.15901 -2.72848e-12
-9.27873 3.5946 435.896
-8.61759 4.97537 4.09273e-12
-8.46029 5.23839 60.4212
-8.46029 5.23839 -4.54747e-13
-8.61759 4.97537 82.0002
-7.35353 6.70364 435.896
8.46029 5.23839 4.54747e-13
8.61759 4.97537 2.72848e-12
8.76672 4.70763 86.316
8.6175 4.97531 435.896
8.46019 5.23832 435.896
8.29496 5.49644 51.7896
7.94085 5.99665 99.2635
7.94086 5.99666 56.1054
7.75242 6.23835 77.6844
7.75241 6.23834 112.211
7.7523 6.23825 435.896
7.94074 5.99656 422.949
7.5565 6.47401 435.896
7.35366 6.70375 125.158
6.70377 7.35368 2.27374e-12
6.47413 7.55664 1.36424e-12
6.47413 7.55664 47.4738
6.92705 7.14375 4.54747e-13
2.42702 9.6498 435.896
3.01647 9.4821 435.896
2.72304 9.57049 435.896
-0.306417 9.94558 435.896
-0.612546 9.93143 435.896
-0.918139 9.90829 -1.13687e-13
-0.918139 9.90829 25.8948
-1.52636 9.83294 86.316
-1.52635 9.83291 116.527
-1.22283 9.87529 77.6844
-6.47413 7.55664 9.09495e-13
-6.70377 7.35368 0
-5.74927 8.12175 73.3686
-5.74928 8.12176 30.2106
-6.92705 7.14375 4.54747e-13
-6.23836 7.75243 3.18323e-12
-3.01659 9.48248 -4.54747e-13
-3.30718 9.38508 12.9474
-3.01659 9.48248 17.2632
-0.612574 9.93182 94.9476
-0.918135 9.90825 90.6318
-3.59448 9.27843 435.896
9.83298 1.52636 164
9.6502 2.42712 2.27374e-12
9.72036 2.12879 3.63798e-12
9.38508 3.30718 77.6844
9.48248 3.01659 56.1054
9.6502 2.42712 82.0002
1.22278 9.87489 435.896
0.918103 9.90786 435.896
0.918138 9.90829 5.68434e-14
1.22283 9.87532 2.84217e-13
1.5263 9.83255 435.896
1.82837 9.78089 435.896
4.39151 8.81934 -1.13687e-12
3.87866 9.16369 30.2106
4.15901 9.0399 34.5264
4.43527 8.90722 435.896
4.15899 9.03984 125.158
3.5946 9.27875 99.2635
4.15901 9.0399 9.09495e-13
4.70763 8.76672 6.82121e-13
3.87866 9.16369 -2.27374e-13
-2.42712 9.6502 -5.68434e-13
-5.74925 8.12172 125.158
-4.43543 8.90753 -2.04636e-12
-4.159 9.03987 94.9476
-4.43541 8.9075 99.2635
-4.4354 8.90748 125.158
-4.97537 8.61759 -9.09495e-13
-5.23839 8.46029 34.5264
-4.97537 8.61759 38.8422
-4.7076 8.76667 125.158
-9.94602 0.306437 211.474
-9.90829 0.918142 306.422
-9.93187 0.612577 427.264
-9.90829 0.918138 435.896
-9.87531 1.22283 435.896
-9.83298 1.52636 2.72848e-12
-9.93186 0.612577 435.896
-9.16369 3.87866 77.6844
-9.27879 3.59462 64.737
-9.38508 3.30718 -1.81899e-12
-9.27874 3.5946 418.633
-8.61749 4.97532 435.896
-8.6175 4.97532 431.58
-8.46027 5.23838 129.474
-7.1436 6.9269 427.264
-8.29485 5.49637 427.264
-8.29494 5.49643 129.474
-8.29496 5.49644 5.45697e-12
-8.29496 5.49644 60.4212
9.38508 3.30718 1.81899e-12
9.27879 3.59462 73.3686
9.27878 3.59462 146.737
9.27879 3.59462 2.27374e-12
9.16363 3.87863 435.896
8.90746 4.43539 435.896
8.12176 5.74928 34.5264
8.12176 5.74927 64.737
7.75243 6.23836 4.54747e-12
7.55664 6.47413 -9.09495e-13
7.55664 6.47413 47.4738
7.35368 6.70377 -3.63798e-12
7.14374 6.92703 103.579
7.14375 6.92704 69.0528
6.70376 7.35367 82.0002
6.47412 7.55662 90.6318
6.70375 7.35366 107.895
7.55663 6.47413 73.3686
7.35367 6.70376 90.6318
7.55663 6.47412 90.6318
5.49642 8.29493 103.579
5.74911 8.12152 435.896
5.74924 8.12171 142.421
4.97537 8.61759 0
5.74928 8.12176 -1.36424e-12
5.23839 8.46029 2.27374e-12
4.43543 8.90754 2.50111e-12
4.43543 8.90754 12.9474
-0.918137 9.90827 69.0528
0.612575 9.93186 43.158
0.612576 9.93187 12.9474
0.306434 9.94602 30.2106
3.12356e-06 9.9503 435.896
-0.30643 9.94594 125.158
-1.52629 9.83255 435.896
-1.22282 9.87525 116.527
-4.34961e-07 9.95074 2.71051e-20
-4.3496e-07 9.95074 21.579
-1.52636 9.83298 -6.82121e-13
-2.12879 9.72036 -1.13687e-13
-2.12879 9.72036 38.8422
-1.52636 9.83296 60.4212
-1.22283 9.87531 47.4738
-7.14374 6.92703 94.9476
-6.92703 7.14374 94.9476
-5.18635 8.37626 435.896
-4.15886 9.03957 435.896
-5.23821 8.46002 435.896
-5.23838 8.46027 77.6844
-5.49644 8.29496 30.2106
-6.47413 7.55664 38.8422
0.306433 9.946 64.737
0.612574 9.93184 73.3686
-6.23836 7.75243 21.579
-5.69218 8.04112 435.896
-2.72315 9.57088 1.7053e-12
-3.01659 9.48247 47.4738
-3.01659 9.48246 64.737
-3.87864 9.16364 112.211
-3.59461 9.27875 94.9476
-3.87865 9.16367 73.3686
9.57084 2.72314 435.896
9.57087 2.72315 181.264
9.7813 1.82844 435.896
9.72035 2.12879 422.949
2.4271 9.65013 120.842
2.42712 9.6502 4.3158
4.4354 8.90749 116.527
2.72314 9.57084 90.6318
-6.7036 7.35351 435.896
-5.74928 8.12176 -4.54747e-13
-5.7491 8.12152 435.896
-4.70762 8.7667 82.0002
-4.97534 8.61755 116.527
-1.82844 9.78131 -1.13687e-13
-9.94602 0.306437 410.001
-9.72036 2.12879 224.422
-9.7813 1.82844 410.001
-9.78131 1.82844 181.264
-9.90829 0.91814 431.58
-9.87532 1.22283 224.422
-9.83297 1.52636 431.58
-9.65018 2.42712 358.212
-9.6502 2.42712 -2.27374e-12
-9.48248 3.01659 9.09495e-13
-9.48244 3.01658 435.896
-8.90754 4.43543 2.72848e-12
-9.16367 3.87865 198.527
-9.03989 4.15901 133.79
-8.76664 4.70759 427.264
-7.94073 5.99657 435.896
-7.35367 6.70376 90.6318
-7.35367 6.70375 103.579
-8.12176 5.74927 69.0528
-8.12175 5.74927 103.579
-8.76672 4.70763 82.0002
-8.90754 4.43543 25.8948
-6.92689 7.14359 435.896
-7.55649 6.47401 435.896
-7.55664 6.47413 -4.09273e-12
-7.94085 5.99665 99.2635
-7.75242 6.23835 77.6844
9.48247 3.01659 172.632
9.27874 3.5946 422.949
9.27873 3.5946 435.896
8.90753 4.43542 112.211
9.03983 4.15898 435.896
9.03989 4.15901 142.421
9.16367 3.87865 198.527
8.90752 4.43542 151.053
8.61759 4.97537 82.0002
8.76672 4.70763 3.63798e-12
8.12176 5.74928 2.72848e-12
7.94086 5.99666 2.72848e-12
7.35368 6.70377 47.4738
7.14375 6.92705 34.5264
7.55661 6.47411 138.106
8.12165 5.74919 435.896
7.55662 6.47412 107.895
7.75243 6.23836 25.8948
7.1436 6.9269 435.896
7.14375 6.92705 -9.09495e-13
6.47409 7.55659 155.369
6.23819 7.75222 435.896
5.23836 8.46024 129.474
5.49627 8.2947 435.896
5.23822 8.46002 435.896
4.70747 8.76642 435.896
2.12871 9.71995 435.896
2.12878 9.72029 125.158
0.306432 9.94596 107.895
0.306432 9.94593 133.79
0.918138 9.90829 30.2106
3.30718 9.38508 1.13687e-12
3.59462 9.27879 4.3158
3.59462 9.27879 1.81899e-12
3.30718 9.38508 21.579
3.59462 9.27879 25.8948
4.97537 8.61759 43.158
-0.612576 9.93186 43.158
-0.918138 9.90828 51.7896
-0.612576 9.93185 60.4212
-0.306434 9.946 64.737
-4.34958e-07 9.95069 99.2635
-4.34959e-07 9.95071 77.6844
-4.34957e-07 9.95067 116.527
-3.01647 9.48209 435.896
-2.72314 9.57084 90.6318
-3.01658 9.48244 90.6318
-2.72313 9.57081 125.158
-5.49627 8.29471 431.58
-5.49626 8.29471 435.896
-5.23837 8.46026 99.2635
-4.97536 8.61758 69.0528
-5.99648 7.94064 435.896
-6.47396 7.55645 435.896
-3.5946 9.27873 120.842
-3.30716 9.38503 112.211
9.93186 0.612576 435.896
9.93187 0.612576 422.949
9.94602 0.306433 435.896
9.87532 1.22283 0
9.93187 0.612577 202.843
9.87531 1.22283 435.896
0.918135 9.90826 82.0002
0.918137 9.90828 56.1054
1.82844 9.78131 25.8948
1.52636 9.83298 21.579
0.612576 9.93187 4.3158
0.612576 9.93187 1.7053e-13
3.30716 9.38504 103.579
3.59461 9.27876 86.316
3.01659 9.48248 25.8948
1.82844 9.78128 77.6844
2.12879 9.72034 69.0528
2.42712 9.65018 64.737
3.87864 9.16365 103.579
-6.70377 7.35368 47.4738
-6.70376 7.35367 86.316
-5.49644 8.29496 2.72848e-12
-4.15901 9.03989 60.4212
-4.43543 8.90753 34.5264
-4.43542 8.90753 47.4738
-4.15901 9.0399 38.8422
-4.15901 9.0399 -4.54747e-13
-2.42711 9.65016 90.6318
-1.82844 9.78127 90.6318
-3.01647 9.4821 431.58
-3.01657 9.4824 133.79
-9.48248 3.0166 69.0528
-9.57088 2.72315 38.8422
-9.83298 1.52636 151.053
-9.90829 0.918142 345.264
-9.48244 3.01659 427.264
-9.57085 2.72314 388.422
-9.38508 3.30718 112.211
-9.57084 2.72315 435.896
-9.03983 4.15898 435.896
-9.16369 3.87866 9.09495e-13
-8.12176 5.74928 17.2632
-8.29495 5.49643 103.579
-8.12176 5.74928 -2.27374e-12
-8.29485 5.49636 435.896
-7.14372 6.92702 133.79
-7.35369 6.70377 -9.09495e-13
-7.35369 6.70377 21.579
-7.55649 6.47402 431.58
8.76664 4.70758 435.896
9.0399 4.15901 82.0002
6.92703 7.14374 94.9476
6.70377 7.35368 38.8422
6.23834 7.75241 94.9476
4.97536 8.61758 69.0528
4.70763 8.76672 43.158
5.49644 8.29496 2.72848e-12
5.23839 8.46029 34.5264
5.99666 7.94086 -4.54747e-13
1.52636 9.83296 60.4212
1.52636 9.83297 43.158
1.22283 9.87531 47.4738
3.87865 9.16367 73.3686
4.43542 8.90752 69.0528
3.87865 9.16368 60.4212
-0.306435 9.94602 21.579
-2.1287 9.71995 435.896
-1.22283 9.87532 5.11591e-13
-1.22283 9.87532 21.579
-4.97536 8.61757 82.0002
-4.9752 8.61731 435.896
-6.23818 7.75222 435.896
-6.23832 7.75239 129.474
-6.47411 7.55661 116.527
-3.59462 9.27879 21.579
9.83298 1.52636 -9.09495e-13
9.57088 2.72315 64.737
9.57088 2.72315 5.45697e-12
1.82844 9.7813 51.7896
2.42711 9.65016 90.6318
3.30717 9.38507 60.4212
2.12879 9.72036 34.5264
3.30717 9.38506 73.3686
3.59462 9.27878 51.7896
-7.14375 6.92705 25.8948
-6.70375 7.35366 112.211
-4.70763 8.76672 0
-5.49644 8.29495 51.7896
-5.99663 7.94082 129.474
-4.43527 8.90722 435.896
-4.43542 8.90752 69.0528
-4.70763 8.76672 38.8422
-2.72315 9.57087 43.158
-2.72315 9.57088 12.9474
-9.72035 2.12879 358.212
-9.48248 3.0166 43.158
-9.03983 4.15899 431.58
-8.90753 4.43542 116.527
8.46029 5.23839 51.7896
7.35368 6.70376 69.0528
7.94073 5.99656 435.896
4.43542 8.90753 47.4738
5.49644 8.29496 30.2106
5.49643 8.29494 82.0002
5.49643 8.29495 64.737
5.99663 7.94082 129.474
-0.612577 9.93187 4.3158
-1.52635 9.83289 133.79
-1.52636 9.83298 12.9474
-1.52636 9.83297 43.158
-1.82844 9.78131 30.2106
-1.82844 9.78129 64.737
9.72034 2.12879 435.896
-4.3496e-07 9.95072 64.737
1.82843 9.78122 138.106
-6.47412 7.55662 94.9476
-6.47413 7.55663 64.737
-9.6502 2.42712 86.316
-9.0399 4.15901 77.6844
-7.75243 6.23836 8.6316
-7.35368 6.70376 73.3686
6.4741 7.5566 133.79
5.74927 8.12175 73.3686
4.97535 8.61757 90.6318
3.30717 9.38508 38.8422
5.74926 8.12174 94.9476
-0.306432 9.94598 86.316
-0.306434 9.94602 30.2106
-4.3496e-07 9.95073 43.158
-2.12879 9.72034 73.3686
-2.42712 9.6502 17.2632
-2.42712 9.65019 47.4738
1.22283 9.87532 17.2632
2.42712 9.6502 17.2632
2.42712 9.65019 43.158
2.72314 9.57086 64.737
-4.70747 8.76642 435.896
-1.82844 9.78128 77.6844
-9.57087 2.72315 176.948
-8.90754 4.43543 38.8422
6.47411 7.55661 112.211
5.74928 8.12176 25.8948
5.23837 8.46027 82.0002
-4.34961e-07 9.95074 17.2632
0.306433 9.94598 86.316
-2.42712 9.65018 64.737
-2.72314 9.57086 64.737
5.23838 8.46028 60.4212
5.74927 8.12176 47.4738
3  0 1 2
3  3 4 5
3  3 6 7
3  8 9 10
3  11 12 13
3  14 12 15
3  15 12 16
3  17 13 18
3  19 20 21
3  22 12 23
3  24 3 25
3  26 27 28
3  29 30 31
3  32 33 34
3  5 0 35
3  36 37 38
3  17 0 28
3  3 7 39
3  8 26 40
3  8 41 42
3  14 15 43
3  44 45 46
3  24 47 48
3  35 49 50
3  4 3 1
3  41 40 51
3  52 53 54
3  6 3 24
3  5 4 0
3  5 35 50
3  8 55 9
3  9 12 10
3  56 57 58
3  59 60 61
3  62 63 64
3  12 14 23
3  24 25 47
3  65 66 67
3  68 69 70
3  48 71 33
3  28 72 73
3  72 11 13
3  74 29 18
3  75 76 77
3  4 1 0
3  0 2 28
3  78 79 80
3  6 24 78
3  81 50 82
3  3 5 81
3  41 51 83
3  1 3 39
3  2 26 28
3  1 26 2
3  39 7 84
3  7 42 84
3  7 55 42
3  55 8 42
3  55 12 9
3  28 27 85
3  66 12 86
3  12 22 86
3  87 88 89
3  22 23 90
3  15 55 62
3  7 6 91
3  92 91 93
3  91 6 94
3  95 74 67
3  96 97 98
3  99 100 101
3  102 103 104
3  66 86 105
3  106 107 108
3  109 110 111
3  112 113 114
3  27 26 11
3  12 11 10
3  0 49 35
3  25 3 115
3  116 117 118
3  78 24 79
3  102 119 120
3  121 20 122
3  12 65 67
3  81 5 50
3  40 26 123
3  41 8 40
3  26 1 123
3  51 123 124
3  42 41 84
3  51 124 83
3  48 32 125
3  22 102 126
3  127 128 129
3  130 131 132
3  22 90 119
3  90 133 134
3  12 55 16
3  55 15 16
3  62 55 63
3  15 135 136
3  7 91 137
3  138 137 139
3  94 6 140
3  91 94 141
3  25 142 143
3  144 145 146
3  105 147 148
3  100 149 150
3  24 48 151
3  44 151 45
3  105 86 104
3  86 102 104
3  11 26 10
3  26 8 10
3  12 66 65
3  13 12 18
3  50 49 152
3  18 12 67
3  79 153 154
3  79 24 153
3  155 156 157
3  158 120 159
3  78 80 160
3  161 162 163
3  74 95 29
3  25 115 164
3  72 28 85
3  17 28 73
3  40 123 51
3  39 84 83
3  165 166 167
3  90 168 119
3  102 86 126
3  86 22 126
3  169 104 170
3  171 172 173
3  24 151 44
3  174 175 176
3  177 178 179
3  53 52 130
3  102 180 103
3  103 180 181
3  135 62 64
3  135 15 62
3  7 137 138
3  138 182 183
3  14 184 185
3  137 92 186
3  187 188 189
3  190 188 187
3  140 6 191
3  23 14 59
3  74 18 67
3  76 66 192
3  95 76 144
3  77 193 194
3  47 195 196
3  47 25 195
3  192 66 197
3  198 199 200
3  201 202 203
3  71 204 205
3  206 207 69
3  48 47 71
3  207 105 208
3  105 206 209
3  210 211 212
3  175 211 176
3  49 0 18
3  0 17 18
3  153 213 214
3  153 24 213
3  180 215 216
3  217 218 219
3  220 134 221
3  222 223 166
3  221 133 224
3  134 220 225
3  226 227 228
3  120 227 226
3  153 229 230
3  78 160 231
3  31 115 232
3  29 233 234
3  235 142 236
3  233 237 30
3  27 11 85
3  11 72 85
3  72 13 73
3  13 17 73
3  123 1 124
3  84 41 83
3  24 238 239
3  106 240 241
3  131 242 243
3  105 104 244
3  245 111 246
3  151 247 248
3  46 45 249
3  250 251 252
3  102 120 253
3  102 22 119
3  222 254 117
3  168 90 134
3  120 119 255
3  256 257 258
3  259 260 261
3  258 257 262
3  63 55 263
3  264 63 265
3  266 138 267
3  135 268 136
3  7 138 266
3  7 269 265
3  270 184 271
3  138 139 182
3  184 43 272
3  184 14 43
3  137 91 92
3  271 137 273
3  14 187 189
3  14 190 187
3  91 141 274
3  275 141 276
3  191 6 277
3  141 278 279
3  276 141 279
3  280 188 281
3  95 144 282
3  283 144 146
3  283 146 284
3  283 282 285
3  75 77 194
3  195 25 286
3  100 196 101
3  195 286 287
3  197 99 101
3  47 196 150
3  197 288 289
3  290 291 292
3  292 291 293
3  294 295 70
3  209 206 69
3  296 297 298
3  299 300 301
3  71 47 202
3  48 33 32
3  208 297 296
3  302 303 304
3  208 105 148
3  151 48 247
3  250 252 245
3  242 131 238
3  24 242 238
3  105 305 306
3  305 307 306
3  308 250 309
3  110 109 248
3  66 76 67
3  76 95 67
3  230 229 310
3  311 312 313
3  153 214 229
3  213 314 315
3  79 154 316
3  154 153 317
3  103 318 319
3  180 102 320
3  321 253 322
3  323 219 324
3  325 326 156
3  327 328 329
3  260 117 330
3  168 331 260
3  220 221 332
3  311 333 334
3  335 134 225
3  6 78 336
3  253 226 337
3  338 19 339
3  340 341 342
3  20 341 21
3  115 3 36
3  50 152 37
3  25 164 343
3  344 97 96
3  345 30 346
3  29 95 233
3  124 1 83
3  1 39 83
3  104 103 240
3  239 238 127
3  24 44 242
3  212 175 347
3  104 348 170
3  242 44 210
3  247 349 248
3  175 174 350
3  134 133 221
3  6 336 351
3  168 134 352
3  331 352 223
3  351 329 353
3  78 340 328
3  262 354 355
3  119 168 255
3  356 320 321
3  120 226 253
3  55 7 263
3  263 7 357
3  15 136 358
3  359 358 360
3  361 267 362
3  138 363 267
3  135 264 362
3  269 266 265
3  7 266 269
3  63 357 265
3  267 363 362
3  183 182 359
3  182 139 364
3  43 15 365
3  272 43 366
3  139 137 367
3  14 185 368
3  369 92 370
3  92 369 273
3  137 186 273
3  91 275 371
3  275 190 371
3  94 140 372
3  325 373 374
3  188 275 276
3  61 375 376
3  188 190 275
3  377 368 378
3  326 277 379
3  140 191 380
3  221 224 155
3  191 325 374
3  381 59 89
3  61 382 383
3  142 384 236
3  384 344 236
3  95 282 235
3  282 283 235
3  144 76 145
3  76 75 145
3  385 286 386
3  286 25 143
3  387 388 389
3  146 390 385
3  387 194 391
3  287 286 388
3  193 192 392
3  76 193 393
3  66 288 197
3  196 195 101
3  394 66 395
3  199 394 395
3  292 293 396
3  397 68 70
3  200 299 301
3  105 207 206
3  205 204 398
3  202 47 399
3  66 291 395
3  398 202 400
3  71 202 204
3  199 290 401
3  33 71 402
3  293 403 396
3  32 34 404
3  125 32 405
3  302 406 407
3  48 125 408
3  247 48 409
3  147 306 114
3  410 210 411
3  348 104 108
3  412 413 129
3  241 240 414
3  104 169 252
3  48 408 178
3  210 44 211
3  243 210 410
3  415 416 417
3  416 418 419
3  247 409 349
3  307 305 420
3  421 422 423
3  424 425 426
3  314 427 315
3  213 24 314
3  422 421 216
3  219 230 310
3  323 217 219
3  154 317 218
3  160 80 428
3  102 253 320
3  429 430 431
3  80 79 162
3  223 134 166
3  432 353 433
3  330 434 435
3  117 254 353
3  333 128 334
3  166 335 167
3  351 436 437
3  335 220 332
3  336 327 329
3  336 78 327
3  78 231 438
3  21 438 439
3  227 120 158
3  56 158 159
3  36 3 440
3  82 441 442
3  152 49 443
3  50 37 444
3  164 115 345
3  445 36 38
3  346 96 98
3  95 235 236
3  128 446 447
3  448 106 449
3  104 240 108
3  240 106 108
3  103 450 451
3  128 412 129
3  46 249 452
3  45 453 249
3  172 174 452
3  173 172 454
3  211 175 212
3  242 210 243
3  455 411 456
3  171 173 457
3  453 45 458
3  45 151 458
3  459 157 460
3  156 326 157
3  168 352 461
3  222 331 223
3  58 462 342
3  340 256 328
3  351 336 329
3  327 78 328
3  463 464 465
3  120 255 466
3  467 161 163
3  79 218 468
3  469 431 470
3  80 162 431
3  357 7 265
3  63 263 357
3  471 43 472
3  358 136 360
3  363 183 359
3  363 138 183
3  136 268 473
3  268 135 473
3  63 264 64
3  264 135 64
3  266 267 361
3  264 265 474
3  266 361 265
3  265 361 474
3  475 471 476
3  184 272 477
3  478 475 476
3  139 367 478
3  92 93 479
3  185 184 480
3  14 368 377
3  93 91 371
3  281 375 481
3  188 280 189
3  188 276 482
3  281 188 482
3  280 281 483
3  141 94 484
3  141 275 274
3  275 91 274
3  381 133 59
3  133 90 59
3  191 277 485
3  277 326 485
3  486 89 487
3  373 325 156
3  373 488 374
3  488 191 374
3  94 382 376
3  189 280 483
3  94 372 382
3  372 140 87
3  282 144 285
3  144 283 285
3  283 142 235
3  142 25 384
3  143 142 284
3  142 283 284
3  143 284 385
3  388 286 389
3  195 287 489
3  75 194 387
3  390 146 389
3  146 490 389
3  489 194 392
3  193 76 192
3  193 77 393
3  77 76 393
3  99 149 100
3  196 100 150
3  66 394 288
3  394 199 288
3  291 66 293
3  105 209 293
3  295 396 397
3  491 402 294
3  399 149 198
3  149 199 198
3  291 290 395
3  290 199 395
3  33 402 491
3  492 296 70
3  34 33 298
3  405 32 493
3  494 420 495
3  496 307 497
3  169 415 252
3  250 308 251
3  251 305 252
3  305 105 252
3  105 498 147
3  498 105 306
3  106 241 449
3  499 500 501
3  48 178 177
3  453 458 502
3  111 110 503
3  504 453 502
3  318 181 505
3  318 103 181
3  314 425 427
3  214 213 315
3  218 217 468
3  506 79 468
3  507 320 508
3  317 153 230
3  431 162 161
3  162 79 506
3  429 431 467
3  467 431 161
3  354 509 355
3  335 332 167
3  510 262 355
3  432 116 118
3  277 6 379
3  6 351 379
3  437 511 512
3  513 437 167
3  351 353 436
3  220 335 225
3  513 351 437
3  437 436 511
3  341 340 438
3  340 78 438
3  58 20 514
3  57 463 465
3  56 159 466
3  159 120 466
3  36 440 441
3  82 50 444
3  443 49 515
3  30 345 31
3  30 237 346
3  515 29 31
3  25 343 97
3  343 164 97
3  237 516 96
3  516 344 96
3  237 233 516
3  95 516 517
3  240 450 414
3  446 52 54
3  53 518 499
3  519 457 456
3  414 450 312
3  450 103 312
3  450 240 451
3  240 103 451
3  425 314 412
3  412 314 413
3  172 520 454
3  169 173 454
3  418 169 454
3  448 518 521
3  452 453 522
3  245 419 523
3  249 453 452
3  453 520 522
3  110 349 177
3  349 110 248
3  224 133 155
3  155 133 524
3  326 379 525
3  379 351 525
3  526 259 261
3  117 260 527
3  352 331 461
3  331 168 461
3  352 134 223
3  222 165 528
3  329 328 529
3  328 256 529
3  464 530 465
3  526 261 531
3  58 57 465
3  462 256 342
3  337 226 228
3  338 532 228
3  215 180 320
3  422 216 324
3  341 438 21
3  337 228 533
3  428 80 469
3  160 428 469
3  182 364 534
3  365 15 358
3  363 473 362
3  473 135 362
3  477 272 471
3  367 137 475
3  272 366 535
3  471 272 535
3  185 480 270
3  480 184 270
3  370 536 537
3  93 371 377
3  536 93 537
3  92 479 536
3  375 61 481
3  61 60 483
3  281 482 279
3  482 276 279
3  141 484 278
3  484 94 278
3  191 488 380
3  488 140 380
3  60 59 483
3  90 23 59
3  326 325 485
3  325 191 485
3  284 146 385
3  143 385 386
3  390 286 385
3  286 143 386
3  287 194 489
3  197 101 538
3  194 287 391
3  146 145 490
3  145 75 490
3  286 390 389
3  288 199 289
3  149 99 197
3  194 193 392
3  101 392 538
3  149 399 150
3  399 47 150
3  199 149 289
3  149 197 289
3  200 199 401
3  66 105 293
3  396 295 539
3  299 200 292
3  402 71 294
3  209 403 293
3  202 399 540
3  202 540 203
3  297 34 298
3  296 491 70
3  493 32 404
3  297 208 493
3  207 208 69
3  208 296 492
3  349 409 177
3  541 503 495
3  104 252 244
3  252 105 244
3  416 252 417
3  252 415 417
3  252 416 245
3  245 416 419
3  306 496 542
3  408 125 303
3  497 543 544
3  405 493 545
3  108 107 448
3  107 106 448
3  309 541 495
3  251 308 309
3  505 180 546
3  229 214 315
3  154 218 316
3  316 218 547
3  508 548 549
3  320 550 548
3  180 216 546
3  218 317 219
3  317 230 219
3  216 508 324
3  217 323 551
3  253 337 533
3  338 228 121
3  158 56 58
3  227 158 514
3  158 58 514
3  255 57 466
3  57 56 466
3  441 440 442
3  3 81 82
3  49 18 515
3  18 29 515
3  115 36 445
3  36 441 37
3  152 443 37
3  115 445 38
3  233 30 234
3  30 29 234
3  346 237 96
3  346 164 552
3  345 115 31
3  515 31 232
3  344 384 97
3  384 25 97
3  516 233 517
3  233 95 517
3  344 516 236
3  516 95 236
3  553 333 313
3  52 131 130
3  500 518 449
3  518 448 449
3  518 500 499
3  238 131 52
3  238 52 127
3  128 447 334
3  174 44 452
3  44 46 452
3  416 415 418
3  415 169 418
3  211 44 176
3  44 174 176
3  519 411 347
3  175 519 347
3  501 447 54
3  53 501 54
3  131 554 132
3  521 518 456
3  519 175 350
3  169 170 173
3  109 458 248
3  458 151 248
3  111 503 246
3  541 309 246
3  460 555 556
3  157 326 460
3  432 329 116
3  259 168 260
3  530 464 531
3  529 256 258
3  464 463 531
3  257 256 530
3  57 255 463
3  255 526 463
3  530 256 462
3  256 340 342
3  438 231 439
3  21 430 339
3  320 356 550
3  216 507 508
3  320 253 321
3  162 506 163
3  231 160 439
3  19 21 339
3  80 431 469
3  430 439 470
3  359 182 534
3  136 473 360
3  139 478 476
3  43 365 557
3  361 362 474
3  362 264 474
3  364 139 476
3  478 367 475
3  184 477 271
3  477 137 271
3  370 92 536
3  186 92 273
3  378 185 558
3  270 369 370
3  371 190 377
3  190 14 377
3  59 61 559
3  140 488 88
3  488 373 88
3  88 373 560
3  133 486 524
3  133 381 486
3  287 388 391
3  388 387 391
3  490 75 389
3  75 387 389
3  101 195 392
3  195 489 392
3  540 399 203
3  198 200 201
3  290 292 401
3  292 200 401
3  69 492 70
3  403 209 68
3  295 294 300
3  299 292 396
3  204 202 398
3  300 205 301
3  399 198 203
3  198 201 203
3  71 205 294
3  294 205 300
3  112 493 113
3  493 208 113
3  493 404 561
3  404 34 561
3  33 491 298
3  491 296 298
3  543 562 544
3  178 406 563
3  409 48 177
3  503 541 246
3  109 111 504
3  111 245 504
3  419 564 523
3  520 453 523
3  303 125 304
3  493 112 545
3  306 307 496
3  307 420 497
3  178 408 406
3  406 408 407
3  498 306 147
3  148 147 114
3  565 125 545
3  125 405 545
3  427 425 315
3  425 424 566
3  567 553 568
3  103 319 313
3  181 180 505
3  567 505 546
3  567 421 423
3  315 425 566
3  218 79 547
3  79 316 547
3  356 321 550
3  551 550 569
3  253 533 570
3  506 468 163
3  532 338 339
3  533 532 571
3  353 254 436
3  134 335 166
3  353 329 433
3  329 432 433
3  329 529 510
3  509 354 435
3  526 255 259
3  255 168 259
3  555 525 513
3  525 351 513
3  332 221 459
3  221 155 459
3  341 20 342
3  20 58 342
3  37 441 444
3  441 82 444
3  440 3 442
3  3 82 442
3  37 443 38
3  443 515 38
3  164 345 552
3  345 346 552
3  115 38 232
3  38 515 232
3  554 411 132
3  518 455 456
3  53 499 501
3  500 449 501
3  414 311 447
3  447 311 334
3  314 24 413
3  24 239 129
3  239 127 129
3  413 24 129
3  520 172 522
3  172 452 522
3  564 520 523
3  419 418 564
3  414 501 572
3  501 449 572
3  52 446 127
3  446 128 127
3  410 411 554
3  53 130 455
3  170 348 173
3  573 521 574
3  171 457 575
3  457 519 350
3  309 250 246
3  250 245 246
3  560 156 487
3  156 155 524
3  525 555 460
3  459 155 157
3  222 117 527
3  330 117 434
3  329 510 355
3  117 116 434
3  258 262 576
3  262 510 576
3  530 462 465
3  462 58 465
3  514 20 121
3  338 121 122
3  430 429 339
3  217 551 577
3  216 215 507
3  215 320 507
3  467 163 569
3  163 468 569
3  431 430 470
3  430 21 439
3  473 363 360
3  363 359 360
3  364 358 534
3  358 359 534
3  365 358 557
3  358 364 557
3  137 477 475
3  477 471 475
3  366 43 535
3  43 471 535
3  43 557 472
3  557 364 578
3  369 270 273
3  270 271 273
3  479 93 536
3  93 377 537
3  368 185 378
3  377 378 579
3  281 279 376
3  279 278 376
3  375 281 376
3  382 372 87
3  140 88 87
3  382 87 383
3  373 156 560
3  486 381 89
3  382 61 376
3  278 94 376
3  59 14 483
3  14 189 483
3  392 192 538
3  192 197 538
3  491 294 70
3  68 209 69
3  396 403 397
3  403 68 397
3  202 301 400
3  295 300 539
3  202 201 301
3  201 200 301
3  113 148 114
3  113 208 148
3  34 297 580
3  297 493 580
3  305 251 420
3  179 494 495
3  458 109 502
3  109 504 502
3  453 504 523
3  504 245 523
3  408 303 407
3  303 302 407
3  302 565 543
3  306 542 581
3  497 420 494
3  302 543 582
3  112 114 562
3  114 306 581
3  553 424 426
3  553 567 424
3  505 319 583
3  505 567 319
3  216 421 546
3  421 567 546
3  229 424 423
3  424 567 423
3  322 571 569
3  548 550 549
3  229 423 310
3  423 422 310
3  228 532 533
3  533 571 570
3  511 528 512
3  511 436 528
3  509 116 355
3  116 329 355
3  459 460 556
3  326 525 460
3  97 164 98
3  164 346 98
3  333 311 313
3  311 414 312
3  128 333 584
3  333 425 584
3  447 446 54
3  501 414 447
3  449 241 572
3  241 414 572
3  411 210 347
3  210 212 347
3  131 243 554
3  243 410 554
3  520 564 454
3  564 418 454
3  173 348 573
3  348 108 573
3  173 573 574
3  411 519 456
3  174 172 350
3  457 350 575
3  261 435 531
3  463 526 531
3  260 331 527
3  331 222 527
3  117 353 118
3  353 432 118
3  262 257 354
3  257 530 354
3  510 529 576
3  529 258 576
3  228 227 121
3  227 514 121
3  571 532 585
3  532 339 586
3  339 429 586
3  532 586 585
3  439 160 470
3  160 469 470
3  471 578 476
3  578 364 476
3  557 578 472
3  578 471 472
3  370 537 579
3  537 377 579
3  185 270 558
3  270 370 558
3  87 89 383
3  61 383 559
3  89 560 487
3  89 88 560
3  61 483 481
3  483 281 481
3  295 397 70
3  69 208 492
3  300 299 539
3  299 396 539
3  301 205 400
3  205 398 400
3  34 580 561
3  580 493 561
3  503 110 179
3  110 177 179
3  125 565 304
3  565 302 304
3  496 497 542
3  543 565 562
3  587 497 494
3  587 494 582
3  588 542 562
3  114 588 562
3  424 229 566
3  229 315 566
3  425 333 426
3  333 553 426
3  312 103 313
3  319 567 568
3  319 318 583
3  318 505 583
3  323 550 551
3  550 321 322
3  528 165 167
3  165 222 166
3  319 568 313
3  568 553 313
3  425 412 584
3  412 128 584
3  132 411 455
3  130 132 455
3  573 108 521
3  108 448 521
3  350 172 575
3  172 171 575
3  116 509 434
3  434 509 435
3  261 260 435
3  260 330 435
3  435 354 531
3  354 530 531
3  20 19 122
3  19 338 122
3  219 310 324
3  310 422 324
3  550 323 549
3  508 320 548
3  586 429 585
3  429 467 585
3  378 558 579
3  558 370 579
3  383 89 559
3  89 59 559
3  156 524 487
3  524 486 487
3  503 179 495
3  543 587 582
3  420 251 495
3  251 309 495
3  497 587 543
3  494 563 582
3  565 545 562
3  545 112 562
3  542 588 581
3  588 114 581
3  571 322 570
3  322 253 570
3  550 322 569
3  551 569 577
3  436 254 528
3  254 222 528
3  555 167 556
3  555 513 167
3  167 332 556
3  332 459 556
3  457 521 456
3  518 53 455
3  521 457 574
3  457 173 574
3  323 324 549
3  324 508 549
3  571 585 569
3  585 467 569
3  494 179 563
3  179 178 563
3  562 542 544
3  542 497 544
3  528 167 512
3  167 437 512
3  569 468 577
3  468 217 577
3  563 406 582
3  406 302 582
