OFF
690 1376 0
4.90433e-08 -1.06607e-07 358.212
-9.94602 0.306432 435.896
-9.94602 0.306432 310.738
7.14347 6.92678 435.896
7.55638 6.47391 435.896
7.35341 6.70353 435.896
0 0 0
3.8649e-08 -6.69441e-08 185.579
9.95074 0 4.3158
9.95074 0 435.896
-3.5946 9.27873 86.316
-3.30716 9.38503 82.0002
-3.59461 9.27875 69.0528
9.90828 0.918138 435.896
9.94602 0.306434 435.896
6.2383 7.75236 125.158
6.47409 7.55659 112.211
6.23832 7.75239 94.9476
9.94602 0.306434 4.3158
9.48241 3.01657 435.896
9.57082 2.72313 435.896
9.48246 3.01659 164
-7.35341 6.70353 435.896
9.16358 3.87861 435.896
0.30641 9.94522 435.896
9.81019 0.909048 -2.22826e-11
9.85222 0 -1.77351e-11
8.86279 0.27306 -1.81899e-11
8.29496 5.49644 -1.22782e-11
7.55664 6.47413 -1.36424e-11
8.12176 5.74928 -7.27596e-12
9.95074 0 -1.36424e-11
-7.58261 0.233618 -4.54747e-13
-9.27879 3.59462 51.7896
-9.38508 3.30718 5.91172e-12
-9.38508 3.30718 69.0528
0.306432 9.94595 86.316
0.612571 9.93178 94.9476
0.612572 9.9318 82.0002
-3.34817 0.103156 2.50111e-12
-4.48371e-08 -5.23384e-08 435.896
-9.27878 3.59462 120.842
-9.16369 3.87866 60.4212
9.27869 3.59459 435.896
9.385 3.30715 435.896
9.72033 2.12879 435.896
-9.16358 3.87861 435.896
-8.29476 5.4963 435.896
8.90754 4.43543 -1.54614e-11
9.48248 3.01659 -1.54614e-11
-0.30641 9.94522 435.896
7.51251e-07 9.95062 112.211
-0.306428 9.94587 125.158
7.14375 6.92705 30.2106
6.92705 7.14375 -7.7307e-12
6.92705 7.14375 30.2106
9.93187 0.612577 43.158
9.90829 0.918138 -1.18234e-11
9.90829 0.918139 138.106
-9.94602 0.306434 7.7307e-12
-9.15822 0.282162 6.82121e-12
-5.71158 0.175972 2.27374e-12
-9.78131 1.82844 138.106
-9.78131 1.82844 1.63709e-11
-9.83298 1.52636 4.3158
-4.97906 8.04146 -2.72848e-12
-8.73115 4.3476 1.81899e-12
-7.14375 6.92705 2.72848e-12
-4.97537 8.61759 7.04858e-12
-4.70763 8.76672 25.8948
-4.70763 8.76672 7.27596e-12
9.90829 0.918139 340.948
9.87532 1.22283 -1.63709e-11
-3.59462 9.27879 12.9474
-3.59462 9.27878 34.5264
-3.30718 9.38508 25.8948
7.35368 6.70377 -1.77351e-11
-8.07499 0.248788 2.72848e-12
7.58621 0 -1.50067e-11
-9.02537 0.836324 -1.36424e-12
-9.1034 1.70172 -9.09495e-13
-9.25669 0.285196 4.09273e-12
-9.62412 2.10771 5.00222e-12
7.14375 6.92705 -1.13687e-11
6.70377 7.35368 -8.18545e-12
3.30694 9.38441 435.896
5.74896 8.12133 435.896
4.43513 8.90696 435.896
9.90829 0.918138 431.58
9.87531 1.22283 435.896
8.12154 5.74913 435.896
6.47383 7.55629 435.896
9.94602 0.306434 -7.7307e-12
9.93187 0.612577 138.106
9.94602 0.306434 254.632
-3.03023e-08 -6.086e-08 431.58
-6.70347 7.35336 435.896
-6.23804 7.75205 435.896
-6.47383 7.55629 435.896
-8.61742 4.97527 435.896
-8.4601 5.23827 435.896
-5.23808 8.45979 435.896
-5.99635 7.94046 435.896
-2.72295 9.57016 435.896
-4.15873 9.0393 435.896
-3.87861 9.16359 116.527
-4.15896 9.03979 125.158
-7.14373 6.92702 90.6318
-7.14347 6.92678 435.896
-7.94086 5.99666 4.54747e-12
-7.75243 6.23836 7.27596e-12
-7.55664 6.47413 7.27596e-12
-6.47413 7.55664 8.6402e-12
-6.92705 7.14375 7.7307e-12
-6.70377 7.35368 1.00044e-11
-9.19183 2.6153 9.09495e-13
-7.94063 5.99649 435.896
-9.87532 1.22283 164
-9.83298 1.52636 1.04592e-11
-9.83296 1.52636 431.58
-9.78129 1.82844 371.159
4.66102 8.67992 -8.6402e-12
6.23836 7.75243 -1.22782e-11
2.12879 9.72036 -3.63798e-12
9.16368 3.87865 107.895
7.94086 5.99666 47.4738
8.12175 5.74927 73.3686
8.12176 5.74927 56.1054
0.612573 9.93182 69.0528
0.306432 9.94598 64.737
2.12863 9.71961 435.896
1.22273 9.87453 435.896
3.30714 9.385 103.579
3.01657 9.4824 99.2635
3.87839 9.16306 435.896
2.42712 9.6502 -3.86535e-12
3.30718 9.38508 -4.3201e-12
3.87866 9.16369 -5.45697e-12
7.55664 6.47413 38.8422
5.99662 7.94081 103.579
6.23805 7.75205 435.896
9.93187 0.612576 -1.09139e-11
9.83296 1.52636 435.896
9.93187 0.612577 401.37
-9.35517 0.28823 1.09139e-11
-7.87804 0.24272 1.36424e-11
-9.385 3.30714 435.896
-9.38507 3.30717 142.421
-9.385 3.30715 431.58
-1.22273 9.87453 435.896
-1.8283 9.78055 435.896
-4.70734 8.76617 435.896
-3.59437 9.27814 435.896
-1.22281 9.8752 112.211
-0.918062 9.9075 435.896
-0.918129 9.90818 107.895
-6.70373 7.35364 112.211
-6.4741 7.5566 99.2635
-6.47411 7.55661 86.316
-5.49613 8.2945 435.896
-5.23834 8.46021 120.842
-5.49639 8.29489 116.527
-5.99666 7.94086 5.68434e-12
-5.99666 7.94086 34.5264
-5.74928 8.12176 21.579
-2.72315 9.57088 4.3158
-2.72315 9.57087 30.2106
-2.42712 9.6502 12.9474
-9.16369 3.87866 1.00044e-11
-9.0399 4.15901 64.737
-9.0399 4.15901 8.18545e-12
-8.76656 4.70755 435.896
-9.03977 4.15896 435.896
-8.90754 4.43543 1.54614e-11
-8.76672 4.70763 4.09273e-12
-9.90829 0.918138 1.18234e-11
-9.93187 0.612577 1.09139e-11
-9.78128 1.82844 435.896
-9.72033 2.12879 435.896
-9.87532 1.22283 1.63709e-11
-9.68443 1.81034 435.896
-9.83295 1.52636 435.896
7.35363 6.70372 138.106
7.35367 6.70376 69.0528
7.14374 6.92703 69.0528
-0.918139 9.90829 7.95808e-13
0.306434 9.94602 -5.25802e-13
9.38508 3.30718 -5.91172e-12
9.48248 3.01659 4.3158
4.43543 8.90754 12.9474
4.15901 9.0399 21.579
4.15901 9.03989 43.158
7.7524 6.23833 99.2634
7.55662 6.47411 90.6318
7.75239 6.23832 116.527
8.61742 4.97527 435.896
7.75218 6.23816 435.896
7.5566 6.4741 116.527
6.47412 7.55663 56.1054
6.23835 7.75242 47.4738
6.47412 7.55662 69.0528
5.99666 7.94086 30.2106
6.23836 7.75243 4.3158
9.78131 1.82844 -1.63709e-11
9.83298 1.52636 -1.27329e-11
9.78131 1.82844 142.421
9.72036 2.12879 -1.00044e-11
9.72036 2.12879 142.421
9.6502 2.42712 -9.09495e-12
7.14375 6.92704 47.4738
9.78128 1.82844 435.896
9.78129 1.82844 418.633
1.52624 9.8322 435.896
0.306434 9.94602 4.3158
-4.3496e-07 9.95074 12.9474
0.306434 9.94602 21.579
5.74928 8.12176 4.3158
5.99666 7.94086 4.3158
5.74928 8.12176 -6.13909e-12
5.49642 8.29493 77.6844
5.74926 8.12174 69.0528
5.49643 8.29494 60.4212
5.74923 8.1217 112.211
5.49638 8.29487 129.474
4.15901 9.0399 -5.22959e-12
4.43543 8.90754 -5.45697e-12
4.70763 8.76672 -6.36646e-12
3.59462 9.27879 4.3158
3.59462 9.27879 -3.63798e-12
0.918136 9.90827 51.7896
0.612575 9.93185 43.158
0.612575 9.93184 51.7896
5.99635 7.94046 435.896
6.70347 7.35336 435.896
9.93186 0.612576 435.896
4.13793 0 -9.09495e-12
-9.94602 0.306437 410.001
-9.93187 0.612577 323.685
-9.94602 0.306437 155.369
-9.6502 2.42712 4.3158
-9.57088 2.72315 4.3158
-9.6502 2.42712 9.09495e-12
-9.27869 3.59458 435.896
-9.57082 2.72314 435.896
-9.48241 3.01657 435.896
-2.42712 9.65018 43.158
-2.42711 9.65017 56.1054
-2.12879 9.72034 51.7896
-8.12175 5.74927 82.0002
-7.94083 5.99664 103.579
-7.94084 5.99665 82.0002
-3.87839 9.16306 435.896
-2.12863 9.71961 435.896
-4.43543 8.90753 9.09495e-13
-5.23839 8.46029 5.68434e-12
-5.74927 8.12175 51.7896
-7.55638 6.47392 435.896
-7.35363 6.70372 133.79
-4.43542 8.90753 38.8422
-4.70762 8.7667 60.4212
-4.43542 8.90751 60.4212
-3.30718 9.38508 1.36424e-12
-5.99664 7.94084 69.0528
-6.23834 7.75241 69.0528
-5.99664 7.94083 77.6844
-9.57088 2.72315 8.18545e-12
-8.90739 4.43535 435.896
-7.14375 6.92705 21.579
-5.08279 8.20899 -6.82121e-13
-5.74928 8.12176 9.32232e-12
-9.27879 3.59462 1.13687e-11
-8.12154 5.74913 435.896
-7.94083 5.99663 112.211
-8.90754 4.43543 38.8422
-9.38508 3.30717 90.6318
-9.48248 3.0166 69.0528
-9.83298 1.52636 99.2635
-9.90829 0.918137 435.896
-9.93186 0.612577 435.896
7.14371 6.92701 112.211
7.14372 6.92701 103.579
4.97537 8.61759 -7.27596e-12
8.76672 4.70763 69.0528
8.61759 4.97537 60.4212
8.7667 4.70762 116.527
9.57088 2.72315 -2.72848e-12
4.97533 8.61753 103.579
5.23835 8.46023 103.579
4.97535 8.61756 73.3686
7.55663 6.47412 69.0528
4.97537 8.61759 4.3158
8.4601 5.23827 435.896
8.90739 4.43536 435.896
8.76656 4.70755 435.896
8.29496 5.49644 43.158
8.12176 5.74928 34.5264
8.29476 5.49631 427.264
8.12172 5.74925 129.474
7.94086 5.99666 -4.54747e-12
7.75243 6.23836 -7.27596e-12
6.92701 7.14372 103.579
9.16369 3.87866 -1.00044e-11
9.27879 3.59462 -1.13687e-11
9.27878 3.59462 103.579
9.38508 3.30717 94.9476
9.27879 3.59462 38.8422
9.03977 4.15896 435.896
8.90752 4.43542 112.211
1.82843 9.78123 94.9476
1.8283 9.78054 435.896
0.918066 9.90749 435.896
5.23839 8.46029 21.579
4.97537 8.61759 30.2106
5.23838 8.46028 43.158
4.43542 8.90753 38.8422
4.70763 8.76672 30.2106
5.49644 8.29496 25.8948
5.74928 8.12176 17.2632
3.87866 9.16369 4.3158
4.97507 8.61707 435.896
4.70733 8.76617 435.896
2.72294 9.57016 435.896
3.01659 9.48248 -2.16005e-12
2.72315 9.57088 -1.81899e-12
3.01659 9.48248 12.9474
6.92676 7.14346 435.896
6.70375 7.35366 82.0002
-9.57087 2.72315 120.842
-9.16368 3.87865 107.895
-9.16358 3.87862 427.264
-0.306435 9.94602 3.2685e-13
-0.612577 9.93187 5.96856e-13
-4.34926e-07 9.94994 431.58
-1.52636 9.83298 1.25056e-12
-1.22283 9.87532 2.10321e-12
-2.72311 9.57075 125.158
-3.01637 9.48178 435.896
-2.12879 9.72036 4.3158
-1.82844 9.78131 4.3158
-2.12879 9.72036 2.50111e-12
-1.82843 9.78122 99.2635
-0.306432 9.94594 90.6318
-0.612572 9.93179 90.6318
-3.01658 9.48244 69.0528
-2.72313 9.5708 94.9476
-2.72314 9.57084 64.737
-2.42693 9.64946 435.896
-2.12877 9.72025 112.211
-3.30694 9.38441 435.896
-3.01656 9.48239 103.579
-3.30714 9.38499 107.895
-3.87866 9.16369 17.2632
-3.87866 9.16369 6.59384e-12
-4.15901 9.0399 4.3158
-4.97537 8.61759 30.2106
-5.49644 8.29496 25.8948
-5.23839 8.46029 25.8948
-6.92676 7.14346 435.896
-4.97506 8.61707 435.896
-5.23808 8.4598 431.58
-4.97534 8.61754 94.9476
-9.72036 2.12879 1.00044e-11
-9.72036 2.12879 142.421
-3.59462 9.27879 2.72848e-12
-5.99662 7.94081 103.579
-6.2383 7.75236 125.158
-8.46029 5.23839 6.36646e-12
-8.12176 5.74928 5.45697e-12
-7.35369 6.70377 8.6402e-12
-7.75218 6.23816 431.58
-7.75241 6.23834 86.316
-9.03988 4.159 133.79
-7.5566 6.4741 116.527
-7.35365 6.70374 103.579
-8.61759 4.97537 56.1054
-8.46029 5.23839 51.7896
-8.61759 4.97537 1.81899e-11
-9.6502 2.42712 69.0528
-9.65019 2.42712 151.053
-9.65016 2.42711 384.106
-9.65015 2.42711 435.896
-9.87531 1.22283 435.896
-9.90829 0.918142 306.422
-9.90829 0.91814 86.316
-9.94602 0.306434 431.58
6.47413 7.55664 -7.27596e-12
6.47413 7.55664 25.8948
9.03989 4.15901 103.579
9.16369 3.87866 47.4738
9.0399 4.15901 56.1054
9.38508 3.30718 51.7896
8.90754 4.43543 4.3158
8.61759 4.97537 -5.91172e-12
2.42712 9.6502 8.6316
1.52635 9.83294 64.737
1.52635 9.8329 90.6318
2.42693 9.64947 435.896
2.42709 9.65007 120.842
2.12878 9.72031 77.6844
2.12879 9.72034 51.7896
1.82844 9.78127 64.737
8.29475 5.49631 435.896
7.94082 5.99663 129.474
7.94085 5.99665 73.3686
7.75242 6.23835 56.1054
8.12173 5.74926 107.895
7.35368 6.70377 38.8422
7.94062 5.99649 435.896
9.6502 2.42712 43.158
9.65015 2.42711 435.896
9.57087 2.72315 120.842
9.65019 2.42712 151.053
9.65018 2.42712 220.106
8.90754 4.43543 30.2106
1.22282 9.87524 90.6318
0.918133 9.90823 82.0002
0.918127 9.90819 103.579
1.22283 9.87532 4.3158
1.22283 9.87532 -1.3074e-12
0.918138 9.90829 21.579
0.612566 9.93171 129.474
5.23838 8.46027 56.1054
5.74925 8.12172 90.6318
5.99666 7.94086 -6.82121e-12
3.59459 9.27872 94.9476
3.5946 9.27873 86.316
3.30716 9.38503 82.0002
3.59437 9.27814 435.896
3.87864 9.16365 73.3686
3.87864 9.16366 64.737
3.59461 9.27877 51.7896
5.49644 8.29496 -1.59162e-12
5.49613 8.29449 435.896
4.97536 8.61757 60.4212
5.23836 8.46024 90.6318
3.01637 9.48178 435.896
3.59457 9.27867 125.158
6.70372 7.35363 120.842
6.70376 7.35368 43.158
6.47413 7.55663 43.158
9.87532 1.22283 168.316
-0.612525 9.93107 431.58
7.51199e-07 9.94993 435.896
-2.72314 9.57085 56.1054
-3.01659 9.48246 47.4738
-2.4271 9.65012 94.9476
-2.72312 9.57078 107.895
-1.52634 9.83285 116.527
-1.52636 9.83298 12.9474
-1.22283 9.87531 38.8422
-1.22283 9.87532 12.9474
-1.52636 9.83296 43.158
-0.918139 9.90829 25.8948
-1.52635 9.83292 77.6844
-1.52636 9.83294 60.4212
-1.82844 9.78127 64.737
-4.43543 8.90753 30.2106
-5.49644 8.29496 9.54969e-12
-5.49641 8.29491 94.9476
-4.97536 8.61757 60.4212
-6.92703 7.14374 69.0528
-6.70377 7.35368 34.5264
-6.92704 7.14375 43.158
-7.14374 6.92704 60.4212
-6.92705 7.14375 21.579
-5.99663 7.94082 90.6318
-6.23833 7.7524 82.0002
-4.70761 8.76668 82.0002
-4.43538 8.90745 112.211
-4.159 9.03988 60.4212
-3.87865 9.16367 56.1054
-4.15901 9.03989 43.158
-4.15901 9.0399 5.00222e-12
-3.87863 9.16363 90.6318
-4.15899 9.03984 90.6318
-3.59461 9.27877 51.7896
-6.23836 7.75243 1.22782e-11
-5.74926 8.12174 69.0528
-5.74925 8.12172 90.6318
-5.74922 8.12169 120.842
-8.76672 4.70763 25.8948
-8.76672 4.70763 56.1054
-7.35369 6.70377 8.6316
-7.55664 6.47413 34.5264
-7.35369 6.70377 21.579
-8.29496 5.49644 1.09139e-11
-7.35367 6.70376 69.0528
-7.55663 6.47413 56.1054
-7.55662 6.47412 77.6844
-7.35366 6.70374 94.9476
-7.14374 6.92703 73.3686
-8.29494 5.49643 103.579
-8.4601 5.23828 431.58
-8.46027 5.23838 99.2635
-8.90739 4.43536 431.58
-8.90751 4.43541 133.79
-8.61755 4.97535 151.053
-9.48248 3.01659 1.54614e-11
-9.57088 2.72315 34.5264
5.23839 8.46029 -5.91172e-12
6.23833 7.7524 82.0002
6.4741 7.5566 99.2635
6.70375 7.35367 69.0528
9.38507 3.30717 142.421
8.46029 5.23839 -6.36646e-12
8.46029 5.23839 38.8422
8.76672 4.70763 -5.91172e-12
8.61757 4.97536 107.895
8.46028 5.23838 77.6844
-4.34961e-07 9.95074 4.87891e-19
1.52636 9.83298 -2.04636e-12
0.918138 9.90829 -1.25056e-12
1.52636 9.83296 43.158
1.82844 9.7813 38.8422
1.52636 9.83297 30.2106
2.72313 9.5708 94.9476
2.4271 9.65011 99.2635
8.46027 5.23838 94.9476
8.29493 5.49642 116.527
7.75241 6.23834 77.6844
7.94063 5.99649 431.58
6.70377 7.35369 8.6316
9.6502 2.42712 4.3158
9.48248 3.01659 51.7896
9.0399 4.15901 -8.18545e-12
1.52634 9.83288 103.579
1.22283 9.87532 17.2632
1.52636 9.83298 8.6316
0.612528 9.93106 435.896
0.612576 9.93187 -5.11591e-13
-1.62117e-06 9.95068 77.6844
-0.306433 9.94596 77.6844
0.30643 9.94591 107.895
5.23808 8.45979 435.896
4.159 9.03987 69.0528
4.43541 8.90751 64.737
4.15873 9.0393 435.896
3.87863 9.16362 94.9476
3.01659 9.48246 47.4738
2.72314 9.57086 47.4738
3.01658 9.48244 69.0528
2.12877 9.72025 112.211
3.30717 9.38506 56.1054
2.12878 9.72029 90.6318
2.72313 9.57082 82.0002
-1.52635 9.8329 90.6318
-1.22282 9.87524 90.6318
-0.612525 9.93106 435.896
-2.42712 9.6502 2.50111e-12
-3.87864 9.16365 73.3686
-3.30717 9.38507 43.158
-2.72315 9.57088 6.0254e-12
-3.01659 9.48248 2.16005e-12
-1.52624 9.8322 435.896
-2.12879 9.72033 60.4212
-0.612573 9.93181 77.6844
-0.306434 9.94599 56.1054
-0.612575 9.93183 60.4212
-2.42709 9.65007 120.842
-2.42711 9.65015 73.3686
-1.82844 9.78131 2.72848e-12
-1.82844 9.7813 34.5264
-5.23837 8.46026 73.3686
-6.23835 7.75242 47.4738
-6.23836 7.75243 4.3158
-7.75242 6.23835 64.737
-7.14375 6.92704 47.4738
-6.92702 7.14373 90.6318
-4.4354 8.90747 94.9476
-4.43514 8.90695 435.896
-4.43514 8.90696 431.58
-3.01659 9.48248 17.2632
-5.99665 7.94085 51.7896
-5.23838 8.46027 56.1054
-5.49643 8.29494 56.1054
-8.90753 4.43542 77.6844
-8.12176 5.74928 17.2632
-7.94086 5.99666 38.8422
-7.75217 6.23816 435.896
-8.12176 5.74927 56.1054
-8.29496 5.49644 38.8422
6.92704 7.14374 60.4212
6.23834 7.75241 64.737
5.99663 7.94082 90.6318
5.99664 7.94084 69.0528
6.70373 7.35364 107.895
8.29494 5.49643 90.6318
4.70759 8.76665 107.895
4.4354 8.90748 90.6318
4.43538 8.90745 112.211
4.43541 8.9075 73.3686
-0.306435 9.94602 17.2632
-0.918132 9.90822 86.316
-0.612576 9.93185 43.158
-0.306434 9.946 47.4738
-0.306434 9.94602 21.579
2.12879 9.72036 25.8948
1.82844 9.78131 -1.36424e-12
2.42712 9.65018 43.158
8.46025 5.23836 142.421
9.57088 2.72315 60.4212
1.22281 9.8752 112.211
1.22283 9.87529 56.1054
1.22283 9.87531 34.5264
-0.612576 9.93186 25.8948
0.306433 9.946 47.4738
3.59462 9.27878 38.8422
3.87865 9.16367 51.7896
3.87866 9.16369 21.579
4.15897 9.03982 107.895
4.15899 9.03985 86.316
3.30717 9.38508 30.2106
3.30717 9.38507 43.158
2.72315 9.57088 8.6316
-1.22282 9.87528 64.737
-1.82844 9.78129 47.4738
-1.82844 9.78128 56.1054
-2.12878 9.72031 77.6844
-1.82843 9.78126 73.3686
-2.12878 9.72029 90.6318
-5.49642 8.29493 73.3686
-6.47413 7.55663 47.4738
-6.47413 7.55664 30.2106
-3.59456 9.27864 142.421
-3.59458 9.27869 112.211
-4.15898 9.03983 99.2635
-7.35368 6.70376 56.1054
-7.75243 6.23836 4.3158
-9.90829 0.918142 345.264
5.74927 8.12176 34.5264
3.87862 9.16361 103.579
-4.3496e-07 9.95073 34.5264
-4.34959e-07 9.95071 56.1054
-4.34961e-07 9.95074 8.6316
-4.34961e-07 9.95074 17.2632
-0.306433 9.94598 64.737
-4.34959e-07 9.9507 64.737
1.82844 9.78131 21.579
7.75243 6.23835 38.8422
7.75243 6.23836 12.9474
6.92703 7.14374 69.0528
0.612576 9.93187 12.9474
0.612575 9.93186 30.2106
0.306433 9.94599 56.1054
5.74927 8.12175 51.7896
5.49643 8.29495 47.4738
3.87861 9.16359 116.527
3.01659 9.48247 34.5264
3.59462 9.27879 17.2632
2.42711 9.65014 82.0002
2.42711 9.65016 64.737
9.83298 1.52636 138.106
-0.918135 9.90825 64.737
-0.918134 9.90824 73.3686
-3.87865 9.16368 43.158
-8.7667 4.70762 116.527
-8.76672 4.70762 69.0528
-2.42712 9.65019 30.2106
-6.70375 7.35367 69.0528
-3.87866 9.16369 21.579
-4.15901 9.0399 21.579
-3.30716 9.38505 64.737
-3.59459 9.27871 99.2635
-6.47412 7.55662 69.0528
-9.90829 0.91814 405.685
-9.90829 0.918138 427.264
5.99665 7.94085 51.7896
4.70762 8.76672 38.8422
4.70762 8.7667 60.4212
-4.34957e-07 9.95066 90.6318
6.92702 7.14373 86.316
1.22282 9.87526 77.6844
3.59461 9.27875 69.0528
3.30718 9.38508 8.6316
2.72315 9.57087 30.2106
2.72314 9.57084 64.737
2.42712 9.65019 30.2106
-1.22282 9.87526 77.6844
-4.15901 9.0399 30.2106
-2.12879 9.72036 30.2106
-1.82844 9.78131 17.2632
-4.15897 9.03981 112.211
-5.74896 8.12133 435.896
-7.75243 6.23836 8.6316
9.38506 3.30717 181.264
-0.918137 9.90827 47.4738
1.82844 9.78128 56.1054
7.14373 6.92702 86.316
4.7076 8.76667 90.6318
2.72314 9.57085 56.1054
3  0 1 2
3  3 4 5
3  6 7 2
3  8 9 0
3  10 11 12
3  13 9 14
3  15 16 17
3  9 8 18
3  19 20 21
3  9 22 1
3  22 23 24
3  25 26 27
3  28 29 30
3  22 9 23
3  31 0 7
3  8 0 31
3  25 27 32
3  7 0 2
3  33 34 35
3  36 37 38
3  39 6 2
3  9 1 40
3  33 41 42
3  43 19 44
3  23 45 19
3  46 22 47
3  23 9 45
3  25 48 49
3  50 51 52
3  53 54 55
3  26 25 31
3  56 57 58
3  1 59 2
3  39 60 61
3  62 63 64
3  6 39 32
3  65 66 67
3  68 69 70
3  71 58 72
3  8 31 18
3  73 74 75
3  48 25 76
3  60 59 77
3  32 26 78
3  79 59 80
3  77 59 81
3  80 59 82
3  1 22 46
3  83 76 84
3  85 86 87
3  45 9 13
3  13 88 89
3  24 86 85
3  24 23 86
3  86 90 4
3  91 16 15
3  56 18 92
3  18 31 92
3  18 93 94
3  18 56 93
3  26 7 78
3  26 31 7
3  40 1 95
3  1 0 95
3  79 25 32
3  27 26 32
3  96 97 98
3  99 47 100
3  97 101 102
3  22 24 103
3  104 105 106
3  107 22 108
3  109 110 111
3  112 113 114
3  66 80 115
3  47 22 116
3  117 64 118
3  62 119 120
3  121 122 76
3  65 123 76
3  83 54 53
3  86 23 90
3  23 43 124
3  125 126 127
3  36 128 129
3  24 130 131
3  85 132 133
3  85 87 134
3  24 85 130
3  135 136 137
3  29 76 138
3  15 139 140
3  58 57 72
3  57 56 141
3  45 13 142
3  93 56 58
3  93 71 143
3  9 18 94
3  60 2 144
3  39 2 145
3  0 9 95
3  9 40 95
3  1 46 146
3  41 147 148
3  103 149 150
3  103 24 149
3  151 103 152
3  153 154 155
3  156 157 158
3  159 160 161
3  22 103 101
3  101 103 151
3  65 80 66
3  34 66 115
3  162 163 164
3  165 166 167
3  168 169 170
3  46 171 172
3  46 47 171
3  170 173 174
3  175 59 176
3  177 178 120
3  117 118 179
3  180 146 181
3  182 183 184
3  65 185 186
3  187 188 49
3  54 83 84
3  189 190 191
3  123 121 76
3  192 193 194
3  90 23 195
3  4 90 196
3  4 196 197
3  198 199 200
3  122 201 202
3  72 203 204
3  23 19 43
3  205 206 207
3  206 203 208
3  209 53 55
3  45 210 211
3  131 130 212
3  213 214 215
3  216 217 218
3  219 220 221
3  86 222 223
3  224 225 226
3  136 227 228
3  229 230 231
3  232 233 91
3  91 15 140
3  31 141 92
3  141 56 92
3  88 13 234
3  93 58 71
3  2 59 144
3  59 60 144
3  2 60 145
3  60 39 145
3  32 77 81
3  60 77 61
3  59 79 81
3  79 32 81
3  7 6 235
3  6 32 235
3  236 237 238
3  33 35 41
3  239 240 241
3  119 181 177
3  146 46 242
3  243 146 244
3  149 50 154
3  149 24 50
3  245 246 247
3  248 249 250
3  104 152 251
3  103 150 252
3  68 253 254
3  164 163 255
3  256 22 257
3  156 96 157
3  258 259 260
3  261 73 75
3  22 101 97
3  262 263 264
3  34 82 265
3  82 59 118
3  172 171 266
3  113 67 267
3  162 253 67
3  65 67 268
3  253 162 254
3  162 164 269
3  169 173 170
3  33 168 270
3  248 271 272
3  47 116 271
3  34 170 174
3  173 169 273
3  41 35 274
3  275 243 244
3  62 64 276
3  64 117 276
3  277 237 278
3  118 59 175
3  279 182 280
3  121 281 122
3  28 48 76
3  29 28 76
3  282 283 284
3  188 285 49
3  286 287 288
3  138 183 289
3  290 281 226
3  25 79 76
3  90 195 291
3  195 292 293
3  28 30 294
3  295 125 127
3  90 296 297
3  298 299 125
3  3 279 300
3  196 193 197
3  48 301 302
3  303 304 305
3  43 44 303
3  49 285 208
3  292 306 307
3  195 23 292
3  130 308 309
3  24 131 310
3  311 312 313
3  189 314 315
3  86 233 232
3  216 316 317
3  318 224 137
3  224 318 190
3  87 319 320
3  87 86 319
3  130 85 321
3  322 323 324
3  86 4 233
3  233 4 3
3  233 3 325
3  326 198 200
3  9 94 14
3  94 93 14
3  142 13 89
3  31 25 72
3  77 32 61
3  32 39 61
3  7 235 78
3  235 32 78
3  146 242 148
3  243 275 327
3  41 242 328
3  46 172 329
3  1 180 181
3  1 146 180
3  330 186 331
3  24 51 332
3  213 186 214
3  185 333 334
3  65 253 261
3  103 335 336
3  337 338 339
3  150 340 252
3  52 341 342
3  343 344 345
3  346 252 347
3  348 349 350
3  152 348 350
3  351 352 353
3  68 254 354
3  254 355 356
3  22 97 357
3  156 357 96
3  101 151 358
3  160 359 360
3  258 69 259
3  361 62 362
3  352 351 363
3  151 152 104
3  357 97 96
3  97 102 364
3  101 358 359
3  157 98 365
3  64 63 118
3  119 177 120
3  80 82 115
3  82 34 115
3  366 367 174
3  67 174 109
3  67 368 267
3  116 369 370
3  67 253 268
3  253 65 268
3  34 168 170
3  169 328 371
3  168 34 270
3  34 33 270
3  66 34 174
3  67 66 174
3  372 256 373
3  116 370 272
3  171 47 99
3  366 374 375
3  366 376 374
3  376 174 374
3  147 41 274
3  327 377 378
3  243 379 380
3  181 146 178
3  148 147 244
3  117 277 381
3  382 179 383
3  176 237 382
3  59 1 236
3  236 1 384
3  233 16 91
3  385 122 386
3  79 80 76
3  80 65 76
3  387 388 389
3  282 292 307
3  203 49 208
3  187 302 390
3  391 48 282
3  48 28 392
3  323 135 393
3  121 123 135
3  308 394 395
3  123 65 186
3  396 321 397
3  398 399 400
3  90 291 401
3  401 291 296
3  298 30 299
3  30 29 299
3  90 401 296
3  402 403 404
3  402 405 403
3  183 138 406
3  183 193 289
3  196 90 407
3  206 408 207
3  20 409 410
3  45 411 412
3  203 25 49
3  391 282 413
3  292 23 306
3  414 415 416
3  310 131 416
3  417 418 419
3  416 37 420
3  421 219 221
3  139 422 222
3  217 122 423
3  223 219 287
3  86 232 222
3  232 139 222
3  121 135 137
3  424 425 426
3  85 134 427
3  428 429 430
3  216 431 316
3  319 86 432
3  222 219 223
3  421 433 434
3  130 321 396
3  322 135 323
3  321 85 435
3  424 132 436
3  16 233 437
3  198 438 439
3  13 14 234
3  71 88 143
3  45 142 210
3  88 71 440
3  25 203 72
3  88 234 143
3  265 240 275
3  242 41 148
3  328 169 42
3  41 328 42
3  149 154 153
3  441 50 342
3  51 50 332
3  50 24 442
3  443 444 343
3  445 446 335
3  333 185 261
3  185 65 261
3  340 150 447
3  448 449 450
3  451 449 448
3  185 334 452
3  453 454 455
3  103 252 346
3  334 333 448
3  252 340 347
3  253 69 456
3  69 258 456
3  355 254 457
3  164 457 269
3  161 160 458
3  459 354 356
3  460 461 462
3  460 462 463
3  22 357 108
3  461 464 462
3  162 67 112
3  364 465 466
3  69 253 70
3  253 68 70
3  358 151 467
3  467 151 468
3  469 470 471
3  363 253 472
3  443 166 444
3  152 103 348
3  473 469 474
3  475 470 12
3  162 112 476
3  355 457 164
3  262 264 477
3  264 263 465
3  478 102 479
3  102 101 159
3  241 240 265
3  82 241 265
3  374 480 481
3  328 329 371
3  480 273 481
3  376 366 174
3  482 483 484
3  367 366 485
3  47 271 248
3  486 487 488
3  111 110 483
3  271 116 272
3  116 22 256
3  373 256 257
3  372 489 486
3  486 489 490
3  47 491 492
3  493 99 492
3  172 494 495
3  171 99 496
3  82 118 361
3  146 148 244
3  497 265 275
3  34 497 275
3  239 241 361
3  241 82 361
3  327 498 377
3  181 178 177
3  117 179 382
3  175 176 383
3  1 181 277
3  119 276 381
3  59 238 176
3  59 236 238
3  1 237 384
3  237 236 384
3  201 199 202
3  218 122 499
3  232 91 140
3  139 232 140
3  200 500 501
3  198 502 438
3  302 301 388
3  413 307 387
3  19 304 503
3  283 504 505
3  504 294 505
3  392 28 504
3  282 48 506
3  507 283 508
3  225 224 190
3  137 224 226
3  186 185 331
3  186 330 509
3  418 510 511
3  37 415 38
3  512 513 514
3  515 516 397
3  195 507 517
3  504 28 294
3  402 297 405
3  296 518 297
3  192 402 519
3  299 29 138
3  183 209 184
3  193 183 182
3  193 196 194
3  138 289 404
3  90 402 520
3  402 192 520
3  138 76 406
3  76 83 406
3  4 197 182
3  385 386 521
3  197 193 182
3  279 3 5
3  285 408 522
3  408 206 522
3  304 303 503
3  19 45 20
3  285 188 523
3  188 187 523
3  307 306 387
3  388 524 389
3  23 124 387
3  282 307 413
3  212 309 525
3  308 398 400
3  510 526 527
3  24 310 528
3  510 123 511
3  186 213 529
3  341 530 531
3  37 36 532
3  311 431 499
3  281 290 311
3  431 218 499
3  431 216 218
3  422 219 222
3  286 533 287
3  227 318 137
3  135 322 136
3  281 137 226
3  281 121 137
3  534 535 191
3  134 87 536
3  424 537 425
3  538 539 540
3  287 434 288
3  432 86 223
3  130 396 541
3  542 538 540
3  543 541 516
3  544 133 540
3  233 325 437
3  500 16 501
3  76 122 84
3  122 385 84
3  234 14 143
3  14 93 143
3  71 72 440
3  89 88 440
3  169 168 42
3  168 33 42
3  328 242 329
3  242 46 329
3  331 185 452
3  545 153 546
3  154 441 342
3  154 50 547
3  50 442 332
3  442 24 332
3  446 349 335
3  335 349 336
3  349 446 344
3  333 261 548
3  469 473 549
3  261 253 363
3  444 75 550
3  551 552 165
3  447 150 553
3  150 149 553
3  246 554 247
3  555 556 557
3  103 346 558
3  344 445 559
3  338 333 560
3  451 448 561
3  459 259 354
3  354 254 356
3  467 459 360
3  160 562 458
3  67 113 112
3  563 163 564
3  370 487 565
3  267 566 464
3  460 490 567
3  107 108 567
3  459 467 259
3  467 468 568
3  151 104 569
3  569 104 570
3  349 348 336
3  348 103 336
3  552 261 571
3  352 363 472
3  163 263 572
3  263 262 572
3  157 263 158
3  163 162 476
3  263 157 466
3  573 356 574
3  161 478 479
3  465 364 478
3  160 159 359
3  159 101 359
3  459 573 562
3  163 477 255
3  147 274 275
3  497 34 265
3  118 63 361
3  63 62 361
3  266 171 494
3  169 371 273
3  329 172 371
3  371 172 575
3  109 367 576
3  47 248 491
3  174 367 109
3  110 109 577
3  368 67 111
3  67 109 111
3  369 116 578
3  256 372 369
3  107 489 373
3  489 372 373
3  267 368 482
3  487 370 488
3  493 491 375
3  579 576 580
3  496 99 493
3  374 496 493
3  362 178 377
3  147 275 244
3  379 327 378
3  178 146 243
3  277 181 381
3  119 62 276
3  276 117 381
3  181 119 381
3  118 175 179
3  179 175 383
3  238 237 176
3  176 382 383
3  237 1 278
3  1 277 278
3  122 217 201
3  217 216 201
3  438 502 581
3  54 521 55
3  500 200 582
3  220 583 584
3  437 325 585
3  325 300 326
3  48 302 49
3  302 187 49
3  306 23 387
3  388 301 524
3  586 517 508
3  124 43 303
3  507 293 284
3  294 586 508
3  283 507 284
3  507 195 293
3  48 392 506
3  392 282 506
3  434 433 288
3  290 226 312
3  587 588 589
3  588 587 590
3  50 52 342
3  51 341 52
3  330 331 591
3  186 509 214
3  592 155 342
3  593 594 595
3  596 123 597
3  309 308 525
3  596 399 598
3  135 596 393
3  294 30 295
3  30 298 295
3  296 291 518
3  517 518 599
3  195 517 599
3  126 518 586
3  193 192 289
3  405 126 403
3  194 196 520
3  192 194 520
3  297 518 405
3  402 90 297
3  294 295 127
3  295 298 125
3  196 407 520
3  407 90 520
3  183 406 209
3  521 438 55
3  325 326 585
3  325 3 300
3  279 5 182
3  5 4 182
3  409 600 410
3  20 45 409
3  20 523 21
3  19 21 304
3  124 388 387
3  391 413 524
3  414 416 601
3  186 529 511
3  512 602 394
3  212 130 309
3  415 37 416
3  24 528 420
3  528 310 420
3  310 416 420
3  417 419 526
3  419 229 603
3  36 51 532
3  51 24 532
3  331 452 604
3  605 230 215
3  431 311 316
3  421 312 433
3  139 17 583
3  422 139 583
3  122 281 499
3  281 311 499
3  122 218 423
3  218 217 423
3  606 607 608
3  607 191 608
3  227 137 228
3  137 136 228
3  606 542 430
3  609 589 610
3  132 427 436
3  132 85 427
3  515 133 544
3  606 611 612
3  321 435 515
3  323 393 613
3  502 326 581
3  502 198 326
3  57 141 72
3  141 31 72
3  210 142 211
3  204 203 205
3  447 553 153
3  553 149 153
3  447 153 545
3  453 545 614
3  154 547 441
3  547 50 441
3  446 445 344
3  443 559 246
3  363 351 73
3  261 363 73
3  253 456 353
3  258 469 471
3  261 552 548
3  552 551 548
3  451 615 616
3  444 166 571
3  455 617 618
3  453 614 454
3  445 335 558
3  335 103 558
3  619 445 347
3  340 619 347
3  259 69 354
3  69 68 354
3  573 620 562
3  359 358 360
3  358 467 360
3  239 361 362
3  263 163 563
3  461 621 622
3  114 464 461
3  112 114 461
3  114 113 464
3  113 267 464
3  489 107 490
3  490 107 567
3  108 357 567
3  357 156 567
3  258 260 469
3  259 467 260
3  105 623 624
3  623 152 350
3  623 350 624
3  349 11 350
3  75 74 550
3  11 349 343
3  152 623 251
3  468 625 474
3  112 461 622
3  263 563 621
3  364 102 478
3  264 465 478
3  163 572 477
3  572 262 477
3  457 254 269
3  254 162 269
3  374 174 480
3  371 575 273
3  367 485 576
3  374 493 375
3  369 372 370
3  487 483 565
3  368 111 482
3  486 490 626
3  110 577 627
3  249 370 250
3  116 256 578
3  256 369 578
3  22 107 257
3  107 373 257
3  490 566 626
3  483 487 484
3  491 248 580
3  485 375 580
3  491 493 492
3  375 491 580
3  274 35 275
3  35 34 275
3  178 362 120
3  362 62 120
3  117 382 628
3  382 237 628
3  583 500 584
3  201 317 629
3  386 438 521
3  438 386 439
3  17 500 583
3  16 500 17
3  386 199 439
3  199 198 439
3  199 386 202
3  386 122 202
3  285 522 208
3  522 206 208
3  21 523 304
3  302 388 305
3  388 303 305
3  388 124 303
3  282 392 283
3  392 504 283
3  293 292 284
3  292 282 284
3  87 320 589
3  226 189 315
3  312 421 313
3  311 290 312
3  320 587 589
3  314 189 191
3  609 610 630
3  535 534 590
3  605 631 632
3  155 154 342
3  631 594 632
3  214 633 634
3  334 448 450
3  635 636 556
3  123 186 511
3  418 417 510
3  597 510 637
3  308 543 398
3  135 123 596
3  123 510 597
3  518 517 586
3  517 507 508
3  518 291 599
3  291 195 599
3  518 126 405
3  126 125 403
3  138 638 639
3  638 125 639
3  403 125 404
3  402 404 519
3  126 586 127
3  586 294 127
3  209 406 53
3  406 83 53
3  279 581 640
3  581 326 640
3  408 285 600
3  411 600 412
3  411 408 600
3  285 523 600
3  416 131 601
3  131 212 601
3  37 532 420
3  532 24 420
3  641 215 642
3  229 415 602
3  399 596 513
3  229 602 603
3  415 229 128
3  419 641 642
3  129 128 643
3  230 605 643
3  286 319 533
3  319 432 533
3  220 644 221
3  316 311 645
3  427 134 436
3  134 536 646
3  134 646 436
3  646 424 436
3  190 318 608
3  612 611 647
3  318 227 648
3  227 136 648
3  543 308 541
3  308 130 541
3  543 516 649
3  606 648 611
3  649 539 650
3  321 515 397
3  326 16 585
3  16 437 585
3  440 204 651
3  204 205 651
3  203 206 205
3  45 211 207
3  555 652 653
3  341 555 342
3  333 338 448
3  559 554 246
3  470 74 654
3  655 481 656
3  253 353 472
3  353 352 472
3  619 340 617
3  337 548 167
3  333 548 339
3  548 337 339
3  166 245 657
3  548 551 165
3  445 558 347
3  558 346 347
3  453 455 618
3  247 554 616
3  355 255 574
3  573 459 356
3  255 477 574
3  562 620 458
3  465 263 466
3  157 96 98
3  461 460 658
3  621 461 658
3  464 566 462
3  462 566 463
3  566 490 463
3  490 460 463
3  625 473 474
3  104 251 105
3  468 151 570
3  151 569 570
3  654 74 659
3  351 353 660
3  166 165 571
3  165 552 571
3  351 660 659
3  11 343 661
3  349 344 343
3  443 343 345
3  251 623 105
3  10 105 662
3  621 563 622
3  263 621 663
3  163 476 564
3  476 112 564
3  620 477 478
3  477 264 478
3  356 355 574
3  355 164 255
3  174 273 480
3  174 173 273
3  494 655 495
3  172 266 494
3  273 575 481
3  496 374 655
3  370 249 272
3  249 248 272
3  248 579 580
3  109 576 577
3  267 482 484
3  482 111 483
3  576 579 577
3  579 248 577
3  370 372 488
3  372 486 488
3  487 626 484
3  487 486 626
3  576 485 580
3  485 366 375
3  99 100 492
3  100 47 492
3  327 275 498
3  379 243 327
3  379 178 380
3  178 243 380
3  117 664 665
3  664 237 665
3  317 316 629
3  201 216 317
3  644 316 221
3  219 422 220
3  54 84 521
3  84 385 521
3  201 644 666
3  139 15 17
3  304 523 390
3  523 187 390
3  433 667 668
3  534 191 607
3  537 610 428
3  225 190 189
3  535 314 191
3  191 190 608
3  646 536 609
3  536 87 609
3  589 588 610
3  646 609 630
3  509 591 633
3  509 330 591
3  36 636 669
3  636 530 669
3  632 594 556
3  592 342 653
3  449 452 450
3  452 334 450
3  414 601 525
3  601 212 525
3  125 638 404
3  638 138 404
3  125 299 639
3  299 138 639
3  209 581 184
3  581 279 184
3  438 581 55
3  581 209 55
3  279 640 670
3  640 326 670
3  301 48 524
3  48 391 524
3  529 419 511
3  419 418 511
3  419 529 641
3  529 213 641
3  603 602 512
3  419 603 526
3  602 415 671
3  415 414 671
3  229 419 642
3  641 213 215
3  415 128 38
3  128 36 38
3  636 632 556
3  128 229 231
3  533 432 287
3  432 223 287
3  421 645 313
3  645 311 313
3  316 645 221
3  645 421 221
3  425 672 426
3  672 542 426
3  136 324 673
3  538 612 647
3  324 611 673
3  136 322 324
3  539 647 674
3  539 538 647
3  515 435 133
3  435 85 133
3  649 544 675
3  399 649 650
3  393 596 676
3  596 598 676
3  72 204 440
3  89 440 651
3  142 205 211
3  211 205 207
3  142 89 651
3  205 142 651
3  408 411 207
3  411 45 207
3  453 340 545
3  340 447 545
3  449 614 653
3  546 653 677
3  343 444 550
3  481 575 656
3  654 659 678
3  659 660 678
3  554 559 617
3  245 247 679
3  548 165 167
3  166 443 245
3  333 339 560
3  339 338 560
3  245 443 246
3  615 451 561
3  247 615 679
3  561 448 680
3  615 247 616
3  554 617 455
3  614 449 454
3  449 451 454
3  160 360 562
3  360 459 562
3  477 620 574
3  620 573 574
3  98 97 365
3  97 364 365
3  469 260 568
3  260 467 568
3  468 570 625
3  570 106 681
3  353 456 660
3  470 654 678
3  74 470 475
3  11 475 12
3  444 571 75
3  571 261 75
3  344 559 345
3  559 443 345
3  625 105 473
3  105 10 473
3  350 11 624
3  105 624 662
3  156 158 658
3  158 663 658
3  563 564 622
3  564 112 622
3  102 159 682
3  159 161 682
3  374 481 655
3  575 655 656
3  483 627 683
3  483 110 627
3  577 250 565
3  577 248 250
3  626 566 484
3  566 267 484
3  275 240 498
3  240 239 498
3  237 664 628
3  664 117 628
3  237 277 665
3  277 117 665
3  316 644 629
3  644 201 629
3  644 220 666
3  220 422 583
3  200 199 582
3  500 582 666
3  16 326 501
3  326 200 501
3  304 390 305
3  390 302 305
3  19 503 684
3  503 303 684
3  283 505 508
3  505 294 508
3  320 319 587
3  319 286 587
3  424 646 630
3  609 87 589
3  314 535 668
3  226 225 189
3  288 433 668
3  667 314 668
3  331 604 595
3  214 509 633
3  555 635 556
3  530 341 669
3  341 51 669
3  51 36 669
3  449 652 685
3  530 636 635
3  652 449 653
3  342 555 653
3  399 513 686
3  513 512 394
3  637 527 514
3  602 671 394
3  404 289 519
3  289 192 519
3  279 280 687
3  280 182 687
3  326 300 670
3  300 279 670
3  600 523 410
3  523 20 410
3  600 409 412
3  409 45 412
3  524 413 389
3  413 387 389
3  603 512 514
3  510 417 526
3  215 230 642
3  230 229 642
3  287 219 434
3  219 421 434
3  286 288 688
3  535 590 668
3  539 649 689
3  428 534 429
3  538 542 612
3  542 606 612
3  611 648 673
3  648 136 673
3  516 515 649
3  515 544 649
3  611 324 647
3  647 613 674
3  133 132 426
3  132 424 426
3  133 426 540
3  426 542 540
3  516 541 397
3  541 396 397
3  598 539 676
3  393 676 613
3  153 155 546
3  155 592 546
3  74 73 659
3  73 351 659
3  337 167 679
3  554 455 616
3  448 338 680
3  338 337 680
3  559 445 617
3  445 619 617
3  620 478 458
3  478 161 458
3  157 365 466
3  365 364 466
3  106 105 681
3  570 104 106
3  660 456 678
3  456 258 678
3  470 469 549
3  473 10 12
3  74 475 550
3  475 11 661
3  661 343 550
3  475 661 550
3  469 568 474
3  568 468 474
3  624 11 662
3  11 10 662
3  263 663 158
3  663 621 658
3  460 567 658
3  567 156 658
3  102 682 479
3  682 161 479
3  494 171 655
3  171 496 655
3  250 370 565
3  627 577 683
3  498 239 377
3  239 362 377
3  584 500 666
3  220 584 666
3  303 44 684
3  44 19 684
3  433 312 667
3  314 667 315
3  610 537 630
3  537 424 630
3  534 610 590
3  610 588 590
3  542 672 430
3  610 534 428
3  636 129 643
3  636 36 129
3  605 215 631
3  633 591 634
3  652 555 685
3  530 635 531
3  631 634 595
3  452 593 604
3  545 546 677
3  546 592 653
3  394 671 395
3  671 414 395
3  513 394 686
3  394 308 400
3  513 596 637
3  596 597 637
3  182 184 687
3  184 279 687
3  399 398 649
3  398 543 649
3  544 540 675
3  649 675 689
3  647 324 613
3  324 323 613
3  167 657 679
3  167 166 657
3  615 561 679
3  657 245 679
3  105 625 681
3  625 570 681
3  470 678 471
3  678 258 471
3  473 12 549
3  12 470 549
3  655 575 495
3  575 172 495
3  377 178 378
3  178 379 378
3  582 199 666
3  199 201 666
3  667 312 315
3  312 226 315
3  668 590 688
3  288 668 688
3  672 425 428
3  425 537 428
3  318 648 608
3  648 606 608
3  128 231 643
3  231 230 643
3  631 215 634
3  215 214 634
3  594 631 595
3  604 593 595
3  636 643 632
3  643 605 632
3  635 555 531
3  555 341 531
3  594 593 556
3  556 593 557
3  634 591 595
3  591 331 595
3  593 452 685
3  452 449 685
3  653 614 677
3  614 545 677
3  414 525 395
3  525 308 395
3  394 400 686
3  400 399 686
3  513 637 514
3  637 510 527
3  539 598 650
3  598 399 650
3  675 540 689
3  540 539 689
3  613 676 674
3  676 539 674
3  455 454 616
3  454 451 616
3  617 340 618
3  340 453 618
3  577 565 683
3  565 483 683
3  590 587 688
3  587 286 688
3  534 607 429
3  672 428 430
3  593 685 557
3  685 555 557
3  527 526 514
3  526 603 514
3  561 680 679
3  680 337 679
3  429 607 430
3  607 606 430
