OFF
423 842 0
107.675 -211.379 435.896
-238.624 -12.6896 435.896
-125.709 -188.797 435.896
193.367 173.06 405.767
242.63 51.8915 418.675
239.82 76.2548 401.457
-229.112 -117.59 311.095
-242.319 -33.894 315.363
-174.636 -116.61 199.091
-168.077 -189.688 306.785
80.5601 -250.571 336.924
227.756 -148.458 336.944
166.215 -198.71 418.679
30.1096 -114.697 112.563
-14.3479 -89.108 86.5808
-0.306352 -9.94602 -0.000195519
142.828 139.922 220.533
61.8369 180.551 216.191
123.353 190.705 293.791
-1.52589 -9.83298 -0.000974039
-2.40237 -9.55465 -0.00153355
-1.21035 -9.77754 -0.000772652
237.827 -15.0554 285.227
255.63 -98.8874 435.896
-231.505 -122.587 397.161
-235.932 -107.722 388.553
-195.65 176.78 358.435
-273.493 73.0987 427.293
-176.551 175.893 431.591
-96.3492 245.602 345.529
-56.5066 259.987 384.257
-72.2592 248.968 341.215
83.6698 94.1682 121.208
51.199 90.1795 95.2698
109.744 136.901 190.305
31.1528 194.888 224.825
32.5143 252.378 379.938
67.0903 218.284 306.707
232.049 -32.9174 272.306
251.982 60.4595 319.708
144.748 -79.759 173.046
215.442 92.2476 435.896
-35.7945 238.172 435.896
141.887 204.904 435.896
63.7938 246.983 427.287
49.1589 226.147 435.896
87.6193 -140.356 177.35
95.5362 -192.666 246.418
-3.30617 -9.38508 -0.00211046
-4.21466 -8.46652 -0.00269041
-177.652 -199.378 354.139
-249.723 89.9303 349.833
-180.867 171.525 319.678
-194.29 111.872 267.963
-131.87 131.243 198.961
-153.534 109.592 207.578
-135.475 225.063 397.161
-179.025 15.1707 190.318
-180.191 -20.3919 190.334
-203.05 7.29276 233.459
-27.7546 249.555 345.501
38.7448 150.097 168.692
151.712 -39.3715 160.094
211.009 -8.14997 242.096
81.3867 151.889 190.286
65.714 -72.0084 90.9292
56.8544 -86.7838 95.2701
94.6736 5.71791 90.9124
94.6144 -6.95872 90.9126
-156.534 176.822 435.896
-163.816 -204.939 427.288
-164.233 -209.385 358.441
-81.2569 -258.552 410.078
256.839 -11.4542 384.244
190.412 138.113 435.896
181.313 180.571 349.814
140.236 -124.51 216.18
65.3961 -151.598 177.346
-242.028 28.3203 315.361
-6.00697 1.91119 -0.00383462
-6.00697 -1.91119 -0.00383462
-6.44625 -1.41194 -0.00411502
-9.4796 3.01658 -0.0060511
-9.38224 3.30717 -0.00598895
-9.27598 3.59461 -0.00592113
-48.907 -247.369 431.591
49.5549 -248.13 298.178
-58.8806 79.8229 95.2404
-3.59354 9.27878 -0.00229386
-3.87749 9.16369 -0.00247511
-236.695 -104.057 401.462
3.30617 -9.38508 0.00211046
3.59354 -9.27878 0.00229384
-243.956 113.339 388.563
-4.34961e-07 9.95074 -2.77648e-10
0.306341 9.94602 0.000195547
0.917863 9.90829 0.000585896
-38.7306 149.344 168.689
-85.9062 199.97 263.63
-78.9119 58.7408 90.9355
-110.728 45.4639 112.571
-98.1804 64.9656 112.558
-7.93846 5.99665 -0.00506735
-7.75008 6.23834 -0.00494711
100.548 -62.5762 116.861
-133.781 -130.37 186.062
-25.9504 -273.069 362.757
-157.788 -197.669 311.083
101.81 9.52006 99.5609
95.8325 27.0317 95.2439
195.455 20.8025 220.523
29.7966 256.479 414.375
65.2061 72.4381 90.9291
86.5342 66.409 108.203
227.49 118.778 336.907
66.6184 255.219 414.377
58.4926 -247.921 427.287
3.84697 -268.727 431.593
-5.5612 182.071 203.246
-6.23646 -7.75242 -0.00398096
-79.1792 88.234 112.564
-9.77834 1.82844 -0.00624179
-121.216 11.9342 112.585
-9.71741 2.12879 -0.00620291
-109.707 232.022 323.997
-110.873 208.142 435.896
-6.2431 135.637 142.771
-21.4517 94.0621 95.2226
-29.5521 91.5861 95.2218
-67.1908 126.791 155.72
-4.08773 7.08161 -0.0026094
-5.82323 5.30958 -0.00371726
-5.02949 8.12517 -0.00321051
142.121 71.8061 168.708
40.614 -258.483 422.984
-237.049 -56.8285 431.59
-206.653 -85.9874 435.896
11.6755 100.572 99.5528
1.5259 9.83298 0.000974024
1.22246 9.87532 0.000780335
98.6355 231.781 384.238
-183.321 -172.97 431.591
43.8268 -231.05 435.896
-0.331061 -171.922 181.682
-20.3612 -117.288 121.17
-72.3891 -96.9459 116.876
8.29245 -5.49643 0.00529331
131.212 -129.455 211.861
-9.64727 2.42711 -0.00615813
-9.56797 2.72315 -0.00610752
8.76406 -4.70762 0.00559437
94.4188 -31.5923 95.2438
9.38224 3.30717 0.00598894
9.4796 3.01658 0.0060511
-5.42169 -1.01358 -0.00346102
-5.54008 1.39353 -0.00353659
8.61498 -4.97536 0.00549919
8.90484 -4.43542 0.00568421
147.039 196.017 341.184
196.38 168.119 401.462
84.0705 240.345 427.287
-239.782 -79.6661 323.985
-6.33205 -223.923 267.963
7.35146 6.70376 0.00469264
7.1416 6.92704 0.00455868
6.92495 -7.14375 0.00442041
7.1416 -6.92704 0.0045587
5.99485 -7.94085 0.00382669
6.23646 -7.75242 0.00398095
-3.01569 9.48248 -0.001925
9.94772 0 0.0063499
9.77835 -1.82843 0.00624179
9.27598 -3.59461 0.00592111
-104.942 -198.491 267.962
7.35146 -6.70376 0.00469266
-1.22246 9.87532 -0.000780337
-5.20933 90.3246 86.5821
-0.917864 9.90829 -0.000585896
-7.1416 6.92704 -0.00455868
-62.2892 221.49 289.493
-70.1203 -164.082 190.319
8.45773 -5.23837 0.00539881
5.23682 -8.46028 0.0033428
4.39022 -8.81932 0.00280238
6.47219 -7.55662 0.00413136
4.15777 -9.03989 0.00265401
-7.55436 -6.47412 -0.00482215
-7.35146 -6.70376 -0.00469265
-97.969 -150.963 190.327
-4.90361 -0.454423 -0.00313031
-4.90361 0.454422 -0.00313031
-6.92495 -7.14374 -0.0044204
-7.1416 -6.92704 -0.00455868
-8.76407 -4.70762 -0.00559436
-8.61498 -4.97536 -0.0054992
-7.55436 6.47412 -0.00482215
2.42639 9.65019 0.00154882
-4.26097 5.29588 -0.00272003
-9.77834 -1.82844 -0.00624179
-9.71741 -2.12879 -0.00620291
9.943 -0.306419 0.0063469
9.92885 -0.612578 0.00633788
9.90528 -0.918137 0.00632283
9.87232 1.22283 0.00630179
4.66441 -194.054 216.208
8.1193 -5.74927 0.0051828
6.70174 -7.35368 0.00427792
-4.28701 -7.98544 -0.00273661
-36.2766 -132.549 142.776
9.77835 1.82844 0.00624179
-7.9808 1.2391 -0.00509452
-8.16565 2.59826 -0.00521249
-7.60079 1.66491 -0.00485196
-6.79274 0.20931 -0.00433619
-7.56952 -0.466959 -0.00483201
-7.56952 0.466958 -0.00483201
-8.90484 4.43542 -0.00568422
-8.61498 4.97536 -0.0054992
-7.35146 6.70376 -0.00469265
-4.43409 8.90753 -0.00283042
-1.82789 9.78131 -0.0011668
6.47218 7.55663 0.00413138
-5.20335 3.00449 -0.00332163
6.70175 7.35368 0.00427791
1.82789 9.78131 0.0011668
2.72233 9.57087 0.00173774
-8.17486 -7.14669e-07 -0.00521839
-9.92885 -0.612576 -0.00633788
-9.74611 -0.300358 -0.00622125
-9.14871 -1.42052 -0.00583996
-7.76212 -4.48256 -0.00495487
-7.43769 -3.14873 -0.00474783
-7.1651 -4.13763 -0.00457381
-7.3549 -1.85016 -0.00469501
-9.6212 -2.1077 -0.00614151
-8.88315 -2.23477 -0.00567045
9.03716 -4.159 0.00576867
7.55437 -6.47411 0.00482214
9.90529 0.918136 0.00632283
9.92885 0.612575 0.00633788
5.49478 -8.29495 0.00350747
-1.22246 -9.87532 -0.000780328
-0.91786 -9.90829 -0.000585903
-3.59354 -9.27878 -0.00229384
-5.99485 -7.94085 -0.00382669
-5.74754 -8.12176 -0.00366884
-4.97387 -8.61759 -0.00317497
-5.49478 -8.29496 -0.00350747
-9.45077 0.291259 -0.00603275
-9.74611 0.300359 -0.00622125
-9.14241 0.564027 -0.00583594
-9.16091 3.87865 -0.00584767
-9.03716 4.159 -0.00576868
-8.76407 4.70762 -0.00559436
-5.99485 7.94085 -0.0038267
-6.70175 7.35368 -0.00427792
-5.49479 8.29495 -0.00350747
-5.74755 8.12175 -0.00366881
4.43409 8.90753 0.0028304
-1.21036 9.77754 -0.000772619
7.55436 6.47412 0.00482216
8.29245 5.49643 0.00529331
8.45773 5.23838 0.00539881
-8.61674 -3.64812 -0.00550037
-9.27597 -3.59462 -0.00592113
-8.52595 -2.42642 -0.00544246
-6.97073 1.30326 -0.0044498
-9.90528 -0.91814 -0.00632283
-9.92885 0.612574 -0.00633788
-7.93846 -5.99665 -0.00506735
-8.29245 -5.49643 -0.00529331
-9.87232 -1.22282 -0.00630179
-6.59493 -3.54201 -0.00420989
101.239 -14.5502 99.561
9.82999 -1.52636 0.00627477
9.71741 2.12879 0.00620291
9.64727 2.42711 0.00615813
9.82999 1.52636 0.00627476
0.612395 -9.93187 0.000390917
0.306352 -9.94602 0.000195519
4.43409 -8.90753 0.00283042
3.87749 -9.16369 0.00247512
1.22246 -9.87532 0.00078033
1.8279 -9.78131 0.00116678
9.16091 -3.87865 0.00584768
7.75008 -6.23835 0.00494713
7.93846 -5.99665 0.00506735
-1.8279 -9.78131 -0.00116678
-4.26835 -6.03074 -0.00272474
-3.68802 -7.40811 -0.00235427
-9.943 0.306432 -0.0063469
-6.79274 -0.20931 -0.00433619
-5.91171 3.91785 -0.00377377
-7.55668 5.35066 -0.00482371
-6.50743 5.57647 -0.00415398
-7.76212 4.48256 -0.00495487
-6.22397 2.19354 -0.00397313
-8.97952 3.80181 -0.00573191
-8.45772 5.23838 -0.00539882
-9.6212 2.1077 -0.00614151
-9.14871 1.42052 -0.00583996
-5.23681 8.46028 -0.00334282
-4.97387 8.61759 -0.00317498
2.12815 9.72036 0.00135846
3.30618 9.38508 0.00211042
4.70621 8.76672 0.00300411
4.97387 8.61759 0.00317496
7.93846 5.99665 0.00506735
8.1193 5.74926 0.00518279
8.61498 4.97536 0.00549919
9.03716 4.159 0.00576868
9.16091 3.87865 0.00584767
-9.53802 -1.48099 -0.00608843
-7.73697 -1.94631 -0.00493888
-8.16565 -2.59826 -0.00521249
-7.9808 -1.2391 -0.00509452
-9.64727 -2.42712 -0.00615813
-9.56797 -2.72315 -0.00610752
-9.943 -0.306431 -0.0063469
-9.94772 -8.69657e-07 -0.0063499
-8.90484 -4.43542 -0.00568422
-6.47219 -7.55662 -0.00413136
-8.15673 -4.38121 -0.00520674
-9.4796 -3.01658 -0.0060511
9.56797 2.72314 0.00610752
2.72234 -9.57087 0.00173772
2.4264 -9.65019 0.00154882
-3.79914 -5.0315 -0.00242524
3.01569 -9.48248 0.00192502
4.97387 -8.61759 0.00317497
9.56797 -2.72313 0.00610751
9.4796 -3.01659 0.00605111
5.74754 -8.12175 0.00366884
8.90484 4.43542 0.00568421
-8.42295 -1.57487 -0.00537673
-8.56883 -7.49111e-07 -0.00546985
-9.14241 -0.564029 -0.00583594
-6.30374 6.91671 -0.00402391
-8.11931 5.74926 -0.00518278
-5.14148 4.13789 -0.00328211
-8.54129 3.30976 -0.00545223
-8.52595 2.42643 -0.00544246
-8.42295 1.57487 -0.00537673
-8.69938 1.07746 -0.00555317
-4.15776 9.03989 -0.00265401
0.303313 9.84754 0.000193606
5.74754 8.12175 0.00366883
5.99485 7.94085 0.00382669
5.49478 8.29495 0.00350747
7.75008 6.23834 0.0049471
9.27598 3.59461 0.00592112
-9.82999 -1.52635 -0.00627476
-7.75008 -6.23834 -0.0049471
-9.16091 -3.87865 -0.00584767
-7.55668 -5.35066 -0.00482371
-8.11931 -5.74926 -0.00518278
-3.01568 -9.48248 -0.00192502
-2.12815 -9.72036 -0.00135846
-9.38224 -3.30717 -0.00598895
-9.03716 -4.159 -0.00576868
-8.40557 -2.11457 -0.00536563
9.64727 -2.42711 0.00615812
9.87232 -1.22283 0.00630179
-5.02466 -3.11147 -0.00320756
4.70621 -8.76672 0.00300413
9.71741 -2.12879 0.00620291
0.917865 -9.90829 0.000585906
1.18661e-07 -9.95074 7.5745e-11
1.52589 -9.83298 0.000974043
-8.45772 -5.23838 -0.00539881
-6.70175 -7.35368 -0.00427791
6.92495 7.14374 0.0044204
-6.97969 -0.430559 -0.00445552
-9.87232 1.22282 -0.00630179
-9.82999 1.52635 -0.00627476
-5.24879 -6.52409 -0.00335056
-5.06273 -5.91035 -0.00323181
-9.90528 0.918138 -0.00632283
-9.29189 2.95682 -0.00593131
-8.29245 5.49643 -0.00529331
-6.59493 3.54201 -0.00420989
-7.43769 3.14873 -0.00474783
-7.1651 4.13763 -0.00457381
-6.23647 7.75242 -0.00398092
-6.47218 7.55663 -0.00413137
-4.70621 8.76671 -0.00300411
3.01569 9.48248 0.001925
3.87749 9.16369 0.00247511
6.23647 7.75242 0.00398092
5.23681 8.46028 0.0033428
8.76407 4.70762 0.00559437
-9.45077 -0.291259 -0.00603275
-9.29189 -2.95683 -0.00593131
-3.87748 -9.16369 -0.00247511
9.943 0.306433 0.0063469
-0.61239 -9.93187 -0.000390914
-8.40557 2.11457 -0.00536563
-6.87732 1.72998 -0.00439017
-8.69938 -1.07747 -0.00555317
-2.72233 9.57087 -0.00173774
-1.5259 9.83298 -0.000974025
-2.12815 9.72036 -0.00135846
-6.92496 7.14374 -0.00442039
3.59354 9.27878 0.00229386
4.15776 9.03989 0.00265402
-4.70621 -8.76672 -0.00300413
-2.4264 -9.65019 -0.00154882
-8.12282 -5.03084 -0.00518507
5.8762 -7.78356 0.00375092
9.38224 -3.30718 0.00598896
2.12815 -9.72036 0.00135846
-8.15673 4.38121 -0.00520674
-7.64843 1.43 -0.00488237
-2.42639 9.65019 -0.00154882
-3.30618 9.38508 -0.00211042
-0.612393 9.93187 -0.000390909
-0.306342 9.94602 -0.000195547
1.51081 9.73562 0.000964382
-4.43409 -8.90753 -0.00283041
-5.23681 -8.46028 -0.00334279
-2.72234 -9.57087 -0.00173772
0.612392 9.93187 0.000390908
-4.15777 -9.03989 -0.00265401
3  0 1 2
3  3 4 5
3  6 7 8
3  9 6 8
3  10 11 12
3  13 14 15
3  16 17 18
3  19 20 21
3  11 22 23
3  6 24 25
3  26 27 28
3  29 30 31
3  32 33 34
3  35 36 37
3  38 39 22
3  38 11 40
3  0 41 42
3  43 44 45
3  46 11 47
3  11 10 47
3  20 48 49
3  6 50 24
3  51 26 52
3  53 54 55
3  26 56 29
3  57 58 59
3  36 35 60
3  17 61 35
3  38 62 63
3  34 33 64
3  65 40 66
3  67 62 68
3  27 1 69
3  70 71 72
3  23 22 73
3  0 12 23
3  43 41 74
3  75 16 18
3  28 27 69
3  0 42 1
3  40 11 76
3  13 66 77
3  7 27 78
3  79 80 81
3  82 83 84
3  6 9 50
3  2 70 85
3  77 47 86
3  87 88 89
3  90 27 25
3  13 91 92
3  26 51 93
3  94 95 96
3  53 55 57
3  42 30 56
3  56 30 29
3  97 54 98
3  53 51 52
3  99 100 101
3  102 99 103
3  62 40 104
3  105 9 8
3  106 71 107
3  108 109 110
3  4 41 23
3  11 38 22
3  111 42 44
3  41 0 23
3  22 39 73
3  12 11 23
3  63 62 110
3  109 112 113
3  114 75 3
3  75 115 3
3  50 70 24
3  116 0 117
3  31 35 118
3  109 108 67
3  40 65 104
3  62 38 40
3  7 58 8
3  13 77 86
3  117 85 72
3  49 48 119
3  71 70 50
3  9 71 50
3  120 87 89
3  121 122 123
3  55 100 57
3  26 124 52
3  51 27 93
3  27 26 93
3  69 42 125
3  56 26 28
3  17 35 37
3  124 26 29
3  97 126 127
3  87 120 128
3  124 54 52
3  54 53 52
3  17 33 61
3  120 54 129
3  130 131 132
3  33 32 112
3  32 16 133
3  109 133 110
3  117 10 134
3  12 0 116
3  90 24 135
3  1 135 136
3  39 16 114
3  16 75 114
3  17 16 34
3  16 32 34
3  137 138 139
3  18 37 140
3  16 39 133
3  62 108 110
3  18 17 37
3  30 115 36
3  115 30 111
3  30 42 111
3  42 41 43
3  115 43 3
3  2 1 136
3  24 90 25
3  135 24 141
3  2 117 142
3  14 143 144
3  105 8 145
3  104 65 146
3  108 62 67
3  76 11 147
3  11 46 147
3  10 106 86
3  57 100 122
3  8 58 122
3  58 57 122
3  101 54 120
3  120 97 128
3  35 61 137
3  61 33 137
3  100 55 101
3  123 148 149
3  58 7 59
3  51 53 57
3  1 42 69
3  28 69 125
3  104 150 151
3  35 31 60
3  88 87 128
3  54 124 98
3  152 109 153
3  118 126 97
3  35 137 118
3  137 126 118
3  154 79 155
3  128 97 127
3  133 39 110
3  150 156 157
3  39 4 73
3  4 23 73
3  33 17 64
3  17 34 64
3  37 115 140
3  75 18 158
3  39 38 110
3  38 63 110
3  41 4 3
3  114 3 159
3  43 115 160
3  115 111 44
3  1 27 135
3  27 90 135
3  27 7 161
3  7 6 161
3  106 10 117
3  116 117 134
3  40 46 66
3  66 46 77
3  46 47 77
3  47 10 86
3  13 86 143
3  86 106 162
3  133 109 113
3  112 163 164
3  65 165 166
3  66 167 168
3  46 40 147
3  40 76 147
3  128 127 169
3  170 171 172
3  71 9 107
3  106 107 173
3  27 51 78
3  7 78 59
3  174 65 166
3  175 176 177
3  55 54 101
3  99 101 120
3  137 139 96
3  99 120 178
3  42 56 125
3  56 28 125
3  118 124 179
3  124 29 31
3  36 115 37
3  115 75 140
3  75 158 140
3  158 18 140
3  41 3 74
3  3 43 74
3  4 39 5
3  39 114 5
3  44 42 45
3  42 43 45
3  115 44 160
3  44 43 160
3  27 161 25
3  161 6 25
3  24 70 141
3  70 2 141
3  117 0 142
3  0 2 142
3  85 70 72
3  117 2 85
3  71 106 72
3  106 117 72
3  10 12 134
3  12 116 134
3  106 180 162
3  14 13 143
3  112 32 113
3  32 133 113
3  104 146 181
3  182 183 184
3  182 185 183
3  8 186 187
3  105 180 188
3  180 106 173
3  78 51 59
3  51 57 59
3  80 79 154
3  189 190 170
3  191 8 192
3  8 193 194
3  148 122 149
3  99 195 103
3  137 33 138
3  130 196 197
3  122 198 199
3  149 82 84
3  31 30 60
3  30 36 60
3  124 31 179
3  31 118 179
3  124 118 98
3  118 97 98
3  200 201 202
3  109 67 203
3  3 5 159
3  5 114 159
3  135 141 136
3  141 2 136
3  180 143 162
3  86 162 204
3  146 65 205
3  65 66 165
3  165 206 184
3  104 181 156
3  20 207 21
3  208 180 145
3  14 208 145
3  207 20 49
3  143 180 208
3  180 105 145
3  107 9 173
3  9 105 173
3  189 154 190
3  152 209 170
3  152 190 155
3  190 154 155
3  210 211 212
3  213 214 215
3  54 97 129
3  97 120 129
3  122 148 123
3  149 122 82
3  216 217 84
3  195 99 218
3  219 88 169
3  220 219 169
3  33 112 221
3  222 223 163
3  138 33 224
3  196 33 225
3  215 226 210
3  227 228 229
3  230 231 232
3  81 233 214
3  207 49 119
3  234 229 235
3  67 68 170
3  172 236 237
3  190 152 170
3  238 67 239
3  162 143 204
3  143 86 204
3  183 185 92
3  66 182 240
3  237 174 166
3  170 172 237
3  236 151 157
3  236 157 237
3  168 167 184
3  241 19 242
3  48 14 243
3  145 244 245
3  143 208 144
3  208 14 144
3  180 173 188
3  173 105 188
3  152 155 222
3  155 79 222
3  81 80 233
3  213 79 81
3  245 246 247
3  248 228 249
3  248 249 250
3  84 251 252
3  216 100 253
3  100 99 217
3  254 218 255
3  120 256 257
3  127 126 176
3  126 137 176
3  223 196 258
3  175 259 220
3  260 261 262
3  261 112 262
3  263 264 265
3  79 213 266
3  122 227 267
3  228 227 268
3  244 8 119
3  269 270 194
3  191 192 187
3  192 8 187
3  267 227 271
3  231 272 232
3  68 62 273
3  62 104 151
3  68 171 274
3  68 201 200
3  109 209 275
3  209 152 276
3  209 109 277
3  109 203 277
3  278 13 279
3  66 185 280
3  185 281 92
3  282 279 283
3  151 236 284
3  285 65 237
3  205 65 286
3  236 172 284
3  151 150 157
3  150 104 156
3  14 287 19
3  20 19 48
3  288 21 289
3  19 21 279
3  196 223 222
3  152 222 163
3  122 268 290
3  213 81 291
3  228 268 249
3  131 222 292
3  293 294 295
3  79 266 296
3  100 251 84
3  251 100 252
3  120 257 254
3  297 217 298
3  222 79 296
3  220 259 132
3  268 299 300
3  122 100 82
3  100 217 253
3  217 216 253
3  99 178 218
3  256 120 301
3  219 132 302
3  103 218 254
3  131 294 132
3  138 196 96
3  138 224 303
3  224 33 303
3  258 196 304
3  258 305 306
3  307 112 308
3  112 260 163
3  112 109 309
3  310 109 311
3  234 227 312
3  313 314 315
3  235 229 265
3  249 300 250
3  8 316 317
3  316 8 199
3  227 122 318
3  319 122 290
3  231 233 272
3  8 320 193
3  14 145 243
3  145 8 244
3  119 269 194
3  8 321 119
3  263 314 322
3  264 323 317
3  62 151 273
3  151 68 273
3  170 209 238
3  209 277 238
3  68 151 171
3  181 146 237
3  109 276 324
3  109 324 153
3  209 276 275
3  276 109 275
3  325 13 326
3  185 66 281
3  327 325 288
3  92 91 328
3  154 189 237
3  146 205 286
3  280 185 329
3  185 182 329
3  325 21 288
3  172 330 331
3  206 66 184
3  165 66 206
3  189 170 237
3  167 66 332
3  156 181 157
3  157 181 237
3  240 182 184
3  14 19 241
3  196 222 197
3  130 197 131
3  310 311 333
3  163 260 262
3  314 334 315
3  233 313 315
3  233 80 272
3  314 313 231
3  335 336 250
3  122 319 318
3  337 294 293
3  123 149 299
3  217 99 298
3  338 99 102
3  131 197 339
3  266 213 215
3  340 211 341
3  342 335 343
3  88 219 89
3  89 219 344
3  175 94 345
3  94 176 95
3  219 220 132
3  103 195 218
3  33 196 303
3  196 138 303
3  33 305 258
3  305 33 306
3  346 33 347
3  33 346 348
3  261 260 307
3  307 260 349
3  262 309 333
3  311 109 350
3  323 8 317
3  199 351 271
3  318 319 290
3  227 318 268
3  269 119 352
3  353 8 264
3  230 119 354
3  8 270 355
3  48 19 356
3  19 287 357
3  193 320 194
3  268 318 290
3  358 8 323
3  264 320 359
3  229 360 265
3  227 234 199
3  8 358 264
3  314 231 230
3  201 68 202
3  170 68 200
3  277 203 238
3  203 67 238
3  172 171 361
3  172 151 284
3  274 171 362
3  171 202 362
3  324 276 153
3  276 152 153
3  281 66 92
3  66 13 92
3  327 288 363
3  91 13 328
3  182 66 329
3  364 66 280
3  66 364 329
3  364 280 329
3  237 146 286
3  65 174 237
3  66 168 184
3  167 240 184
3  361 171 365
3  80 154 237
3  167 332 240
3  332 66 240
3  278 279 366
3  13 15 367
3  279 282 366
3  21 325 279
3  13 282 368
3  368 282 283
3  270 8 369
3  8 191 370
3  163 223 164
3  164 223 371
3  112 309 262
3  311 152 333
3  214 226 215
3  337 254 132
3  291 81 372
3  214 213 291
3  313 233 231
3  334 314 360
3  123 373 374
3  373 122 374
3  272 207 375
3  272 80 376
3  321 8 370
3  245 244 119
3  123 268 373
3  373 268 377
3  100 83 82
3  83 100 84
3  149 84 378
3  84 217 378
3  266 215 212
3  268 123 299
3  103 337 293
3  340 297 298
3  99 338 379
3  338 102 379
3  380 381 382
3  294 131 380
3  197 222 339
3  222 131 339
3  219 120 344
3  120 89 344
3  120 254 383
3  384 120 383
3  120 219 385
3  385 219 302
3  304 196 386
3  258 304 387
3  388 33 221
3  33 348 389
3  223 348 388
3  33 388 347
3  112 261 308
3  261 307 308
3  260 112 349
3  112 307 349
3  152 163 333
3  163 262 333
3  309 109 390
3  309 390 333
3  229 228 336
3  248 336 391
3  214 233 315
3  334 335 315
3  392 235 265
3  392 234 235
3  122 351 198
3  8 122 199
3  119 187 352
3  355 270 269
3  358 323 264
3  191 187 119
3  48 243 393
3  243 145 393
3  287 14 357
3  19 357 356
3  234 392 317
3  392 264 317
3  198 351 199
3  227 199 271
3  227 229 312
3  229 234 312
3  314 230 322
3  264 263 322
3  320 264 194
3  353 264 359
3  171 170 202
3  170 200 202
3  67 170 394
3  170 238 394
3  237 166 184
3  166 165 184
3  288 80 363
3  183 92 325
3  207 80 288
3  80 237 363
3  279 13 367
3  19 279 395
3  282 13 366
3  13 278 366
3  223 112 371
3  112 164 371
3  390 109 333
3  109 310 333
3  81 214 372
3  214 291 372
3  226 214 315
3  335 226 315
3  264 392 265
3  229 334 360
3  100 216 252
3  216 84 252
3  342 300 396
3  340 378 297
3  218 178 255
3  33 386 225
3  103 293 298
3  337 103 254
3  381 211 295
3  222 296 292
3  102 103 298
3  381 295 382
3  336 248 250
3  335 342 210
3  380 296 381
3  397 266 212
3  268 300 249
3  300 335 250
3  300 341 396
3  226 335 210
3  334 229 398
3  229 336 335
3  259 130 132
3  120 385 302
3  169 127 399
3  294 337 132
3  139 138 96
3  196 130 259
3  175 220 400
3  176 220 401
3  220 169 399
3  301 120 302
3  178 120 402
3  178 402 255
3  386 196 225
3  33 304 386
3  304 33 403
3  258 387 404
3  258 306 389
3  306 33 389
3  388 348 347
3  348 346 347
3  112 223 221
3  223 388 221
3  109 152 350
3  152 311 350
3  336 228 391
3  228 248 391
3  246 245 405
3  145 246 405
3  357 14 406
3  14 48 356
3  191 119 370
3  119 321 370
3  187 186 352
3  8 355 269
3  194 264 322
3  407 194 322
3  351 122 271
3  122 267 271
3  316 199 317
3  199 234 317
3  320 8 359
3  8 353 359
3  202 68 362
3  68 274 362
3  67 394 239
3  394 238 239
3  65 285 286
3  285 237 286
3  183 325 408
3  325 327 408
3  151 330 361
3  330 172 361
3  330 151 331
3  151 172 409
3  183 408 184
3  408 237 184
3  13 325 328
3  325 92 328
3  13 410 326
3  279 325 283
3  21 207 289
3  207 288 289
3  15 14 395
3  19 395 242
3  15 395 367
3  395 279 367
3  80 207 376
3  207 272 376
3  207 119 375
3  119 272 375
3  268 122 377
3  122 373 377
3  122 121 374
3  121 123 374
3  300 299 378
3  299 149 378
3  211 340 295
3  340 298 411
3  300 378 341
3  378 340 341
3  257 256 254
3  256 301 254
3  296 380 292
3  380 131 292
3  211 381 212
3  381 397 212
3  381 296 397
3  296 266 397
3  342 211 210
3  215 210 412
3  335 300 343
3  300 342 343
3  229 335 398
3  335 334 398
3  413 176 401
3  88 128 414
3  175 415 416
3  415 176 416
3  259 345 417
3  345 94 96
3  345 96 417
3  259 175 345
3  33 387 403
3  387 304 403
3  387 33 404
3  33 258 404
3  348 223 389
3  223 258 389
3  360 314 265
3  314 263 265
3  48 393 405
3  393 418 405
3  246 145 419
3  145 245 247
3  356 406 420
3  356 357 406
3  272 119 232
3  119 230 232
3  186 8 352
3  8 269 352
3  230 354 322
3  354 119 407
3  8 194 369
3  194 270 369
3  237 408 363
3  408 327 363
3  171 151 365
3  151 361 365
3  151 409 331
3  409 172 331
3  410 13 283
3  13 368 283
3  395 14 242
3  14 241 242
3  378 217 297
3  293 295 298
3  341 211 396
3  211 342 396
3  402 120 255
3  120 384 255
3  88 414 169
3  414 128 169
3  220 176 400
3  176 175 400
3  176 415 177
3  415 175 177
3  176 94 416
3  94 175 416
3  176 421 95
3  95 421 96
3  421 176 96
3  176 137 96
3  132 254 302
3  254 301 302
3  418 393 422
3  418 145 405
3  245 119 405
3  119 48 405
3  145 247 419
3  247 246 419
3  406 14 420
3  14 356 420
3  119 194 407
3  354 407 322
3  410 283 326
3  283 325 326
3  99 379 298
3  379 102 298
3  295 294 382
3  294 380 382
3  254 255 383
3  255 384 383
3  210 212 412
3  212 215 412
3  127 176 399
3  176 413 399
3  96 196 417
3  196 259 417
3  393 145 422
3  145 418 422
3  298 295 411
3  295 340 411
3  220 399 401
3  399 413 401
