OFF
516 1028 0
-86.5075 -84.6489 99.6854
-87.4168 -74.8151 95.3487
-8.29601 -5.49645 0.023316
-7.5576 -6.47413 0.0212407
-7.35461 -6.70377 0.0206702
-219.652 209.657 324.138
-75.6903 313.416 298.455
-154.43 126.538 177.54
-197.902 105.602 203.464
-98.8825 96.633 104.109
-136.526 45.9882 112.735
-161.675 -186.651 246.544
-75.5877 -120.495 121.311
-116.898 -175.063 203.385
-8.46136 5.2384 0.0237807
-8.29601 5.49644 0.023316
226.629 133.456 435.896
330.315 -48.9379 427.305
228.162 203.032 422.999
133.493 59.507 112.758
219.424 61.1711 212.079
128.181 26.8425 99.7644
-90.4058 270.927 435.896
35.7809 -267.655 435.896
137.393 285.83 349.957
91.6213 222.113 212.146
-255.01 177.659 431.598
-303.299 -17.5561 431.597
-235.395 147.128 435.896
102.387 -74.4156 91.1453
63.3916 -99.5077 91.0768
5.49713 -8.29496 -0.0154498
214.205 -78.82 207.784
255.175 -130.188 336.98
93.9954 80.5749 95.4145
7.75341 6.23836 -0.021791
7.5576 6.47414 -0.0212407
-272.271 132.317 345.618
-232.583 -41.3979 190.663
-299.335 22.0045 358.511
-297.842 -49.5524 384.305
-284.166 -8.63358 302.583
-266.582 37.8471 289.632
-236.714 195.949 371.417
-271.504 -18.7664 435.896
205.703 -65.409 194.818
-124.079 -8.79376 95.4198
-129.164 15.3631 95.4641
-9.7216 -2.1288 0.0273226
-3.40881 -279.396 431.594
-117.651 -236.338 435.896
248.747 -184.394 401.506
263.181 -175.451 427.3
125.668 -267.169 414.394
258.366 -94.992 435.896
260.37 1.69739 285.292
233.776 30.5872 233.61
2.43735 -276.278 263.886
-26.3802 -128.491 104.055
61.2594 -249.015 225.132
172.231 -201.477 435.896
172.167 -227.357 431.595
225.882 -170.703 328.367
147.117 -208.085 238.007
243.216 -155.493 336.985
-33.053 -216.61 207.732
-192.85 -200.565 435.896
116.781 -22.6293 91.086
32.6326 -279.776 332.666
41.1439 -282.822 397.184
-31.1288 -283.708 397.183
-235.659 -210.167 358.542
19.2102 -118.588 95.386
-217.877 135.058 259.498
-120.832 264.499 401.489
-204.48 220.458 375.704
-96.5188 -268.41 427.293
-40.6599 -282.987 418.69
-295.256 30.0733 418.695
-22.2584 122.503 95.4211
-8.90866 4.43544 0.0250379
236.026 183.211 337.01
166.46 187.969 242.281
-252.867 -132.229 315.483
-243.539 -56.1755 435.896
125.306 260.816 435.896
3.68253 6.85722 -0.0103514
-2.12906 9.72036 0.00598377
-1.82867 9.78131 0.00513952
276.133 81.6318 319.791
267.005 137.453 401.498
-64.3955 -187.833 186.131
-160.372 -273.976 349.957
121.621 -259.921 319.79
-9.16485 3.87866 0.0257579
-9.04105 4.15902 0.02541
3.59507 -9.27879 -0.010104
3.30758 -9.38509 -0.00929598
178.04 -231.106 388.588
-116.787 -96.724 129.97
-160.809 -106.584 173.197
-9.83422 1.52636 0.0276392
-9.78255 1.82845 0.027494
-9.7216 2.1288 0.0273226
-8.76783 4.70763 0.0246421
-272.809 119.381 414.395
-242.13 60.4016 435.896
8.12279 5.74928 -0.0228292
7.94186 5.99666 -0.0223207
168.193 134.242 194.813
1.18661e-07 -9.95074 -3.33631e-10
1.82868 -9.78131 -0.00513957
1.52654 -9.83298 -0.00429035
259.426 -88.6932 435.896
158.117 291.957 405.826
190.547 -160.237 250.861
9.27996 3.59463 -0.0260814
9.48368 3.0166 -0.026654
9.16485 3.87866 -0.0257579
5.75 8.12176 -0.0161605
6.23914 7.75243 -0.0175352
6.17736 7.67568 -0.0173617
-7.5576 6.47413 0.0212407
-7.35461 6.70377 0.0206702
3.64446 4.5288 -0.010245
3.15658 4.76357 -0.00887372
3.58645 5.06618 -0.0100819
-65.0853 -107.92 104.022
62.9986 207.088 177.654
1.22298 9.87532 -0.00343721
1.52655 9.83298 -0.00429041
-255.495 -154.807 410.095
-174.922 -232.635 427.294
9.57209 -2.72314 -0.0269024
9.04105 -4.15901 -0.02541
8.90866 -4.43543 -0.0250379
-4.43598 8.90754 0.0124674
8.71113 3.68669 -0.0244831
7.42395 4.28582 -0.0208661
7.93598 4.58135 -0.0223048
-9.78255 -1.82845 0.027494
39.5136 303.678 401.507
102.266 267.715 435.896
187.62 -113.186 190.552
4.11834 8.9504 -0.0115748
4.52172 8.41955 -0.0127088
3.80232 8.98224 -0.0106867
3.59507 9.27879 -0.010104
63.3956 99.584 91.0774
3.87915 9.16369 -0.0109024
3.11212 5.02603 -0.00874872
9.65142 -2.42711 -0.0271254
-1.22298 -9.87532 0.00343721
-1.52654 -9.83298 0.00429034
-0.918255 -9.90829 0.00258076
3.01697 -9.48248 -0.00847923
4.70822 -8.76673 -0.0132325
4.43598 -8.90754 -0.0124674
2.7235 -9.57087 -0.00765447
2.42743 -9.65019 -0.00682237
-118.511 -264.904 418.691
4.44744 4.87835 -0.0125017
4.73936 4.59534 -0.0133221
4.18402 -4.31471 -0.0117614
6.19251 4.38327 -0.0174057
5.91089 4.75613 -0.0166143
6.21184 4.69061 -0.01746
7.14466 6.92705 -0.0200802
7.67663 6.1766 -0.0215754
3.90885 7.84926 -0.0109869
3.91239 8.5029 -0.0109964
4.19536 7.81198 -0.0117921
-9.93313 -0.612578 0.0279171
3.18794 -4.50328 -0.00896189
24.0064 -279.896 418.688
9.38628 3.30718 -0.0263802
-9.93313 0.612576 0.0279171
3.01714 4.26205 -0.00848182
0.306485 -9.94602 -0.000861413
-3.30758 -9.38509 0.00929597
-3.01697 -9.48248 0.00847922
-241.288 -174.357 405.795
7.36954 5.92957 -0.0207127
7.40792 6.34596 -0.0208203
-8.12279 5.74927 0.0228292
2.90464 -4.69097 -0.00816561
3.04773 -4.59931 -0.0085678
3.70031 -5.22701 -0.0104019
-6.23913 -7.75244 0.0175351
3.00513 -5.20479 -0.00844798
-9.90955 0.91814 0.0278509
-9.87657 1.22283 0.0277582
-9.27996 3.59463 0.0260814
-0.612651 -9.93187 0.00172186
-9.27996 -3.59463 0.0260814
-7.75341 6.23836 0.021791
-0.612654 9.93187 0.00172187
-0.306473 9.94602 0.000861348
3.83835 6.19873 -0.0107896
-3.01698 9.48248 0.00847927
1.82867 9.78131 -0.00513951
2.12906 9.72036 -0.00598377
-0.306485 -9.94602 0.000861412
3.73314 -7.4965 -0.0104933
3.72915 -6.94401 -0.0104824
3.83835 -6.19873 -0.0107896
3.91858 -5.91335 -0.0110152
2.12906 -9.72036 -0.00598376
4.39399 -5.81818 -0.0123513
4.32399 -5.37311 -0.0121547
4.87998 -6.0639 -0.013717
5.23906 -8.46028 -0.0147245
4.95159 -4.80109 -0.0139185
4.66418 -4.80982 -0.0131108
4.15955 -9.0399 -0.0116905
4.77215 -7.70644 -0.0134131
4.92844 -6.52576 -0.013853
5.28475 -6.99747 -0.014854
9.78255 1.82845 -0.027494
9.04105 4.15902 -0.0254099
3.39737 -4.22177 -0.00955051
6.50544 7.13529 -0.018284
4.44044 6.27236 -0.0124817
3.79343 6.56994 -0.0106632
3.94124 6.8259 -0.0110785
6.37911 -6.57798 -0.0179294
6.43905 -7.06248 -0.0180975
6.15437 -7.18259 -0.0172975
-9.48368 3.0166 0.026654
-9.57208 2.72316 0.0269024
-9.94728 0.306433 0.0279569
-3.59507 -9.27879 0.010104
-4.70822 -8.76673 0.0132325
-3.87914 -9.1637 0.0109024
-4.15955 -9.0399 0.0116905
-70.8269 -85.7647 91.0243
-8.46136 -5.2384 0.0237807
-6.70462 7.35369 0.0188434
-6.47495 7.55664 0.018198
3.37149 -5.44485 -0.00947766
3.2022 -5.54608 -0.00900182
3.86492 -7.76107 -0.0108635
4.40899 -7.12012 -0.0123929
3.90885 -7.84926 -0.0109869
3.68273 5.94744 -0.0103523
-4.15954 9.0399 0.0116905
-3.87915 9.16369 0.0109024
-5.99741 7.94086 0.0168558
-4.70822 8.76672 0.0132325
7.80107 5.52162 -0.0219254
1.22298 -9.87532 -0.00343722
0.612656 -9.93187 -0.00172188
5.31046 -5.82482 -0.0149268
5.83032 -6.01218 -0.0163876
5.64238 -6.18885 -0.0158594
6.65314 4.40818 -0.0187001
9.63808 0.594386 -0.0270881
3.95358 -8.5924 -0.0111121
4.39206 -8.81934 -0.0123441
3.7639 -8.89151 -0.0105788
7.62355 -4.71981 -0.0214269
8.27733 -4.77836 -0.0232639
7.47003 -5.64047 -0.0209952
6.60502 4.98745 -0.0185648
5.91126 5.06407 -0.0166153
8.27733 4.77837 -0.0232639
7.07684 5.34365 -0.0198905
8.76783 4.70763 -0.0246421
8.37758 5.18654 -0.0235454
8.61868 4.97537 -0.0242229
9.18808 3.55904 -0.0258233
8.68297 3.99434 -0.0244039
3.70031 5.22701 -0.0104019
3.91043 4.56407 -0.0109925
4.84575 5.31519 -0.013621
5.23779 4.4872 -0.0147228
8.68297 -3.99434 -0.0244039
3.48315 -5.25633 -0.00979153
3.11213 -5.02603 -0.00874875
-9.87657 -1.22283 0.0277582
-9.90955 -0.918142 0.0278509
-9.94728 -0.306432 0.0279569
3.91043 -4.56407 -0.0109925
4.15645 5.5037 -0.0116838
-7.14466 6.92705 0.0200802
-6.92792 7.14376 0.019471
4.11542 4.24398 -0.0115686
-8.61868 4.97538 0.0242229
3.80972 -5.7491 -0.0107093
-9.65142 2.42712 0.0271254
6.11208 -4.32635 -0.0171797
-8.61868 -4.97538 0.0242229
-9.57208 -2.72316 0.0269024
3.56264 -4.71748 -0.010015
-7.94186 -5.99667 0.0223207
-7.7534 -6.23836 0.021791
-99.3485 -56.4437 95.3393
-5.75001 8.12176 0.0161605
-5.49713 8.29496 0.0154498
0.91826 -9.90829 -0.00258077
3.87914 -9.1637 -0.0109024
112.904 6.74007 86.7433
9.952 0 -0.0279702
9.83422 1.52636 -0.0276392
8.448 4.87687 -0.0237434
8.5942 4.61443 -0.0241543
9.90955 0.918139 -0.0278509
9.93313 0.612577 -0.0279171
9.94728 0.306434 -0.0279569
8.29601 5.49644 -0.023316
8.46136 5.23839 -0.0237807
-5.23904 8.46029 0.0147244
-2.72349 9.57088 0.00765442
6.70462 7.35369 -0.0188434
6.47495 7.55664 -0.0181979
5.99201 7.44543 -0.0168411
5.52224 7.80014 -0.0155208
8.90866 4.43543 -0.0250379
4.61125 6.51359 -0.0129616
4.57175 6.89886 -0.0128504
5.22537 6.91885 -0.0146872
6.18942 5.6419 -0.0173968
5.69312 5.87073 -0.0160021
6.01272 5.82981 -0.0169002
2.72349 9.57088 -0.00765442
2.42743 9.6502 -0.00682235
-7.94186 5.99667 0.0223207
9.94728 -0.306418 -0.0279569
9.90955 -0.918137 -0.0278509
-9.83422 -1.52636 0.0276392
-9.952 -8.70032e-07 0.0279702
-1.82868 -9.78131 0.00513957
-2.12906 -9.72036 0.00598376
-5.74999 -8.12177 0.0161604
-5.99741 -7.94086 0.0168558
-4.43598 -8.90754 0.0124674
3.31961 5.36109 -0.00933185
3.05439 5.29011 -0.00858642
-6.23914 7.75243 0.0175352
-5.49713 -8.29497 0.0154498
-8.90866 -4.43544 0.0250379
-9.16485 -3.87866 0.0257579
-9.04105 -4.15902 0.02541
-9.48368 -3.0166 0.026654
-9.38627 -3.30719 0.0263802
-7.14466 -6.92705 0.0200802
-6.92792 -7.14376 0.019471
-6.70462 -7.35369 0.0188434
-6.47496 -7.55664 0.018198
8.12279 -5.74929 -0.0228292
8.29601 -5.49645 -0.023316
3.81418 -5.38783 -0.0107219
3.97831 -5.26783 -0.0111832
6.92792 -7.14376 -0.019471
7.14466 -6.92705 -0.0200801
5.16296 -4.4231 -0.0145125
9.84879 0.303401 -0.0276802
9.48368 -3.0166 -0.026654
9.7216 2.1288 -0.0273226
9.65142 2.42712 -0.0271254
3.16972 5.90244 -0.00891043
-2.42743 9.6502 0.00682235
-4.34961e-07 9.95074 1.22294e-09
0.306472 9.94602 -0.000861345
3.3076 9.38508 -0.00929606
3.01698 9.48248 -0.00847926
3.64643 5.50272 -0.0102504
5.99741 7.94086 -0.0168558
6.92792 7.14376 -0.019471
4.17241 8.3784 -0.0117272
3.64529 7.32012 -0.0102465
4.61497 8.59313 -0.0129707
4.97599 8.6176 -0.0139851
4.43599 8.90754 -0.0124674
4.75642 5.91039 -0.0133698
5.12853 5.98558 -0.0144155
6.10471 6.29508 -0.0171585
6.65958 5.70502 -0.0187179
-1.22298 9.87532 0.00343721
-1.52655 9.83298 0.00429041
6.1071 6.69848 -0.017165
5.62133 6.98493 -0.0157998
4.05549 7.55159 -0.0113992
4.28615 7.42314 -0.0120475
5.91089 -4.75612 -0.0166143
5.75249 -5.24369 -0.0161691
5.37603 -5.21258 -0.0151112
4.33542 -7.50846 -0.0121859
7.21599 5.80606 -0.0202813
-9.38627 3.30718 0.0263802
-2.42743 -9.65019 0.00682237
-2.7235 -9.57087 0.00765447
4.82817 -8.36164 -0.01357
5.87865 -7.78362 -0.0165223
5.76967 -6.73372 -0.0162168
5.5817 -7.39055 -0.0156882
5.49777 -6.83142 -0.0154527
-5.23906 -8.46029 0.0147245
-4.97599 -8.6176 0.0139851
-8.76783 -4.70763 0.0246421
-9.65142 -2.42712 0.0271254
3.99671 -8.02564 -0.0112337
4.31468 -4.73273 -0.0121286
3.78881 -8.2344 -0.0106493
7.7534 -6.23837 -0.021791
7.94187 -5.99666 -0.0223207
6.47496 -7.55664 -0.018198
6.70461 -7.35369 -0.0188434
5.99742 -7.94086 -0.0168558
5.60382 -4.50908 -0.0157514
6.36025 5.44865 -0.0178769
7.39243 4.89791 -0.0207774
5.17768 5.67922 -0.0145537
6.80925 5.83321 -0.0191384
9.78255 -1.82844 -0.027494
9.7216 -2.12879 -0.0273226
9.93313 -0.61258 -0.0279171
9.63808 -0.594394 -0.0270881
9.83422 -1.52637 -0.0276392
9.87657 1.22283 -0.0277582
9.81143 -0.909046 -0.0275752
4.84391 7.30949 -0.013615
4.97964 8.0415 -0.0139959
-0.918255 9.90829 0.00258078
5.61194 4.80769 -0.0157742
0.612653 9.93187 -0.00172187
0.918254 9.90829 -0.00258077
3.73314 7.4965 -0.0104933
4.08906 7.08186 -0.0114938
7.35461 6.70377 -0.0206702
6.64942 6.44701 -0.018689
4.51275 5.97542 -0.012685
2.98709 9.38859 -0.00839536
3.72548 8.80079 -0.0104709
4.70822 8.76672 -0.0132325
7.22814 -4.78908 -0.0203158
7.50929 -4.33507 -0.0211059
5.31243 6.60117 -0.014932
5.70877 6.26165 -0.0160459
3.24486 4.5837 -0.00912186
2.9933 4.51718 -0.00841481
-8.12279 -5.74928 0.0228292
6.23913 -7.75244 -0.0175351
7.5576 -6.47413 -0.0212408
6.1166 -5.57553 -0.0171922
5.69312 -5.87073 -0.0160021
5.75 -8.12177 -0.0161604
6.44775 -4.86871 -0.0181229
9.84879 -0.303389 -0.0276802
9.57209 2.72315 -0.0269024
5.49713 8.29496 -0.0154498
7.78459 5.87794 -0.0218789
8.13172 5.38762 -0.0228545
-4.97599 8.6176 0.0139851
9.81143 0.909051 -0.0275752
4.44045 -6.27236 -0.0124817
7.35461 -6.70378 -0.0206702
7.42395 -4.28582 -0.0208661
6.43379 -4.55403 -0.0180837
4.72962 -8.191 -0.0132932
4.97599 -8.6176 -0.0139851
4.33523 -8.07237 -0.012185
6.95892 -5.9614 -0.0195589
6.91766 -6.30558 -0.0194428
6.57869 -6.37843 -0.0184903
8.46136 -5.23839 -0.0237808
5.23905 8.46029 -0.0147244
4.15954 9.0399 -0.0116904
6.93242 6.72132 -0.019484
6.37266 6.98969 -0.017911
4.44744 -4.87835 -0.0125017
4.61564 -5.38706 -0.0129743
4.26028 -8.55478 -0.011974
8.71113 -3.68668 -0.0244831
9.38627 -3.30719 -0.0263802
9.16485 -3.87866 -0.0257579
4.48742 5.23742 -0.012614
6.91766 6.30558 -0.0194428
5.46121 4.9782 -0.0153506
5.75249 5.24369 -0.0161691
6.44771 6.6487 -0.0181221
6.95892 5.9614 -0.0195589
5.32087 6.21002 -0.0149559
5.25064 6.52442 -0.0147584
-3.59507 9.27879 0.010104
5.61194 -4.80768 -0.0157742
5.83413 -4.69436 -0.0163986
7.36954 -5.92957 -0.0207127
6.99049 -6.37194 -0.0196474
4.69091 -6.21128 -0.0131856
3.95278 -7.93745 -0.0111103
5.99201 -7.44543 -0.0168411
8.76783 -4.70764 -0.0246421
8.61868 -4.97537 -0.0242229
7.07684 -5.34366 -0.0198905
3.58287 7.78689 -0.0100708
5.44678 5.28116 -0.01531
5.23755 7.39809 -0.0147211
-3.3076 9.38508 0.00929607
3.35 5.80205 -0.00941716
6.03612 -6.22435 -0.0169658
5.97433 -6.55286 -0.016792
6.65958 -5.70502 -0.0187179
6.18942 -5.6419 -0.0173968
9.87657 -1.22283 -0.0277582
9.27996 -3.59463 -0.0260814
5.12367 7.23728 -0.0144012
8.25741 -3.4947 -0.0232082
8.98336 -3.80188 -0.025248
4.48742 -5.23742 -0.012614
5.06531 6.29416 -0.0142377
5.76967 6.73372 -0.0162168
5.17768 -5.67921 -0.0145537
6.80925 -5.83322 -0.0191384
5.31263 -4.55129 -0.0149331
6.17349 -6.77127 -0.0173515
3  0 1 2
3  0 3 4
3  5 6 7
3  8 9 10
3  11 12 13
3  14 9 15
3  16 17 18
3  19 20 21
3  22 23 16
3  6 24 25
3  26 27 28
3  29 30 31
3  32 17 33
3  34 35 36
3  37 8 38
3  27 39 40
3  38 41 42
3  38 8 10
3  5 37 43
3  44 23 22
3  21 20 45
3  46 47 48
3  49 23 50
3  51 52 53
3  16 23 54
3  6 9 7
3  55 32 56
3  57 58 59
3  52 60 61
3  62 63 64
3  62 51 63
3  58 57 65
3  44 27 66
3  21 45 67
3  68 69 70
3  38 11 71
3  38 47 46
3  72 30 59
3  5 8 73
3  74 6 75
3  49 76 77
3  27 26 78
3  8 5 7
3  9 6 79
3  47 10 80
3  47 38 10
3  9 8 7
3  24 81 82
3  41 38 83
3  84 44 66
3  85 16 18
3  22 16 85
3  22 6 74
3  86 87 88
3  89 81 90
3  18 17 90
3  45 29 67
3  58 91 12
3  54 23 60
3  53 23 49
3  51 62 64
3  33 17 64
3  45 20 56
3  92 11 13
3  63 93 59
3  69 77 70
3  80 94 95
3  96 30 97
3  98 53 93
3  38 99 100
3  101 102 103
3  80 10 104
3  23 44 84
3  23 84 66
3  41 37 42
3  37 38 42
3  8 37 73
3  37 5 73
3  78 26 105
3  22 26 28
3  37 41 39
3  39 41 40
3  27 44 28
3  44 22 106
3  34 107 108
3  81 20 109
3  72 58 110
3  111 72 112
3  52 17 54
3  54 17 113
3  81 24 114
3  24 6 114
3  17 89 90
3  17 55 89
3  17 32 55
3  32 45 56
3  64 63 115
3  52 51 64
3  63 51 93
3  51 98 93
3  53 69 68
3  17 52 64
3  116 117 118
3  119 120 121
3  122 9 123
3  124 125 126
3  57 91 65
3  91 58 65
3  71 11 92
3  91 57 92
3  11 99 12
3  58 12 127
3  99 11 100
3  11 38 100
3  6 128 79
3  129 128 130
3  40 41 83
3  27 40 131
3  40 71 131
3  66 132 50
3  67 29 133
3  134 29 135
3  9 79 136
3  19 107 34
3  20 19 109
3  82 81 109
3  137 138 139
3  48 47 140
3  53 52 61
3  52 54 60
3  17 16 113
3  16 54 113
3  85 18 114
3  18 81 114
3  6 22 141
3  114 141 142
3  20 81 89
3  81 18 90
3  30 63 59
3  51 53 98
3  143 32 64
3  32 33 64
3  144 145 146
3  63 30 29
3  147 148 149
3  125 150 126
3  93 57 59
3  58 72 59
3  67 133 151
3  152 153 154
3  97 30 155
3  156 30 157
3  158 72 159
3  12 99 0
3  12 91 13
3  91 92 13
3  6 5 75
3  26 22 74
3  75 5 43
3  26 74 75
3  37 39 78
3  39 27 78
3  44 106 28
3  106 22 28
3  38 71 83
3  71 40 83
3  66 131 132
3  66 27 131
3  23 66 50
3  132 92 160
3  32 143 45
3  45 143 29
3  161 162 163
3  143 63 29
3  164 165 166
3  167 108 168
3  128 6 25
3  128 25 109
3  24 82 25
3  25 82 109
3  127 12 0
3  38 46 48
3  10 9 104
3  47 102 101
3  169 170 171
3  48 172 173
3  60 23 61
3  23 53 61
3  6 141 114
3  141 22 142
3  22 85 142
3  85 114 142
3  20 89 56
3  89 55 56
3  76 92 77
3  49 69 174
3  63 143 115
3  143 64 115
3  116 19 175
3  173 176 177
3  57 93 68
3  93 53 68
3  158 96 155
3  72 110 178
3  99 38 0
3  179 153 180
3  37 26 43
3  26 75 43
3  26 37 105
3  37 78 105
3  132 131 181
3  71 92 132
3  182 183 168
3  148 128 34
3  128 109 34
3  109 19 34
3  102 47 103
3  9 184 15
3  185 186 187
3  188 3 189
3  94 47 95
3  47 80 95
3  190 47 191
3  192 14 125
3  178 110 193
3  48 186 194
3  132 76 50
3  76 49 50
3  77 92 70
3  69 49 77
3  69 53 174
3  53 49 174
3  14 195 125
3  196 79 197
3  198 199 86
3  200 128 201
3  110 58 202
3  111 178 203
3  175 21 117
3  204 205 206
3  96 97 155
3  72 111 207
3  92 76 160
3  76 132 160
3  131 71 181
3  71 132 181
3  208 209 210
3  31 30 211
3  162 212 213
3  157 30 214
3  19 21 175
3  215 216 217
3  138 137 218
3  219 19 118
3  79 128 129
3  220 173 124
3  121 167 221
3  222 223 224
3  173 172 176
3  225 226 227
3  47 228 229
3  172 230 176
3  186 173 187
3  179 58 231
3  232 233 234
3  127 0 235
3  186 236 194
3  0 38 1
3  237 9 238
3  47 101 191
3  188 239 240
3  241 242 243
3  92 57 70
3  57 68 70
3  199 198 244
3  136 245 246
3  237 247 248
3  249 182 168
3  178 250 251
3  178 111 250
3  203 204 242
3  252 253 254
3  255 218 256
3  257 258 259
3  258 211 157
3  203 242 241
3  260 261 262
3  263 166 264
3  265 266 249
3  267 268 269
3  19 267 269
3  270 137 271
3  272 161 273
3  162 161 274
3  124 173 177
3  164 275 165
3  203 178 204
3  134 261 276
3  277 278 187
3  186 48 173
3  35 108 36
3  35 34 108
3  172 279 280
3  172 48 279
3  172 47 281
3  282 220 124
3  161 272 283
3  123 284 285
3  176 191 103
3  161 163 286
3  80 104 14
3  104 9 287
3  232 188 288
3  240 239 288
3  58 127 232
3  179 233 232
3  192 103 229
3  103 289 229
3  47 94 192
3  122 123 195
3  158 159 257
3  275 164 290
3  236 38 291
3  48 194 292
3  173 282 293
3  3 278 189
3  236 278 3
3  3 188 4
3  0 294 295
3  38 296 1
3  247 9 297
3  9 298 297
3  72 250 112
3  250 111 112
3  250 72 299
3  72 178 251
3  111 203 241
3  30 300 214
3  21 301 302
3  21 303 218
3  265 304 305
3  306 307 308
3  107 19 309
3  19 310 309
3  298 9 311
3  199 79 312
3  34 313 314
3  148 314 120
3  130 200 201
3  119 315 316
3  268 107 269
3  317 118 270
3  124 272 273
3  275 162 274
3  318 319 320
3  321 322 323
3  128 324 325
3  169 130 201
3  173 220 282
3  184 326 195
3  302 327 328
3  120 167 121
3  48 140 329
3  140 47 329
3  279 47 280
3  47 172 280
3  230 47 176
3  47 190 176
3  47 230 330
3  47 330 281
3  178 193 154
3  58 152 154
3  153 58 331
3  153 332 180
3  188 333 334
3  333 127 334
3  335 232 234
3  335 58 232
3  184 9 326
3  336 272 337
3  237 123 285
3  9 284 123
3  9 247 338
3  247 237 338
3  127 333 339
3  333 188 232
3  188 240 288
3  173 293 187
3  236 340 341
3  342 38 341
3  38 343 344
3  194 38 344
3  0 345 346
3  0 346 347
3  278 236 185
3  236 186 185
3  278 277 189
3  278 185 187
3  188 235 348
3  188 348 347
3  38 236 2
3  296 38 2
3  72 251 299
3  251 250 299
3  72 207 159
3  207 111 159
3  30 72 155
3  72 158 155
3  29 349 350
3  351 187 352
3  29 353 354
3  162 355 212
3  306 302 356
3  133 29 357
3  288 351 209
3  164 255 256
3  267 317 305
3  21 358 359
3  218 117 359
3  255 138 218
3  248 246 360
3  336 237 248
3  79 361 312
3  361 79 87
3  196 362 86
3  79 363 362
3  364 324 365
3  128 200 130
3  244 198 366
3  283 198 222
3  119 148 367
3  34 167 368
3  314 313 120
3  148 34 314
3  145 171 369
3  362 363 370
3  371 144 372
3  373 144 149
3  267 19 317
3  19 219 317
3  374 222 375
3  376 377 321
3  79 378 379
3  325 170 169
3  315 380 381
3  382 171 383
3  384 385 386
3  387 242 215
3  107 268 168
3  388 266 377
3  47 279 329
3  279 48 329
3  330 230 281
3  230 172 281
3  191 101 103
3  176 190 191
3  47 289 103
3  289 47 229
3  192 94 14
3  94 80 14
3  228 47 389
3  47 192 389
3  58 193 202
3  193 110 202
3  193 58 154
3  58 153 152
3  58 390 332
3  332 390 391
3  390 58 391
3  332 391 180
3  127 235 334
3  235 188 334
3  58 233 231
3  233 179 231
3  233 58 234
3  58 335 234
3  15 184 195
3  14 15 195
3  284 9 285
3  9 237 285
3  9 338 238
3  338 237 238
3  211 392 393
3  394 395 396
3  127 397 398
3  397 333 398
3  236 291 399
3  291 38 399
3  340 38 342
3  340 342 341
3  343 38 292
3  48 292 400
3  1 296 2
3  2 236 295
3  277 239 189
3  239 188 189
3  346 4 347
3  4 188 347
3  293 282 187
3  239 277 187
3  204 153 205
3  153 179 205
3  387 215 401
3  282 163 402
3  158 257 259
3  111 241 403
3  31 211 393
3  29 404 405
3  29 406 407
3  31 406 408
3  275 290 409
3  263 410 411
3  255 164 166
3  412 274 375
3  388 377 413
3  414 67 415
3  67 416 327
3  414 290 417
3  67 414 418
3  306 303 419
3  328 414 420
3  21 67 301
3  19 116 118
3  116 175 117
3  358 218 359
3  358 21 218
3  421 145 422
3  196 378 423
3  169 171 382
3  275 274 424
3  363 79 425
3  370 425 426
3  223 198 86
3  86 362 370
3  370 427 428
3  426 130 427
3  145 170 146
3  363 425 370
3  108 167 36
3  34 36 429
3  313 167 120
3  376 380 430
3  167 313 368
3  313 34 368
3  145 144 371
3  283 222 431
3  144 146 364
3  170 432 433
3  128 147 364
3  373 148 434
3  118 117 270
3  317 219 118
3  163 282 273
3  282 124 273
3  302 301 327
3  260 435 436
3  310 19 269
3  265 249 304
3  266 410 377
3  183 167 168
3  437 376 438
3  383 171 421
3  249 266 388
3  108 107 168
3  248 9 136
3  199 244 246
3  439 177 440
3  124 177 439
3  9 14 287
3  14 104 287
3  237 336 337
3  123 237 195
3  195 150 125
3  195 237 337
3  228 389 229
3  389 192 229
3  153 204 154
3  204 178 154
3  391 58 180
3  58 179 180
3  58 332 331
3  332 153 331
3  179 232 288
3  205 179 288
3  333 397 339
3  397 127 339
3  333 232 398
3  232 127 398
3  38 340 399
3  340 236 399
3  38 194 341
3  194 236 341
3  343 292 344
3  292 194 344
3  292 38 400
3  38 48 400
3  2 295 441
3  0 2 441
3  346 345 4
3  345 0 4
3  288 187 351
3  288 239 187
3  29 442 406
3  406 442 408
3  405 404 443
3  443 406 226
3  258 392 211
3  392 215 395
3  30 96 300
3  96 158 300
3  205 288 206
3  349 405 443
3  444 253 445
3  349 29 405
3  442 29 408
3  29 31 446
3  290 447 384
3  448 420 417
3  137 117 218
3  117 21 449
3  218 303 306
3  290 164 256
3  117 137 270
3  265 270 271
3  138 263 411
3  138 255 263
3  199 87 86
3  378 196 86
3  378 79 423
3  79 196 423
3  79 362 197
3  362 196 197
3  36 167 429
3  167 34 429
3  148 120 367
3  120 119 367
3  372 144 373
3  371 372 450
3  170 325 432
3  325 324 432
3  147 144 364
3  128 148 147
3  163 273 286
3  273 161 286
3  249 451 452
3  249 268 304
3  107 309 269
3  309 310 269
3  268 267 305
3  304 268 305
3  451 168 452
3  451 249 168
3  410 266 411
3  266 265 411
3  222 319 318
3  182 249 388
3  248 247 311
3  9 248 453
3  125 124 439
3  125 439 440
3  326 9 195
3  9 122 195
3  192 125 440
3  177 176 440
3  236 3 295
3  3 0 295
3  295 294 441
3  294 0 441
3  348 235 347
3  235 0 347
3  187 282 352
3  302 328 448
3  218 454 256
3  242 204 455
3  29 456 443
3  353 29 407
3  457 447 458
3  407 406 443
3  392 459 215
3  242 387 401
3  211 30 460
3  30 156 460
3  211 460 157
3  460 156 157
3  353 456 354
3  456 29 354
3  404 29 443
3  257 461 215
3  29 446 408
3  446 31 408
3  454 218 306
3  307 21 308
3  414 415 151
3  415 67 151
3  462 463 464
3  29 350 465
3  117 449 359
3  449 21 359
3  317 270 305
3  270 265 305
3  265 271 139
3  271 137 139
3  361 87 312
3  87 199 312
3  379 378 88
3  378 86 88
3  128 325 201
3  325 169 201
3  450 372 466
3  148 119 450
3  144 147 149
3  467 148 373
3  432 146 433
3  146 170 433
3  148 467 149
3  467 373 149
3  146 432 364
3  432 324 364
3  198 283 366
3  198 223 222
3  166 165 264
3  86 370 224
3  371 450 316
3  450 119 316
3  315 381 320
3  221 167 468
3  377 376 413
3  171 145 421
3  168 268 452
3  268 249 452
3  167 183 468
3  469 315 221
3  453 248 311
3  9 453 311
3  79 245 136
3  246 244 360
3  283 272 366
3  248 136 246
3  272 150 337
3  150 195 337
3  150 272 126
3  272 124 126
3  212 470 213
3  209 352 470
3  257 403 401
3  209 386 471
3  392 258 472
3  258 257 472
3  258 300 259
3  300 158 259
3  21 307 306
3  301 67 327
3  392 472 459
3  472 257 215
3  300 258 214
3  258 157 214
3  165 424 264
3  263 255 166
3  410 263 264
3  165 275 424
3  260 436 473
3  134 474 475
3  456 353 443
3  353 407 443
3  138 411 139
3  411 265 139
3  87 79 88
3  79 379 88
3  129 130 426
3  169 382 427
3  274 161 476
3  377 410 321
3  171 170 369
3  170 145 369
3  372 148 466
3  148 450 466
3  148 372 434
3  372 373 434
3  324 128 365
3  128 364 365
3  161 283 476
3  222 374 431
3  477 376 430
3  321 410 322
3  424 274 478
3  410 264 479
3  315 121 221
3  315 119 121
3  476 283 431
3  371 316 422
3  221 477 480
3  380 315 469
3  183 182 477
3  376 477 481
3  482 483 437
3  437 483 320
3  376 322 438
3  376 437 320
3  247 297 311
3  297 298 311
3  245 79 246
3  199 246 484
3  272 336 366
3  336 248 366
3  176 103 440
3  103 192 440
3  470 282 402
3  485 409 486
3  487 488 463
3  242 455 216
3  208 210 489
3  206 208 455
3  461 257 401
3  215 242 216
3  257 159 403
3  159 111 403
3  459 472 215
3  401 403 490
3  491 406 393
3  406 31 393
3  488 443 226
3  227 491 395
3  327 416 328
3  416 67 328
3  303 21 419
3  21 306 419
3  21 302 308
3  302 306 308
3  474 134 357
3  29 474 357
3  492 29 493
3  350 349 465
3  435 260 494
3  261 260 276
3  349 443 465
3  443 487 465
3  427 382 428
3  382 383 428
3  425 79 426
3  79 129 426
3  370 426 427
3  130 169 495
3  374 274 431
3  274 476 431
3  412 479 496
3  479 264 496
3  264 478 496
3  264 424 478
3  477 182 481
3  182 388 481
3  380 469 480
3  469 221 480
3  316 497 422
3  145 371 422
3  497 421 422
3  316 315 497
3  482 322 375
3  483 482 375
3  380 480 430
3  480 477 430
3  246 79 484
3  199 484 498
3  244 366 499
3  366 248 360
3  290 414 457
3  447 457 436
3  215 461 401
3  500 225 501
3  444 445 252
3  352 282 470
3  435 447 436
3  435 494 444
3  487 443 488
3  253 502 500
3  288 209 206
3  209 208 206
3  162 275 355
3  209 351 352
3  226 491 227
3  503 502 253
3  414 328 418
3  328 67 504
3  414 151 357
3  151 133 357
3  474 29 505
3  474 505 475
3  29 492 135
3  492 134 135
3  493 29 465
3  492 493 465
3  261 134 465
3  134 492 465
3  319 383 421
3  223 86 224
3  130 495 427
3  495 169 427
3  478 274 496
3  274 412 496
3  183 477 468
3  477 221 468
3  376 481 413
3  481 388 413
3  319 421 320
3  497 315 320
3  381 380 320
3  421 497 506
3  410 479 322
3  479 412 322
3  484 79 498
3  79 199 498
3  366 360 499
3  360 244 499
3  256 454 356
3  454 306 356
3  457 414 507
3  508 276 473
3  447 290 458
3  290 457 458
3  395 217 396
3  204 206 455
3  494 260 262
3  502 494 262
3  212 386 509
3  445 253 252
3  163 162 402
3  162 470 402
3  403 243 490
3  403 241 243
3  254 500 501
3  463 225 464
3  328 504 418
3  504 67 418
3  414 357 473
3  357 134 508
3  357 508 473
3  507 414 473
3  505 29 475
3  29 134 475
3  383 319 428
3  319 222 428
3  222 318 510
3  318 320 510
3  320 483 510
3  376 320 511
3  322 412 375
3  274 374 375
3  322 376 323
3  376 321 323
3  256 356 448
3  356 302 448
3  436 507 473
3  436 457 507
3  384 447 385
3  210 216 489
3  494 503 444
3  447 435 444
3  503 494 502
3  488 225 463
3  406 491 226
3  394 396 501
3  215 217 395
3  225 488 226
3  217 216 396
3  393 392 395
3  470 162 213
3  355 275 409
3  444 503 253
3  252 512 386
3  385 444 252
3  216 210 254
3  243 242 490
3  242 401 490
3  276 260 473
3  508 134 276
3  370 428 224
3  428 222 224
3  322 482 438
3  482 437 438
3  420 414 417
3  448 328 420
3  216 455 489
3  455 208 489
3  487 462 262
3  502 262 513
3  385 252 386
3  355 409 514
3  483 375 510
3  375 222 510
3  320 380 511
3  380 376 511
3  497 320 506
3  320 421 506
3  290 256 417
3  256 448 417
3  225 227 515
3  491 393 395
3  225 500 464
3  462 487 463
3  464 502 513
3  500 502 464
3  261 465 262
3  465 487 262
3  470 212 509
3  447 444 385
3  409 212 514
3  212 355 514
3  212 409 485
3  384 485 486
3  227 395 515
3  395 394 515
3  262 462 513
3  462 464 513
3  396 216 254
3  210 252 254
3  252 210 512
3  210 209 512
3  212 485 386
3  485 384 386
3  409 290 486
3  290 384 486
3  253 500 254
3  396 254 501
3  386 512 471
3  512 209 471
3  386 209 509
3  209 470 509
3  225 515 501
3  515 394 501
