OFF
473 942 0
-201.932 39.2028 177.58
-176.685 151.374 229.289
-85.8728 83.4685 95.3837
-3.01646 9.48248 0.00706778
-89.119 214.088 190.632
-2.72303 9.57087 0.00638024
-164.869 255.148 414.399
-176.946 239.676 371.399
-220.335 194.804 401.495
97.3888 279.946 427.296
244.069 240.449 405.837
39.3532 294.55 319.822
-236.798 59.251 225.059
-287.223 95.1859 349.919
252.294 -158.264 315.53
165.535 -260.661 401.507
150.776 -208.152 250.897
168.407 -208.643 435.896
300.035 38.903 435.896
-52.4281 -281.488 435.896
-283.613 -124.182 298.396
-307.465 84.3992 427.301
-283.554 -101.451 358.509
206.709 -90.8892 194.883
159.675 30.6968 130.048
226.285 -29.2131 212.083
183.542 139.662 220.688
287.317 53.3262 332.698
194.785 56.2563 190.435
64.2466 -207.829 199.126
30.9199 -286.919 319.795
-270.276 -100.533 431.595
-188.176 -244.071 349.932
274.025 -57.7206 306.866
311.109 -1.42892 380.02
-21.8659 269.902 435.896
6.92673 -7.14375 -0.0162298
97.5394 -65.5481 91.071
6.70347 -7.35369 -0.0157067
-130.607 -11.7374 104.053
-205.352 -30.7391 190.48
-259.58 -28.9895 435.896
148.827 134.963 173.251
118.75 58.7755 104.068
18.9985 145.911 112.766
-54.7841 247.33 259.483
-127.18 -237.93 263.854
10.0473 -237.964 242.216
-97.0049 59.0141 91.0437
-179.683 -207.656 435.896
143.62 210.614 435.896
-218.775 -120.58 435.896
244.757 -119.834 431.593
200.938 -152.496 435.896
-9.94557 -0.306432 0.0233031
-9.95029 -8.69882e-07 0.0233142
-153.022 -259.803 401.498
76.3053 -241.094 435.896
-219.487 -63.0726 212.075
-101.025 -67.1305 91.1011
-9.64976 -2.42712 0.02261
-219.501 166.872 319.752
68.7097 88.9423 91.034
140.839 245.55 268.219
276.41 -25.9835 311.156
-104.655 250.448 324.043
-96.9026 275.766 405.79
57.4504 257.236 435.896
4.97515 8.61759 -0.0116571
-30.7656 -198.022 186.138
-14.9119 -122.39 99.6979
15.1 -138.679 112.706
-286.798 32.1474 324.089
-5.33489 279.047 431.594
-141.368 268.34 431.597
-253.095 63.5478 435.896
70.5515 -116.668 112.68
-27.4435 -293.235 414.394
-118.989 -267.259 336.991
24.5367 -295.966 397.194
98.5708 -256.977 431.593
-143.177 -166.56 212.033
-63.2085 -109.901 95.4366
-102.743 -92.6679 112.691
-9.93142 -0.612577 0.0232699
-9.93142 0.612575 0.0232699
3.46133 -4.04012 -0.0081115
-67.0045 103.585 99.7054
-5.99639 -7.94086 0.0140499
3.20189 -5.54594 -0.0075035
-4.43523 -8.90754 0.010392
-5.99639 7.94086 0.0140499
-8.6172 4.97537 0.0201907
-8.4599 5.23839 0.0198221
-9.57044 2.72315 0.0224241
-105.256 38.2821 91.0307
-9.48205 3.01659 0.0222171
119.467 -23.4863 99.6912
9.87487 1.22283 -0.0231374
9.90785 0.918138 -0.0232147
221.274 -116.499 435.896
-156.241 187.408 435.896
219.445 133.599 435.896
119.522 -174.443 190.497
-39.2351 -200.102 190.458
-31.8715 -282.56 336.976
-9.71993 -2.1288 0.0227744
-9.87487 -1.22283 0.0231374
-9.57044 -2.72315 0.0224241
3.64521 6.31385 -0.00854209
3.44818 5.97255 -0.0080805
3.30923 6.16271 -0.00775488
58.2762 -95.961 91.0312
3.87848 -9.16369 -0.00908754
4.15883 -9.03989 -0.00974445
2.42702 -9.65019 -0.0056867
1.82837 -9.78131 -0.00428403
2.72303 -9.57087 -0.00638029
3.86852 -7.20431 -0.00906508
0.306433 -9.94602 -0.000718024
3.46919 -6.96725 -0.00812949
6.39895 -3.69452 -0.0149942
5.66664 -3.75493 -0.0132785
5.62874 3.98458 -0.0131897
-7.5563 6.47413 0.0177049
-7.35336 6.70377 0.0172294
-7.75208 6.23835 0.0181636
-6.92674 7.14375 0.0162298
-7.14343 6.92705 0.0167375
-9.27837 3.59462 0.0217398
-1.52628 -9.83298 0.00357615
-3.30701 -9.38509 0.00774852
3.69448 -6.39917 -0.00865753
9.16328 -3.87866 -0.0214701
9.27837 -3.59462 -0.0217398
9.57044 2.72315 -0.0224242
9.64976 2.42712 -0.02261
4.70742 -8.76672 -0.0110298
4.97514 -8.61759 -0.0116571
-1.82836 9.78131 0.00428397
-1.5263 9.83298 0.00357622
3.49566 6.50991 -0.00819163
68.6818 -89.0054 91.0342
6.23806 -7.75243 -0.0146162
4.39132 -8.81934 -0.0102893
5.23816 -8.46028 -0.0122734
4.70742 8.76672 -0.0110298
2.1287 -9.72036 -0.00498768
-9.78087 -1.82845 0.0229172
-0.918098 -9.90829 0.00215116
-0.612547 -9.93187 0.00143523
3.04746 -4.59914 -0.00714173
-8.1214 -5.74927 0.019029
-7.9405 -5.99666 0.0186051
4.29558 -3.916 -0.0100662
4.66805 -4.52652 -0.0109389
3.9741 -4.63868 -0.00931294
-9.71993 2.12879 0.0227744
-9.87487 1.22282 0.0231374
-9.78087 1.82845 0.0229172
3.00811 4.85834 -0.0070495
2.93862 4.43488 -0.00688669
5.0924 -4.93804 -0.0119331
5.8356 -4.99977 -0.0136743
5.11062 -5.60622 -0.0119757
7.14344 -6.92705 -0.0167375
-9.90785 0.91814 0.0232147
9.57045 -2.72314 -0.0224242
7.9405 -5.99666 -0.0186051
7.75207 -6.23836 -0.0181636
-9.0395 4.15901 0.0211801
-8.1214 5.74927 0.019029
-5.74902 8.12176 0.0134704
-4.43523 8.90754 0.010392
3.37115 5.4447 -0.0079001
-5.23815 8.46029 0.0122733
-4.15883 9.0399 0.00974443
9.48205 3.01659 -0.022217
4.32605 -6.11138 -0.0101374
4.40789 -6.65236 -0.010329
-2.72303 -9.57087 0.00638029
-3.01645 -9.48248 0.00706773
-2.42702 -9.65019 0.0056867
9.87487 -1.22283 -0.0231374
4.69406 -5.83346 -0.0109997
4.33408 -5.73939 -0.0101563
-9.83254 -1.52635 0.0230383
3.18765 -4.5031 -0.00747022
-9.94557 0.306433 0.0233031
-9.83253 1.52636 0.0230383
-9.64976 2.42712 0.02261
9.38466 3.30717 -0.0219889
7.55631 -6.47412 -0.017705
-8.4599 -5.23839 0.0198221
-8.29459 -5.49644 0.0194348
-9.16328 3.87865 0.0214702
-8.29459 5.49644 0.0194348
-3.30703 9.38508 0.00774861
-3.87849 9.16369 0.00908755
-3.59446 9.27878 0.00842208
-7.14343 -6.92705 0.0167375
-6.92673 -7.14375 0.0162298
-9.16328 -3.87865 0.0214702
-9.03949 -4.15901 0.0211801
3.59446 -9.27879 -0.00842209
3.38418 -4.48142 -0.00793072
-4.70742 -8.76672 0.0110298
3.75685 -5.30724 -0.00880388
-9.90784 -0.918141 0.0232147
-5.4962 8.29496 0.012878
9.48205 -3.0166 -0.022217
9.38466 -3.30719 -0.0219889
7.35335 -6.70377 -0.0172294
3.21556 5.1934 -0.00753556
-6.23807 7.75243 0.0146162
3.99613 -8.02558 -0.00936376
3.34966 5.80191 -0.00784969
2.96857 3.93107 -0.00695688
-9.38466 3.30718 0.0219889
-8.90714 4.43543 0.02087
-4.97515 8.61759 0.0116571
-4.70742 8.76672 0.0110298
-2.42702 9.65019 0.00568668
-2.1287 9.72036 0.00498769
-8.76633 -4.70763 0.0205401
-8.6172 -4.97537 0.0201907
-9.27837 -3.59462 0.0217398
-7.35336 -6.70377 0.0172294
-7.75208 -6.23835 0.0181636
6.70347 7.35369 -0.0157067
6.92674 7.14375 -0.0162298
7.35335 6.70377 -0.0172294
3.76761 4.68211 -0.00882912
4.11506 4.51409 -0.00964322
3.78181 4.41422 -0.0088624
6.47385 -7.55663 -0.0151687
5.87767 -7.7836 -0.013772
-3.59446 -9.27879 0.00842207
-3.87847 -9.16369 0.00908753
-5.23816 -8.46028 0.0122734
-5.74901 -8.12176 0.0134703
-4.97514 -8.61759 0.0116571
-6.47385 -7.55663 0.0151687
-6.70347 -7.35369 0.0157067
-6.23806 -7.75243 0.0146162
5.00286 -6.21725 -0.0117231
4.46025 -7.20378 -0.0104515
3.78606 -6.11482 -0.00887217
-4.15883 -9.03989 0.00974445
1.18661e-07 -9.95074 -2.78106e-10
-0.306433 -9.94602 0.000718024
6.75446 4.78153 -0.015827
7.03599 4.35664 -0.0164866
6.36816 4.80915 -0.014922
9.83253 1.52636 -0.0230383
9.95029 0 -0.0233142
9.62369 -2.1077 -0.022549
9.67933 -1.19862 -0.0226794
9.71993 2.12879 -0.0227744
9.78087 1.82844 -0.0229172
9.93142 0.612576 -0.0232699
9.94557 0.306433 -0.0233031
8.90714 -4.43543 -0.02087
9.0395 -4.15901 -0.0211801
8.29459 -5.49644 -0.0194348
7.79978 -5.52155 -0.0182757
7.06132 -5.68243 -0.0165457
7.63761 -5.06105 -0.0178959
-6.47385 7.55663 0.0151687
-6.70347 7.35368 0.0157067
5.61116 4.80747 -0.0131485
5.02363 4.57974 -0.011772
4.88022 4.73228 -0.011436
3.75489 -5.66681 -0.00879922
-8.76633 4.70763 0.0205401
1.22277 9.87532 -0.00286504
0.918098 9.90829 -0.00215117
-9.48205 -3.01659 0.0222171
-9.38466 -3.30718 0.0219889
-5.49619 -8.29496 0.012878
5.49696 -6.83131 -0.0128805
5.64157 -6.18871 -0.0132195
5.99639 -7.94086 -0.0140499
5.4962 -8.29496 -0.012878
3.01646 -9.48248 -0.00706775
1.52628 -9.83298 -0.00357616
1.22277 -9.87532 -0.00286505
7.4688 5.6404 -0.0175003
7.44508 5.99128 -0.0174446
7.62604 5.75915 -0.0178686
7.14344 6.92705 -0.0167375
9.83253 -1.52637 -0.0230382
6.96699 3.46924 -0.016325
9.06363 0 -0.021237
8.92687 -0.827228 -0.0209166
3.3584 4.74435 -0.00787029
9.19142 -2.6153 -0.0215363
8.45991 -5.23838 -0.0198221
8.61721 -4.97537 -0.0201907
6.57764 -6.37834 -0.0154124
5.52146 -7.31186 -0.0129377
6.55253 -5.97361 -0.0153537
4.29558 3.916 -0.0100662
4.73877 4.59511 -0.0111046
3.69993 5.22683 -0.00867049
3.62165 4.79592 -0.00848711
4.927 7.95768 -0.0115447
5.23815 8.46029 -0.0122734
5.33295 8.04857 -0.0124957
9.19142 2.61529 -0.0215363
1.52629 9.83298 -0.00357622
4.33482 7.50837 -0.0101575
4.40789 6.65236 -0.010329
3.45887 7.51832 -0.00810512
3.52056 4.37508 -0.00825027
3.26513 -4.92765 -0.00765174
3.3584 -4.74435 -0.0078703
-8.90713 -4.43543 0.02087
-7.5563 -6.47413 0.0177049
7.40667 -6.34593 -0.0173545
8.67953 -4.66102 -0.0203368
5.09644 -4.64611 -0.0119426
6.62532 6.04 -0.0155242
7.31157 5.52165 -0.017132
6.70095 4.14917 -0.0157017
6.11119 4.32613 -0.01432
-1.22277 -9.87532 0.00286504
6.91849 -5.22477 -0.0162112
7.39125 -4.89777 -0.0173188
5.74902 -8.12176 -0.0134703
3.30702 -9.38508 -0.00774853
2.97963 -8.45586 -0.00698194
4.43523 -8.90754 -0.010392
6.57 4.35356 -0.0153949
8.61721 4.97537 -0.0201907
8.45991 5.23839 -0.0198221
9.94557 -0.306417 -0.0233031
9.78087 -1.82843 -0.0229172
9.85177 0 -0.0230834
9.55169 0.294296 -0.0223804
9.90785 -0.918136 -0.0232147
8.95637 -1.39033 -0.0209857
8.1214 -5.74928 -0.0190289
8.76633 -4.70763 -0.02054
6.75446 -4.78153 -0.015827
6.51324 -4.61075 -0.0152619
7.50808 -4.33493 -0.0175926
0.306419 9.94602 -0.000717963
3.55701 7.14364 -0.00833519
5.91301 3.91819 -0.0138557
4.32605 6.11138 -0.0101374
5.00286 6.21725 -0.0117231
4.447 5.52643 -0.0104209
0.612549 9.93187 -0.00143524
2.42702 9.65019 -0.00568668
3.01646 9.48248 -0.00706778
2.95673 9.2947 -0.00692792
-0.61255 9.93187 0.00143524
-0.918099 9.90829 0.00215117
3.38136 6.79087 -0.00792374
-7.9405 5.99666 0.0186051
3.6441 -4.52859 -0.00853973
4.6677 -7.53884 -0.0109374
-2.1287 -9.72036 0.00498768
8.80038 3.72503 -0.0206201
9.16328 3.87866 -0.0214701
9.03949 4.15901 -0.0211801
5.30458 5.14379 -0.0124302
5.8356 4.99977 -0.0136743
8.59274 4.6144 -0.0201335
7.55854 5.35079 -0.0177106
8.1214 5.74927 -0.019029
8.29459 5.49644 -0.0194348
9.23874 2.0234 -0.0216472
9.93142 -0.612579 -0.0232699
8.19063 -4.72903 -0.0191915
7.16001 -3.29423 -0.0167772
8.02525 3.99625 -0.0188042
7.80241 3.30258 -0.0182822
4.52644 4.66814 -0.0106071
3.30703 9.38508 -0.00774861
6.23808 7.75243 -0.0146162
6.47384 7.55664 -0.0151686
3.87848 9.16369 -0.00908755
2.72303 9.57088 -0.00638024
3.63548 6.77031 -0.00851917
3.42527 6.87906 -0.0080266
8.54324 -2.7179 -0.0200178
8.98097 -2.25888 -0.0210433
8.82488 -2.80751 -0.0206776
4.42278 5.1624 -0.0103642
4.27471 5.66077 -0.0100172
-1.82837 -9.78131 0.00428402
0.612552 -9.93187 -0.00143525
5.44179 -8.21282 -0.0127506
6.91849 5.22477 -0.0162112
5.89805 -6.08276 -0.0138204
4.38524 -5.44968 -0.0102762
4.6903 -6.21112 -0.0109908
4.82328 -7.79015 -0.0113018
8.76633 4.70763 -0.0205401
9.27837 3.59462 -0.0217398
8.592 3.95311 -0.0201319
4.3035 8.64295 -0.0100836
8.592 -3.9531 -0.0201319
9.64976 -2.42711 -0.02261
9.71993 -2.12879 -0.0227744
4.98901 4.01472 -0.0116909
6.82554 -3.94083 -0.0159936
7.99227 -3.09632 -0.018727
8.95637 1.39034 -0.0209857
4.80737 5.61132 -0.0112652
5.28083 5.44618 -0.0123745
4.57114 6.89875 -0.0107114
4.15883 9.0399 -0.00974441
5.81829 7.70498 -0.0136329
5.06088 7.63792 -0.0118585
8.64257 4.30367 -0.0202503
8.1053 4.67978 -0.0189916
4.66081 8.67992 -0.0109207
4.43523 8.90754 -0.010392
2.1287 9.72036 -0.00498769
1.82836 9.78131 -0.00428397
-0.30642 9.94602 0.000717965
-1.22277 9.87532 0.00286504
3.91595 -4.29566 -0.0091767
3.03006 -6.08532 -0.00710077
3.71771 -4.3394 -0.00871221
3.33527 4.14481 -0.00781611
3.64605 5.50255 -0.00854421
6.0537 -4.57165 -0.0141853
6.11119 -4.32613 -0.01432
7.45479 4.61597 -0.0174677
0.918103 -9.90829 -0.00215117
5.87039 -5.69248 -0.0137557
5.76089 5.9413 -0.0134991
7.93467 4.58126 -0.0185919
4.86935 5.02179 -0.0114105
5.0924 4.93804 -0.0119331
3.7753 7.03071 -0.00884669
-4.34961e-07 9.95074 1.01941e-09
5.49619 8.29496 -0.012878
5.43519 6.75456 -0.0127358
4.84321 7.3094 -0.0113487
6.721 6.93155 -0.015748
5.99639 7.94086 -0.0140499
5.744 7.13835 -0.0134591
3.46919 6.96726 -0.00812948
4.33458 -8.07232 -0.0101567
7.63801 4.10166 -0.017897
8.56696 1.32988 -0.0200734
5.8329 6.80843 -0.0136675
6.51526 6.71935 -0.0152661
5.74902 8.12176 -0.0134703
7.67533 6.17658 -0.0179839
6.20967 5.32028 -0.0145506
8.90714 4.43543 -0.02087
4.73439 -7.14513 -0.0110938
5.82448 5.30987 -0.0136482
4.72887 8.19097 -0.0110804
7.00199 6.78987 -0.0164063
7.20775 6.57101 -0.0168884
6.86054 6.6527 -0.016075
6.23889 6.844 -0.0146186
7.5563 6.47413 -0.0177049
6.84374 6.23913 -0.0160358
6.08256 5.89824 -0.0142527
3.59446 9.27879 -0.00842207
5.97342 6.55276 -0.0139968
7.75208 6.23835 -0.0181636
7.9405 5.99666 -0.0186051
7.40668 6.34593 -0.0173545
6.08928 7.10771 -0.014268
3  0 1 2
3  3 4 5
3  6 7 8
3  9 10 11
3  1 12 13
3  14 15 16
3  17 18 19
3  20 12 0
3  21 20 22
3  23 24 25
3  26 27 28
3  29 16 30
3  31 20 32
3  14 33 34
3  19 18 35
3  36 37 38
3  1 4 2
3  0 39 40
3  21 31 41
3  42 24 43
3  44 4 11
3  11 4 45
3  14 23 33
3  30 46 47
3  0 2 48
3  33 23 25
3  19 41 49
3  10 9 50
3  41 31 51
3  17 52 53
3  54 39 55
3  16 15 30
3  31 32 56
3  17 19 57
3  20 40 58
3  59 39 60
3  13 7 61
3  44 42 62
3  0 12 1
3  1 13 61
3  44 63 42
3  33 25 64
3  11 65 66
3  35 50 67
3  10 63 11
3  63 44 11
3  24 26 28
3  18 52 34
3  44 62 68
3  69 70 71
3  17 15 52
3  15 14 52
3  12 20 72
3  20 21 72
3  20 31 22
3  31 21 22
3  73 66 74
3  21 75 74
3  76 29 71
3  23 14 16
3  20 46 32
3  29 30 47
3  19 56 77
3  56 32 78
3  30 15 79
3  15 17 80
3  46 20 81
3  82 81 83
3  84 85 86
3  2 4 87
3  59 20 58
3  20 0 40
3  12 72 13
3  72 21 13
3  88 89 90
3  2 87 91
3  92 48 93
3  94 95 96
3  11 45 65
3  45 4 65
3  24 42 26
3  25 24 28
3  26 10 27
3  25 27 64
3  27 10 34
3  10 18 34
3  54 85 84
3  97 23 37
3  24 23 97
3  98 24 99
3  52 14 34
3  27 25 28
3  52 18 100
3  18 17 100
3  19 35 75
3  35 74 101
3  35 18 50
3  10 50 102
3  35 9 73
3  9 11 73
3  21 74 6
3  35 73 74
3  29 76 103
3  76 37 103
3  15 80 79
3  30 79 77
3  29 47 69
3  47 46 104
3  32 46 78
3  30 77 105
3  77 78 105
3  56 78 77
3  19 80 57
3  80 17 57
3  46 82 104
3  106 107 108
3  109 110 111
3  39 0 95
3  40 39 58
3  39 59 58
3  7 4 61
3  4 1 61
3  42 63 26
3  63 10 26
3  4 7 65
3  66 65 74
3  46 81 82
3  59 82 83
3  37 23 103
3  112 113 114
3  52 100 53
3  100 17 53
3  19 75 41
3  75 21 41
3  50 9 67
3  9 35 67
3  50 18 102
3  18 10 102
3  65 7 74
3  73 11 66
3  115 116 117
3  118 119 120
3  23 16 103
3  16 29 103
3  82 70 69
3  29 69 71
3  31 56 49
3  56 19 49
3  79 80 77
3  80 19 77
3  78 46 105
3  46 30 105
3  59 60 108
3  121 122 123
3  124 125 126
3  127 91 128
3  95 48 129
3  95 0 48
3  130 131 132
3  37 133 134
3  135 24 136
3  112 137 138
3  139 140 141
3  37 142 143
3  114 144 145
3  44 68 146
3  81 20 83
3  20 59 83
3  37 76 142
3  142 76 112
3  74 75 101
3  75 35 101
3  74 7 6
3  21 6 8
3  112 76 71
3  115 71 147
3  60 39 106
3  39 148 106
3  82 69 104
3  69 47 104
3  70 149 150
3  107 151 108
3  59 152 153
3  154 155 156
3  39 95 157
3  158 159 157
3  94 160 161
3  62 42 43
3  162 163 164
3  37 36 165
3  106 148 107
3  158 85 166
3  97 37 167
3  168 37 169
3  160 170 126
3  48 2 171
3  87 4 172
3  173 174 175
3  173 4 176
3  24 135 177
3  27 34 64
3  34 33 64
3  31 49 51
3  49 41 51
3  7 13 8
3  13 21 8
3  132 178 179
3  180 181 182
3  180 82 181
3  89 131 90
3  24 97 183
3  162 184 185
3  107 148 186
3  107 84 187
3  54 55 188
3  55 39 188
3  159 158 189
3  94 158 157
3  159 39 157
3  95 94 190
3  43 24 177
3  43 177 191
3  169 37 192
3  168 169 192
3  59 193 194
3  152 193 153
3  48 195 129
3  195 48 170
3  2 127 128
3  171 93 196
3  87 172 91
3  174 91 175
3  197 4 3
3  197 198 199
3  59 200 201
3  59 202 203
3  112 71 204
3  187 86 205
3  82 206 90
3  155 207 156
3  107 39 208
3  39 54 84
3  148 39 186
3  39 107 186
3  39 85 188
3  85 54 188
3  85 39 166
3  39 158 166
3  158 39 189
3  39 159 189
3  95 190 157
3  190 94 157
3  172 4 209
3  177 135 191
3  37 210 167
3  167 210 211
3  36 192 212
3  192 37 212
3  213 160 126
3  2 91 214
3  144 117 215
3  173 110 216
3  85 158 217
3  158 94 217
3  94 218 129
3  218 95 129
3  91 174 213
3  48 219 170
3  170 219 93
3  125 128 126
3  4 175 209
3  173 220 221
3  173 198 5
3  222 223 5
3  198 3 5
3  198 197 3
3  59 224 225
3  59 226 202
3  226 108 203
3  200 227 228
3  229 230 231
3  85 217 86
3  232 233 234
3  192 235 236
3  237 238 131
3  239 240 241
3  242 243 244
3  82 88 240
3  245 246 179
3  185 132 247
3  248 82 90
3  249 71 250
3  39 84 208
3  84 107 208
3  251 252 253
3  4 222 5
3  24 98 254
3  255 256 257
3  258 24 259
3  260 261 99
3  37 262 263
3  264 192 265
3  266 267 265
3  151 187 205
3  37 165 212
3  165 36 212
3  91 127 214
3  268 214 269
3  270 271 272
3  2 124 126
3  222 4 223
3  4 44 223
3  273 207 247
3  217 94 161
3  184 178 185
3  200 228 89
3  95 218 96
3  218 94 96
3  94 129 170
3  129 195 170
3  219 48 274
3  48 92 274
3  91 213 128
3  124 2 125
3  4 220 175
3  220 173 175
3  220 4 221
3  4 173 221
3  4 198 176
3  198 173 176
3  198 4 199
3  4 197 199
3  44 275 276
3  110 173 5
3  60 106 108
3  59 277 278
3  193 224 203
3  228 193 203
3  202 226 203
3  200 59 227
3  181 82 131
3  88 200 89
3  279 82 240
3  82 237 131
3  242 82 243
3  82 59 243
3  280 245 281
3  142 282 143
3  113 204 114
3  112 204 113
3  282 283 143
3  204 284 117
3  116 285 286
3  71 285 116
3  250 71 150
3  249 250 150
3  287 288 289
3  62 43 290
3  135 258 254
3  183 97 291
3  292 293 294
3  160 213 295
3  256 211 296
3  37 297 298
3  280 299 300
3  301 266 265
3  2 268 269
3  268 2 214
3  154 86 302
3  155 154 303
3  213 304 305
3  174 173 216
3  306 307 308
3  135 254 309
3  44 310 275
3  311 312 313
3  314 232 234
3  217 161 314
3  128 213 126
3  160 94 170
3  219 274 93
3  274 92 93
3  170 93 126
3  125 2 128
3  175 91 209
3  91 172 209
3  277 108 278
3  277 59 108
3  108 226 278
3  226 59 278
3  228 151 315
3  151 107 187
3  181 131 130
3  151 316 315
3  224 193 225
3  193 59 225
3  193 152 194
3  152 59 194
3  108 228 203
3  224 59 317
3  108 151 228
3  227 59 318
3  192 319 265
3  211 262 320
3  316 207 315
3  122 121 321
3  322 287 323
3  324 292 325
3  245 184 164
3  70 130 326
3  237 82 238
3  82 248 238
3  240 90 241
3  82 279 239
3  200 243 201
3  243 59 201
3  327 328 266
3  37 235 38
3  142 283 329
3  142 112 283
3  71 284 330
3  119 118 331
3  204 117 144
3  137 112 332
3  117 116 215
3  71 115 117
3  284 71 117
3  235 283 236
3  270 333 325
3  43 334 335
3  24 258 136
3  258 135 136
3  259 24 254
3  258 259 254
3  24 260 99
3  260 24 261
3  255 24 336
3  256 255 337
3  254 338 339
3  340 255 336
3  134 263 211
3  257 341 294
3  37 168 342
3  262 343 298
3  319 299 265
3  344 345 346
3  214 127 269
3  127 2 269
3  347 313 348
3  155 303 321
3  292 121 349
3  350 351 352
3  295 213 305
3  240 88 90
3  44 353 347
3  354 355 356
3  44 357 358
3  140 357 359
3  93 48 196
3  48 171 196
3  93 171 360
3  171 2 360
3  93 360 126
3  360 2 126
3  227 318 228
3  318 59 228
3  156 207 361
3  187 84 86
3  185 178 132
3  207 273 89
3  243 88 244
3  243 200 88
3  210 37 211
3  215 246 362
3  70 82 130
3  181 130 363
3  235 192 38
3  192 36 38
3  283 235 143
3  235 37 143
3  215 118 246
3  283 112 145
3  283 282 329
3  282 142 329
3  284 204 330
3  204 71 330
3  236 283 145
3  138 137 114
3  71 116 147
3  116 115 147
3  285 71 286
3  116 286 119
3  116 331 215
3  299 301 265
3  118 120 132
3  119 130 132
3  191 135 364
3  43 365 366
3  367 368 270
3  287 369 370
3  371 372 289
3  369 287 372
3  254 255 338
3  254 373 309
3  24 255 261
3  255 254 261
3  374 24 340
3  24 183 340
3  255 340 337
3  340 183 337
3  327 344 346
3  37 134 211
3  134 133 263
3  133 37 263
3  343 37 298
3  262 37 343
3  297 37 264
3  37 342 264
3  265 267 375
3  299 192 236
3  342 168 264
3  168 192 264
3  319 192 299
3  320 262 298
3  376 121 294
3  377 373 378
3  252 333 253
3  233 232 379
3  380 311 355
3  381 62 382
3  68 307 146
3  146 307 383
3  44 384 354
3  44 380 355
3  44 140 139
3  385 359 386
3  109 5 141
3  5 139 141
3  193 228 153
3  228 59 153
3  224 317 203
3  317 59 203
3  316 151 205
3  207 316 205
3  82 239 241
3  239 279 240
3  88 82 244
3  82 242 244
3  387 388 389
3  257 296 389
3  232 304 390
3  312 351 350
3  391 350 352
3  229 62 230
3  349 123 325
3  163 162 321
3  131 238 90
3  238 248 90
3  82 363 392
3  181 363 182
3  71 119 393
3  71 249 119
3  149 130 150
3  71 70 150
3  145 144 394
3  204 144 114
3  331 118 215
3  116 119 331
3  395 322 323
3  299 396 301
3  162 185 397
3  185 207 397
3  184 245 398
3  399 280 300
3  120 119 132
3  246 118 179
3  184 162 164
3  375 328 346
3  334 43 400
3  365 43 401
3  251 253 395
3  364 377 402
3  311 380 403
3  135 309 364
3  261 254 99
3  254 98 99
3  24 374 336
3  374 340 336
3  97 337 291
3  337 183 291
3  389 296 404
3  97 405 406
3  396 299 281
3  407 123 321
3  408 409 346
3  256 337 167
3  338 255 257
3  339 293 410
3  270 368 253
3  121 123 349
3  347 310 313
3  367 411 412
3  62 290 230
3  351 312 413
3  44 414 383
3  306 415 416
3  191 417 369
3  369 417 418
3  307 419 383
3  414 44 420
3  311 310 354
3  44 421 422
3  310 311 313
3  310 347 276
3  275 310 276
3  357 44 423
3  357 140 358
3  140 44 424
3  86 154 425
3  154 156 425
3  207 89 315
3  89 228 315
3  132 131 426
3  207 185 247
3  361 205 427
3  207 205 361
3  90 206 241
3  206 82 241
3  295 232 314
3  161 160 295
3  213 174 304
3  109 350 391
3  233 302 234
3  303 154 302
3  161 295 314
3  86 217 428
3  411 367 352
3  391 304 429
3  390 391 352
3  390 304 391
3  367 390 352
3  351 411 352
3  430 321 431
3  432 251 395
3  363 82 182
3  82 180 182
3  363 130 392
3  130 82 392
3  119 286 393
3  393 286 433
3  130 119 150
3  119 249 150
3  130 149 326
3  149 70 326
3  137 332 114
3  332 112 114
3  178 398 179
3  398 245 179
3  245 164 434
3  375 346 404
3  267 328 375
3  266 328 267
3  299 280 281
3  351 435 412
3  207 155 397
3  397 155 321
3  118 132 179
3  178 184 398
3  335 334 372
3  401 43 191
3  373 377 309
3  309 377 364
3  378 373 410
3  373 339 410
3  407 303 271
3  370 436 323
3  337 405 167
3  405 97 167
3  405 337 406
3  337 97 406
3  320 265 375
3  430 121 408
3  163 430 345
3  430 163 321
3  320 264 265
3  263 262 211
3  387 409 341
3  373 254 339
3  437 367 438
3  333 270 253
3  162 397 321
3  123 407 270
3  313 312 439
3  304 174 429
3  44 347 440
3  347 357 440
3  109 141 385
3  141 359 385
3  68 62 307
3  62 441 307
3  441 415 307
3  415 442 443
3  415 229 444
3  381 441 445
3  413 311 443
3  442 351 443
3  442 415 446
3  290 43 231
3  371 43 372
3  191 369 400
3  414 420 146
3  420 44 146
3  310 421 354
3  421 44 354
3  421 310 422
3  310 44 422
3  140 424 358
3  424 44 358
3  132 89 247
3  89 273 247
3  131 89 426
3  89 132 426
3  205 86 427
3  86 425 427
3  304 232 305
3  232 295 305
3  86 428 314
3  428 217 314
3  232 390 379
3  390 303 379
3  350 109 385
3  347 348 447
3  271 303 272
3  390 367 437
3  216 110 391
3  110 109 391
3  303 407 321
3  123 122 321
3  286 71 433
3  71 393 433
3  236 144 399
3  448 215 362
3  112 138 145
3  138 114 145
3  327 266 301
3  409 387 346
3  377 436 402
3  417 191 364
3  365 401 366
3  401 191 366
3  287 370 323
3  377 378 449
3  410 293 450
3  292 378 410
3  351 442 435
3  442 446 451
3  417 436 418
3  436 377 432
3  257 256 296
3  256 167 211
3  409 408 376
3  341 409 294
3  338 257 294
3  388 257 389
3  408 121 376
3  328 327 346
3  344 163 345
3  444 322 452
3  378 292 324
3  333 324 325
3  292 349 325
3  123 270 325
3  110 5 111
3  5 109 111
3  5 223 139
3  223 44 139
3  347 353 276
3  353 44 276
3  357 423 440
3  423 44 440
3  415 441 229
3  441 381 229
3  441 62 453
3  441 453 445
3  312 311 413
3  351 413 443
3  43 335 372
3  231 371 454
3  395 253 455
3  435 367 412
3  436 370 418
3  370 369 418
3  366 400 456
3  366 191 400
3  354 384 355
3  384 44 355
3  425 156 427
3  156 361 427
3  302 86 234
3  86 314 234
3  303 302 379
3  302 233 379
3  312 350 385
3  307 415 308
3  174 216 429
3  216 391 429
3  246 245 457
3  246 457 362
3  299 236 300
3  236 399 300
3  399 144 448
3  144 215 448
3  144 236 394
3  236 145 394
3  281 245 434
3  396 281 434
3  163 344 434
3  411 351 412
3  327 301 434
3  301 396 434
3  320 375 404
3  345 408 346
3  321 121 431
3  121 430 431
3  436 417 402
3  417 364 402
3  251 449 252
3  333 252 324
3  377 449 432
3  449 251 432
3  293 292 450
3  292 410 450
3  436 432 323
3  367 435 458
3  368 367 458
3  345 430 408
3  121 292 294
3  409 376 294
3  297 264 298
3  264 320 298
3  257 388 341
3  388 387 341
3  252 449 324
3  449 378 324
3  367 270 438
3  270 407 271
3  140 359 141
3  415 306 308
3  306 443 459
3  443 311 403
3  414 146 383
3  307 306 419
3  62 229 382
3  229 381 382
3  230 290 231
3  444 229 460
3  461 288 462
3  444 452 463
3  453 62 445
3  62 381 445
3  371 231 464
3  461 460 454
3  334 400 372
3  400 369 372
3  288 287 462
3  287 465 462
3  400 43 456
3  43 366 456
3  355 311 356
3  311 354 356
3  245 280 457
3  280 399 457
3  457 399 362
3  399 448 362
3  344 327 434
3  164 163 434
3  465 287 322
3  444 462 322
3  395 455 466
3  432 395 323
3  346 389 404
3  346 387 389
3  293 339 294
3  339 338 294
3  303 390 272
3  390 437 272
3  359 357 386
3  357 347 386
3  312 385 348
3  348 385 447
3  415 443 416
3  443 306 416
3  380 419 403
3  443 403 459
3  419 380 383
3  44 383 467
3  322 468 452
3  462 465 322
3  229 231 460
3  460 231 454
3  231 43 464
3  464 469 470
3  372 287 289
3  461 454 471
3  444 460 462
3  460 461 462
3  296 211 404
3  211 320 404
3  253 458 455
3  253 368 458
3  270 272 438
3  272 437 438
3  385 386 447
3  386 347 447
3  312 348 439
3  348 313 439
3  403 419 459
3  419 306 459
3  383 380 467
3  380 44 467
3  446 415 472
3  415 444 472
3  43 469 464
3  371 464 470
3  288 454 289
3  454 371 289
3  454 288 471
3  288 461 471
3  458 435 466
3  455 458 466
3  322 435 468
3  435 442 468
3  435 322 466
3  322 395 466
3  469 43 470
3  43 371 470
3  452 468 463
3  468 442 451
3  468 451 463
3  451 446 463
3  446 472 463
3  472 444 463
