OFF
626 1248 0
-255.131 173.322 315.567
-254.732 95.0361 263.863
-310.893 55.8898 349.952
-209.642 -116.225 203.561
-220.823 29.1758 177.698
-144.433 -3.72769 104.161
-7.14856 6.92707 0.0278864
-6.47848 7.55665 0.0252725
-6.24254 7.75245 0.0243521
203.543 230.079 422.999
337.244 30.2372 405.832
255.369 141.693 345.591
-135.515 -210.446 225.093
-187.397 -181.578 242.337
-160.546 -142.689 186.228
212.512 -60.1349 190.556
257.189 -115.856 289.686
196.15 -97.6563 190.551
-120.061 66.153 95.524
-236.649 143.23 268.185
4.74125 4.59607 -0.0185003
4.64842 5.09743 -0.0181382
4.81204 4.66465 -0.0187764
-227.282 155.16 435.896
84.3757 -210.096 435.896
188.459 202.734 435.896
-139.617 277.895 302.698
-69.9661 132.728 112.781
-155.058 182.44 212.14
-14.1365 282.611 435.896
-39.7628 315.428 427.301
-95.3378 283.246 435.896
-318.183 -64.875 324.215
-231.37 -159.452 293.981
-222.165 -208.055 349.922
139.287 -289.273 298.448
-26.8492 -337.247 358.6
56.5406 -230.844 190.671
-172.547 -252.201 367.115
145.097 245.524 289.699
81.463 280.173 319.797
9.91498 0.918144 -0.0386781
134.871 2.0077 99.7964
9.93857 0.61258 -0.0387701
209.644 199.283 427.294
290.81 1.45139 435.896
-166.112 266.049 418.704
-56.5485 310.356 418.705
-160.136 -266.664 431.598
-63.2306 -306.967 431.598
62.5752 -289.252 418.695
-20.4835 -328.383 388.641
204.897 -162.434 435.896
76.4578 -250.801 435.896
186.846 -233.013 431.596
124.465 241.589 435.896
185.939 219.567 431.594
-62.572 -225.753 216.414
154.286 21.3647 125.705
249.046 119.783 281.066
203.648 10.8548 190.455
-92.8766 -222.569 220.742
133.362 -162.021 177.608
180.217 -242.812 302.655
-185.676 -213.656 435.896
171.04 -251.567 397.203
205.474 -239.077 345.652
-124.907 -41.8892 95.4801
70.2026 111.711 104.059
69.6358 215.822 199.183
113.397 177.365 190.489
-13.2094 313.657 362.834
-295.549 81.5544 410.101
-285.398 110.418 354.224
-255.271 164.486 405.8
-303.896 11.6525 401.5
-205.032 241.365 427.3
-283.024 8.06391 435.896
-199.902 -233.152 362.821
283.077 -99.8485 418.697
263.082 -92.8721 435.896
-56.4944 229.209 212.127
199.167 201.95 289.691
8.6234 -4.9754 -0.0336397
8.46599 -5.2384 -0.0330257
188.149 -249.947 328.464
117.379 65.4399 108.375
-70.1341 -116.153 104.092
-231.269 -210.484 414.404
-269.696 -146.617 414.402
-80.238 -108.343 104.089
-9.65671 -2.42714 0.0376706
-9.72692 -2.12881 0.0379445
-1.22364 -9.87532 0.00477344
250.86 137.546 298.296
139.164 136.589 168.92
178.757 69.463 173.191
-9.78792 1.82846 0.0381824
-9.57733 2.72317 0.0373609
-9.88199 1.22283 0.0385493
-243.011 137.327 431.594
-106.991 286.09 431.596
-82.8327 -270.38 435.896
35.3516 -268.226 435.896
70.2852 290.176 388.598
219.517 4.84229 212.022
3.07526 -6.17397 -0.012001
-3.30938 -9.38509 0.0129098
-3.88125 -9.1637 0.0151407
78.8693 -97.4703 99.7206
4.80992 -5.6121 -0.0187679
4.91414 -5.38863 -0.0191745
4.87408 -5.6869 -0.0190181
158.641 -58.109 142.972
61.2576 -131.485 112.747
-217.361 -180.372 431.594
9.04599 4.15904 -0.0352882
9.16987 3.87868 -0.0357714
-6.00068 7.94088 0.0234086
-299.318 33.6454 410.098
4.4384 8.90755 -0.0173142
4.71079 8.76673 -0.0183768
-144.786 272.802 427.299
-36.7824 -327.46 384.349
95.3718 -267.794 431.594
220.355 -193.204 427.294
-6.70931 -277.648 435.896
254.406 -143.277 422.994
104.63 256.136 431.594
9.83424 277.872 435.896
80.3235 282.333 401.491
-9.78791 -1.82846 0.0381824
-9.57733 -2.72317 0.0373609
3.26642 4.92836 -0.0127474
3.32064 5.36158 -0.0129588
3.4298 5.17474 -0.0133847
239.966 -129.777 276.756
2.42875 9.6502 -0.00947456
1.52738 9.83298 -0.00595833
2.13022 9.72037 -0.00830998
4.19728 7.81218 -0.0163759
4.51474 7.28794 -0.0176149
4.10394 7.63862 -0.0160121
36.2432 132.114 116.98
1.82967 9.78131 -0.00713752
-8.30055 5.49646 0.0323803
-8.12723 5.74929 0.0317042
-7.75764 6.23838 0.0302624
2.72498 -9.57088 -0.0106302
2.42875 -9.6502 -0.00947459
-280.712 96.5211 418.695
-244.664 -123.104 435.896
-6.9317 7.14377 0.0270405
-9.28505 3.59464 0.0362207
3.10305 4.68197 -0.0121101
3.68261 4.87534 -0.014371
3.38555 -4.48222 -0.0132122
3.32613 4.40361 -0.0129804
-110.239 -56.3266 91.1237
1.18661e-07 -9.95074 -4.63257e-10
-0.306646 -9.94602 0.00119628
-0.612979 -9.93187 0.00239124
-2.13022 -9.72037 0.00830997
-1.52737 -9.83298 0.00595824
-1.82967 -9.78131 0.00713759
-9.95746 -8.70509e-07 0.0388438
-9.95274 0.306435 0.0388254
-9.93857 0.612581 0.0387701
-8.91354 4.43545 0.0347715
-9.04599 4.15903 0.0352882
3.6028 -7.23219 -0.0140579
3.77726 -7.03112 -0.0147387
4.01058 -7.46506 -0.0156482
6.84835 -6.23947 -0.0267169
6.79446 -6.58436 -0.0265063
6.38232 -6.57825 -0.0248992
-5.75314 8.12177 0.022443
-5.50013 8.29498 0.021456
-236.939 -97.0873 435.896
8.77263 4.70765 -0.0342218
8.91354 4.43545 -0.0347715
-7.14856 -6.92707 0.0278864
4.46474 6.735 -0.0174206
4.15125 6.7017 -0.0161979
4.30703 6.95294 -0.0168052
8.77263 -4.70765 -0.0342218
9.65671 -2.42713 -0.0376706
9.57734 -2.72315 -0.0373609
9.48887 -3.01662 -0.0370159
-9.91498 0.918145 0.0386781
-9.83962 1.52637 0.0383841
-9.65671 2.42713 0.0376706
-9.48888 3.01661 0.0370159
3.07526 6.17397 -0.012001
3.35108 5.80248 -0.0130773
3.17072 5.90284 -0.0123736
9.91498 -0.91814 -0.0386781
9.93857 -0.612588 -0.0387701
5.83677 -4.69505 -0.022773
5.39071 -4.91252 -0.0210333
5.38978 -4.61612 -0.0210297
-7.9462 5.99669 0.030998
-5.2419 8.4603 0.0204486
-4.9787 8.61761 0.0194219
-257.757 -101.41 431.593
3.30939 -9.38509 -0.0129099
5.50013 -8.29497 -0.021456
5.75313 -8.12178 -0.0224429
-8.46598 -5.23842 0.0330256
3.11303 -5.02652 -0.012149
-7.75764 -6.23838 0.0302624
-4.4384 8.90755 0.0173142
-3.88126 9.1637 0.0151408
-3.59703 9.27879 0.014032
9.95274 -0.306424 -0.0388254
5.30756 5.14466 -0.020709
5.17988 5.67979 -0.0202108
5.2838 5.44698 -0.0206162
5.98885 -5.12878 -0.023366
5.59074 -5.41893 -0.0218133
6.06724 -4.88029 -0.0236718
-8.77263 4.70765 0.0342218
174.309 109.38 190.462
-4.16181 -9.0399 0.0162352
-4.43839 -8.90755 0.0173142
-4.71078 -8.76674 0.0183767
5.84432 -6.40766 -0.0228014
6.36958 -6.17307 -0.02485
8.91354 -4.43545 -0.0347715
2.72497 9.57088 -0.0106301
3.01861 9.48248 -0.0117756
6.5112 6.31018 -0.0254021
6.36958 6.17307 -0.02485
6.10766 6.29547 -0.0238285
-3.30939 9.38509 0.01291
-3.01862 9.48248 0.0117756
-4.1618 9.03991 0.0162352
-8.6234 -4.97539 0.0336397
-5.75313 -8.12179 0.0224429
-6.00068 -7.94088 0.0234086
4.1618 9.03991 -0.0162352
-9.88199 -1.22284 0.0385493
3.0486 -4.59984 -0.0118977
-9.28505 -3.59464 0.0362207
-9.16987 -3.87867 0.0357715
-8.46598 5.23841 0.0330256
2.95669 5.11992 -0.011539
-9.72692 2.12881 0.0379445
-9.39142 3.3072 0.0366357
-9.16987 3.87868 0.0357715
-7.56173 6.47415 0.0294982
-7.35863 6.70379 0.0287059
-6.70827 7.35371 0.0261689
6.70827 -7.35372 -0.0261689
6.47849 -7.55665 -0.0252725
2.13022 -9.72037 -0.00830997
1.82967 -9.78131 -0.00713759
3.01861 -9.48249 -0.0117756
3.08968 -6.71316 -0.0120568
0.612984 -9.93187 -0.00239126
0.306647 -9.94602 -0.00119628
-4.9787 -8.61761 0.0194219
-5.24191 -8.4603 0.0204487
-5.50013 -8.29498 0.0214559
3.17072 -5.90284 -0.0123736
3.31067 -6.16322 -0.0129194
8.6234 4.97539 -0.0336397
5.57992 6.50968 -0.0217702
5.22778 6.91919 -0.0203964
5.83662 6.80884 -0.0227709
6.41101 5.84144 -0.0250119
6.55678 5.97413 -0.0255802
9.65671 2.42714 -0.0376706
9.57733 2.72316 -0.0373609
9.95746 0 -0.0388438
9.95274 0.306435 -0.0388254
7.00028 4.95294 -0.0273104
6.60823 4.988 -0.0257815
6.24253 -7.75245 -0.024352
4.43839 -8.90755 -0.0173142
4.16181 -9.0399 -0.0162352
3.07495 4.34303 -0.0120005
6.70827 7.35371 -0.0261689
6.47848 7.55666 -0.0252725
7.75764 6.23838 -0.0302624
7.56172 6.47415 -0.0294982
9.88199 -1.22284 -0.0385493
9.83961 -1.52638 -0.0383841
-4.34961e-07 9.95074 1.6981e-09
-0.612988 9.93186 0.00239126
-0.306638 9.94602 0.0011962
0.612987 9.93187 -0.00239126
-9.83962 -1.52637 0.0383841
-9.48888 -3.01661 0.0370159
3.03078 -5.64245 -0.0118278
-8.77263 -4.70765 0.0342218
-1.22365 9.87532 0.00477345
-0.918753 9.90829 0.00358406
2.96104 4.1822 -0.0115561
5.98885 5.12878 -0.023366
6.21476 4.69125 -0.0242471
5.60933 5.11159 -0.0218859
2.93748 5.46886 -0.0114639
5.58211 -7.88063 -0.0217766
4.87828 -7.87414 -0.0190318
5.41109 -7.63949 -0.0211101
6.11884 -7.599 -0.0238701
5.88177 -7.7837 -0.0229453
1.22365 -9.87532 -0.00477346
3.34278 -7.89369 -0.0130427
-0.918756 -9.90829 0.00358405
-6.70827 -7.35371 0.0261689
-6.47849 -7.55665 0.0252725
3.32064 -5.36158 -0.0129588
3.75659 -5.66748 -0.0146593
-2.42875 -9.6502 0.00947459
4.19235 -6.32443 -0.0163586
3.69623 -6.39969 -0.0144233
3.78784 -6.11541 -0.0147809
-4.71079 8.76673 0.0183768
9.39142 3.30719 -0.0366357
9.07906 3.84032 -0.0354174
9.78792 1.82845 -0.0381824
9.72693 2.12881 -0.0379445
9.83961 1.52637 -0.0383841
5.83302 -6.01266 -0.0227578
5.77244 -6.73405 -0.0225207
5.37668 -6.6783 -0.0209774
5.57853 -6.11653 -0.0217652
4.74125 -4.59607 -0.0185003
4.51555 -4.95184 -0.01762
7.29657 -5.86806 -0.0284651
6.62967 -6.04047 -0.0258644
6.81267 -5.83358 -0.0265782
9.78792 -1.82845 -0.0381824
9.72693 -2.1288 -0.0379445
7.35862 -6.7038 -0.0287059
7.56173 -6.47415 -0.0294982
7.23782 -5.46273 -0.0282364
6.66288 -5.70544 -0.0259942
3.99856 -8.02581 -0.0156005
2.95877 -9.29473 -0.0115426
3.4709 -6.96765 -0.0135437
4.78413 6.75521 -0.0186663
4.62819 6.98133 -0.0180578
4.9551 6.99639 -0.0193328
8.12723 5.7493 -0.0317042
7.94621 5.99668 -0.030998
3.59703 9.27879 -0.014032
3.88126 9.1637 -0.0151408
3.27659 9.29218 -0.0127822
5.50013 8.29498 -0.021456
6.00068 7.94088 -0.0234086
5.69612 8.0414 -0.0222208
3.33702 7.25013 -0.0130211
0.918752 9.90829 -0.00358406
-9.39142 -3.3072 0.0366357
-9.04599 -4.15904 0.0352882
-8.91354 -4.43545 0.0347715
-9.91498 -0.918147 0.0386781
-9.93857 -0.612583 0.0387701
-1.82967 9.78131 0.00713753
-1.52738 9.83298 0.00595833
0.306637 9.94602 -0.0011962
-8.6234 4.97539 0.0336397
3.31067 6.16322 -0.0129194
3.06113 4.94276 -0.0119465
1.52737 -9.83298 -0.00595825
0.918761 -9.90829 -0.00358407
5.04945 -6.68339 -0.0197012
4.9551 -6.99639 -0.0193328
4.46281 -7.20419 -0.0174125
3.27658 -9.29218 -0.0127822
-6.9317 -7.14378 0.0270405
-6.24253 -7.75245 0.024352
3.15051 -7.44009 -0.0122933
9.28505 3.59464 -0.0362207
9.48888 3.01661 -0.0370159
9.88199 1.22284 -0.0385493
7.00028 -4.95294 -0.0273104
9.28504 -3.59465 -0.0362208
6.68187 -5.37422 -0.0260685
7.9462 -5.99668 -0.030998
7.75763 -6.23839 -0.0302624
3.75852 -5.30798 -0.014667
3.64458 -5.14716 -0.0142226
3.86087 -5.11119 -0.0150663
7.08042 -5.34406 -0.0276227
8.82527 -4.39157 -0.0344274
3.59702 -9.2788 -0.014032
4.39441 -8.81937 -0.0171429
4.93022 -7.95788 -0.0192342
4.26245 -8.55486 -0.0166288
5.21515 -5.37627 -0.0203485
5.00922 -5.16412 -0.0195454
8.05389 -5.33335 -0.0314187
4.6816 -5.46248 -0.0182675
4.51454 -5.97594 -0.0176156
8.46599 5.23841 -0.0330256
8.30055 5.49646 -0.0323803
4.08651 8.20217 -0.0159432
3.68891 8.71013 -0.0143915
3.9968 8.68197 -0.0155924
4.9787 8.61761 -0.0194219
5.2419 8.4603 -0.0204486
1.22365 9.87532 -0.00477344
3.57352 8.43799 -0.0139419
2.98869 9.38861 -0.0116591
4.57072 8.50641 -0.0178311
4.68267 8.10583 -0.0182685
4.26244 8.55486 -0.0166287
5.75313 8.12178 -0.0224429
6.24254 7.75245 -0.0243521
-7.56173 -6.47415 0.0294982
-7.35863 -6.70379 0.0287059
-9.95274 -0.306434 0.0388254
8.13058 5.03114 -0.031718
7.64423 5.40804 -0.0298212
7.88572 5.57867 -0.0307627
6.6418 7.28094 -0.0259099
6.9317 7.14378 -0.0270405
7.00691 6.78999 -0.0273344
3.45064 6.4236 -0.0134652
2.75951 4.77863 -0.0107698
2.9814 -8.45599 -0.0116322
-7.9462 -5.99669 0.030998
3.26586 -7.71225 -0.0127429
4.48534 7.76462 -0.0174995
4.72247 7.62291 -0.0184246
6.37215 -4.80995 -0.0248609
9.63061 -2.10774 -0.0375689
9.046 -4.15902 -0.0352882
7.33699 -6.28201 -0.0286222
6.79435 -7.0024 -0.0265052
6.58833 -6.79034 -0.0257022
7.68079 -6.17666 -0.0299629
8.21833 -5.44209 -0.0320598
7.80523 -5.52179 -0.0304489
6.22172 -7.25754 -0.0242719
6.30949 -6.9171 -0.0246147
7.07773 -6.85853 -0.0276104
6.9317 -7.14378 -0.0270405
5.29709 -7.47872 -0.0206658
5.68589 -7.06195 -0.0221827
5.70338 -7.54795 -0.0222501
6.00068 -7.94088 -0.0234086
4.584 -7.93523 -0.017884
5.24191 -8.46029 -0.0204487
4.9787 -8.61761 -0.0194219
6.24304 -6.84432 -0.0243557
7.71006 -5.81871 -0.0300775
4.48534 -7.76462 -0.0174995
3.94279 -6.82625 -0.0153846
4.21429 -5.95123 -0.0164445
4.82018 5.98767 -0.0188077
4.80992 5.6121 -0.0187679
4.74576 5.53729 -0.0185177
4.04008 -4.71437 -0.0157654
3.95471 -4.91321 -0.0154324
4.14007 -7.16749 -0.0161537
4.35578 -6.57078 -0.0169958
4.41089 -7.12044 -0.0172101
7.4119 6.34605 -0.0289142
7.68079 6.17666 -0.0299629
6.99414 6.37215 -0.0272852
3.30939 9.38509 -0.0129099
5.28211 7.96659 -0.0206065
4.92936 8.53231 -0.0192297
6.18069 7.67573 -0.0241111
6.05698 7.52229 -0.023629
3.41968 8.07512 -0.0133424
5.29708 7.47872 -0.0206658
5.64393 7.46935 -0.0220184
3.80432 8.98228 -0.0148411
2.8581 4.94928 -0.0111544
5.53955 4.74429 -0.0216138
5.31491 -4.55203 -0.0207377
5.24497 4.7798 -0.0204649
-8.30055 -5.49647 0.0323803
-8.12723 -5.74929 0.0317042
6.06373 -5.19287 -0.023658
7.14856 6.92707 -0.0278864
7.35863 6.70379 -0.0287059
7.06605 5.68288 -0.0275664
7.08042 5.34405 -0.0276227
6.66288 5.70544 -0.0259942
3.64567 -4.52943 -0.0142269
3.50437 -4.63947 -0.0136757
3.62564 7.87658 -0.0141461
4.55329 -5.31287 -0.0177671
-2.72498 -9.57088 0.0106302
-3.0186 -9.48249 0.0117756
-3.59702 -9.2788 0.014032
4.05727 -7.55183 -0.0158302
7.16126 5.06672 -0.0279381
4.55618 6.43363 -0.0177776
5.12933 6.37137 -0.0200131
6.28841 5.38509 -0.0245341
4.3013 6.48866 -0.0167834
4.19235 6.32443 -0.0163586
3.97593 4.63956 -0.0155152
4.44913 4.87903 -0.0173609
6.41101 -5.84144 -0.0250119
6.5568 -5.97411 -0.0255803
5.17989 -5.67979 -0.0202108
5.3792 -5.89817 -0.020988
6.11947 -5.57606 -0.0238752
6.21352 -5.321 -0.0242421
6.60823 -4.988 -0.0257815
9.39141 -3.3072 -0.0366357
7.13993 -6.5048 -0.0278535
7.47395 -5.64072 -0.029157
8.30055 -5.49646 -0.0323803
8.12722 -5.7493 -0.0317041
7.14856 -6.92707 -0.0278864
4.68267 -8.10582 -0.0182685
5.34667 -7.07639 -0.0208598
4.44222 -6.27283 -0.0173333
3.88125 -9.1637 -0.0151407
6.18069 -7.67573 -0.0241111
6.35009 -7.40711 -0.0247722
5.80958 -7.2154 -0.0226648
7.48681 -6.41011 -0.0292062
5.0675 -6.29463 -0.019772
4.81171 -6.36897 -0.0187743
4.69283 -6.21177 -0.0183108
5.06908 -7.15718 -0.0197771
4.93824 5.7617 -0.0192683
5.12608 7.23756 -0.0199993
4.90063 7.39187 -0.0191198
5.00962 7.55608 -0.0195446
4.87828 7.87414 -0.0190318
4.584 7.93523 -0.017884
4.6641 8.67996 -0.0181949
3.42445 5.5291 -0.0133637
3.52827 5.69662 -0.0137686
3.70211 5.58536 -0.0144468
7.29657 5.86806 -0.0284651
8.04673 5.69243 -0.0313904
6.68187 5.37422 -0.0260685
4.91414 5.38862 -0.0191745
4.55329 5.31287 -0.0177671
6.86527 6.65291 -0.0267823
7.13993 6.50481 -0.0278535
5.04945 6.68339 -0.0197012
-2.72497 9.57088 0.0106301
-2.42875 9.6502 0.00947456
-2.13022 9.72037 0.00830998
3.64692 6.31438 -0.014231
3.9797 5.26843 -0.0155298
3.95471 4.91321 -0.0154324
9.16987 -3.87868 -0.0357714
7.86749 -5.93736 -0.0306912
4.77443 -7.70665 -0.0186271
4.71078 -8.76674 -0.0183767
5.25907 -6.1357 -0.0205193
4.88202 -6.06441 -0.0190488
4.61317 -6.51402 -0.0179998
4.42498 -5.16325 -0.0172667
4.21739 -5.58289 -0.0164568
4.20197 -5.22022 -0.0163968
5.02439 -4.87038 -0.0196046
4.51556 4.95183 -0.01762
4.81204 -4.66464 -0.0187764
6.11948 5.57606 -0.0238752
6.01554 5.8303 -0.0234697
4.35895 7.0367 -0.0170076
4.23871 7.3381 -0.0165382
5.76284 7.62653 -0.0224818
5.93327 7.36885 -0.0231469
4.84614 7.30977 -0.0189074
4.79165 7.22766 -0.018695
3.84416 6.65563 -0.0150001
3.82392 7.11791 -0.0149206
5.5821 7.88064 -0.0217765
5.59074 5.41893 -0.0218133
5.97371 5.44336 -0.0233068
5.80957 7.2154 -0.0226648
8.51198 4.56796 -0.0332056
8.68575 4.66109 -0.0338831
7.48681 6.4101 -0.0292062
7.18718 6.15388 -0.0280382
3.63209 5.86414 -0.0141735
3.63727 6.77076 -0.0141929
5.68221 -5.17794 -0.0221701
5.53646 -5.04523 -0.0216017
6.83555 -5.49767 -0.0266677
6.75871 -5.43595 -0.0263681
4.51922 -6.81712 -0.017633
5.69571 -5.87125 -0.0222224
5.4211 -5.58841 -0.0211516
3.84417 -6.65563 -0.0150001
3.81105 -5.7496 -0.0148717
3.87246 -5.46879 -0.0151114
4.64842 -5.09743 -0.0181382
4.29063 7.98574 -0.0167397
3.70811 8.05556 -0.0144675
3.86552 5.83173 -0.0150841
6.33812 5.7751 -0.0247277
6.38232 6.57826 -0.0248992
5.71142 6.26209 -0.0222833
4.57396 6.05455 -0.0178473
3.64765 5.50324 -0.0142344
4.14015 5.14347 -0.0161557
5.5584 5.72983 -0.021687
5.3792 5.89817 -0.020988
4.39568 -5.81872 -0.0171521
5.07786 5.23484 -0.0198131
6.17633 6.36617 -0.0240962
4.6816 5.46248 -0.0182675
3.99211 6.91156 -0.0155769
4.15732 5.87082 -0.0162223
5.00922 5.16412 -0.0195454
5.63911 -7.96102 -0.0219987
5.87394 -5.69318 -0.0229176
5.5584 -5.72983 -0.021687
4.27128 6.03163 -0.0166667
4.20197 5.22022 -0.0163968
4.33625 5.74011 -0.0169203
5.68588 7.06195 -0.0221827
5.57853 6.11653 -0.0217652
6.44242 7.06264 -0.0251328
6.58833 6.79034 -0.0257022
4.2143 5.95123 -0.0164445
4.26379 5.29697 -0.0166379
4.2174 5.58289 -0.0164568
3  0 1 2
3  3 4 5
3  6 7 8
3  9 10 11
3  12 13 14
3  15 16 17
3  18 4 19
3  20 21 22
3  23 24 25
3  26 27 28
3  29 30 31
3  4 18 5
3  32 33 34
3  35 36 37
3  12 36 38
3  32 4 3
3  4 32 2
3  1 4 2
3  39 40 9
3  41 42 43
3  9 44 45
3  46 30 47
3  48 36 49
3  50 49 51
3  52 53 54
3  0 26 28
3  9 55 56
3  15 10 16
3  37 36 57
3  58 59 60
3  36 12 61
3  35 62 63
3  24 23 64
3  65 35 66
3  3 5 67
3  32 3 13
3  68 69 70
3  71 40 69
3  4 1 19
3  1 0 19
3  2 72 73
3  72 74 73
3  2 32 75
3  26 0 76
3  64 23 77
3  13 12 78
3  74 72 76
3  0 74 76
3  16 10 79
3  80 52 54
3  69 27 81
3  82 39 9
3  83 17 84
3  18 27 8
3  66 35 85
3  35 37 62
3  58 42 86
3  62 17 63
3  37 61 87
3  61 12 87
3  88 32 34
3  77 75 89
3  87 12 90
3  14 3 90
3  91 67 92
3  37 87 93
3  10 59 94
3  9 25 44
3  19 0 28
3  26 30 71
3  40 39 69
3  86 95 96
3  97 98 99
3  26 71 81
3  77 23 100
3  72 2 75
3  23 76 100
3  31 30 101
3  74 0 73
3  0 2 73
3  48 49 102
3  24 102 103
3  65 66 54
3  52 103 53
3  23 25 29
3  29 25 55
3  9 40 104
3  40 71 104
3  59 82 94
3  82 9 94
3  59 10 105
3  10 15 105
3  69 39 70
3  106 107 108
3  66 16 79
3  44 25 45
3  17 62 109
3  110 111 112
3  113 17 83
3  62 37 114
3  36 61 57
3  61 37 57
3  5 18 97
3  17 109 84
3  78 88 34
3  88 48 115
3  116 42 117
3  8 27 118
3  27 26 81
3  71 69 81
3  77 72 119
3  120 68 121
3  26 76 46
3  46 76 122
3  51 49 123
3  35 65 50
3  24 64 102
3  64 48 102
3  124 50 54
3  80 54 125
3  102 49 126
3  127 66 79
3  76 23 31
3  23 29 31
3  9 30 128
3  29 55 129
3  24 103 45
3  45 103 52
3  71 30 104
3  9 104 130
3  10 94 11
3  94 9 11
3  86 42 116
3  15 42 58
3  6 8 118
3  91 131 132
3  133 134 135
3  58 86 96
3  17 16 136
3  16 66 63
3  25 24 45
3  10 45 79
3  62 114 109
3  137 138 139
3  140 141 142
3  143 68 144
3  13 3 14
3  12 14 90
3  48 88 78
3  78 12 38
3  145 146 147
3  148 37 149
3  27 18 28
3  18 19 28
3  76 72 150
3  72 77 150
3  32 88 89
3  88 115 151
3  48 64 115
3  115 64 151
3  32 13 33
3  6 18 152
3  30 26 47
3  26 46 47
3  30 122 101
3  30 46 122
3  103 49 124
3  49 50 124
3  36 35 51
3  35 50 51
3  127 79 80
3  10 9 45
3  49 103 126
3  103 102 126
3  55 25 56
3  25 9 56
3  30 55 128
3  55 9 128
3  55 30 129
3  30 29 129
3  104 30 130
3  30 9 130
3  70 39 95
3  59 105 60
3  27 69 143
3  69 68 143
3  82 59 95
3  86 68 95
3  35 63 85
3  63 66 85
3  16 63 136
3  63 17 136
3  68 70 95
3  39 82 95
3  42 15 113
3  15 17 113
3  153 154 99
3  155 156 157
3  90 3 158
3  159 160 161
3  67 5 92
3  158 3 67
3  162 163 164
3  165 166 167
3  168 153 169
3  170 171 172
3  173 174 175
3  176 177 118
3  76 150 100
3  150 77 100
3  72 75 119
3  75 77 119
3  89 88 151
3  75 32 89
3  64 178 151
3  64 77 178
3  122 76 101
3  76 31 101
3  49 36 123
3  36 51 123
3  103 124 54
3  53 103 54
3  105 15 60
3  15 58 60
3  179 86 180
3  90 158 181
3  182 183 184
3  98 153 99
3  113 83 185
3  186 187 188
3  5 189 167
3  97 99 190
3  33 13 34
3  13 78 34
3  36 48 38
3  48 78 38
3  98 97 191
3  98 18 192
3  193 194 195
3  42 196 197
3  198 199 200
3  146 201 147
3  7 18 8
3  202 27 203
3  178 77 151
3  89 151 204
3  79 45 80
3  45 52 80
3  54 66 125
3  50 65 54
3  114 37 205
3  114 206 207
3  208 209 210
3  211 212 213
3  214 196 198
3  215 216 217
3  218 219 220
3  168 18 221
3  95 59 222
3  59 58 96
3  223 224 225
3  226 227 175
3  185 83 228
3  83 84 228
3  229 68 230
3  231 232 233
3  234 27 235
3  211 27 236
3  158 67 237
3  238 87 239
3  240 68 120
3  241 242 243
3  67 243 244
3  131 241 132
3  145 147 245
3  147 6 246
3  191 97 247
3  18 98 191
3  18 153 248
3  153 98 248
3  153 18 249
3  153 249 169
3  18 250 147
3  201 18 147
3  250 18 251
3  18 6 251
3  18 7 252
3  7 6 252
3  27 176 118
3  177 202 118
3  151 77 204
3  77 89 204
3  253 109 254
3  255 256 149
3  205 37 257
3  37 148 257
3  258 107 106
3  259 37 260
3  261 262 263
3  106 264 265
3  176 27 177
3  27 202 177
3  179 180 266
3  267 268 269
3  270 232 271
3  42 272 273
3  42 274 275
3  276 272 277
3  59 96 222
3  96 95 222
3  109 114 278
3  279 114 280
3  281 154 157
3  109 278 254
3  68 282 283
3  86 284 285
3  196 286 287
3  246 134 133
3  288 289 290
3  27 143 291
3  241 131 292
3  241 243 132
3  67 132 293
3  67 91 132
3  263 294 264
3  67 295 237
3  289 296 297
3  242 241 298
3  299 300 301
3  153 168 221
3  97 18 247
3  18 191 247
3  18 248 192
3  248 98 192
3  249 18 169
3  18 168 169
3  145 18 146
3  18 201 146
3  18 252 152
3  252 6 152
3  6 118 302
3  118 202 302
3  66 127 125
3  127 80 125
3  303 304 305
3  303 306 307
3  308 259 260
3  256 308 260
3  309 256 260
3  163 258 310
3  261 87 262
3  90 311 312
3  265 313 314
3  162 87 315
3  162 107 258
3  316 317 318
3  202 203 319
3  203 27 319
3  27 234 213
3  212 27 213
3  116 320 321
3  42 322 323
3  322 324 323
3  272 324 277
3  325 226 326
3  86 116 180
3  325 327 328
3  20 329 330
3  331 332 333
3  334 335 287
3  335 42 186
3  325 332 227
3  109 336 337
3  338 333 339
3  113 185 228
3  256 340 341
3  171 342 317
3  6 302 246
3  343 344 345
3  346 285 347
3  137 229 230
3  137 68 229
3  348 349 350
3  351 352 353
3  296 289 354
3  291 143 355
3  5 131 92
3  131 91 92
3  131 5 292
3  5 241 292
3  132 243 356
3  243 67 356
3  158 237 208
3  237 295 208
3  67 357 358
3  357 243 358
3  241 5 359
3  99 241 165
3  298 241 99
3  165 241 360
3  193 202 213
3  245 147 246
3  202 211 213
3  296 361 362
3  27 291 363
3  289 288 354
3  221 18 364
3  193 235 365
3  250 251 147
3  251 6 147
3  221 364 245
3  133 154 366
3  37 256 255
3  37 255 149
3  256 37 367
3  259 308 368
3  369 370 371
3  148 341 372
3  258 342 310
3  260 37 159
3  87 261 225
3  90 181 373
3  374 90 312
3  262 87 263
3  375 342 170
3  342 171 170
3  27 211 319
3  211 202 319
3  27 212 236
3  212 211 236
3  42 320 376
3  42 376 117
3  320 377 321
3  320 42 377
3  322 42 324
3  41 324 378
3  275 214 198
3  324 41 300
3  275 274 214
3  274 42 214
3  286 42 287
3  334 42 335
3  42 334 287
3  196 42 286
3  42 113 228
3  187 42 188
3  379 380 381
3  382 109 383
3  384 385 386
3  387 388 338
3  114 205 389
3  257 148 389
3  303 390 391
3  340 392 372
3  199 393 394
3  242 298 281
3  338 388 395
3  388 84 395
3  295 243 209
3  396 110 397
3  321 377 276
3  86 398 399
3  400 401 402
3  351 403 404
3  363 291 355
3  405 143 138
3  406 407 401
3  408 409 410
3  351 68 411
3  352 68 412
3  143 144 138
3  138 144 139
3  132 356 293
3  356 67 293
3  413 210 414
3  413 158 210
3  243 357 244
3  357 67 244
3  243 295 358
3  295 67 358
3  415 5 165
3  5 166 165
3  359 5 360
3  241 359 360
3  5 99 189
3  166 5 167
3  99 5 190
3  5 97 190
3  298 99 281
3  99 154 281
3  180 116 266
3  416 417 418
3  324 299 277
3  419 420 421
3  27 363 288
3  361 296 422
3  364 18 245
3  18 145 245
3  365 361 422
3  288 363 354
3  154 153 423
3  221 245 246
3  149 256 341
3  340 256 424
3  37 308 367
3  308 256 367
3  308 37 368
3  37 259 368
3  37 160 159
3  37 93 310
3  209 181 210
3  210 181 414
3  158 425 210
3  208 295 209
3  181 311 373
3  311 90 373
3  294 374 313
3  93 87 163
3  223 87 224
3  224 87 225
3  170 309 426
3  317 342 258
3  376 320 117
3  320 116 117
3  272 377 273
3  377 42 273
3  374 209 313
3  141 427 428
3  324 272 323
3  272 42 323
3  324 42 378
3  42 41 378
3  42 275 43
3  275 41 43
3  196 214 197
3  214 42 197
3  42 187 186
3  186 429 220
3  430 186 220
3  228 388 380
3  84 388 228
3  228 380 431
3  174 173 432
3  433 434 174
3  382 383 435
3  395 436 437
3  433 438 439
3  440 336 441
3  442 443 444
3  253 254 445
3  392 340 446
3  279 447 448
3  438 449 439
3  173 450 432
3  340 371 451
3  171 316 452
3  453 316 318
3  243 242 209
3  454 455 456
3  457 330 458
3  459 460 461
3  110 396 111
3  462 463 464
3  377 272 276
3  144 68 139
3  68 137 139
3  68 465 230
3  466 409 467
3  240 120 121
3  468 419 469
3  363 355 354
3  138 406 470
3  68 403 121
3  230 348 350
3  230 465 348
3  68 240 349
3  471 466 472
3  401 473 402
3  403 68 404
3  68 351 404
3  68 352 411
3  352 351 411
3  221 246 474
3  240 408 410
3  242 156 209
3  475 476 477
3  478 210 479
3  158 208 478
3  5 415 360
3  415 165 360
3  189 99 167
3  99 165 167
3  218 220 480
3  420 68 481
3  482 68 285
3  483 484 485
3  486 458 487
3  155 157 133
3  361 27 362
3  27 296 362
3  296 27 297
3  27 289 297
3  289 27 290
3  27 288 290
3  193 213 235
3  213 234 235
3  296 354 422
3  355 488 354
3  153 221 423
3  154 423 366
3  210 425 479
3  478 208 210
3  181 209 374
3  111 396 489
3  93 163 310
3  160 37 161
3  490 87 491
3  87 490 315
3  342 375 310
3  163 162 258
3  374 263 238
3  374 294 263
3  107 87 492
3  107 492 108
3  263 106 225
3  261 263 225
3  371 493 459
3  375 170 426
3  321 276 494
3  454 495 496
3  299 497 277
3  300 41 475
3  498 495 499
3  330 500 501
3  388 387 380
3  325 502 503
3  335 186 287
3  196 287 220
3  504 505 112
3  381 506 507
3  220 429 508
3  380 188 509
3  510 174 432
3  338 395 511
3  84 109 512
3  382 512 513
3  337 336 383
3  109 337 383
3  436 450 437
3  395 84 436
3  278 114 445
3  254 278 445
3  336 109 514
3  336 514 441
3  392 446 515
3  326 443 516
3  447 390 303
3  316 517 460
3  447 279 390
3  205 257 389
3  279 280 389
3  114 518 280
3  391 390 515
3  253 519 520
3  338 331 333
3  339 333 503
3  332 331 173
3  331 450 173
3  227 332 175
3  449 443 326
3  444 443 521
3  303 305 444
3  226 175 326
3  435 522 432
3  510 336 440
3  433 440 441
3  523 524 525
3  327 526 369
3  156 486 487
3  155 500 486
3  199 198 220
3  380 379 188
3  137 230 407
3  350 473 401
3  454 216 527
3  155 133 135
3  407 350 401
3  528 529 530
3  471 528 530
3  351 466 467
3  220 508 480
3  140 427 141
3  409 531 532
3  240 121 533
3  409 408 467
3  533 121 467
3  406 488 470
3  138 137 406
3  423 221 474
3  534 535 536
3  143 405 355
3  405 138 355
3  425 158 479
3  158 478 479
3  68 86 285
3  537 463 538
3  398 266 399
3  276 539 494
3  540 21 541
3  498 183 495
3  463 285 346
3  542 543 464
3  156 242 157
3  242 281 157
3  246 302 134
3  134 195 534
3  544 495 343
3  264 294 313
3  235 27 545
3  546 27 547
3  548 365 422
3  235 547 365
3  341 340 372
3  148 149 341
3  256 309 424
3  309 340 424
3  181 158 414
3  158 413 414
3  311 181 312
3  181 374 312
3  375 260 310
3  37 310 161
3  163 87 164
3  87 162 164
3  490 107 315
3  107 162 315
3  87 107 491
3  107 490 491
3  263 87 238
3  374 238 239
3  340 309 493
3  340 493 371
3  309 260 426
3  260 375 426
3  301 475 215
3  324 300 299
3  155 549 550
3  497 539 277
3  41 275 475
3  275 198 475
3  198 196 220
3  380 387 381
3  506 219 480
3  429 186 188
3  380 42 551
3  380 551 431
3  450 331 511
3  331 338 511
3  512 109 513
3  109 382 513
3  383 336 522
3  336 510 522
3  84 512 436
3  450 436 552
3  305 553 442
3  304 553 305
3  447 114 448
3  279 448 554
3  280 518 389
3  518 114 389
3  392 390 389
3  390 279 389
3  502 381 339
3  502 339 503
3  449 174 439
3  450 435 432
3  332 173 175
3  226 325 227
3  510 440 174
3  440 433 174
3  514 109 441
3  109 253 441
3  325 555 505
3  397 556 525
3  526 553 371
3  526 370 369
3  453 517 316
3  517 557 460
3  558 559 560
3  558 111 489
3  263 264 106
3  258 106 265
3  313 385 314
3  156 155 486
3  561 199 394
3  505 556 112
3  20 501 562
3  561 330 563
3  465 68 348
3  68 349 348
3  539 497 564
3  270 565 233
3  155 135 549
3  141 566 567
3  466 568 569
3  570 571 428
3  572 183 499
3  354 488 573
3  466 353 574
3  466 351 353
3  420 419 282
3  420 482 285
3  299 575 576
3  472 569 577
3  488 355 470
3  355 138 470
3  86 346 347
3  542 421 543
3  68 482 481
3  482 420 481
3  398 86 266
3  86 179 266
3  463 346 538
3  116 578 579
3  537 538 418
3  266 538 399
3  462 543 580
3  537 464 581
3  135 134 534
3  547 361 365
3  157 154 133
3  246 133 366
3  302 202 195
3  195 194 534
3  194 193 365
3  27 546 545
3  548 582 365
3  354 572 583
3  392 389 372
3  389 148 372
3  310 260 161
3  260 159 161
3  87 90 239
3  90 374 239
3  493 309 172
3  309 170 172
3  330 558 458
3  500 457 458
3  20 330 501
3  457 500 330
3  429 188 508
3  220 219 584
3  585 220 584
3  287 186 430
3  381 502 506
3  502 325 506
3  338 339 586
3  381 387 587
3  188 42 509
3  42 380 509
3  551 42 431
3  42 228 431
3  450 511 437
3  511 395 437
3  522 510 432
3  383 522 435
3  390 392 515
3  304 303 391
3  553 526 442
3  305 442 444
3  446 340 451
3  446 553 515
3  460 557 588
3  370 526 371
3  448 114 554
3  114 279 554
3  327 325 326
3  175 449 326
3  174 449 175
3  443 442 516
3  327 555 328
3  555 325 328
3  369 557 524
3  555 327 369
3  325 505 589
3  505 393 590
3  505 555 556
3  517 453 397
3  317 316 591
3  317 258 265
3  264 313 265
3  592 453 318
3  453 592 593
3  330 394 594
3  223 225 108
3  225 106 108
3  200 199 561
3  330 561 394
3  407 230 350
3  406 137 407
3  529 570 428
3  427 595 532
3  488 406 596
3  140 400 595
3  597 548 499
3  216 455 527
3  565 270 598
3  488 596 142
3  568 353 468
3  353 352 468
3  353 568 574
3  568 466 574
3  282 419 283
3  68 420 282
3  495 182 343
3  299 301 575
3  569 419 577
3  464 231 599
3  420 285 421
3  421 285 543
3  578 416 579
3  116 321 578
3  483 416 484
3  417 416 483
3  416 578 484
3  537 483 231
3  565 539 564
3  565 600 233
3  538 266 418
3  266 416 418
3  285 284 347
3  284 86 347
3  538 346 399
3  346 86 399
3  495 454 601
3  572 548 422
3  549 135 534
3  602 534 536
3  134 302 195
3  202 193 195
3  602 549 534
3  501 500 603
3  423 474 366
3  474 246 366
3  235 545 547
3  545 546 547
3  27 361 547
3  582 194 365
3  141 567 142
3  567 573 142
3  567 566 184
3  344 571 345
3  300 475 301
3  575 301 215
3  604 216 605
3  216 454 605
3  564 497 576
3  539 276 277
3  393 199 585
3  585 199 220
3  508 507 480
3  287 430 220
3  333 332 503
3  332 325 503
3  387 586 587
3  387 338 586
3  382 435 552
3  435 450 552
3  519 445 307
3  306 438 520
3  438 433 520
3  519 306 520
3  553 304 515
3  304 391 515
3  327 326 516
3  438 444 521
3  371 553 451
3  553 446 451
3  555 523 525
3  555 369 523
3  393 505 504
3  393 504 112
3  219 218 480
3  393 219 590
3  371 459 461
3  171 460 459
3  396 397 606
3  397 453 606
3  524 557 525
3  111 393 112
3  316 171 591
3  171 317 591
3  592 318 265
3  318 317 265
3  396 606 559
3  606 453 559
3  492 87 108
3  87 223 108
3  313 209 385
3  209 156 385
3  558 330 594
3  476 200 561
3  549 603 550
3  501 603 562
3  408 240 533
3  408 533 467
3  596 140 142
3  573 488 142
3  455 454 527
3  607 21 540
3  455 216 456
3  354 573 572
3  472 466 569
3  568 469 569
3  599 608 269
3  568 468 469
3  419 468 283
3  68 283 412
3  141 571 344
3  183 182 495
3  267 600 496
3  182 184 344
3  570 529 268
3  530 529 428
3  582 548 597
3  454 609 601
3  469 419 569
3  231 608 599
3  543 285 580
3  543 462 464
3  608 231 233
3  471 472 577
3  578 321 484
3  484 539 485
3  416 266 579
3  266 116 579
3  321 494 484
3  494 539 484
3  216 604 575
3  605 454 496
3  232 270 233
3  483 270 271
3  417 483 418
3  483 537 418
3  183 572 610
3  611 597 499
3  194 582 535
3  535 582 536
3  194 535 534
3  582 597 536
3  572 573 610
3  573 567 184
3  607 216 215
3  215 21 612
3  476 475 200
3  475 198 200
3  586 339 587
3  339 381 587
3  436 512 552
3  512 382 552
3  445 206 613
3  519 253 445
3  433 441 520
3  441 253 520
3  438 306 444
3  306 303 444
3  174 434 439
3  434 433 439
3  442 526 516
3  526 327 516
3  556 555 525
3  523 369 524
3  325 589 614
3  505 615 589
3  316 460 452
3  460 171 452
3  557 369 588
3  369 371 588
3  493 172 459
3  172 171 459
3  556 397 112
3  397 110 112
3  557 517 525
3  517 397 525
3  592 314 593
3  500 458 486
3  385 458 386
3  592 265 314
3  393 111 394
3  476 561 563
3  559 593 560
3  559 453 593
3  396 559 489
3  559 558 489
3  350 349 473
3  349 240 473
3  596 406 400
3  406 401 400
3  473 240 410
3  140 596 400
3  409 466 531
3  466 471 531
3  601 616 499
3  603 549 617
3  541 603 617
3  21 603 541
3  283 468 412
3  468 352 412
3  268 267 496
3  601 609 618
3  184 566 344
3  566 141 344
3  571 570 268
3  400 410 532
3  529 528 268
3  599 269 577
3  537 231 464
3  542 464 599
3  285 463 580
3  463 462 580
3  22 215 477
3  269 268 619
3  496 600 620
3  600 565 620
3  270 539 598
3  539 565 598
3  232 231 271
3  231 483 271
3  497 299 576
3  604 565 564
3  476 22 477
3  544 268 496
3  573 184 610
3  184 183 610
3  215 475 477
3  21 215 22
3  188 379 508
3  507 506 480
3  219 393 584
3  393 585 584
3  114 447 206
3  306 519 307
3  443 449 521
3  449 438 521
3  589 615 614
3  615 219 614
3  219 615 590
3  615 505 590
3  219 506 614
3  506 325 614
3  460 588 461
3  588 371 461
3  330 329 563
3  329 20 563
3  593 314 384
3  314 385 384
3  458 560 386
3  458 558 560
3  571 141 428
3  531 471 530
3  597 549 536
3  549 602 536
3  216 609 456
3  609 454 456
3  609 216 540
3  216 607 540
3  621 622 577
3  421 542 622
3  495 544 496
3  605 496 620
3  182 344 343
3  571 268 345
3  419 621 577
3  600 267 233
3  268 544 345
3  544 343 345
3  464 463 581
3  463 537 581
3  233 267 269
3  622 542 599
3  608 233 269
3  622 599 577
3  539 270 485
3  270 483 485
3  575 604 576
3  604 564 576
3  572 422 583
3  422 354 583
3  476 563 22
3  563 20 22
3  21 607 612
3  607 215 612
3  216 575 217
3  575 215 217
3  508 379 507
3  379 381 507
3  206 447 613
3  447 303 613
3  206 445 207
3  445 114 207
3  458 385 487
3  385 156 487
3  394 111 594
3  111 558 594
3  560 593 386
3  593 384 386
3  531 428 532
3  427 140 595
3  473 410 402
3  410 400 402
3  121 403 467
3  403 351 467
3  410 409 532
3  531 530 428
3  549 597 611
3  495 601 499
3  183 498 499
3  611 499 623
3  548 572 499
3  601 611 623
3  609 541 618
3  609 540 541
3  603 500 550
3  500 155 550
3  603 21 562
3  21 20 562
3  419 421 621
3  421 622 621
3  445 613 307
3  613 303 307
3  595 400 532
3  428 427 532
3  618 624 625
3  611 601 618
3  611 618 625
3  618 541 624
3  268 528 619
3  528 471 619
3  565 604 620
3  604 605 620
3  499 616 623
3  616 601 623
3  549 624 617
3  624 541 617
3  624 549 625
3  549 611 625
3  269 619 577
3  619 471 577
