OFF
555 1106 0
62.0314 -283.792 289.723
5.03056 -342.841 405.837
10.9906 -277.245 268.191
-299.933 65.252 418.701
-259.558 169.123 418.702
-315.995 106.847 358.587
206.277 -122.261 212.142
144.527 -79.6903 130.068
204.942 -72.0229 190.532
220.446 -172.017 289.673
260.834 -125.793 319.798
172.683 -228.671 435.896
-159.908 258.407 435.896
-216.887 -179.917 435.896
14.3815 309.437 431.598
144.283 259.615 431.595
126.777 298.132 384.339
-108.359 -86.7499 104.112
-136.132 -6.30615 95.5166
-107.95 -67.3991 95.4429
-210.473 4.48266 186.206
-255.765 -135.011 289.716
160.439 284.865 324.223
230.343 233.024 298.479
136.464 199.027 190.698
67.6969 -270.911 435.896
96.3657 -281.097 422.996
21.7751 -273.159 435.896
-174.158 251.73 384.311
94.3485 -99.3519 104.107
27.0031 -123.815 99.7278
4.16088 -9.0399 -0.0146736
224.066 68.5986 203.525
264.298 171.808 302.717
-84.3752 -300.313 315.58
-144.174 -290.842 388.634
-7.35699 -6.70379 0.0259447
-7.56004 -6.47414 0.0266608
-136.956 -186.789 199.214
-145.964 -207.41 225.113
-254.003 103.922 435.896
-9.04397 -4.15903 0.0318939
-208.586 161.526 242.352
-123.813 104.605 125.754
-202.091 80.1103 177.659
309.222 71.0629 427.3
291.114 48.8434 435.896
300.702 -15.0274 431.596
-306.895 25.9663 302.679
-8.62147 4.97539 0.0304039
3.00888 4.85879 -0.0106148
-9.28297 3.59463 0.0327367
-116.58 300.553 371.447
-59.4544 303.778 414.403
-274.454 -32.3712 435.896
-244.614 160.184 427.294
1.24878 297.758 319.823
-119.011 295.868 349.96
277.405 -155.618 423.004
243.998 -192.376 427.299
292.805 140.314 345.68
245.841 208.771 328.498
-9.65454 2.42713 0.0340471
-9.57518 2.72316 0.0337672
236.375 189.267 418.699
196.308 196.659 435.896
-9.28297 -3.59463 0.0327367
3.00563 -5.20506 -0.0106033
-8.62147 -4.97539 0.0304039
-40.5917 -209.02 177.629
89.313 -283.25 298.341
62.3359 -234.227 220.75
-292.451 -53.1912 405.794
-273.45 -93.454 431.595
-286.191 -62.4059 324.11
-254.294 -186.339 431.598
-8.29869 -5.49646 0.0292657
-8.12542 -5.74929 0.0286546
-8.77067 -4.70764 0.0309301
-9.38931 -3.30719 0.0331118
6.89213 234.215 194.942
-72.3482 209.755 190.563
-65.689 110.571 95.453
-8.02875 273.134 435.896
-120.88 38.5152 95.438
-305.494 7.59106 358.522
265.921 23.2596 263.838
179.279 -233.098 354.194
15.1378 301.367 337.016
312.658 -0.676267 397.213
314.062 50.8377 418.706
69.4946 -194.151 181.87
-89.0782 83.5358 91.1093
132.7 -166.018 194.809
-8.91154 -4.43545 0.0314269
139.568 15.0743 99.8436
8.12541 5.74929 -0.0286546
-53.346 -262.084 435.896
-152.761 -270.872 427.299
-24.2199 -303.603 431.597
2.12974 -9.72037 -0.00751066
2.4282 -9.6502 -0.00856325
-76.3809 -129.774 112.786
-30.2018 -134.372 104.108
-211.207 -221.621 362.816
237.36 -123.878 435.896
146.207 243.474 435.896
3.07486 -6.17383 -0.010847
-5.24074 -8.46029 0.0184817
3.03041 -5.64228 -0.0106905
-5.4989 -8.29497 0.0193921
-233.74 159.503 276.803
206.47 -180.174 435.896
-264.2 -130.806 324.111
20.1331 131.827 104.078
-0.918549 9.90829 0.00323932
-0.612853 9.93187 0.00216125
-47.6416 130.7 108.407
-2.42821 9.6502 0.00856323
106.191 -111.384 121.397
-6.70678 -7.3537 0.0236518
1.22338 9.87532 -0.0043143
1.52704 9.83298 -0.00538521
0.918548 9.90829 -0.00323932
119.97 -272.748 401.495
-9.48675 -3.0166 0.0334554
-9.57518 -2.72316 0.0337672
-9.16782 -3.87867 0.0323307
-11.5145 269.731 268.152
224.555 -49.8556 203.502
0.612852 9.93187 -0.00216125
3.33852 6.70296 -0.0117765
3.82329 7.11778 -0.0134857
3.54343 6.59703 -0.0124992
-7.75591 -6.23837 0.0273515
-6.93015 -7.14377 0.0244395
-9.65454 -2.42713 0.0340471
-9.72474 -2.12881 0.0342947
-9.78572 -1.82845 0.0345097
4.58126 5.02436 -0.0161597
4.88201 4.73293 -0.0172202
4.52802 4.66878 -0.015972
-250.34 112.236 435.896
8.62147 4.97539 -0.030404
8.68381 4.66107 -0.030624
8.46409 5.23841 -0.029849
-2.12975 9.72036 0.00751066
3.70743 8.05549 -0.0130761
2.12974 9.72036 -0.00751066
71.1784 116.857 104.1
3.26531 7.71217 -0.0115174
4.16087 9.0399 -0.0146735
3.88039 9.1637 -0.0136844
279.737 12.0487 435.896
-3.30864 -9.38509 0.0116681
-3.01793 -9.48249 0.0106429
-8.46409 -5.23841 0.029849
3.01793 -9.48248 -0.0106429
3.30865 -9.38509 -0.0116681
-2.72438 -9.57088 0.00960768
-7.94442 -5.99668 0.0280164
-9.9505 0.306435 0.0350908
-9.87977 -1.22283 0.0348413
-9.9505 -0.306434 0.0350908
-9.93634 0.612579 0.0350409
4.4101 7.12031 -0.0155549
4.40952 6.65273 -0.0155533
3.41892 7.42903 -0.0120594
3.3365 7.25003 -0.0117689
-9.83741 -1.52637 0.034692
-9.91276 0.918142 0.0349577
-2.72436 9.57088 0.00960762
-1.22338 9.87532 0.0043143
3.25408 7.07103 -0.0114784
-0.30657 9.94602 0.00108114
-4.34961e-07 9.95074 1.53488e-09
-1.82926 9.78131 0.00645098
9.38931 -3.3072 -0.0331117
1.82926 -9.78131 -0.00645105
3.49595 -8.2565 -0.0123301
3.83108 -8.32398 -0.0135118
3.758 -5.30775 -0.0132566
3.44452 -4.5606 -0.0121512
3.62272 -4.79647 -0.0127796
4.07774 5.06646 -0.0143842
3.97536 4.63928 -0.0140232
3.62271 4.79647 -0.0127796
0.306576 -9.94602 -0.00108122
3.26531 -7.71217 -0.0115174
-9.91276 -0.918144 0.0349577
-9.95523 -8.70314e-07 0.0351075
-239.881 -196.15 401.507
-9.04397 4.15903 0.0318939
-9.16782 3.87867 0.0323307
3.64639 6.31421 -0.0128625
3.35686 6.24986 -0.0118415
-1.52704 9.83298 0.00538521
3.44451 4.5606 -0.0121512
9.48675 -3.01662 -0.0334554
9.28296 -3.59464 -0.0327367
3.07459 -4.3428 -0.0108466
3.07459 4.3428 -0.0108466
-3.01794 9.48248 0.0106429
9.87977 1.22283 -0.0348413
9.91276 0.918142 -0.0349577
7.94443 5.99668 -0.0280164
8.29869 5.49646 -0.0292657
7.86575 5.93734 -0.0277391
-6.24114 -7.75245 0.0220096
0.612846 -9.93187 -0.00216125
0.918556 -9.90829 -0.00323932
1.22338 -9.87532 -0.00431431
2.85321 -4.6075 -0.0100658
-4.16087 9.0399 0.0146736
-4.43741 8.90755 0.0156487
7.14696 -6.92706 -0.0252041
7.35698 -6.70379 -0.0259447
6.44104 -7.06257 -0.0227154
6.79301 -6.58429 -0.0239568
7.00538 -6.78995 -0.0247052
-7.14696 -6.92706 0.0252041
-9.93634 -0.612581 0.0350409
3.32022 5.36138 -0.0117127
-5.75186 8.12177 0.0202842
-4.9776 8.6176 0.0175537
-6.24115 7.75244 0.0220097
2.93714 5.46869 -0.0103616
2.8991 5.82107 -0.0102273
-5.99934 7.94088 0.021157
6.33687 -5.77491 -0.0223494
7.80557 -5.17012 -0.0275276
7.315 -5.52192 -0.0257979
5.31385 -6.60141 -0.018742
5.23905 -7.39823 -0.0184774
5.06812 -7.15705 -0.017875
5.37823 -5.89795 -0.0189695
5.82688 -5.3104 -0.0205516
5.83192 -6.01247 -0.020569
9.72474 2.1288 -0.0342947
9.78572 1.82845 -0.0345097
9.83741 1.52637 -0.034692
6.06609 -4.88003 -0.0213951
5.68117 -5.17768 -0.0200379
9.16781 3.87867 -0.0323307
-4.4374 -8.90755 0.0156487
-4.16088 -9.0399 0.0146736
-5.99934 -7.94088 0.021157
-5.75184 -8.12178 0.0202841
3.52779 -5.69643 -0.0124446
3.69568 -6.39953 -0.0130363
-1.52703 -9.83298 0.00538512
-1.22337 -9.87532 0.00431429
3.41907 -8.07506 -0.0120592
-9.87977 1.22283 0.0348413
3.11266 -5.02632 -0.0109808
4.26157 -8.55482 -0.0150294
4.87896 -8.44699 -0.0172063
3.08925 -6.71304 -0.0108974
3.32022 -5.36138 -0.0117127
9.16781 -3.87868 -0.0323307
9.57519 -2.72314 -0.0337673
-6.47704 -7.55664 0.0228416
3.99487 6.45027 -0.0140913
4.02832 6.07789 -0.0142095
3.83917 6.19899 -0.0135424
-8.12542 5.74928 0.0286546
-7.75591 6.23837 0.0273515
3.97536 -4.63929 -0.0140232
-9.48675 3.0166 0.0334554
-8.46409 5.23841 0.029849
0.306569 9.94602 -0.00108114
3.78728 -6.11523 -0.0133595
4.43741 -8.90755 -0.0156487
6.24114 -7.75245 -0.0220096
6.47704 -7.55664 -0.0228416
5.24074 -8.46029 -0.0184818
5.4989 -8.29497 -0.0193922
5.57886 6.50951 -0.0196764
5.16737 6.84044 -0.0182253
5.70716 6.65911 -0.0201286
4.33657 7.50861 -0.0152952
3.99779 8.02574 -0.0141
6.17932 7.67571 -0.0217919
5.99385 7.44551 -0.0211384
5.93991 7.86228 -0.0209476
6.04544 5.50949 -0.0213221
6.33687 5.77491 -0.0223494
6.68053 5.37402 -0.0235612
4.44854 5.52697 -0.0156916
4.55257 5.31261 -0.0160585
4.38674 5.45022 -0.0154737
-4.97759 -8.61761 0.0175537
-4.70973 -8.76673 0.0166091
-3.88038 -9.1637 0.0136844
-3.59622 -9.2788 0.0126823
-0.918551 -9.90829 0.0032393
5.57749 -6.11633 -0.0196719
-0.612841 -9.93187 0.00216124
-0.306575 -9.94602 0.00108121
3.77801 -7.58483 -0.0133255
2.95699 -4.77503 -0.0104318
4.58309 -7.93516 -0.0161639
9.93634 0.612579 -0.0350409
6.27469 4.44058 -0.0221306
4.81125 -4.66435 -0.0169707
5.31397 -4.55173 -0.0187433
4.78049 -5.24277 -0.0168622
3.17166 -6.89204 -0.0111879
3.84193 -9.07298 -0.013549
3.95475 -8.59245 -0.0139475
4.32216 -4.4566 -0.0152461
4.24922 4.66034 -0.0149889
5.14562 5.30529 -0.0181496
5.51895 5.35011 -0.0194659
5.68827 4.87218 -0.020063
9.87977 -1.22284 -0.0348413
9.83741 -1.52637 -0.034692
9.91276 -0.918139 -0.0349577
9.78572 -1.82845 -0.0345097
9.72474 -2.1288 -0.0342947
-3.30866 9.38508 0.0116682
-3.59623 9.27879 0.0126823
3.35064 5.8023 -0.0118198
3.07486 6.17383 -0.010847
-5.4989 8.29497 0.0193922
3.14752 -4.16748 -0.0111038
2.95699 4.77503 -0.0104318
3.07704 5.72908 -0.0108549
4.81087 6.36879 -0.0169687
4.24614 6.40637 -0.0149774
3.59622 -9.27879 -0.0126823
3.88038 -9.1637 -0.0136844
4.70974 -8.76673 -0.0166091
4.97759 -8.61761 -0.0175537
6.93015 -7.14377 -0.0244395
3.79427 6.57016 -0.0133838
3.81495 5.38816 -0.0134574
3.75605 5.66727 -0.0132496
3.8719 5.46857 -0.0136582
7.35699 6.70378 -0.0259447
7.56003 6.47415 -0.0266608
7.14696 6.92706 -0.0252041
5.68827 -4.87218 -0.020063
4.27616 5.66127 -0.0150837
4.57215 5.68047 -0.0161274
6.83792 4.83893 -0.0241163
5.52391 7.31207 -0.0194818
5.353 7.55903 -0.0188789
5.52393 7.80021 -0.0194812
4.51392 7.28782 -0.0159208
4.43518 7.67923 -0.0156427
9.9505 0.306435 -0.0350908
9.95523 0 -0.0351075
9.38931 3.30719 -0.0331118
6.52825 4.92842 -0.0230245
6.2965 5.06528 -0.0222074
7.47684 4.95254 -0.0263688
7.80557 5.17012 -0.0275276
8.91155 4.43544 -0.0314269
9.04397 4.15903 -0.0318939
9.28297 3.59464 -0.0327367
9.48675 3.01661 -0.0334554
9.57518 2.72316 -0.0337672
9.65454 2.42713 -0.0340471
5.00837 5.16385 -0.0176657
-2.4282 -9.6502 0.00856325
-2.12974 -9.72037 0.00751065
-1.82926 -9.78131 0.00645105
1.18661e-07 -9.95074 -4.18729e-10
3.33852 -6.70296 -0.0117765
1.52703 -9.83298 -0.00538514
3.60222 -7.23208 -0.012706
3.17032 -5.90267 -0.0111838
5.96377 -6.9583 -0.021033
6.70677 -7.35371 -0.0236517
7.31248 -4.84374 -0.0257894
5.17121 4.71314 -0.0182399
3.81051 -5.7494 -0.0134416
3.81495 -5.38816 -0.0134574
4.21364 -5.95102 -0.0148631
5.8702 -7.29205 -0.0207027
2.72438 -9.57088 -0.00960768
5.75185 -8.12178 -0.0202842
5.99935 -7.94087 -0.021157
-9.78572 1.82845 0.0345097
9.93634 -0.612588 -0.0350409
3.58714 5.06652 -0.0126541
-9.83741 1.52637 0.034692
-9.38931 3.30719 0.0331118
5.8805 -7.78367 -0.0207383
6.41287 -7.48186 -0.0226155
3.97913 5.26819 -0.0140364
3.52779 5.69643 -0.0124446
5.37823 5.89795 -0.0189695
5.11256 5.60676 -0.0180329
4.2898 7.98567 -0.0151297
4.08571 8.20211 -0.0144098
4.33646 8.07246 -0.0152941
4.5138 5.97573 -0.0159215
4.43741 8.90755 -0.0156488
1.82926 9.78131 -0.00645098
4.70974 8.76673 -0.0166091
7.15763 5.40324 -0.0252432
6.92161 5.22518 -0.0244112
8.77067 4.70765 -0.0309301
5.38976 -4.91224 -0.0190105
3.71884 -4.34002 -0.0131186
4.20134 -5.21996 -0.01482
8.12541 -5.7493 -0.0286546
7.94443 -5.99668 -0.0280164
9.04397 -4.15902 -0.0318939
6.68053 -5.37402 -0.0235612
6.52825 -4.92842 -0.0230245
3.2431 -9.19926 -0.0114373
4.13936 -7.16736 -0.0146002
9.65454 -2.42713 -0.0340471
-9.72474 2.1288 0.0342947
3.30866 9.38508 -0.0116682
3.59623 9.27879 -0.0126823
5.93991 -7.86228 -0.0209476
3.97386 5.99576 -0.0140175
5.06569 5.91108 -0.0178675
7.06551 6.43841 -0.0249176
7.75591 6.23837 -0.0273515
5.91286 5.06444 -0.0208548
4.82539 7.79032 -0.0170184
4.49845 6.35304 -0.0158671
6.22039 7.25749 -0.0219373
6.5739 7.20814 -0.0231836
6.50747 7.13536 -0.0229495
6.93015 7.14377 -0.0244395
6.70678 7.3537 -0.0236518
5.0048 6.21769 -0.0176526
2.72436 9.57088 -0.00960762
3.01794 9.48248 -0.0106429
4.28725 -7.4233 -0.0151214
5.44443 -8.21286 -0.0192003
5.33547 -8.04865 -0.0188164
5.58092 -7.8806 -0.019682
8.29869 -5.49646 -0.0292657
8.62147 -4.97539 -0.030404
8.4641 -5.2384 -0.029849
6.83792 -4.83893 -0.0241163
4.5729 -6.89908 -0.0161292
4.24615 -6.40637 -0.0149774
4.49845 -6.35305 -0.0158671
6.3487 -7.40708 -0.0223894
4.51034 -5.60372 -0.0159095
5.00837 -5.16385 -0.0176657
4.10363 -4.78892 -0.0144755
4.52802 -4.66878 -0.015972
3.59709 6.2289 -0.0126887
-4.70974 8.76673 0.0166091
-8.77067 4.70764 0.0309301
2.42821 9.6502 -0.00856322
3.17752 9.01344 -0.0112063
4.26155 8.55483 -0.0150293
3.99597 8.68194 -0.0140927
3.83108 8.32398 -0.0135118
4.20134 5.21997 -0.01482
5.16509 5.00724 -0.0182183
7.00538 6.78995 -0.0247052
5.83192 6.01246 -0.020569
6.29751 6.10436 -0.0222104
6.37091 -4.8097 -0.0224698
6.90158 -4.57176 -0.0243408
4.57291 6.89908 -0.0161292
4.84025 6.83545 -0.0170719
4.79076 7.22754 -0.016897
4.97759 8.6176 -0.0175537
5.24073 8.46029 -0.0184817
5.1251 7.23745 -0.0180758
5.17899 -5.67955 -0.0182671
4.38674 -5.45022 -0.0154737
6.03783 -6.22459 -0.0212948
7.96447 -5.63551 -0.0280874
6.17509 -6.36602 -0.0217786
7.29501 -5.86796 -0.0257272
8.8233 -4.39155 -0.0311159
7.7559 -6.23838 -0.0273515
7.56004 -6.47414 -0.0266608
4.92921 -7.95782 -0.0173842
4.8773 -7.87407 -0.0172013
5.99385 -7.44552 -0.0211384
-6.47704 7.55665 0.0228416
-7.94442 5.99668 0.0280164
-7.56004 6.47414 0.0266608
-7.35699 6.70378 0.0259447
-6.93015 7.14377 0.0244395
4.8997 7.39177 -0.0172809
3.84194 9.07298 -0.013549
3.4537 8.91136 -0.0121803
4.32494 5.37347 -0.0152558
5.84318 6.4075 -0.0206084
5.25204 6.52466 -0.0185241
5.97605 -6.55306 -0.0210767
4.32216 4.4566 -0.0152461
4.55257 -5.31261 -0.0160585
9.9505 -0.306427 -0.0350908
7.39366 5.58128 -0.0260752
6.30818 6.917 -0.0222472
6.72222 6.51573 -0.0237073
6.24373 6.43673 -0.0220205
6.37461 6.98979 -0.0224813
5.99935 7.94087 -0.021157
4.72631 6.67465 -0.0166703
4.66965 7.53907 -0.0164696
5.03305 8.12531 -0.0177501
4.66307 8.67995 -0.0164448
4.94298 -6.14095 -0.0174347
4.63263 -6.13296 -0.0163404
3.86033 -5.11095 -0.0136175
8.91154 -4.43545 -0.0314269
8.77067 -4.70764 -0.0309301
5.03306 -8.12531 -0.0177501
3.86592 -7.7612 -0.0136353
-3.88039 9.1637 0.0136844
-5.24073 8.4603 0.0184817
-8.91154 4.43545 0.0314269
-8.29869 5.49646 0.0292657
-6.70678 7.3537 0.0236518
-7.14696 6.92706 0.0252041
6.65143 6.44716 -0.0234578
5.57749 6.11633 -0.0196719
6.81941 4.51734 -0.0240511
5.62293 6.9851 -0.0198313
7.29501 5.86796 -0.0257272
5.4989 8.29497 -0.0193922
6.24115 7.75244 -0.0220097
5.75185 8.12177 -0.0202842
6.47703 7.55665 -0.0228416
4.9297 -6.52601 -0.0173876
5.17205 -7.80232 -0.0182406
7.13838 -6.50475 -0.0251744
7.18565 -6.15379 -0.0253414
7.52546 -6.05317 -0.0265394
6.29751 -6.10435 -0.0222104
6.62832 -6.04032 -0.0233767
4.68172 -8.10577 -0.0165114
4.68172 8.10577 -0.0165114
5.64276 7.46928 -0.0199006
5.00864 7.55599 -0.0176648
5.46449 7.23347 -0.0192724
4.74499 -5.53704 -0.0167369
6.62832 6.04032 -0.0233767
6.70118 6.10667 -0.0236335
7.52546 6.05317 -0.0265394
4.20248 -6.78529 -0.0148231
4.38586 -7.59393 -0.0154689
4.61774 -7.45532 -0.0162867
7.48515 -6.41008 -0.0263969
3.84357 -6.65548 -0.0135576
7.78707 -5.87798 -0.0274618
7.86575 -5.93734 -0.0277391
4.66934 -6.59425 -0.0164695
3  0 1 2
3  3 4 5
3  6 7 8
3  9 6 10
3  11 12 13
3  14 15 16
3  17 18 19
3  20 18 21
3  22 23 24
3  25 1 26
3  11 13 27
3  4 12 28
3  29 30 31
3  32 23 33
3  34 1 35
3  36 17 37
3  38 39 21
3  4 3 40
3  19 18 41
3  42 43 44
3  45 46 47
3  39 34 35
3  48 20 21
3  49 50 51
3  14 52 53
3  13 40 54
3  12 4 55
3  52 56 57
3  58 59 9
3  60 23 61
3  62 18 63
3  45 60 64
3  15 65 64
3  66 67 68
3  69 39 38
3  70 0 71
3  39 69 34
3  3 72 73
3  72 74 75
3  76 68 77
3  68 78 41
3  66 18 79
3  22 24 80
3  81 82 43
3  65 45 64
3  23 32 24
3  14 12 83
3  12 11 65
3  5 4 28
3  13 12 40
3  43 84 44
3  12 52 28
3  5 48 85
3  18 17 21
3  32 33 86
3  70 9 87
3  14 16 88
3  23 22 16
3  56 22 80
3  81 42 57
3  58 89 47
3  89 60 90
3  91 71 30
3  84 92 49
3  6 70 93
3  93 70 71
3  19 94 78
3  24 95 96
3  69 71 2
3  97 98 99
3  93 71 91
3  29 91 30
3  30 100 101
3  69 102 103
3  17 38 21
3  35 75 104
3  46 11 105
3  15 14 106
3  107 108 109
3  102 110 108
3  111 42 44
3  42 81 43
3  80 81 57
3  42 111 57
3  83 65 106
3  11 59 112
3  52 12 53
3  12 14 53
3  21 75 113
3  84 18 44
3  90 45 47
3  59 58 105
3  16 22 88
3  80 24 114
3  115 114 116
3  22 56 88
3  82 117 118
3  24 32 95
3  23 60 33
3  60 89 86
3  23 16 64
3  16 15 64
3  58 9 10
3  33 60 86
3  119 29 7
3  6 93 119
3  29 119 91
3  119 93 91
3  102 17 120
3  121 122 123
3  87 59 124
3  6 119 7
3  1 70 87
3  71 0 2
3  1 87 124
3  0 70 1
3  17 102 38
3  102 69 38
3  48 18 20
3  65 15 106
3  66 125 126
3  127 66 41
3  56 128 57
3  128 80 57
3  5 28 57
3  28 52 57
3  40 3 54
3  3 5 72
3  11 27 25
3  13 98 97
3  12 65 83
3  14 83 106
3  45 65 46
3  65 11 46
3  70 6 9
3  86 89 10
3  56 52 88
3  52 14 88
3  82 81 117
3  81 80 117
3  111 5 57
3  56 80 128
3  117 114 115
3  117 80 114
3  23 64 61
3  64 60 61
3  6 8 129
3  86 10 129
3  60 45 90
3  89 90 47
3  89 58 10
3  32 86 129
3  130 114 123
3  131 132 133
3  68 134 77
3  120 17 135
3  136 137 138
3  139 140 141
3  5 111 44
3  43 82 92
3  12 55 142
3  55 4 142
3  13 54 75
3  54 3 73
3  72 85 74
3  72 5 85
3  143 144 145
3  117 146 118
3  147 122 148
3  114 24 149
3  123 122 150
3  149 151 152
3  95 32 129
3  10 6 129
3  105 47 153
3  105 58 47
3  103 154 155
3  156 19 68
3  1 34 2
3  34 69 2
3  9 59 87
3  59 1 124
3  69 103 30
3  156 68 76
3  30 157 158
3  103 155 159
3  17 160 134
3  17 19 156
3  161 162 163
3  18 164 161
3  132 165 166
3  116 167 168
3  18 162 169
3  126 136 138
3  43 92 84
3  164 18 170
3  4 40 142
3  40 12 142
3  73 72 75
3  54 73 75
3  85 48 74
3  48 21 74
3  1 98 35
3  21 39 104
3  27 97 99
3  27 13 97
3  98 1 99
3  11 25 26
3  59 105 112
3  105 11 112
3  82 118 171
3  131 172 173
3  174 175 116
3  146 117 176
3  95 7 177
3  178 179 180
3  181 182 183
3  184 185 186
3  8 7 129
3  7 95 129
3  47 46 153
3  46 105 153
3  71 69 30
3  178 187 188
3  103 102 154
3  108 110 109
3  163 162 189
3  161 163 190
3  66 68 41
3  18 66 127
3  125 18 126
3  18 137 136
3  18 48 44
3  48 5 44
3  35 98 75
3  98 13 75
3  21 104 191
3  39 35 104
3  1 25 99
3  25 27 99
3  1 59 26
3  59 11 26
3  84 192 193
3  131 194 195
3  114 174 116
3  176 196 172
3  167 123 150
3  185 197 186
3  198 95 177
3  198 177 199
3  200 162 201
3  118 146 202
3  203 95 204
3  205 206 207
3  110 208 109
3  208 67 109
3  103 187 209
3  30 210 211
3  66 162 212
3  82 213 214
3  29 215 216
3  217 218 219
3  18 127 41
3  68 19 78
3  78 94 41
3  94 19 41
3  120 135 208
3  36 135 220
3  134 160 77
3  17 156 76
3  162 18 189
3  163 189 221
3  163 18 190
3  18 161 190
3  18 125 79
3  125 66 79
3  169 162 138
3  18 136 126
3  75 74 113
3  74 21 113
3  222 197 50
3  223 224 225
3  226 225 227
3  82 223 228
3  117 196 176
3  131 146 172
3  132 167 147
3  146 176 172
3  114 122 121
3  114 121 123
3  229 230 231
3  232 233 234
3  235 236 237
3  238 239 240
3  24 96 205
3  240 203 204
3  241 236 242
3  143 243 144
3  107 154 244
3  102 244 245
3  246 208 247
3  102 246 247
3  107 248 249
3  103 250 251
3  210 209 211
3  100 178 101
3  179 178 252
3  30 103 210
3  201 162 253
3  67 66 254
3  31 255 256
3  155 107 257
3  248 258 181
3  172 116 173
3  238 95 239
3  198 259 260
3  135 36 208
3  36 67 208
3  68 67 134
3  67 36 134
3  246 102 208
3  120 208 261
3  189 18 221
3  18 163 221
3  162 126 138
3  162 66 126
3  137 18 138
3  18 169 138
3  104 75 191
3  75 21 191
3  262 263 264
3  222 226 227
3  49 265 266
3  185 267 197
3  18 268 63
3  49 92 269
3  196 117 172
3  117 115 172
3  174 114 175
3  167 175 270
3  116 175 167
3  123 167 270
3  249 248 271
3  29 31 272
3  29 273 274
3  29 275 276
3  277 278 279
3  280 147 281
3  132 147 280
3  282 283 284
3  205 96 206
3  285 286 287
3  288 289 290
3  184 139 141
3  107 244 108
3  102 291 292
3  244 154 293
3  102 293 294
3  154 107 155
3  155 257 159
3  103 251 295
3  232 235 296
3  251 250 295
3  103 297 298
3  209 187 211
3  210 103 209
3  299 179 252
3  30 178 100
3  132 131 173
3  212 162 200
3  66 212 300
3  255 180 301
3  238 302 303
3  304 305 306
3  187 295 307
3  255 308 309
3  248 67 258
3  310 267 311
3  312 313 314
3  315 316 317
3  316 95 318
3  316 318 319
3  135 17 220
3  17 36 220
3  17 134 37
3  134 36 37
3  160 17 77
3  17 76 77
3  208 110 247
3  110 102 247
3  208 102 261
3  102 120 261
3  320 202 321
3  202 214 321
3  195 322 323
3  223 82 324
3  197 182 325
3  253 51 326
3  322 222 327
3  192 49 51
3  173 116 168
3  172 115 116
3  130 123 270
3  328 329 166
3  255 31 308
3  330 308 331
3  31 275 332
3  29 332 333
3  275 31 256
3  215 334 219
3  194 133 335
3  336 337 338
3  339 340 341
3  132 329 262
3  342 241 242
3  288 343 344
3  345 285 287
3  346 347 348
3  349 280 350
3  24 339 341
3  302 351 352
3  353 238 345
3  354 355 345
3  243 353 356
3  243 356 357
3  243 358 359
3  353 243 360
3  361 362 363
3  184 141 311
3  140 139 364
3  244 291 108
3  291 102 108
3  291 244 292
3  244 102 292
3  244 293 245
3  293 102 245
3  293 154 294
3  154 102 294
3  103 365 366
3  250 366 159
3  257 250 159
3  250 103 367
3  250 257 307
3  187 368 295
3  249 307 369
3  187 103 368
3  187 178 211
3  30 211 370
3  249 371 307
3  30 330 331
3  67 248 109
3  107 109 372
3  212 200 300
3  217 373 218
3  29 374 334
3  319 260 375
3  314 305 376
3  248 377 271
3  377 378 379
3  373 380 233
3  330 157 101
3  30 101 381
3  295 250 307
3  29 382 383
3  384 62 63
3  200 201 197
3  200 182 254
3  254 182 181
3  95 203 240
3  385 319 241
3  305 140 376
3  95 316 315
3  318 95 319
3  260 259 375
3  202 195 323
3  320 82 202
3  197 222 386
3  384 253 387
3  268 18 388
3  18 84 388
3  175 114 270
3  114 130 270
3  150 122 147
3  167 150 147
3  157 330 158
3  330 30 158
3  31 332 272
3  332 29 272
3  332 275 333
3  275 29 333
3  274 389 390
3  374 29 274
3  222 337 336
3  184 336 391
3  195 337 392
3  82 320 321
3  239 95 240
3  141 140 304
3  302 314 303
3  393 312 394
3  395 396 397
3  24 340 339
3  343 263 398
3  151 149 399
3  148 122 400
3  149 401 399
3  356 402 357
3  356 345 403
3  238 353 361
3  353 95 361
3  143 95 404
3  95 358 404
3  305 342 405
3  356 353 345
3  358 95 359
3  95 243 359
3  197 267 406
3  197 201 50
3  250 367 366
3  367 103 366
3  271 377 379
3  257 107 249
3  368 297 295
3  297 103 295
3  366 365 159
3  365 103 159
3  297 368 298
3  368 103 298
3  211 178 370
3  178 30 370
3  109 248 372
3  248 107 372
3  181 407 378
3  67 254 181
3  177 7 199
3  408 29 409
3  259 230 375
3  259 7 410
3  375 411 412
3  334 274 390
3  258 67 181
3  305 405 306
3  330 101 308
3  101 309 413
3  371 187 307
3  299 371 414
3  101 157 381
3  157 30 381
3  319 95 415
3  95 198 260
3  118 202 171
3  202 82 171
3  202 146 195
3  146 131 195
3  162 161 253
3  18 253 170
3  384 18 416
3  253 384 63
3  167 132 168
3  132 173 168
3  417 149 418
3  280 396 350
3  274 383 419
3  383 382 419
3  184 391 343
3  336 338 391
3  133 132 335
3  194 131 133
3  338 337 343
3  343 337 420
3  344 312 289
3  394 344 421
3  340 205 422
3  24 205 423
3  313 285 424
3  350 395 425
3  398 329 426
3  396 395 350
3  427 428 429
3  24 430 431
3  421 398 432
3  430 24 341
3  114 149 433
3  149 417 434
3  243 95 360
3  95 353 360
3  95 362 361
3  238 361 363
3  355 285 345
3  96 95 206
3  358 243 404
3  243 143 404
3  180 414 435
3  436 437 438
3  200 254 300
3  254 66 300
3  377 248 181
3  182 267 183
3  439 440 441
3  7 29 439
3  375 230 411
3  319 375 442
3  7 259 199
3  259 198 199
3  443 444 445
3  389 446 390
3  378 447 379
3  405 448 306
3  407 267 449
3  407 449 450
3  308 31 331
3  31 30 331
3  255 309 180
3  309 101 180
3  444 379 445
3  101 178 180
3  299 188 371
3  188 187 371
3  178 188 252
3  188 299 252
3  222 336 386
3  336 184 186
3  267 182 406
3  182 197 406
3  182 200 325
3  200 197 325
3  95 260 415
3  260 319 415
3  337 195 451
3  195 194 451
3  337 222 392
3  82 214 452
3  253 161 170
3  161 164 170
3  253 18 387
3  18 384 387
3  63 268 51
3  84 49 453
3  18 62 416
3  62 384 416
3  148 114 454
3  455 148 433
3  456 396 457
3  147 148 458
3  437 233 438
3  382 29 276
3  391 338 343
3  263 343 420
3  344 343 398
3  184 343 459
3  329 263 262
3  194 262 264
3  460 140 364
3  312 393 313
3  461 422 428
3  286 462 463
3  314 313 424
3  288 344 289
3  314 460 364
3  184 289 139
3  449 267 450
3  267 310 450
3  238 354 345
3  144 243 357
3  302 240 204
3  302 238 240
3  302 95 351
3  412 241 464
3  319 465 241
3  412 236 241
3  95 145 206
3  95 143 145
3  346 283 427
3  341 340 461
3  205 340 423
3  340 24 423
3  349 466 165
3  280 349 165
3  278 467 468
3  467 466 468
3  469 149 470
3  278 468 471
3  362 95 363
3  95 238 363
3  242 472 306
3  407 473 378
3  296 237 474
3  440 439 475
3  476 477 218
3  259 440 478
3  230 229 411
3  446 217 219
3  316 319 385
3  450 141 304
3  479 480 409
3  230 475 477
3  382 276 419
3  481 482 233
3  446 389 483
3  233 482 301
3  309 308 413
3  308 101 413
3  336 186 386
3  186 197 386
3  222 50 226
3  322 327 227
3  222 322 392
3  322 195 392
3  82 225 484
3  327 222 227
3  51 50 326
3  253 63 51
3  265 92 485
3  266 92 486
3  225 487 488
3  225 224 227
3  268 388 51
3  388 84 51
3  122 114 400
3  114 148 400
3  468 489 471
3  417 399 490
3  148 455 458
3  458 455 491
3  337 451 420
3  263 420 264
3  263 329 398
3  393 394 421
3  343 290 492
3  289 184 459
3  132 262 335
3  262 194 335
3  420 451 264
3  451 194 264
3  462 493 463
3  95 302 204
3  312 344 394
3  328 494 432
3  313 393 285
3  476 373 495
3  355 354 314
3  139 289 364
3  450 310 141
3  310 311 496
3  342 385 241
3  374 274 334
3  450 304 306
3  450 306 497
3  498 95 385
3  316 385 317
3  95 498 352
3  351 95 352
3  145 144 357
3  402 499 357
3  341 461 428
3  500 501 502
3  422 500 503
3  149 24 504
3  399 456 490
3  147 458 281
3  466 467 505
3  467 278 505
3  466 349 468
3  350 425 506
3  401 149 469
3  507 456 508
3  476 495 474
3  236 235 472
3  306 447 497
3  447 509 510
3  267 407 511
3  407 181 511
3  230 440 475
3  479 29 480
3  440 512 513
3  440 259 512
3  440 7 441
3  7 439 441
3  440 230 478
3  230 259 478
3  229 236 411
3  411 236 412
3  29 479 409
3  373 476 218
3  314 302 305
3  465 319 442
3  274 273 383
3  273 29 383
3  414 443 435
3  275 514 437
3  373 217 380
3  389 380 483
3  180 179 515
3  179 299 515
3  307 257 369
3  257 249 369
3  214 213 516
3  213 82 516
3  214 323 224
3  214 202 323
3  223 324 517
3  324 82 517
3  223 517 224
3  517 82 224
3  50 487 226
3  226 487 225
3  49 192 453
3  192 84 518
3  92 265 519
3  265 49 519
3  487 50 266
3  50 49 266
3  225 488 484
3  488 520 484
3  487 92 521
3  487 521 488
3  192 51 193
3  51 84 193
3  50 201 326
3  201 253 326
3  456 399 508
3  396 458 457
3  396 456 397
3  349 350 506
3  149 434 433
3  434 417 433
3  165 466 166
3  494 328 505
3  290 289 492
3  343 288 290
3  501 522 502
3  493 462 523
3  398 328 432
3  344 398 421
3  289 312 364
3  312 314 364
3  267 185 311
3  185 184 311
3  302 385 305
3  385 342 305
3  314 354 303
3  238 303 524
3  285 355 424
3  355 314 424
3  286 285 462
3  493 277 279
3  385 95 317
3  95 315 317
3  498 385 352
3  385 302 352
3  525 346 427
3  206 526 207
3  422 501 500
3  461 340 422
3  503 500 427
3  507 527 348
3  430 341 431
3  504 24 528
3  527 149 529
3  149 504 529
3  458 396 281
3  396 280 281
3  455 433 491
3  433 417 491
3  458 491 457
3  491 417 457
3  395 397 425
3  283 530 427
3  329 132 166
3  132 280 165
3  149 527 470
3  399 401 469
3  447 472 509
3  509 235 531
3  236 229 237
3  237 229 474
3  481 233 532
3  249 271 379
3  378 473 447
3  377 181 378
3  267 511 183
3  511 181 183
3  215 480 216
3  480 29 216
3  533 534 535
3  439 29 408
3  7 512 410
3  512 259 410
3  512 7 513
3  7 440 513
3  215 219 533
3  218 477 534
3  476 536 537
3  536 229 537
3  230 477 231
3  477 229 231
3  465 442 412
3  442 375 412
3  236 472 242
3  448 242 306
3  334 446 219
3  215 29 334
3  276 389 419
3  389 274 419
3  255 514 256
3  514 275 256
3  538 482 481
3  514 255 538
3  389 276 436
3  276 275 436
3  380 217 483
3  217 446 483
3  214 516 321
3  516 82 321
3  214 224 452
3  224 82 452
3  224 323 227
3  323 322 227
3  192 518 453
3  518 84 453
3  92 519 269
3  519 49 269
3  92 266 485
3  266 265 485
3  92 487 486
3  487 266 486
3  223 225 228
3  225 82 228
3  521 92 488
3  92 520 488
3  151 399 152
3  399 417 152
3  399 527 508
3  527 507 508
3  507 425 539
3  425 397 539
3  114 433 454
3  433 148 454
3  393 421 432
3  278 494 505
3  329 328 426
3  328 398 426
3  289 459 492
3  459 343 492
3  206 145 526
3  499 286 463
3  311 141 496
3  141 310 496
3  303 354 524
3  354 238 524
3  286 499 402
3  499 145 357
3  462 285 523
3  285 393 523
3  501 422 526
3  145 499 526
3  347 507 348
3  348 283 540
3  529 504 530
3  282 527 530
3  463 493 502
3  24 431 530
3  527 283 348
3  493 523 277
3  283 282 530
3  527 529 530
3  456 457 490
3  457 417 490
3  471 541 542
3  507 347 541
3  500 502 525
3  541 346 542
3  527 399 470
3  399 469 470
3  407 450 497
3  306 472 543
3  249 379 444
3  472 235 509
3  439 408 409
3  475 439 409
3  229 477 537
3  477 476 537
3  140 305 304
3  446 334 390
3  140 460 376
3  460 314 376
3  342 242 405
3  242 448 405
3  241 465 464
3  465 412 464
3  218 534 533
3  219 218 533
3  233 437 532
3  514 538 481
3  233 380 438
3  436 275 437
3  520 92 484
3  92 82 484
3  149 152 418
3  152 417 418
3  525 502 279
3  502 493 279
3  397 456 539
3  456 507 539
3  523 494 277
3  494 278 277
3  494 523 432
3  523 393 432
3  166 466 505
3  328 166 505
3  544 522 545
3  526 544 545
3  286 402 287
3  402 356 287
3  205 207 546
3  207 526 546
3  526 499 544
3  499 463 544
3  283 527 284
3  527 282 284
3  278 525 279
3  500 525 427
3  431 428 530
3  431 341 428
3  489 468 506
3  468 349 506
3  235 237 296
3  495 232 474
3  373 232 495
3  232 296 474
3  443 232 234
3  232 373 233
3  180 515 414
3  515 299 414
3  379 447 510
3  443 414 547
3  548 435 549
3  180 548 549
3  409 480 550
3  480 215 550
3  409 533 535
3  534 477 535
3  472 447 543
3  447 306 543
3  447 473 497
3  473 407 497
3  347 346 541
3  278 471 542
3  471 489 541
3  489 506 541
3  345 287 403
3  287 356 403
3  526 422 546
3  422 205 546
3  522 501 545
3  501 526 545
3  522 544 502
3  544 463 502
3  504 528 530
3  528 24 530
3  229 536 474
3  536 476 474
3  380 389 438
3  389 436 438
3  437 514 532
3  514 481 532
3  435 443 549
3  443 234 549
3  414 371 551
3  371 249 551
3  235 232 531
3  232 443 531
3  482 538 301
3  538 255 301
3  234 233 549
3  548 180 435
3  409 550 533
3  550 215 533
3  477 475 552
3  535 552 553
3  506 425 541
3  425 507 541
3  346 525 542
3  525 278 542
3  530 428 427
3  503 427 429
3  414 551 547
3  551 249 444
3  551 444 547
3  444 443 547
3  233 301 549
3  301 180 549
3  477 552 535
3  409 535 553
3  283 346 540
3  346 348 540
3  428 422 429
3  422 503 429
3  509 531 510
3  379 510 445
3  552 475 553
3  475 409 553
3  443 445 554
3  445 510 554
3  510 531 554
3  531 443 554
