OFF
1215 2426 0
91.1394 -63.6925 384.127
101.518 -48.8993 435.896
88.5207 -68.6339 401.384
-44.7219 -102.397 397.07
-50.4759 -98.9529 384.127
-47.7484 -99.0281 366.871
2.72411 -9.57088 0.00668466
2.12954 -9.72036 0.00522566
1.82909 -9.78131 0.00448838
115.915 0 435.896
58.7155 -95.2369 435.896
-5.74606 -7.13853 -0.0141008
-5.5784 -6.50944 -0.0136897
-5.4046 -7.15482 -0.013263
-3.18832 -4.50353 -0.00782528
9.28207 -3.59463 0.0227771
-3.15696 -4.76379 -0.00774831
78.4792 70.7593 435.896
101.498 48.9405 435.896
-51.2087 -49.4455 172.697
-49.4944 -44.7453 159.748
-42.8321 -47.4027 151.115
17.6516 57.5096 138.167
2.72411 9.57088 0.00668466
13.6802 58.63 138.167
-8.08854 -95.954 280.58
2.25432 -68.7602 164.065
4.04228 -91.2467 263.318
-4.83987 6.83539 -0.0118775
-4.51811 6.81689 -0.011088
-4.61205 6.51377 -0.0113186
106.811 -35.6038 422.954
109.305 -25.8104 410.012
-47.8104 98.9982 366.871
-63.7248 89.1504 362.557
-49.5621 98.4812 371.185
-110.199 -22.003 435.896
-101.724 13.5057 435.896
-5.18982 6.44785 -0.0127363
-4.75722 5.91062 -0.011675
-66.9956 -87.3646 435.896
-85.7685 -72.8227 435.896
-72.1448 -85.6302 414.326
-50.5924 98.8932 384.127
-96.4572 -4.41044 284.894
-73.1265 -2.08325 181.328
-72.9351 -5.47752 181.328
-58.2641 -95.522 401.384
-68.8964 -86.4128 375.499
-63.667 -89.1918 362.557
3.69577 -64.3999 151.116
-0.603686 -64.5582 151.116
58.6285 95.2907 435.896
65.9416 90.3407 431.582
68.3758 89.3291 418.64
38.145 -43.0158 129.534
6.47642 -7.55665 0.0158924
6.70613 -7.3537 0.0164561
52.3567 16.1607 120.902
57.458 14.8375 133.852
54.7729 13.3312 125.219
24.4861 51.6262 129.534
21.437 54.7008 133.85
25.0319 53.0983 133.85
36.9611 102.49 362.556
16.2221 107.405 358.242
28.4918 107.684 388.442
9.0431 4.15903 0.0221907
-3.06061 4.94247 -0.00751185
8.46328 5.2384 0.0207679
-48.6232 -84.6414 289.209
-65.0337 -87.7804 358.243
-57.2214 -78.4407 289.209
-77.8825 -79.7722 392.756
0.612794 -9.93187 0.00150373
1.22326 -9.87532 0.00300175
0.918461 -9.90829 0.00225381
0.312209 -99.0198 297.839
16.2719 -107.398 358.242
5.16509 -109.85 375.499
-87.0624 -42.3285 284.894
-66.8477 -27.2794 177.012
-64.036 -33.281 177.012
7.55124 -84.1176 233.111
6.27312 -68.4406 164.065
1.5269 -9.83298 0.00374684
-41.6969 104.395 418.64
-25.7912 108.826 414.326
-40.7161 104.415 405.698
-9.87881 1.22283 -0.0242415
-9.83646 1.52637 -0.0241375
-9.78477 1.82845 -0.0240107
94.5846 33.5279 306.468
100.773 0 284.899
99.9156 0 280.584
9.65361 2.42713 0.0236889
11.3256 2.36906 4.34102
9.7238 2.1288 0.0238611
89.9474 -39.9425 293.524
75.2623 -37.7811 233.11
77.703 -34.9606 237.425
8.12463 -5.74929 0.0199369
7.55931 -6.47414 0.0185497
61.6826 88.7654 353.928
50.5946 97.8073 379.813
-54.3619 95.0259 435.896
-91.6371 -64.5855 418.64
-91.5084 -65.426 431.582
-112.205 4.59113 422.954
-111.247 5.41386 392.756
-112.2 -4.71778 422.954
-3.29437 -6.61472 -0.00808518
8.46328 -5.2384 0.0207679
-3.26584 -4.92805 -0.00801549
9.0431 -4.15902 0.0221907
-3.31003 6.16299 -0.00812372
-3.39973 5.88755 -0.0083439
-3.63136 5.86387 -0.00891232
-8.46328 5.2384 -0.0207679
-8.29789 5.49645 -0.0203621
-8.62064 4.97538 -0.0211541
-5.46327 -4.67978 -0.0134076
-6.40799 -4.2452 -0.0157256
-5.95238 -4.21281 -0.0146077
7.91042 -63.961 151.116
12.089 -60.5285 142.484
10.2053 -67.8937 164.065
50.2347 -25.2812 125.218
52.812 -19.5527 125.218
54.267 -19.9896 129.535
24.7135 58.2321 146.8
-3.33602 4.14528 -0.00818774
-3.52138 4.37555 -0.0086426
-3.18832 4.50353 -0.00782528
-66.5713 11.9928 164.063
-67.4552 4.82616 164.063
-4.0457 -59.741 138.166
-0.306542 -9.94602 -0.000752218
-58.0151 -28.8316 155.43
-92.9812 -60.1799 379.813
-110.219 21.9049 435.896
-104.797 40.6971 427.268
-106.829 32.5793 401.384
-7.47616 -4.95248 -0.0183463
-6.44956 -5.18869 -0.0158275
-6.60315 -5.31219 -0.0162043
-14.2043 -61.2483 146.799
-2.42797 -9.6502 -0.00595799
-2.12954 -9.72036 -0.00522566
-41.6312 -104.422 418.64
-25.6998 -108.848 414.326
-21.2655 -108.695 431.582
-13.2659 -110.006 435.896
-11.6511 -111.738 414.326
8.72621 -111.526 418.64
-54.3367 -95.0403 435.896
43.4271 -103.66 414.326
28.6366 -107.645 388.442
37.077 -102.448 362.556
21.4083 -109.301 388.442
-4.84484 7.3096 -0.0118895
-5.22637 6.91899 -0.0128258
-5.11713 7.72018 -0.0125574
105.447 0 310.787
106.772 -25.3426 362.557
104.724 0 306.472
50.7096 -97.7473 379.813
68.4456 -89.2757 418.64
-3.25188 5.63159 -0.00798113
-3.2026 5.54627 -0.00786021
-3.26815 5.27753 -0.00802111
91.1039 63.7433 384.127
97.6506 51.4498 371.185
9.94954 -0.306431 0.024415
9.94954 0.306435 0.024415
9.95426 0 0.0244266
11.6107 0.298763 4.34174
-7.06485 6.43838 -0.0173367
-7.48444 6.41007 -0.0183661
-7.07549 6.8585 -0.0173626
-5.14524 5.30518 -0.0126272
-4.78016 5.24265 -0.0117314
-5.02515 4.58028 -0.0123326
9.79515 57.6759 133.85
12.0896 60.5284 142.484
1.22326 9.87532 0.00300174
-8.07131 95.9555 280.58
-15.4787 107.966 362.557
0.307942 99.0198 297.839
-85.8726 72.6996 435.896
-77.9108 79.7445 392.756
-93.0376 60.0924 379.813
-91.7046 64.49 418.64
-108.417 8.05566 353.928
-110.324 11.1091 384.127
43.3535 103.69 414.326
29.7338 104.746 435.896
-67.0197 87.3461 435.896
-72.2011 85.5829 414.326
-97.1832 -50.5161 362.557
-94.0713 -35.9919 310.782
-95.0778 -26.38 297.838
-107.37 -23.0424 366.871
-108.406 -8.19366 353.928
-8.27107 3.20334 -0.0202968
-7.52085 3.4593 -0.0184561
-8.8573 1.93921 -0.0217352
3.01766 -9.48248 0.007405
3.59589 -9.27879 0.00882391
3.30834 -9.38509 0.00811831
-8.12463 5.74929 -0.0199369
-7.94366 5.99667 -0.0194929
-5.70168 7.54785 -0.0139917
-5.52342 7.80019 -0.0135542
31.3985 51.6796 138.168
27.8058 56.7426 146.8
-48.5864 84.6626 289.209
-37.9296 60.0695 172.697
-42.5798 56.9298 172.697
86.8689 0 224.487
57.1218 20.7848 138.168
71.0818 26.2908 198.587
37.1359 -89.5971 284.895
18.8939 -64.9215 159.749
22.1032 -63.8195 159.749
0.306542 -9.94602 0.000752218
0.893131 -59.8501 138.166
9.79539 -57.6758 133.85
16.0037 -59.5575 142.483
17.6512 -57.5097 138.167
21.4883 -59.5704 146.8
66.5246 0 155.434
56.0001 6.75751 125.219
67.915 0 159.75
-69.1143 20.9796 177.012
-71.9726 12.9092 181.328
-62.7938 15.6946 155.43
-7.47616 4.95248 -0.0183463
-7.51089 4.33526 -0.0184316
-8.32673 3.82977 -0.0204333
-5.95238 4.21281 -0.0146077
-6.40799 4.2452 -0.0157256
-6.44956 5.18869 -0.0158275
-6.57232 4.35402 -0.0161288
-6.68501 5.04703 -0.0164052
-9.35848 0.288243 -0.0229649
-9.5555 0.294309 -0.0234483
-8.9007 1.10183 -0.0218417
-37.5691 -90.0178 289.209
-33.1088 -62.7968 172.696
-5.14411 -4.13882 -0.0126245
-53.4457 -39.9665 159.748
-56.9519 -44.208 177.012
-77.1264 -60.2569 293.523
-66.4154 -70.6283 289.209
-88.557 -62.1206 349.614
-66.5715 -11.9917 164.063
-71.9728 -12.9085 181.328
-72.524 -9.6881 181.328
-69.114 -20.9806 177.012
-60.7579 -22.4074 155.43
-90.1441 -61.5985 358.243
-21.8708 -66.4966 168.381
-26.6085 -82.2349 241.741
-12.5824 -68.7373 168.381
-7.9474 -69.3621 168.381
-4.61737 -7.45527 -0.0113313
-5.22637 -6.91899 -0.0128258
-4.5181 -6.8169 -0.011088
-26.4726 -64.8649 168.381
-22.7278 -61.609 155.432
11.9395 -100.755 315.097
10.9567 -92.2985 271.948
18.7142 -91.7134 276.262
-49.4871 -98.519 371.185
-50.368 -97.0053 435.896
46.1694 -100.017 379.813
79.2591 -74.8338 353.929
80.0271 -78.1108 397.07
72.4874 -85.5814 405.698
1.55394 -111.526 405.698
-86.0464 14.9615 246.056
-90.6449 31.2771 280.58
-104.264 7.59988 435.896
7.14628 -6.92706 0.0175362
43.4924 -40.0716 133.851
6.92949 -7.14376 0.0170042
87.5271 26.2141 263.318
94.3231 0 254.694
93.3179 0 250.379
97.7183 -51.3212 371.185
94.5692 -33.5712 306.468
100.869 -37.0636 349.614
-3.35915 4.74477 -0.00824448
-50.4929 96.9413 435.896
51.7624 36.9671 146.801
49.4462 41.7523 151.117
60.1594 46.4579 198.587
-4.29575 5.01324 -0.0105428
-4.09768 5.42532 -0.0100567
-3.75777 5.30765 -0.00922261
-4.21337 5.95093 -0.0103405
-4.33528 5.73979 -0.0106397
-4.1914 6.32417 -0.0102865
66.5576 86.5559 366.871
98.8885 48.3249 366.871
79.9711 59.5438 302.153
13.0128 2.19907 8.65835
51.9978 11.5285 116.585
5.07242 109.854 375.499
-21.8717 66.4963 168.381
-22.7269 61.6094 155.432
-26.472 64.8652 168.381
53.4335 12.3875 120.902
9.57426 2.72316 0.0234942
43.4924 40.0717 133.851
46.6969 38.7265 138.168
44.4964 36.6305 129.535
-107.4 22.9005 366.871
-109.131 14.6776 371.185
-106.903 27.6858 375.499
-96.4562 4.43579 284.894
-73.1265 2.08306 181.328
-110.313 -11.2205 384.127
-111.239 -5.57205 392.756
-111.104 -16.9857 427.268
-106.804 -32.6605 401.384
-111.123 16.8635 427.268
-111.692 8.92363 410.012
-103.878 6.72833 435.896
-4.11614 4.5146 -0.0101021
-4.11614 -4.5146 -0.0101021
8.29789 -5.49646 0.0203621
-54.6141 -34.884 155.43
-9.16693 -3.87867 -0.0224946
3.59588 9.27879 0.00882391
3.88002 9.1637 0.00952115
37.1632 89.5858 284.895
22.1025 63.8197 159.749
18.8938 64.9215 159.749
-4.04609 59.741 138.166
-0.612792 9.93187 -0.00150372
-0.918461 9.90829 -0.00225381
-4.20218 6.78522 -0.0103128
-3.42619 6.87928 -0.00840857
-4.14951 7.72527 -0.0101832
-3.27556 9.29217 -0.00803793
-3.01765 9.48248 -0.00740499
-3.30834 9.38509 -0.0081183
-14.2034 61.2485 146.799
21.4373 -54.7007 133.85
13.6803 -58.63 138.167
34.4585 -56.6614 155.433
45.208 -77.5184 254.688
31.0432 -59.7167 159.749
66.0525 -90.2592 431.582
-21.2388 -82.7884 237.426
-17.2332 -67.7847 168.381
-1.83547 -68.841 164.065
-9.31418 -62.1468 146.799
5.76082 -59.5528 138.166
24.4863 -51.6262 129.534
4.16048 -9.0399 0.0102094
4.43698 -8.90754 0.0108879
-4.20218 -6.78523 -0.0103128
-4.13695 -6.24205 -0.0101529
47.188 -30.4141 125.218
-19.9153 -56.0668 138.166
-3.30833 -9.38509 -0.0081183
-9.9118 0.918141 -0.0243224
-42.8476 45.1768 146.798
-42.8322 47.4025 151.115
-7.14627 6.92706 -0.0175362
-95.0742 26.393 297.838
-94.0523 36.0417 310.782
-8.91068 4.43544 -0.0218658
-58.0155 28.8307 155.43
-8.76982 4.70764 -0.0215202
-9.28207 3.59463 -0.0227771
-9.16693 3.87867 -0.0224946
-9.3884 3.30718 -0.0230381
-66.8476 27.2798 177.012
-60.7575 22.4084 155.43
-5.24023 8.4603 -0.012859
-5.38944 8.13074 -0.0132253
-5.7513 8.12177 -0.0141131
-9.95426 -8.70229e-07 -0.0244266
-9.93538 0.61258 -0.0243803
-9.93538 -0.612581 -0.0243803
-5.46327 4.67978 -0.0134076
-37.9294 -60.0695 172.697
-13.6935 -97.3857 293.524
-61.1071 -56.9923 228.796
-80.6775 -55.7945 293.524
-60.7224 -38.9363 177.012
-64.3631 -77.4732 310.782
-66.8307 -73.2391 302.153
-61.2861 -41.5462 185.643
-90.655 -31.2479 280.58
-86.0478 -14.9533 246.056
-9.71552 -0.899974 -0.0238409
-9.43497 -2.06561 -0.0231525
-9.57426 -2.72316 -0.0234942
-104.746 -40.8295 427.268
-93.6878 -62.119 422.954
-95.4367 -58.8364 410.012
-42.5805 -56.9293 172.697
-47.0183 -53.386 172.697
19.2439 -80.1607 224.48
18.3878 -89.1411 263.317
13.0526 -82.4283 228.795
14.0376 -67.132 164.065
14.3852 -74.1178 194.273
-25.1911 -96.3889 306.467
-40.6735 -104.432 405.698
-28.1584 -105.757 366.871
-15.3954 -107.978 362.557
-11.3699 -99.0008 302.153
-5.56591 -109.13 435.896
19.8515 -91.4831 276.263
-29.4737 53.2239 142.482
-4.97712 8.6176 -0.0122133
-65.0973 87.7331 358.243
-71.1144 17.2502 181.328
-67.4552 -4.8258 164.063
79.191 74.9059 353.929
70.2389 67.0021 284.895
71.083 -26.2873 198.587
87.9923 0 228.803
7.94366 -5.99668 0.0194929
7.75516 -6.23837 0.0190303
28.1813 -61.2068 159.749
8.91068 -4.43544 0.0218658
9.87881 -1.22283 0.0242415
9.78477 -1.82844 0.0240107
9.9118 -0.918145 0.0243224
85.1885 -72.3079 427.268
105.377 -39.8834 431.582
104.008 -40.5922 392.756
61.7428 -88.7233 353.928
56.0002 -6.75735 125.219
56.9723 -10.2234 129.535
-3.52138 -4.37555 -0.0086426
-3.33602 -4.14528 -0.00818774
106.8 35.6365 422.954
103.995 40.6263 392.756
105.319 40.0374 431.582
71.1432 83.5322 435.896
85.1395 72.3659 427.268
114.654 0 392.757
106.761 25.3903 362.557
109.277 25.93 410.012
79.9638 78.1756 397.07
88.4351 68.7441 401.384
4.16047 9.03991 0.0102094
4.43698 8.90754 0.0108879
-3.47304 4.90559 -0.00852395
-21.2471 82.7862 237.426
-17.2337 67.7846 168.381
-0.60439 64.5582 151.116
-0.306541 9.94602 -0.000752221
7.14627 6.92706 0.0175362
6.92949 7.14377 0.0170042
48.8785 67.5088 228.795
45.2049 77.5203 254.688
49.8305 70.4847 241.741
34.4583 56.6615 155.433
37.0342 49.7538 142.484
98.3694 41.3711 345.299
89.964 39.9053 293.524
38.1447 43.0161 129.534
54.4313 32.382 146.8
53.6034 33.9055 146.8
66.4045 36.765 198.587
39.1841 47.9784 142.484
45.1101 46.7687 151.117
50 28.8939 129.535
50.2347 25.2813 125.218
8.62064 4.97538 0.0211541
1.5269 9.83298 0.00374684
35.5842 46.9357 133.851
9.28207 3.59463 0.0227771
21.3281 109.317 388.442
1.40694 111.529 405.698
25.2 62.5779 159.749
-37.5564 90.0231 289.209
-26.6151 82.2327 241.741
-94.8039 56.4807 435.896
-111.687 -8.99862 410.012
-111.7 -12.3501 431.582
-60.7224 38.9364 177.012
-80.6782 55.7936 293.524
-61.2868 41.5452 185.643
-97.4917 -18.867 302.153
-109.124 -14.7366 371.185
-106.894 -27.7207 375.499
11.5019 1.4888 4.34147
9.83646 1.52637 0.0241375
11.4521 1.78381 4.34134
-3.44432 -4.56049 -0.00845349
-4.28944 -7.98564 -0.0105264
-4.2428 -7.89886 -0.010412
-3.27555 -9.29218 -0.00803792
-4.53341 -7.84981 -0.0111251
-5.06266 -7.63807 -0.0124238
-3.44901 -5.97287 -0.00846482
-4.31534 4.73302 -0.0105909
-4.93932 -4.23112 -0.012122
-4.88166 -4.7328 -0.0119805
-6.43851 6.24142 -0.0158001
-5.94312 5.76144 -0.0145848
-6.55488 5.9739 -0.0160857
-3.33627 7.24998 -0.00818779
-3.4983 6.05819 -0.00858575
-3.44993 6.42338 -0.00846696
47.5532 -82.4396 280.579
70.2121 -67.0303 284.895
24.7134 -58.2322 146.8
-3.07687 -5.72901 -0.00755164
-3.37192 -5.44506 -0.00827574
5.99877 -7.94087 0.0147203
8.62064 -4.97538 0.0211541
50 -28.8938 129.535
77.2787 -24.406 220.164
56.0076 -26.8608 142.484
57.1218 -20.7847 138.168
56.512 -25.5576 142.484
-9.65361 2.42713 -0.0236889
-7.38037 3.96219 -0.0181114
-9.71552 0.899972 -0.0238409
-5.51852 5.35 -0.0135431
-5.68072 5.17758 -0.0139411
-9.57426 2.72316 -0.0234942
-8.45489 3.27449 -0.0207478
-27.5565 59.6473 155.432
-3.88002 9.1637 -0.00952115
-51.2105 49.4436 172.697
-66.3832 70.6582 289.209
-49.9232 54.6407 185.643
-4.19616 -7.81206 -0.0102976
-63.4561 -57.2858 237.426
-56.0058 -48.4117 185.643
-62.794 -15.6936 155.43
-9.48583 -3.0166 -0.0232772
-9.94954 0.306434 -0.024415
-104.201 -39.6276 397.07
-94.7173 -56.6275 435.896
-33.2897 -54.5121 151.115
-27.5571 -59.647 155.432
-3.59588 -9.27879 -0.0088239
-38.2052 -51.1993 151.115
-6.43851 -6.24142 -0.0158001
-6.17477 -6.77139 -0.0151528
-6.50686 -7.13534 -0.0159674
-4.28693 -7.42325 -0.0105205
-1.52689 -9.83298 -0.00374683
-1.82909 -9.78131 -0.00448838
8.94919 -89.6829 259.002
0.068121 -111.205 397.07
-4.62334 -110.463 384.127
38.9261 -93.7847 315.097
-13.6751 97.3882 293.524
-25.1632 96.3961 306.467
-28.2398 105.736 366.871
-47.0202 53.3843 172.697
-38.2053 51.1991 151.115
-58.303 95.4982 401.384
-69.0183 86.3153 375.499
-3.59588 9.27879 -0.00882391
-4.16048 9.0399 -0.0102094
-33.1088 62.7967 172.696
-13.3676 59.844 142.483
-2.12954 9.72036 -0.00522566
-2.42797 9.6502 -0.00595799
-1.82908 9.78131 -0.00448838
-9.48583 3.0166 -0.0232772
-53.4446 39.968 159.748
75.2366 -50.3304 259.003
51.7626 -36.9668 146.801
52.7151 -35.4338 146.801
66.6417 -86.4907 366.871
98.9084 -48.2843 366.871
105.091 -34.7009 375.499
115.713 0 418.64
115.801 0 422.954
75.2623 37.781 233.11
77.7049 34.9563 237.425
11.6107 -0.29876 4.34174
112.282 0 362.558
112.695 0 366.872
105.06 34.7929 375.499
52.812 19.5526 125.218
54.267 19.9896 129.535
115.902 0 431.582
36.7579 55.0985 155.433
5.99877 7.94087 0.0147203
11.9455 100.754 315.097
-19.9152 56.0668 138.166
4.97712 8.6176 0.0122133
-9.31451 62.1468 146.799
-1.83673 68.841 164.065
32.9836 48.8774 133.851
51.0719 19.6528 120.902
49.6436 22.8203 120.901
11.3933 2.07731 4.34119
8.12463 5.74929 0.0199369
8.29789 5.49645 0.0203621
7.35628 6.70378 0.0180515
46.6416 45.1166 151.117
48.0864 43.4429 151.117
8.91068 4.43544 0.0218658
43.8348 34.89 125.218
47.1879 30.4143 125.218
7.94366 5.99667 0.0194929
55.4599 28.1796 142.485
56.0073 26.8614 142.484
52.7144 35.4348 146.801
75.2351 50.3325 259.003
-12.5843 68.7369 168.381
47.555 82.4385 280.579
3.30834 9.38509 0.0081183
7.75516 6.23837 0.0190303
-13.3284 109.998 435.896
21.4878 59.5706 146.8
6.27331 68.4406 164.065
2.25519 68.7602 164.065
7.554 84.1174 233.111
-21.3799 108.672 431.582
-11.7437 111.728 414.326
46.054 100.07 379.813
-71.1146 -17.2494 181.328
-4.31534 -4.73302 -0.0105909
-0.918456 -9.90829 -0.0022538
-1.22326 -9.87532 -0.00300174
-4.52787 -4.3899 -0.0111124
-42.8477 -45.1766 146.798
-7.14627 -6.92706 -0.0175362
-7.55931 -6.47415 -0.0185497
-7.35628 -6.70378 -0.0180515
-7.94366 -5.99667 -0.0194929
-7.48444 -6.41007 -0.0183661
-5.12945 5.9858 -0.0125883
-7.4005 5.23718 -0.0181606
-3.53805 5.33868 -0.00868343
0.612791 9.93187 0.00150372
25.2014 -62.5773 159.749
4.97712 -8.6176 0.0122133
41.0354 -51.7782 155.433
45.1108 -46.768 151.117
43.0118 -50.0368 155.433
44.4964 -36.6305 129.535
43.835 -34.8897 125.218
37.0336 -49.7543 142.484
31.3991 -51.6792 138.168
-3.35666 -6.24979 -0.00823813
-9.7238 2.1288 -0.0238611
-7.23424 -3.60139 -0.0177529
-8.87013 -7.75452e-07 -0.0217667
-5.12945 -5.9858 -0.0125883
-5.41971 -5.58807 -0.0133006
-4.75722 -5.91061 -0.011675
-4.93932 4.23112 -0.012122
-4.88166 4.7328 -0.0119805
-6.57232 -4.35402 -0.0161288
-7.58717 3.777 -0.0186188
-8.27107 -3.20334 -0.0202968
-8.8573 -1.93922 -0.0217352
-7.2067 3.869 -0.0176853
-8.82245 4.39155 -0.0216494
-8.95355 4.11787 -0.0219711
-8.1938 4.7292 -0.020107
-8.55774 4.25987 -0.021
-8.45489 -3.27449 -0.0207478
35.5845 -46.9356 133.851
6.24055 -7.75244 0.0153136
-5.55695 -5.72951 -0.0136373
-5.94312 -5.76144 -0.0145848
-7.4005 -5.23719 -0.0181606
-6.55488 -5.9739 -0.0160857
-6.96039 -5.96153 -0.0170806
-63.7632 -52.4859 224.48
-97.3904 -52.6939 379.813
-8.41628 -3.87093 -0.020653
-8.32673 -3.82977 -0.0204333
-5.24023 -8.4603 -0.012859
-29.4738 -53.2238 142.482
-49.9208 -54.6429 185.643
-55.0406 -64.1505 233.111
-8.32927 -60.7288 142.483
-3.88002 -9.1637 -0.00952114
10.1987 -80.8162 220.165
29.6852 -104.76 435.896
33.9672 -105.527 418.64
-21.7001 -107.576 371.185
-44.2307 -101.384 427.268
-11.3438 99.0038 302.153
-4.70269 110.46 384.127
-0.00655984 111.205 397.07
-64.0362 33.2804 177.012
-97.2543 50.3784 362.557
-90.2017 61.5139 358.243
-5.49837 8.29497 -0.0134924
-34.5675 50.0443 142.482
-5.99877 7.94087 -0.0147203
-4.70928 8.76673 -0.0115561
-4.61598 8.59316 -0.0113273
-4.43699 8.90754 -0.0108879
-97.4903 18.8739 302.153
-88.6076 62.0486 349.614
-66.7996 73.2673 302.153
-9.0431 4.15902 -0.0221907
-87.0613 42.3306 284.894
79.9622 -59.5557 302.153
50.6148 -64.9216 224.48
53.0894 -69.2737 246.056
77.2785 24.4066 220.164
80.7236 30.1763 241.741
89.0966 0 233.118
107.476 0 323.73
106.823 0 319.416
71.4054 31.0906 207.217
106.146 0 315.101
65.1202 0 151.117
9.3884 3.30719 0.0230381
107.765 -18.7835 358.243
111.845 0 358.244
57.458 -14.8374 133.852
52.3566 -16.1608 120.902
54.773 -13.3311 125.219
13.0745 1.927 8.65852
13.1279 1.6538 8.65867
114.893 0 397.071
115.599 0 414.326
87.5262 -26.2171 263.318
100.855 37.102 349.614
103.211 0 297.843
102.42 0 293.528
103.979 0 302.158
5.49837 8.29497 0.0134924
5.24023 8.4603 0.012859
-7.94841 69.362 168.381
28.1815 61.2067 159.749
5.7513 8.12177 0.0141131
8.76982 4.70764 0.0215202
6.24055 7.75244 0.0153136
6.47641 7.55665 0.0158924
6.70613 7.3537 0.0164561
38.9501 53.4684 155.433
45.9773 34.6242 129.535
7.55931 6.47415 0.0185497
51.9538 28.516 133.852
72.4371 85.624 405.698
53.085 69.277 246.056
50.6111 64.9244 224.48
-44.8053 102.361 397.07
8.67185 111.531 418.64
8.87915 107.461 435.896
-97.6187 54.4672 405.698
-104.23 39.5525 397.07
-95.459 58.8001 410.012
-97.4053 52.6664 379.813
51.0719 -19.6528 120.902
8.76982 -4.70764 0.0215202
49.6437 -22.8201 120.901
63.4671 -50.6576 220.164
45.9773 -34.6241 129.535
-3.01765 -9.48248 -0.00740499
-5.5784 6.50944 -0.0136897
-7.35628 6.70378 -0.0180515
-5.55695 5.72951 -0.0136373
3.01765 9.48248 0.00740499
3.69625 64.3999 151.116
0.893006 59.8501 138.166
-4.34961e-07 9.95074 -1.06766e-09
4.04774 91.2464 263.318
0.306541 9.94602 0.000752219
-3.5432 6.59697 -0.00869579
43.4598 -61.4643 194.272
36.7587 -55.098 155.433
38.9501 -53.4684 155.433
48.882 -67.5063 228.795
7.35628 -6.70378 0.0180515
46.6965 -38.727 138.168
39.184 -47.9785 142.484
71.1539 -83.5231 435.896
-4.52787 4.3899 -0.0111124
-6.68501 -5.04703 -0.0164052
-5.14524 -5.30518 -0.0126272
-9.43497 2.06561 -0.0231525
-8.07697 2.56882 -0.0198206
-6.99823 4.95266 -0.0171737
-7.51089 -4.33526 -0.0184316
-9.83646 -1.52637 -0.0241375
-9.78477 -1.82845 -0.0240107
-7.75516 -6.23837 -0.0190303
-6.70613 -7.3537 -0.0164561
-6.92949 -7.14377 -0.0170042
-8.95355 -4.11787 -0.0219711
-9.3884 -3.30719 -0.0230381
-9.87881 -1.22283 -0.0242415
-5.61297 -4.80797 -0.0137749
-3.42619 -6.87929 -0.00840857
-5.18982 -6.44785 -0.0127363
-3.69544 -6.39946 -0.00906943
-34.5677 -50.0442 142.482
-4.61598 -8.59316 -0.0113273
-97.5737 -54.5475 405.698
-56.276 -66.8498 246.056
-3.70713 -8.05546 -0.00909751
-13.368 -59.8439 142.483
-57.2132 78.4466 289.209
-64.3386 77.4936 310.782
-56.9513 44.2087 177.012
-56.0055 48.412 185.643
-49.4943 44.7454 159.748
-33.2896 54.5122 151.115
-4.53341 7.84981 -0.0111251
-4.61737 7.45527 -0.0113313
-72.5241 9.68768 181.328
-54.6141 34.8839 155.43
-72.9351 5.47719 181.328
80.7239 -30.1755 241.741
73.4785 -39.0315 228.795
72.3063 -39.0407 224.479
71.6453 -38.0577 220.164
55.4599 -28.1795 142.485
66.406 -36.7621 198.587
54.4317 -32.3814 146.8
95.3078 0 259.009
98.3898 -41.3231 345.299
108.711 0 332.359
107.739 18.9345 358.243
14.9318 -0.243061 12.9764
16.5936 0 17.2937
16.5904 -0.202108 17.2937
113.786 0 379.815
113.447 0 375.501
108.105 0 328.044
109.293 0 336.673
109.852 0 340.987
9.78477 1.82845 0.0240107
9.87881 1.22283 0.0242415
114.1 0 384.129
114.389 0 388.443
72.3052 39.0426 224.479
56.512 25.5576 142.484
-1.22326 9.87532 -0.00300175
-2.72411 9.57088 -0.00668466
56.9723 10.2237 129.535
70.6522 0 168.382
69.291 0 164.066
9.16693 3.87867 0.0224946
78.3266 60.6426 297.839
1.82908 9.78131 0.00448838
-44.3609 101.327 427.268
10.9612 92.2979 271.948
33.807 105.577 418.64
36.4312 102.223 435.896
-111.72 12.1705 431.582
-93.7389 62.0416 422.954
9.93538 0.612579 0.0243803
11.5971 0.597275 4.34171
54.2467 8.38973 120.902
32.9836 -48.8774 133.851
4.70929 -8.76673 0.0115561
2.42797 -9.6502 0.00595799
-4.92932 -6.52594 -0.0120971
-3.78703 -6.11515 -0.00929426
-3.86471 -5.83143 -0.00948494
-4.21648 -5.58256 -0.0103482
-5.49837 -8.29497 -0.0134924
-5.7513 -8.12177 -0.0141131
-3.51407 -7.05566 -0.00862416
1.18661e-07 -9.95074 2.91267e-10
-7.9401 3.9526 -0.0194847
-3.70138 5.58506 -0.00908419
-4.21648 5.58256 -0.0103482
-7.96919 5.27887 -0.0195558
-6.96039 5.96152 -0.0170806
-6.17477 6.77139 -0.0151528
-5.87993 7.78367 -0.0144289
-6.41226 7.48185 -0.0157351
-3.15332 5.46094 -0.00773929
16.0037 59.5575 142.483
51.9539 -28.516 133.852
49.4462 -41.7523 151.117
78.3061 -60.6689 297.839
52.8943 -61.7115 220.164
-5.96868 -6.15381 -0.0146474
-5.91238 -5.06433 -0.0145095
-8.41628 3.87093 -0.020653
-9.65361 -2.42713 -0.0236889
-7.07549 -6.8585 -0.0173626
-8.62064 -4.97538 -0.0211541
-8.46327 -5.2384 -0.0207679
-5.87993 -7.78366 -0.0144289
-5.52342 -7.80019 -0.0135542
-5.45012 -6.35983 -0.013375
-5.75356 -5.24394 -0.0141198
-6.21982 -7.25746 -0.0152631
-5.8991 -6.88346 -0.0144764
-6.41226 -7.48185 -0.0157351
8.89239 -107.46 435.896
-56.285 66.8421 246.056
-77.1227 60.2615 293.523
-63.7615 52.488 224.48
-7.72233 5.46479 -0.0189501
-6.50687 7.13534 -0.0159674
71.3301 -33.909 211.533
71.4058 -31.0897 207.217
99.0368 0 276.269
96.2717 0 263.324
11.3256 -2.36906 4.34102
11.3933 -2.07731 4.34119
13.0129 -2.19907 8.65835
80.9748 0 202.91
11.4521 -1.78381 4.34134
13.0745 -1.927 8.65852
73.3293 0 177.014
74.6445 0 181.33
82.1897 0 207.225
110.897 0 349.616
111.383 0 353.93
11.5744 0.895287 4.34165
51.9979 -11.5282 116.585
52.4727 -9.45276 116.585
9.9118 0.918141 0.0243224
71.3694 36.2805 215.848
71.3311 33.9067 211.533
115.865 0 427.268
115.296 0 405.699
115.107 0 401.385
115.46 0 410.012
4.70928 8.76673 0.0115561
31.0431 59.7167 159.749
43.4594 61.4646 194.272
63.4662 50.6588 220.164
71.9984 0 172.698
43.0121 50.0366 155.433
73.4753 39.0376 228.795
38.9475 93.7758 315.097
-21.7427 107.568 371.185
-91.5922 65.3084 431.582
9.16693 -3.87866 0.0224946
9.57426 -2.72315 0.0234942
9.48583 -3.0166 0.0232772
9.65361 -2.42713 0.0236889
53.4336 -12.3874 120.902
9.7238 -2.1288 0.0238611
11.5427 -1.19255 4.34157
5.7513 -8.12177 0.0141131
5.49837 -8.29497 0.0134924
3.88002 -9.16369 0.00952115
-3.9539 -4.91284 -0.00970394
-3.59249 -5.42081 -0.00881701
-3.75582 -5.66718 -0.00921777
-4.43698 -8.90754 -0.0108879
-4.16048 -9.0399 -0.0102094
-5.99876 -7.94087 -0.0147203
-6.47642 -7.55665 -0.0158924
-6.24055 -7.75244 -0.0153136
-0.612789 -9.93187 -0.00150372
-3.26507 -7.71214 -0.00801291
-5.41971 5.58807 -0.0133006
-7.62899 5.75928 -0.018721
-3.58693 5.06642 -0.00880341
-3.42381 5.52882 -0.00840306
-3.16438 5.11 -0.00776648
46.6417 -45.1165 151.117
64.4116 -47.6862 215.849
48.0864 -43.443 151.117
66.6945 -40.3786 207.218
53.6036 -33.9053 146.8
60.1601 -46.457 198.587
-5.16471 5.00712 -0.012675
-6.05574 -4.57215 -0.0148613
-6.99823 -4.95266 -0.0171737
-9.28207 -3.59463 -0.0227771
-9.0431 -4.15903 -0.0221907
-8.91068 -4.43544 -0.0218658
-8.80385 3.72514 -0.0216039
-9.9118 -0.918143 -0.0243224
-9.94954 -0.306433 -0.024415
-7.9401 -3.9526 -0.0194847
-9.7238 -2.1288 -0.0238611
-8.9007 -1.10183 -0.0218417
-9.35848 -0.288243 -0.0229649
-8.04417 -5.69239 -0.0197396
-8.76982 -4.70764 -0.0215202
-7.72233 -5.46479 -0.0189501
-7.96919 -5.27887 -0.0195558
-8.29789 -5.49645 -0.0203621
-8.12463 -5.74929 -0.0199369
-7.62899 -5.75928 -0.018721
-3.70082 -5.22724 -0.00908287
-4.29575 -5.01324 -0.0105428
-4.38645 -5.45011 -0.0107653
-4.78016 -5.24265 -0.0117314
-5.16471 -5.00712 -0.012675
-9.5555 -0.294309 -0.0234483
-63.4532 57.289 237.426
-76.9252 66.9404 319.411
-7.55931 6.47414 -0.0185497
-6.24055 7.75244 -0.0153136
98.1364 0 271.954
97.2146 0 267.639
85.7266 0 220.172
52.4727 9.4527 116.585
78.4931 0 194.278
79.7425 0 198.594
26.4914 0 43.1972
16.5432 0.808848 17.2935
16.5147 1.01136 17.2934
110.386 0 345.302
13.2101 1.10466 8.65889
13.1731 1.37963 8.65879
14.8452 1.21425 12.9761
9.83646 -1.52636 0.0241376
113.083 0 371.187
71.6478 38.0528 220.164
64.4119 47.6858 215.849
-1.5269 9.83298 -0.00374684
-8.32927 60.7288 142.483
41.0347 51.7787 155.433
9.48583 3.0166 0.0232772
19.8629 91.4807 276.263
19.2475 80.1599 224.48
-4.63229 -6.13287 -0.0113684
-4.09768 -5.42532 -0.0100567
-3.6225 -4.79636 -0.00889072
-4.70929 -8.76673 -0.0115561
-4.97712 -8.6176 -0.0122133
-5.45012 6.35983 -0.013375
-4.38645 5.45011 -0.0107653
10.2041 67.8939 164.065
2.12954 9.72036 0.00522566
2.42797 9.6502 0.00595798
-5.61297 4.80797 -0.0137749
-8.53527 -4.92615 -0.0209447
-8.80385 -3.72514 -0.0216039
-55.0384 64.1525 233.111
101.608 0 289.214
90.1815 0 237.434
9.3884 -3.30719 0.0230381
51.822 -2.51479 112.269
51.7221 -3.71492 112.269
44.1583 -0.526008 90.6847
41.0078 -0.321355 82.0509
42.5871 -0.440397 86.3679
42.5634 -0.659458 86.3678
16.5432 -0.808846 17.2935
16.5147 -1.01136 17.2934
44.1328 -0.789411 90.6847
53.3571 -2.46283 116.585
56.4179 0 125.219
57.8994 0 129.535
45.7376 -0.260302 95.0016
47.293 -0.171635 99.3185
92.2925 0 246.064
91.2469 0 241.749
52.898 61.7083 220.164
66.6931 40.3809 207.218
8.94444 89.6834 259.002
14.0356 67.1324 164.065
11.5019 -1.4888 4.34147
13.2717 0.276563 8.65906
13.2594 0.552967 8.65903
54.2467 -8.38958 120.902
5.24024 -8.46029 0.012859
49.8342 -70.4821 241.741
27.8053 -56.7429 146.8
25.0322 -53.0981 133.85
-2.72411 -9.57088 -0.00668466
-8.04417 5.69239 -0.0197396
-5.29556 7.4786 -0.0129953
-6.47641 7.55665 -0.0158924
0.91846 9.90829 0.0022538
5.7601 59.5529 138.166
7.91141 63.9609 151.116
-6.05574 4.57215 -0.0148613
-8.59613 -4.61447 -0.0210941
-6.86085 -7.07306 -0.0168359
-3.25188 -5.63159 -0.00798113
-9.45699 0.291275 -0.0232066
-61.107 56.9924 228.796
84.5659 0 215.856
83.3868 0 211.541
77.2267 0 189.962
75.9438 0 185.646
36.2369 0 69.0999
37.8364 0.0549981 73.417
37.8402 0 73.417
29.7612 0 51.8315
14.8055 1.4565 12.976
18.2501 0 21.611
53.3571 2.46286 116.585
51.8841 -1.2689 112.269
54.9248 0 120.902
52.8705 7.22722 116.585
54.7529 -4.2352 120.902
62.2706 0 142.485
10.197 80.8164 220.165
18.6938 91.7176 276.262
18.3789 89.1429 263.317
13.0483 82.429 228.795
14.3843 74.118 194.273
-5.60537 109.129 435.896
-7.75516 6.23837 -0.0190303
-8.53527 4.92615 -0.0209447
-5.80787 7.21527 -0.0142524
-6.70613 7.35369 -0.0164561
-3.68325 -5.94763 -0.00903963
-9.45699 -0.291274 -0.0232066
41.0252 0 82.0509
42.6013 -0.220423 86.3679
41.0208 -0.161001 82.0509
31.3887 0 56.1487
13.1731 -1.37963 8.65879
13.2101 -1.10466 8.65889
14.9318 0.243065 12.9764
14.921 0.486076 12.9763
11.5427 1.19255 4.34157
13.1279 -1.6538 8.65867
14.9029 0.728981 12.9763
13.2388 0.829053 8.65897
14.8777 0.971724 12.9762
14.8055 -1.45649 12.976
14.8452 -1.21424 12.9761
37.8364 -0.0550038 73.417
52.8705 -7.22716 116.585
34.627 0 64.7829
51.5896 4.84815 112.269
53.1705 4.88504 116.585
54.7529 4.23516 120.902
47.293 0.171668 99.3185
50.3718 0.507708 107.952
48.8436 0 103.635
42.5634 0.65943 86.3678
51.8841 1.26892 112.269
51.822 2.51479 112.269
63.7021 0 146.801
-6.92949 7.14376 -0.0170042
71.3694 -36.2804 215.848
33.0108 0 60.4658
14.9354 0 12.9764
11.6153 0 4.34175
14.7584 -1.6984 12.9758
28.1287 0 47.5144
13.2717 -0.276559 8.65906
13.2758 0 8.65907
24.85 0 38.88
13.2388 -0.82906 8.65897
14.9029 -0.728978 12.9763
14.8777 -0.971725 12.9762
18.2247 0.473893 21.6109
51.5896 -4.84813 112.269
53.1705 -4.88507 116.585
39.4204 -0.204512 77.7339
39.4324 -0.102561 77.734
45.722 -0.522084 95.0016
45.7428 0 95.0017
44.1736 -0.262918 90.6848
44.1788 0 90.6848
39.4324 0.102577 77.734
39.4204 0.204502 77.7339
41.0078 0.321365 82.0509
50.3718 -0.507653 107.952
51.9052 0 112.269
59.3689 0 133.852
60.8261 0 138.168
16.5904 0.20211 17.2937
14.7584 1.6984 12.9758
14.921 -0.486079 12.9763
16.5652 -0.606502 17.2936
16.581 -0.404262 17.2936
18.2472 -0.15781 21.611
18.2388 -0.315744 21.6109
39.4364 0 77.734
41.0208 0.160989 82.0509
40.9861 0.480394 82.0508
42.6013 0.220436 86.3679
42.6061 0 86.3679
47.2979 0 99.3185
45.7376 0.260328 95.0016
51.7221 3.71505 112.269
44.1583 0.525956 90.6847
40.9861 -0.480408 82.0508
11.5744 -0.89529 4.34165
11.5971 -0.597278 4.34171
18.2247 -0.473893 21.6109
19.8938 -0.228603 25.9282
23.2021 -0.0427569 34.5627
23.2021 0.0427574 34.5627
19.9017 -0.114227 25.9282
19.9043 0 25.9282
21.5535 -0.0749297 30.2455
21.556 0 30.2455
13.2594 -0.552966 8.65903
53.4205 0 116.585
50.3493 -1.00183 107.952
44.1736 0.262906 90.6848
45.722 0.522056 95.0016
9.93538 -0.612581 0.0243803
18.2388 0.315745 21.6109
19.8938 0.228601 25.9282
16.5652 0.606494 17.2936
16.581 0.404261 17.2936
50.3795 0 107.952
42.5871 0.440403 86.3679
44.1328 0.789436 90.6847
19.9017 0.114226 25.9282
18.2472 0.157817 21.611
23.2047 0 34.5627
21.5535 0.0749341 30.2455
50.3493 1.00188 107.952
3  0 1 2
3  3 4 5
3  6 7 8
3  9 10 1
3  11 12 13
3  14 15 16
3  17 9 18
3  19 20 21
3  22 23 24
3  25 26 27
3  28 29 30
3  9 31 32
3  33 34 35
3  36 10 37
3  38 28 39
3  40 41 42
3  33 35 43
3  44 45 46
3  47 48 49
3  50 26 51
3  52 53 54
3  37 10 52
3  55 56 57
3  58 59 60
3  61 62 63
3  64 65 66
3  67 68 69
3  70 71 72
3  73 71 48
3  74 75 76
3  77 78 79
3  80 81 82
3  10 36 40
3  40 36 41
3  83 26 84
3  75 74 85
3  86 87 88
3  89 90 91
3  92 93 94
3  95 96 97
3  98 99 100
3  56 101 102
3  54 103 104
3  37 52 105
3  106 41 107
3  108 109 110
3  74 111 85
3  112 113 114
3  115 116 117
3  118 119 120
3  121 122 123
3  124 125 126
3  127 128 129
3  63 62 130
3  131 132 133
3  134 89 135
3  51 136 137
3  81 138 82
3  139 73 106
3  140 141 142
3  143 144 145
3  146 147 148
3  25 27 77
3  149 150 151
3  152 153 154
3  40 149 155
3  156 157 158
3  159 157 154
3  160 28 161
3  160 161 162
3  163 164 165
3  156 166 167
3  52 9 17
3  168 169 170
3  52 10 9
3  171 18 172
3  173 174 175
3  175 174 176
3  177 178 179
3  180 181 182
3  183 184 185
3  186 187 188
3  37 105 189
3  190 191 192
3  193 109 194
3  52 195 196
3  189 197 198
3  80 199 200
3  201 200 202
3  203 109 193
3  204 205 206
3  207 208 209
3  119 210 211
3  162 212 213
3  214 63 215
3  216 217 218
3  219 220 221
3  222 223 224
3  51 225 226
3  125 50 227
3  125 227 75
3  74 225 111
3  228 229 230
3  231 232 233
3  234 134 235
3  234 236 134
3  237 238 239
3  240 122 241
3  242 243 244
3  245 246 247
3  248 70 249
3  250 121 123
3  251 19 252
3  253 254 255
3  256 257 258
3  81 259 260
3  139 199 261
3  255 71 73
3  248 262 263
3  25 264 265
3  266 267 268
3  269 270 262
3  271 272 273
3  27 26 83
3  78 159 79
3  149 40 47
3  149 47 3
3  274 49 5
3  157 156 154
3  10 40 275
3  276 156 158
3  277 278 279
3  154 153 280
3  159 154 280
3  222 78 271
3  27 272 77
3  281 282 235
3  283 189 140
3  284 285 286
3  287 288 289
3  0 277 290
3  291 292 98
3  293 68 133
3  86 105 294
3  52 17 18
3  295 296 297
3  298 299 300
3  301 302 303
3  103 54 304
3  305 306 172
3  68 67 133
3  307 96 308
3  309 65 188
3  310 311 312
3  313 314 58
3  315 316 317
3  318 319 320
3  321 282 281
3  36 283 140
3  45 44 322
3  203 323 324
3  36 325 326
3  327 194 328
3  36 37 329
3  330 131 331
3  112 332 101
3  82 138 333
3  138 260 334
3  335 62 336
3  337 338 339
3  340 341 342
3  343 344 303
3  345 346 347
3  348 349 347
3  26 50 84
3  50 125 124
3  229 207 350
3  229 228 351
3  352 353 354
3  10 167 355
3  25 356 357
3  358 264 359
3  74 227 360
3  50 225 74
3  361 362 363
3  364 268 365
3  332 112 366
3  146 367 368
3  89 369 135
3  370 371 372
3  302 301 117
3  373 318 374
3  375 376 377
3  378 379 380
3  381 376 382
3  383 384 385
3  386 387 388
3  250 240 389
3  70 390 249
3  391 248 356
3  19 254 392
3  393 80 394
3  254 395 396
3  252 393 397
3  80 255 199
3  199 255 261
3  81 80 398
3  398 44 399
3  257 399 258
3  400 401 402
3  403 36 326
3  139 404 405
3  41 73 42
3  73 41 106
3  390 70 406
3  72 407 406
3  51 358 359
3  26 25 358
3  51 26 358
3  248 269 262
3  408 409 410
3  271 78 77
3  125 223 126
3  126 411 412
3  3 47 4
3  47 40 42
3  4 274 5
3  248 391 413
3  150 414 415
3  25 416 417
3  149 275 155
3  275 40 155
3  10 275 152
3  150 153 151
3  153 152 151
3  152 154 418
3  157 78 158
3  78 222 158
3  416 77 79
3  78 157 159
3  272 271 77
3  222 271 419
3  383 420 421
3  33 216 422
3  235 282 423
3  424 45 135
3  103 425 426
3  427 219 428
3  101 429 430
3  222 431 353
3  112 114 432
3  433 434 435
3  2 1 436
3  31 437 438
3  158 439 166
3  156 276 166
3  440 233 441
3  442 331 443
3  444 445 446
3  447 18 448
3  449 450 451
3  425 452 453
3  454 455 336
3  293 330 456
3  310 457 458
3  459 460 340
3  461 462 315
3  463 464 465
3  214 466 467
3  305 468 469
3  462 470 315
3  471 472 473
3  470 474 475
3  476 477 478
3  184 479 185
3  467 470 480
3  132 293 133
3  133 67 481
3  482 309 483
3  338 337 484
3  310 485 486
3  52 54 195
3  140 189 487
3  329 37 189
3  488 489 110
3  490 491 492
3  493 44 398
3  325 323 494
3  325 495 326
3  36 489 325
3  44 203 193
3  44 493 203
3  496 497 498
3  113 331 499
3  500 501 502
3  266 503 504
3  208 207 505
3  298 456 506
3  251 82 333
3  19 251 20
3  250 507 508
3  509 510 511
3  343 460 512
3  115 513 514
3  228 223 351
3  223 125 351
3  222 515 439
3  515 516 439
3  225 50 226
3  50 51 226
3  352 431 517
3  518 519 520
3  521 127 522
3  173 14 443
3  523 427 428
3  524 525 526
3  234 282 381
3  527 89 91
3  369 89 387
3  238 243 528
3  529 246 400
3  530 389 531
3  532 239 533
3  237 242 244
3  534 311 535
3  536 537 538
3  266 539 503
3  238 528 533
3  254 253 540
3  253 393 252
3  19 541 252
3  82 251 394
3  253 255 393
3  255 80 393
3  71 395 72
3  395 71 396
3  71 255 396
3  255 254 396
3  203 493 202
3  493 201 202
3  256 542 259
3  542 543 260
3  386 544 387
3  369 387 135
3  404 106 107
3  403 326 545
3  41 36 546
3  36 403 546
3  495 199 545
3  404 403 405
3  255 73 261
3  73 139 261
3  390 547 548
3  19 21 407
3  368 367 549
3  269 248 249
3  395 254 72
3  70 72 406
3  390 550 547
3  551 552 553
3  266 554 539
3  555 556 148
3  146 264 357
3  264 358 265
3  146 357 262
3  270 146 262
3  240 250 123
3  357 356 262
3  126 223 411
3  223 222 408
3  273 272 409
3  27 83 557
3  47 42 48
3  42 73 48
3  391 416 415
3  150 149 414
3  153 558 280
3  416 25 77
3  416 559 153
3  559 558 153
3  414 3 415
3  25 391 356
3  276 158 166
3  158 222 560
3  558 559 79
3  559 416 79
3  222 419 409
3  271 273 419
3  561 562 563
3  485 561 457
3  371 564 565
3  311 534 312
3  86 566 197
3  566 34 567
3  568 345 569
3  216 485 570
3  349 571 572
3  345 573 574
3  236 234 382
3  575 236 382
3  379 375 377
3  119 118 576
3  577 578 579
3  437 1 438
3  14 173 15
3  277 580 439
3  581 292 582
3  583 451 584
3  290 581 438
3  9 1 437
3  585 469 586
3  173 175 587
3  331 131 443
3  219 427 525
3  588 450 589
3  9 444 446
3  451 450 590
3  591 477 592
3  9 32 593
3  54 53 448
3  53 447 448
3  52 18 447
3  29 343 303
3  466 594 467
3  595 169 168
3  188 65 596
3  597 348 568
3  343 345 342
3  214 61 63
3  455 598 336
3  459 599 600
3  601 214 467
3  477 602 603
3  307 604 96
3  93 291 94
3  69 605 606
3  607 461 315
3  316 608 609
3  477 603 610
3  611 612 613
3  220 614 615
3  616 295 617
3  187 309 188
3  594 464 463
3  600 599 618
3  426 464 619
3  620 598 116
3  621 613 605
3  131 330 132
3  330 293 132
3  105 622 294
3  105 52 622
3  103 64 104
3  54 104 195
3  62 22 623
3  624 625 626
3  627 622 628
3  64 195 629
3  36 329 283
3  329 189 283
3  197 566 198
3  564 218 565
3  200 199 202
3  493 398 201
3  398 257 630
3  257 256 259
3  507 631 508
3  111 364 365
3  632 136 633
3  264 146 359
3  634 506 631
3  121 250 508
3  80 82 394
3  21 635 636
3  20 637 638
3  639 640 636
3  38 39 641
3  242 642 511
3  389 240 241
3  298 506 181
3  456 643 170
3  301 303 117
3  344 512 644
3  344 343 512
3  230 350 517
3  222 645 431
3  646 518 520
3  647 648 649
3  366 650 651
3  652 352 653
3  278 2 436
3  580 277 279
3  439 580 167
3  516 277 439
3  646 208 505
3  111 6 8
3  227 50 360
3  50 74 360
3  207 229 6
3  207 6 654
3  386 424 135
3  527 91 655
3  656 657 243
3  658 659 660
3  661 250 182
3  506 182 662
3  656 122 663
3  122 121 663
3  530 180 389
3  528 204 533
3  664 528 205
3  656 665 666
3  528 667 205
3  388 529 400
3  377 668 669
3  670 237 671
3  665 672 666
3  204 664 205
3  55 652 673
3  113 56 674
3  659 675 676
3  677 678 679
3  541 680 252
3  680 253 252
3  253 541 540
3  541 19 540
3  254 540 392
3  540 19 392
3  394 251 252
3  541 253 680
3  326 495 545
3  199 139 681
3  529 89 532
3  143 682 683
3  403 404 107
3  404 139 106
3  547 684 685
3  21 550 407
3  254 686 687
3  19 407 686
3  136 688 633
3  136 51 359
3  358 25 265
3  264 25 357
3  270 548 689
3  367 146 270
3  223 408 411
3  411 408 412
3  50 124 84
3  124 126 84
3  83 84 690
3  83 690 410
3  83 272 557
3  272 27 557
3  48 71 49
3  49 71 5
3  156 691 692
3  414 149 3
3  248 415 5
3  415 3 5
3  416 153 693
3  153 150 693
3  416 391 417
3  391 25 417
3  152 275 151
3  149 151 694
3  156 10 691
3  10 152 691
3  419 273 409
3  126 412 410
3  412 408 410
3  408 222 409
3  187 186 695
3  696 628 697
3  485 312 570
3  216 33 485
3  312 534 570
3  485 310 312
3  490 576 698
3  699 191 700
3  198 566 567
3  34 33 422
3  383 701 702
3  702 385 703
3  383 704 705
3  534 706 704
3  345 705 569
3  705 162 384
3  348 597 349
3  597 311 349
3  311 310 349
3  459 340 599
3  236 91 134
3  234 381 382
3  91 90 134
3  282 707 373
3  189 190 192
3  708 422 709
3  210 576 211
3  379 376 710
3  381 282 711
3  382 378 380
3  711 490 698
3  210 119 576
3  290 277 712
3  713 516 714
3  715 716 717
3  450 718 719
3  221 720 586
3  163 450 721
3  231 440 722
3  602 723 481
3  292 291 164
3  588 724 725
3  582 292 164
3  31 9 437
3  726 727 728
3  498 729 730
3  602 591 723
3  602 477 591
3  449 451 731
3  583 32 732
3  288 733 289
3  734 92 469
3  92 735 736
3  164 291 737
3  469 716 586
3  716 221 586
3  18 453 448
3  425 453 171
3  453 452 448
3  53 52 447
3  62 61 454
3  738 598 739
3  311 597 568
3  571 574 572
3  740 600 618
3  349 310 458
3  464 594 466
3  466 130 741
3  474 467 475
3  601 595 742
3  602 67 603
3  477 610 743
3  595 470 744
3  744 745 746
3  470 475 315
3  467 747 475
3  603 67 610
3  475 316 315
3  295 612 748
3  316 295 317
3  749 621 605
3  477 750 614
3  610 67 69
3  612 295 476
3  452 425 751
3  54 751 304
3  463 752 753
3  103 426 619
3  103 619 337
3  619 464 337
3  302 39 303
3  115 620 116
3  470 745 744
3  462 744 746
3  708 190 567
3  33 43 754
3  86 88 754
3  88 87 563
3  309 187 696
3  696 187 628
3  755 483 628
3  87 86 627
3  622 196 756
3  87 627 628
3  323 203 494
3  318 193 319
3  323 325 488
3  109 203 324
3  141 757 758
3  759 760 757
3  708 699 700
3  760 191 699
3  201 398 200
3  398 80 200
3  399 44 258
3  257 398 399
3  45 424 46
3  424 256 258
3  259 542 260
3  81 398 259
3  127 761 128
3  113 14 16
3  14 442 443
3  331 442 499
3  507 634 631
3  112 521 522
3  521 762 127
3  114 763 432
3  577 516 764
3  366 578 765
3  431 645 517
3  125 75 85
3  367 270 549
3  270 269 548
3  146 368 766
3  267 504 13
3  303 39 30
3  509 767 510
3  530 39 180
3  28 38 161
3  370 372 768
3  530 510 769
3  620 23 770
3  115 23 620
3  459 771 772
3  644 512 773
3  625 186 774
3  644 775 771
3  29 303 30
3  776 514 303
3  39 28 30
3  776 479 514
3  350 362 361
3  645 222 224
3  645 224 230
3  777 778 779
3  713 780 779
3  102 650 781
3  285 782 648
3  650 578 782
3  783 55 648
3  101 332 366
3  516 515 353
3  515 222 353
3  278 277 2
3  277 0 2
3  158 560 439
3  560 222 439
3  436 1 784
3  279 436 167
3  75 227 76
3  227 74 76
3  507 250 661
3  634 661 785
3  634 507 661
3  242 530 531
3  144 143 786
3  659 787 660
3  387 529 388
3  243 389 241
3  122 656 241
3  656 243 241
3  122 240 123
3  788 532 533
3  788 529 532
3  789 247 206
3  642 242 237
3  243 238 244
3  238 790 244
3  790 237 244
3  372 178 211
3  379 377 380
3  790 238 237
3  377 670 671
3  656 663 791
3  256 792 793
3  251 639 794
3  795 21 796
3  543 797 798
3  138 81 260
3  792 256 799
3  666 401 400
3  800 121 787
3  364 111 801
3  658 802 675
3  111 365 803
3  547 804 684
3  805 503 500
3  403 545 806
3  681 139 405
3  199 681 545
3  545 681 806
3  387 89 529
3  89 527 532
3  41 546 107
3  546 403 107
3  21 20 635
3  637 636 638
3  407 550 406
3  550 390 406
3  407 72 687
3  72 254 807
3  686 407 687
3  254 19 686
3  147 539 808
3  359 146 809
3  136 359 688
3  554 364 808
3  409 272 410
3  272 83 410
3  47 49 4
3  49 274 4
3  391 415 413
3  415 248 413
3  71 70 5
3  70 248 5
3  150 415 693
3  415 416 693
3  151 275 694
3  275 149 694
3  690 84 410
3  84 126 410
3  485 562 561
3  187 561 563
3  561 186 457
3  458 186 618
3  534 217 570
3  217 216 570
3  810 218 564
3  422 216 810
3  576 118 120
3  381 711 698
3  422 810 811
3  536 812 813
3  536 371 814
3  814 371 370
3  383 702 815
3  420 534 421
3  383 421 704
3  421 534 704
3  348 347 568
3  705 704 569
3  534 535 569
3  162 705 816
3  345 28 817
3  28 160 817
3  527 236 532
3  236 575 532
3  91 236 655
3  236 527 655
3  90 89 134
3  234 235 423
3  281 235 818
3  135 45 322
3  819 376 698
3  376 379 382
3  321 818 820
3  321 281 818
3  282 321 707
3  318 707 193
3  376 375 710
3  375 379 710
3  379 378 382
3  575 382 380
3  581 582 438
3  1 0 290
3  98 100 821
3  822 823 824
3  825 826 827
3  828 98 288
3  581 98 829
3  581 290 712
3  724 164 830
3  450 588 831
3  832 833 834
3  723 591 58
3  285 650 782
3  429 101 366
3  450 835 836
3  1 290 438
3  164 718 837
3  724 838 839
3  131 133 497
3  604 840 97
3  497 496 841
3  174 173 497
3  164 835 842
3  449 164 843
3  473 616 844
3  468 734 469
3  450 92 734
3  305 734 468
3  469 287 716
3  220 845 221
3  821 427 523
3  715 717 428
3  444 451 445
3  444 9 451
3  305 445 590
3  445 451 590
3  453 18 171
3  306 425 172
3  452 751 448
3  751 54 448
3  454 61 455
3  61 214 455
3  571 349 599
3  457 186 458
3  340 342 846
3  535 311 568
3  349 573 847
3  573 345 347
3  186 740 618
3  740 186 600
3  340 460 341
3  571 599 574
3  95 481 314
3  59 848 60
3  848 849 850
3  67 602 851
3  621 749 317
3  611 613 317
3  595 598 738
3  601 738 739
3  295 316 609
3  295 748 317
3  69 68 605
3  744 462 749
3  69 476 478
3  475 608 316
3  295 750 476
3  750 477 476
3  612 476 69
3  610 69 478
3  751 425 304
3  425 103 304
3  617 426 852
3  425 171 172
3  338 623 339
3  479 184 853
3  745 470 746
3  470 462 746
3  35 34 43
3  34 566 43
3  189 105 197
3  105 86 197
3  562 485 563
3  485 33 563
3  622 627 294
3  86 294 854
3  855 774 188
3  774 186 188
3  195 104 629
3  104 64 629
3  195 755 856
3  195 64 66
3  195 66 755
3  622 52 857
3  491 490 711
3  757 760 758
3  140 327 858
3  858 327 328
3  707 321 193
3  321 44 193
3  325 489 488
3  324 488 110
3  199 495 202
3  495 325 494
3  760 759 191
3  759 141 859
3  318 699 374
3  708 491 711
3  190 198 567
3  190 189 198
3  495 494 202
3  494 203 202
3  424 258 46
3  258 44 46
3  257 259 630
3  259 398 630
3  763 127 432
3  127 762 432
3  174 860 861
3  848 232 862
3  442 14 499
3  14 113 499
3  131 497 443
3  497 173 443
3  56 113 101
3  113 112 101
3  652 863 673
3  285 55 286
3  646 653 864
3  645 230 517
3  229 351 6
3  7 6 865
3  632 633 555
3  268 267 866
3  111 803 867
3  868 365 869
3  504 11 13
3  684 870 871
3  801 225 872
3  51 137 873
3  28 345 29
3  345 343 29
3  238 533 874
3  243 667 528
3  875 302 117
3  298 302 876
3  642 237 877
3  38 767 161
3  510 242 511
3  642 878 511
3  767 509 879
3  385 880 881
3  595 744 170
3  68 293 456
3  169 595 882
3  598 595 168
3  62 620 770
3  62 335 620
3  512 460 773
3  460 459 773
3  771 184 183
3  24 339 883
3  600 186 625
3  22 24 883
3  479 23 514
3  23 115 514
3  303 514 117
3  344 776 303
3  224 223 230
3  223 228 230
3  579 578 884
3  525 524 825
3  764 516 885
3  55 285 648
3  577 98 886
3  98 712 886
3  713 647 887
3  780 777 779
3  353 431 354
3  431 352 354
3  166 439 167
3  580 279 167
3  10 156 167
3  279 278 436
3  456 330 506
3  330 331 506
3  543 542 402
3  144 678 145
3  888 678 676
3  663 800 889
3  402 672 683
3  663 144 786
3  575 669 671
3  669 668 671
3  377 237 670
3  668 377 671
3  788 533 206
3  237 239 890
3  256 424 799
3  799 388 400
3  891 799 402
3  656 672 665
3  892 640 679
3  251 893 894
3  637 639 636
3  684 895 896
3  640 892 636
3  639 637 794
3  888 676 897
3  787 659 898
3  11 899 900
3  899 552 900
3  506 331 631
3  6 111 654
3  503 805 504
3  901 895 871
3  681 405 806
3  405 403 806
3  246 529 206
3  672 401 666
3  72 807 687
3  807 254 687
3  691 154 692
3  154 156 692
3  154 691 902
3  691 152 902
3  558 79 280
3  79 159 280
3  186 561 695
3  561 187 695
3  485 457 486
3  457 310 486
3  537 810 903
3  810 216 218
3  536 576 812
3  576 490 812
3  119 377 120
3  377 376 120
3  699 711 374
3  282 373 374
3  708 537 904
3  812 904 905
3  642 877 906
3  576 536 814
3  702 565 815
3  534 420 815
3  535 568 569
3  907 879 179
3  347 346 568
3  346 345 568
3  383 705 384
3  705 345 816
3  387 544 135
3  544 386 135
3  235 134 818
3  707 318 373
3  376 381 698
3  576 819 698
3  44 321 322
3  134 135 818
3  818 135 820
3  282 234 423
3  377 669 380
3  669 575 380
3  581 712 98
3  712 277 886
3  100 908 909
3  763 114 761
3  94 98 910
3  828 469 911
3  912 913 914
3  525 726 915
3  913 916 917
3  848 59 918
3  59 919 918
3  220 920 915
3  582 32 438
3  32 31 438
3  838 831 839
3  724 921 922
3  718 450 837
3  735 291 736
3  604 498 840
3  860 923 861
3  498 497 840
3  497 133 481
3  840 497 97
3  96 604 97
3  924 914 925
3  174 497 926
3  449 32 164
3  32 582 164
3  450 831 837
3  724 588 164
3  614 750 616
3  750 295 616
3  716 715 221
3  927 585 928
3  471 614 472
3  306 305 469
3  451 929 584
3  32 929 593
3  451 930 931
3  32 930 932
3  445 18 446
3  18 9 446
3  450 734 590
3  734 305 590
3  18 445 172
3  445 305 172
3  214 598 933
3  62 454 336
3  573 347 847
3  347 349 847
3  345 574 342
3  342 574 846
3  474 470 467
3  601 467 480
3  623 338 484
3  63 130 215
3  337 464 741
3  464 466 934
3  464 426 752
3  752 426 753
3  467 594 747
3  463 747 935
3  608 426 609
3  296 426 936
3  591 592 58
3  95 314 313
3  849 937 441
3  96 313 308
3  426 475 938
3  426 608 475
3  595 738 742
3  738 601 742
3  598 214 739
3  214 601 739
3  613 621 317
3  749 462 607
3  613 612 605
3  607 315 317
3  68 744 605
3  744 749 605
3  844 617 939
3  821 523 717
3  614 616 472
3  936 426 617
3  65 64 337
3  103 337 940
3  459 600 625
3  184 24 853
3  43 566 754
3  566 86 754
3  187 563 941
3  563 87 941
3  294 627 854
3  627 86 854
3  66 65 482
3  65 309 482
3  66 482 755
3  755 482 483
3  191 759 859
3  141 140 487
3  859 141 942
3  192 859 942
3  760 699 758
3  141 759 757
3  108 858 328
3  193 194 319
3  489 36 858
3  36 140 858
3  323 488 324
3  109 324 110
3  191 859 192
3  189 192 942
3  191 190 700
3  190 708 700
3  327 142 320
3  141 758 142
3  699 708 711
3  711 282 374
3  34 422 567
3  422 708 567
3  15 114 16
3  114 113 16
3  114 15 943
3  15 944 945
3  762 521 432
3  521 112 432
3  944 946 947
3  15 434 948
3  313 848 862
3  949 433 435
3  429 650 430
3  286 102 781
3  950 863 951
3  863 652 653
3  230 229 350
3  362 350 952
3  7 351 8
3  351 125 8
3  6 351 865
3  351 7 865
3  364 554 268
3  554 266 268
3  111 225 801
3  364 801 872
3  631 331 953
3  954 519 955
3  11 504 896
3  795 901 871
3  805 956 684
3  548 956 957
3  547 550 804
3  804 550 958
3  959 958 960
3  21 795 959
3  137 961 873
3  632 962 873
3  359 809 556
3  501 539 502
3  962 632 555
3  956 805 957
3  961 632 873
3  633 688 555
3  38 641 769
3  530 242 510
3  641 39 963
3  39 530 963
3  39 302 180
3  506 661 182
3  116 168 117
3  875 643 300
3  302 875 300
3  302 300 876
3  161 767 879
3  877 964 906
3  237 377 877
3  878 509 511
3  177 509 878
3  814 370 768
3  160 162 816
3  880 384 212
3  178 177 211
3  879 177 179
3  298 300 965
3  300 643 965
3  168 966 117
3  598 168 116
3  456 170 967
3  170 744 967
3  598 620 336
3  620 335 336
3  23 22 770
3  22 62 770
3  644 773 775
3  773 459 775
3  516 648 968
3  577 764 969
3  885 516 970
3  578 885 970
3  577 579 971
3  579 972 826
3  277 516 886
3  516 577 886
3  969 764 973
3  764 885 973
3  1 10 784
3  167 436 355
3  262 356 263
3  356 248 263
3  182 389 974
3  250 389 182
3  661 506 785
3  506 634 785
3  800 787 898
3  121 800 975
3  676 675 897
3  659 658 675
3  143 976 786
3  976 143 791
3  334 977 798
3  138 978 979
3  243 657 789
3  205 789 206
3  667 243 205
3  664 204 528
3  575 671 980
3  671 237 890
3  799 424 981
3  386 388 982
3  792 799 793
3  793 799 891
3  672 791 983
3  672 656 791
3  401 672 402
3  984 793 891
3  656 666 985
3  657 985 986
3  138 893 333
3  893 251 333
3  978 334 979
3  987 639 988
3  988 334 798
3  677 989 990
3  639 991 988
3  251 991 992
3  639 987 993
3  993 987 990
3  679 678 551
3  675 802 897
3  895 901 553
3  892 551 553
3  637 20 794
3  20 251 794
3  795 636 901
3  895 684 871
3  805 684 896
3  267 266 504
3  678 144 676
3  659 676 898
3  802 267 12
3  12 267 13
3  113 994 953
3  995 996 997
3  660 787 997
3  121 508 998
3  503 539 501
3  688 359 555
3  393 394 397
3  394 252 397
3  245 657 986
3  985 666 999
3  154 902 418
3  902 152 418
3  218 217 565
3  371 536 564
3  491 812 492
3  812 490 492
3  536 813 1000
3  813 904 1000
3  576 120 819
3  120 376 819
3  810 537 811
3  708 709 1001
3  537 709 811
3  709 422 811
3  177 878 964
3  814 768 1002
3  217 534 815
3  385 1003 703
3  420 383 815
3  565 217 815
3  99 98 822
3  98 577 822
3  100 427 821
3  733 98 821
3  98 292 829
3  292 581 829
3  291 98 94
3  469 1004 1005
3  735 92 737
3  291 735 737
3  114 943 761
3  219 525 1006
3  307 308 1007
3  220 59 592
3  1008 59 1009
3  220 219 1006
3  1010 1011 1012
3  914 917 925
3  498 604 729
3  604 307 729
3  921 831 922
3  831 588 725
3  724 839 1013
3  839 831 1013
3  718 164 719
3  450 719 721
3  837 831 830
3  164 837 830
3  602 481 851
3  481 67 851
3  497 481 97
3  481 95 97
3  1014 1015 1016
3  926 497 841
3  174 926 860
3  434 433 1017
3  835 164 836
3  450 1018 589
3  835 450 842
3  164 842 843
3  927 614 1019
3  295 1020 617
3  929 451 593
3  451 9 593
3  929 32 584
3  32 583 584
3  930 451 932
3  32 932 732
3  930 32 931
3  32 449 731
3  598 455 933
3  455 214 933
3  599 349 618
3  349 458 618
3  574 573 572
3  573 349 572
3  574 599 1021
3  599 340 1022
3  341 460 342
3  460 343 342
3  470 595 480
3  595 601 480
3  130 466 215
3  466 214 215
3  337 741 484
3  130 62 623
3  464 934 741
3  934 466 741
3  464 752 465
3  752 463 465
3  426 938 1023
3  747 463 753
3  747 594 935
3  594 463 935
3  314 481 1024
3  481 723 1024
3  475 747 1023
3  938 475 1023
3  749 607 317
3  607 462 461
3  426 296 609
3  296 295 609
3  610 478 743
3  478 477 743
3  605 612 606
3  612 69 606
3  295 297 1020
3  296 936 297
3  297 936 1020
3  306 469 852
3  65 337 596
3  1020 936 617
3  596 337 1025
3  1026 337 339
3  337 64 940
3  64 103 940
3  624 771 625
3  771 459 625
3  88 563 754
3  563 33 754
3  194 327 319
3  142 758 320
3  194 109 328
3  109 108 328
3  489 858 110
3  858 108 110
3  141 487 942
3  487 189 942
3  319 327 320
3  327 140 142
3  948 912 946
3  948 434 913
3  15 948 946
3  914 913 917
3  578 366 522
3  366 112 522
3  578 650 765
3  650 366 765
3  650 429 651
3  429 366 651
3  56 102 286
3  284 286 781
3  650 102 430
3  102 101 430
3  56 55 674
3  646 520 951
3  652 783 648
3  352 652 778
3  111 8 85
3  8 125 85
3  267 802 866
3  365 1027 869
3  225 962 872
3  962 364 872
3  113 519 954
3  995 994 1028
3  55 520 674
3  113 953 1029
3  269 249 548
3  249 390 548
3  504 805 896
3  1030 548 1031
3  137 136 961
3  136 632 961
3  539 554 808
3  962 555 808
3  510 767 1032
3  767 38 1032
3  963 530 769
3  641 963 769
3  180 302 181
3  298 181 1033
3  300 299 876
3  299 298 876
3  371 565 1003
3  384 880 385
3  643 456 965
3  456 298 965
3  966 643 117
3  643 875 117
3  168 170 966
3  170 643 966
3  595 170 882
3  170 169 882
3  744 68 967
3  68 456 967
3  344 644 185
3  339 184 1034
3  23 1035 1036
3  23 479 1035
3  771 775 772
3  775 459 772
3  207 654 505
3  803 365 867
3  578 969 973
3  578 577 969
3  427 100 909
3  823 826 824
3  100 99 908
3  99 822 824
3  713 714 780
3  778 652 779
3  647 516 887
3  516 713 887
3  516 353 714
3  353 778 780
3  436 784 355
3  784 10 355
3  243 531 1037
3  243 242 531
3  676 144 898
3  800 898 889
3  800 663 975
3  663 121 975
3  1027 660 869
3  953 994 995
3  678 677 145
3  677 143 145
3  678 888 551
3  552 899 553
3  990 987 1038
3  989 993 990
3  789 657 247
3  657 245 247
3  247 246 206
3  529 788 206
3  243 789 205
3  533 204 206
3  239 532 890
3  532 575 890
3  533 239 874
3  239 238 874
3  682 543 402
3  542 984 891
3  424 388 981
3  388 799 981
3  388 424 982
3  424 386 982
3  984 542 793
3  542 256 793
3  976 791 786
3  791 663 786
3  543 682 1039
3  682 143 1039
3  799 400 402
3  542 891 402
3  143 677 990
3  978 138 334
3  991 893 988
3  893 138 988
3  893 991 894
3  991 251 894
3  991 639 992
3  639 251 992
3  900 552 551
3  888 900 551
3  899 895 553
3  892 679 551
3  21 959 960
3  959 795 958
3  21 636 796
3  636 795 796
3  636 635 638
3  635 20 638
3  804 870 684
3  870 804 871
3  802 12 897
3  12 888 897
3  888 12 900
3  12 11 900
3  805 500 502
3  500 503 501
3  666 400 999
3  657 656 985
3  810 564 1040
3  564 536 538
3  537 903 1040
3  903 810 1040
3  812 491 904
3  491 708 904
3  709 537 1001
3  537 708 1001
3  704 706 569
3  706 534 569
3  972 579 825
3  579 826 823
3  92 450 737
3  164 737 165
3  291 93 1041
3  93 92 1041
3  717 523 428
3  98 733 288
3  717 716 1042
3  821 717 1042
3  524 427 909
3  727 128 1043
3  1044 1045 1046
3  96 95 313
3  308 313 1007
3  592 59 58
3  477 614 592
3  614 220 592
3  1047 1048 1049
3  1050 1010 1051
3  920 525 915
3  849 848 937
3  496 498 730
3  1048 1046 1052
3  1053 1054 1055
3  1044 1056 1057
3  831 725 922
3  725 724 922
3  831 921 1013
3  921 724 1013
3  719 164 721
3  164 163 721
3  831 838 830
3  838 724 830
3  1018 164 589
3  164 588 589
3  164 1018 836
3  1018 450 836
3  842 450 843
3  450 449 843
3  472 616 473
3  614 471 473
3  928 585 586
3  221 615 720
3  98 1004 910
3  469 92 94
3  1004 98 1005
3  469 1005 911
3  716 287 1042
3  287 1058 1059
3  932 451 732
3  451 583 732
3  32 731 931
3  731 451 931
3  599 1022 1021
3  574 1021 846
3  741 130 484
3  130 623 484
3  747 753 1023
3  426 1023 1060
3  748 612 317
3  612 611 317
3  1061 616 617
3  469 617 852
3  469 585 939
3  626 774 1062
3  24 184 339
3  1026 339 1063
3  309 696 697
3  622 755 628
3  622 857 196
3  857 52 196
3  758 699 320
3  699 318 320
3  433 949 1064
3  1065 176 1066
3  948 913 912
3  1067 947 925
3  127 825 884
3  825 579 884
3  56 286 57
3  286 55 57
3  650 285 781
3  285 284 781
3  863 950 520
3  520 950 951
3  863 653 1068
3  653 646 1068
3  885 578 973
3  652 55 783
3  353 780 1069
3  353 352 778
3  653 361 363
3  352 517 1070
3  350 361 1071
3  361 653 1071
3  646 864 952
3  864 363 952
3  368 549 957
3  270 689 549
3  962 225 873
3  225 51 873
3  368 147 766
3  147 146 1072
3  539 147 502
3  147 368 502
3  555 147 808
3  364 962 808
3  510 1032 769
3  1032 38 769
3  181 302 1033
3  302 298 1033
3  964 877 1073
3  377 119 211
3  509 177 879
3  178 372 179
3  162 161 1074
3  907 179 881
3  345 817 816
3  817 160 816
3  702 701 385
3  701 383 385
3  179 372 881
3  385 881 1075
3  514 513 117
3  513 115 117
3  644 183 1076
3  771 183 1077
3  184 771 1078
3  771 624 1078
3  24 1035 853
3  1035 479 853
3  1035 24 1036
3  24 23 1036
3  208 350 209
3  350 207 209
3  577 971 823
3  971 579 823
3  778 777 780
3  652 648 779
3  389 180 974
3  180 182 974
3  182 181 662
3  181 506 662
3  531 389 1037
3  243 1037 1079
3  898 144 889
3  144 663 889
3  508 787 998
3  787 121 998
3  866 802 660
3  802 658 660
3  365 268 1027
3  994 954 1028
3  365 868 867
3  519 505 955
3  679 640 993
3  640 639 993
3  671 890 980
3  890 575 980
3  682 402 683
3  672 983 683
3  143 797 1039
3  797 543 1039
3  334 260 977
3  797 988 798
3  334 988 979
3  988 138 979
3  988 797 1080
3  797 143 1080
3  958 550 960
3  550 21 960
3  901 636 1081
3  636 892 1081
3  505 519 1082
3  518 646 505
3  953 331 1029
3  331 113 1029
3  400 246 999
3  245 986 1083
3  564 538 1040
3  538 537 1040
3  904 537 1000
3  536 1000 1084
3  904 813 905
3  813 812 905
3  737 450 165
3  450 163 165
3  291 1041 736
3  1041 92 736
3  287 469 288
3  469 828 288
3  727 726 129
3  943 15 761
3  220 1085 1086
3  1085 525 1086
3  525 427 526
3  427 524 526
3  1008 726 1087
3  1087 726 1088
3  1089 1090 1091
3  1007 1092 1093
3  1067 440 441
3  833 1094 834
3  1055 1054 1095
3  1053 1096 1097
3  1007 862 1098
3  848 850 233
3  1099 1044 1053
3  440 1099 1100
3  1019 473 844
3  614 473 1019
3  1004 469 910
3  469 94 910
3  1005 98 911
3  98 828 911
3  221 845 615
3  845 220 615
3  615 614 720
3  720 928 586
3  219 221 428
3  221 715 428
3  1058 733 1059
3  733 821 1042
3  1021 1022 846
3  1022 340 846
3  1023 753 1060
3  753 426 1060
3  426 425 852
3  425 306 852
3  585 1019 939
3  1019 844 939
3  624 626 1101
3  625 774 626
3  855 1102 1103
3  337 1103 1025
3  1103 1026 1104
3  1063 1034 1105
3  339 623 883
3  623 22 883
3  187 941 628
3  941 87 628
3  628 483 697
3  483 309 697
3  755 196 856
3  196 195 856
3  196 755 756
3  622 756 1106
3  434 15 435
3  15 173 435
3  947 924 925
3  944 15 946
3  908 825 909
3  825 524 909
3  826 972 827
3  972 825 827
3  578 522 884
3  522 127 884
3  520 519 674
3  519 113 674
3  863 520 673
3  520 55 673
3  863 1068 951
3  1068 646 951
3  648 647 779
3  647 713 779
3  653 1070 1071
3  653 352 1070
3  1070 517 1071
3  517 350 1071
3  363 362 952
3  864 653 363
3  350 208 952
3  208 646 952
3  804 958 871
3  958 795 871
3  895 899 896
3  899 11 896
3  684 956 1030
3  956 548 1030
3  548 685 1031
3  548 547 685
3  549 689 957
3  689 548 957
3  805 502 957
3  502 368 957
3  147 1072 766
3  1072 146 766
3  147 555 148
3  555 359 556
3  211 576 1107
3  576 814 1107
3  377 211 1073
3  211 177 964
3  211 964 1073
3  877 377 1108
3  161 879 1109
3  879 907 212
3  880 212 881
3  212 907 881
3  881 372 1075
3  371 1075 1110
3  479 776 185
3  776 344 185
3  183 644 1077
3  644 771 1077
3  648 782 968
3  516 968 970
3  648 516 649
3  516 647 649
3  826 825 824
3  822 577 823
3  780 714 1069
3  714 353 1069
3  1037 389 1079
3  389 243 1079
3  631 995 997
3  955 505 1111
3  268 866 1027
3  866 660 1027
3  867 868 955
3  994 113 954
3  677 679 989
3  679 993 989
3  983 791 683
3  791 143 683
3  977 260 798
3  260 543 798
3  988 1080 990
3  1080 143 990
3  901 1081 553
3  1081 892 553
3  505 654 867
3  654 111 867
3  519 518 1082
3  518 505 1082
3  985 999 986
3  999 1083 1112
3  999 246 1083
3  246 245 1083
3  1000 537 1084
3  537 536 1084
3  135 322 820
3  322 321 820
3  733 1058 289
3  1058 287 289
3  945 727 1043
3  127 763 761
3  944 727 945
3  15 945 1043
3  525 1085 1006
3  1085 220 1006
3  525 920 1086
3  920 220 1086
3  1113 1114 1115
3  862 232 1098
3  314 1024 58
3  1024 723 58
3  1007 1098 1116
3  313 862 1007
3  726 728 441
3  232 848 233
3  919 726 918
3  848 918 937
3  233 850 441
3  727 944 947
3  59 915 1009
3  59 220 915
3  726 919 1088
3  59 1008 1087
3  1117 949 1118
3  1119 1065 1120
3  496 1015 1121
3  923 926 1121
3  912 924 947
3  1064 1122 916
3  1123 1124 1125
3  1126 1117 1127
3  1089 1091 1128
3  1129 1130 1089
3  1131 1098 1132
3  232 1133 1132
3  1044 1096 1053
3  1134 1135 1136
3  1131 1137 1098
3  1138 1139 1095
3  1133 232 1100
3  722 440 1140
3  616 1061 844
3  585 927 1019
3  1061 617 844
3  617 469 939
3  720 614 928
3  614 927 928
3  733 1042 1059
3  1042 287 1059
3  337 1026 1103
3  1034 1104 1105
3  1102 855 596
3  855 188 596
3  855 1103 1104
3  626 855 1104
3  1063 339 1034
3  1034 624 1104
3  756 755 1106
3  755 622 1106
3  685 684 1031
3  684 1030 1031
3  556 809 148
3  809 146 148
3  768 372 1002
3  372 211 1002
3  964 878 906
3  878 642 906
3  877 1108 1073
3  1108 377 1073
3  212 384 213
3  384 162 213
3  879 212 1109
3  212 162 1109
3  385 1075 1003
3  1075 371 1003
3  1075 372 1110
3  372 371 1141
3  183 185 1076
3  185 644 1076
3  968 782 970
3  782 578 970
3  825 908 1142
3  908 99 1142
3  996 660 997
3  631 953 995
3  787 508 997
3  508 631 997
3  995 1028 869
3  954 955 1028
3  987 988 1038
3  988 990 1038
3  1083 986 1112
3  986 999 1112
3  128 727 129
3  726 525 129
3  128 761 1043
3  761 15 1043
3  848 313 60
3  313 58 60
3  1129 1116 1143
3  729 307 1007
3  850 849 441
3  440 231 233
3  937 918 441
3  918 726 441
3  915 726 1009
3  726 1008 1009
3  919 59 1088
3  59 1087 1088
3  1064 949 1117
3  1144 1119 833
3  175 176 1145
3  176 1065 1145
3  1146 1126 925
3  1015 496 730
3  1093 1092 1147
3  434 1017 916
3  832 1148 1149
3  1092 1126 1147
3  1150 1011 1010
3  1151 1152 1153
3  1050 1150 1010
3  1011 1150 1154
3  1155 1045 1156
3  1047 1157 1158
3  1056 1044 1159
3  1130 1098 1089
3  1160 1161 1162
3  1163 1164 1165
3  1116 1098 1143
3  1098 232 1132
3  1096 1166 1167
3  1132 1133 1139
3  1054 1097 1095
3  1168 1133 1169
3  1067 441 947
3  441 728 947
3  946 912 947
3  728 727 947
3  1122 1146 917
3  924 912 914
3  1099 440 1156
3  440 1067 1129
3  440 1100 1140
3  232 231 722
3  1133 1100 1169
3  1133 1168 1055
3  774 855 1062
3  855 626 1062
3  184 1078 1034
3  1078 624 1034
3  1103 1102 1025
3  1102 596 1025
3  211 1107 1002
3  1107 814 1002
3  161 1109 1074
3  1109 162 1074
3  1003 565 703
3  565 702 703
3  372 1141 1110
3  1141 371 1110
3  825 1142 824
3  1142 99 824
3  1028 955 869
3  955 868 869
3  505 867 1111
3  867 955 1111
3  525 825 129
3  825 127 129
3  1066 861 1124
3  832 1144 833
3  1119 1120 1170
3  860 926 923
3  1144 832 1149
3  1065 1119 1149
3  730 729 1171
3  729 1007 1171
3  433 1064 1017
3  1017 1064 916
3  916 1122 917
3  913 434 916
3  832 834 1172
3  1173 1152 1174
3  1146 1122 1126
3  1122 1064 1117
3  1175 1176 1174
3  1176 1173 1174
3  1045 1044 1156
3  1044 1099 1156
3  1056 1046 1161
3  1046 1048 1114
3  1098 1090 1089
3  1113 1177 1178
3  1098 1137 1179
3  1113 1180 1181
3  1182 1183 1134
3  1184 1139 1185
3  917 1146 925
3  1126 1092 925
3  1155 1129 1049
3  1129 1157 1186
3  1100 232 1140
3  232 722 1140
3  1168 1099 1055
3  1099 1053 1055
3  1100 1099 1169
3  1099 1168 1169
3  626 1104 1101
3  1104 624 1101
3  1104 1026 1105
3  1026 1063 1105
3  660 996 869
3  996 995 869
3  1092 1116 925
3  1092 1007 1116
3  1122 1117 1126
3  949 1187 1118
3  173 587 1188
3  1187 1151 1118
3  176 174 861
3  1119 1144 1149
3  1016 1011 1125
3  1189 1190 1191
3  861 923 1124
3  923 1121 1014
3  1121 1015 1014
3  1015 730 1093
3  1149 1148 1145
3  1065 1149 1145
3  1154 1150 1192
3  1176 1175 1193
3  730 1171 1093
3  1171 1007 1093
3  1175 1094 1194
3  1094 1175 834
3  1195 1193 1196
3  1150 1050 1189
3  834 1175 1174
3  1152 1151 1197
3  949 435 1187
3  1151 1187 1188
3  440 1129 1156
3  1129 1155 1156
3  1056 1160 1182
3  1160 1183 1182
3  1138 1097 1198
3  1057 1182 1136
3  1096 1044 1199
3  1044 1057 1199
3  1044 1046 1159
3  1046 1056 1159
3  1046 1045 1052
3  1048 1052 1049
3  1185 1183 1200
3  1046 1114 1161
3  1090 1098 1164
3  1131 1132 1184
3  1139 1201 1185
3  1098 1179 1164
3  1116 1129 925
3  1129 1067 925
3  1114 1048 1115
3  1091 1158 1128
3  1047 1158 1115
3  1157 1047 1186
3  1098 1130 1143
3  1130 1129 1143
3  173 1188 1202
3  1188 1187 1202
3  1123 1066 1124
3  176 861 1066
3  1203 1154 1204
3  1123 1205 1206
3  926 841 1121
3  841 496 1121
3  1148 587 1145
3  587 175 1145
3  1188 587 1197
3  1151 1188 1197
3  1176 1195 1190
3  1190 1195 1191
3  1176 1189 1173
3  1189 1050 1173
3  1152 1173 1153
3  1173 1050 1153
3  1166 1207 1167
3  1057 1056 1182
3  1208 1209 1185
3  1180 1208 1185
3  1097 1138 1095
3  1054 1053 1097
3  1183 1160 1200
3  1160 1056 1161
3  1161 1114 1181
3  1114 1113 1181
3  1208 1178 1165
3  1129 1089 1128
3  1164 1179 1165
3  1177 1163 1178
3  1208 1137 1209
3  1132 1139 1184
3  1090 1163 1091
3  1163 1177 1091
3  1052 1045 1049
3  1045 1155 1049
3  1047 1049 1186
3  1049 1129 1186
3  1010 1012 1147
3  1012 1093 1147
3  1050 1051 1127
3  1051 1126 1127
3  587 1148 1197
3  1152 1197 1172
3  1187 435 1202
3  435 173 1202
3  1123 1120 1066
3  1120 1065 1066
3  1094 833 1170
3  833 1119 1170
3  1205 1203 1206
3  1203 1210 1211
3  1015 1093 1016
3  1124 1014 1125
3  1174 1152 1172
3  834 1174 1172
3  1094 1170 1211
3  1195 1176 1193
3  1194 1094 1211
3  1210 1194 1211
3  1195 1212 1191
3  1189 1176 1190
3  1151 1153 1118
3  1117 1118 1127
3  1183 1139 1134
3  1135 1207 1136
3  1097 1096 1198
3  1182 1134 1136
3  1139 1133 1095
3  1133 1055 1095
3  1161 1181 1162
3  1160 1162 1200
3  1178 1163 1165
3  1163 1090 1164
3  1208 1180 1178
3  1180 1113 1178
3  1209 1137 1184
3  1137 1131 1184
3  1139 1183 1201
3  1209 1184 1185
3  1091 1177 1158
3  1048 1047 1115
3  1093 1012 1016
3  1012 1011 1016
3  1126 1051 1147
3  1051 1010 1147
3  1118 1153 1127
3  1153 1050 1127
3  923 1014 1124
3  1014 1016 1125
3  1170 1120 1206
3  1120 1123 1206
3  1203 1205 1154
3  1205 1011 1154
3  1197 1148 1172
3  1148 832 1172
3  1194 1210 1196
3  1193 1175 1194
3  1193 1194 1196
3  1212 1213 1192
3  1134 1139 1214
3  1139 1138 1214
3  1096 1199 1166
3  1199 1057 1166
3  1134 1214 1135
3  1214 1138 1135
3  1138 1198 1167
3  1198 1096 1167
3  1179 1137 1165
3  1137 1208 1165
3  1201 1183 1185
3  1180 1185 1200
3  1158 1177 1115
3  1177 1113 1115
3  1158 1157 1128
3  1157 1129 1128
3  1011 1205 1125
3  1205 1123 1125
3  1170 1206 1211
3  1206 1203 1211
3  1210 1213 1196
3  1210 1203 1213
3  1212 1150 1191
3  1150 1189 1191
3  1213 1212 1196
3  1212 1195 1196
3  1207 1166 1136
3  1166 1057 1136
3  1207 1135 1167
3  1135 1138 1167
3  1162 1181 1200
3  1181 1180 1200
3  1150 1212 1192
3  1213 1203 1204
3  1213 1204 1192
3  1204 1154 1192
