OFF
333 662 0
-259.618 -68.1873 431.593
-162.064 -206.681 431.592
-146.722 -190.396 435.896
283.147 42.1105 349.879
260.716 -47.6143 319.723
191.776 -47.0945 190.421
-243.704 -104.741 315.423
-267.014 -107.453 418.691
-266.235 -25.5084 306.83
24.6765 278.806 358.468
19.8594 279.185 401.48
132.368 230.564 418.682
-304.038 23.8632 427.298
170.634 100.315 199.022
126.383 1.23659 121.214
137.93 -211.117 435.896
63.7435 -217.098 435.896
114.45 -225.26 435.896
-14.6714 -199.816 190.437
-48.5659 -123.096 112.655
18.0757 -103.917 90.9835
259.094 -45.2842 435.896
208.269 -131.823 435.896
-269.349 46.4869 324.042
-231.863 93.5685 302.47
-171.869 91.772 207.606
-153.415 -152.8 435.896
-227.031 68.1786 435.896
-223.532 -40.7499 435.896
169.084 180.331 435.896
97.4228 233.871 431.591
64.6168 217.495 435.896
-113.325 241.166 427.289
-34.9422 263.602 324.023
-109.057 215.671 268.031
-96.8451 201.555 199.172
39.4729 263.224 315.425
17.9526 210.084 229.182
115.425 -243.014 405.774
160.668 -207.67 414.376
229.191 -121.786 414.375
248.255 -85.8872 354.129
191.125 -119.748 250.759
147.595 -198.208 319.667
148.551 -167.602 255.051
-93.0096 -165.114 194.674
-124.624 -22.1105 112.615
-72.4439 -75.6671 95.2774
-155.604 -96.2746 186.044
181.877 208.086 311.156
-180.768 73.5698 211.907
-103.634 14.424 95.2757
-162.372 214.808 431.593
-29.2982 241.234 435.896
-153.49 195.157 328.276
-222.889 150.076 401.47
-207.387 -44.84 220.593
-163.474 172.758 298.126
273.197 -50.9504 410.082
248.986 121.259 427.291
243.834 156.395 388.588
50.0466 177.929 190.353
19.5644 -275.704 362.761
39.9059 -263.05 431.593
69.6411 -237.288 289.555
76.5769 -164.866 190.332
-139.493 -244.871 354.17
-32.1272 -219.54 233.543
128.393 -203.27 298.132
-160.208 -124.231 207.648
-219.934 -127.83 302.482
-185.266 -166.299 298.163
-8.90427 4.43542 -4.65661e-09
-9.27538 3.59461 -9.77889e-09
-9.03659 4.159 -9.31323e-10
-64.3074 -257.775 405.77
4.9854 -270.628 388.564
-62.6094 -225.99 435.896
-157.235 -208.434 431.592
126.716 152.335 186.127
10.9913 255.364 422.983
36.1331 258.043 418.68
167.814 207.737 431.592
203.35 193.046 388.577
-1.52581 9.83298 2.56114e-09
-1.22238 9.87532 -4.24916e-09
22.4557 127.533 112.635
153.019 222.571 384.262
143.763 -218.888 367.039
2.72216 9.57087 1.28057e-09
3.0155 9.48248 2.32831e-10
4.97355 8.61759 2.79397e-09
-147.087 -231.904 397.173
-136.505 -168.645 242.115
-177.471 -216.047 362.767
-182.431 115.23 246.418
-68.2595 79.4688 95.2774
-85.778 62.4801 99.5843
-4.28677 -7.98542 -5.51809e-08
-5.02919 8.12516 -2.11876e-08
2.13814 8.5036 -1.58325e-08
158.858 -114.579 190.404
110.108 -64.3832 116.918
34.719 -233.125 435.896
-73.7074 230.87 435.896
-101.659 48.6902 108.225
-98.2264 28.6105 95.2596
-138.64 87.9842 168.739
-194.363 133.473 289.512
-113.003 216.728 435.896
-6.92451 -7.14374 -5.12227e-09
-7.14114 -6.92704 5.58794e-09
134.854 229.534 311.125
4.43381 8.90753 -3.25963e-09
4.70591 8.76671 -2.56114e-09
5.49443 8.29495 -3.95812e-09
72.1602 -107.339 125.527
140.399 -143.594 207.628
-0.917803 -9.90829 -7.15954e-09
-1.22238 -9.87532 1.97906e-09
-183.225 -45.6053 190.374
4.1575 9.03989 6.75209e-09
-1.82779 -9.78131 1.97906e-08
-1.52579 -9.83298 -2.18279e-08
-7.35099 -6.70376 -3.25963e-09
-0.917806 9.90829 2.38651e-09
-7.74959 6.23834 -1.21072e-08
-5.99447 7.94085 -1.3737e-08
261.218 -71.8063 384.263
96.1472 -80.8615 112.609
-6.23607 -7.75242 -4.33065e-08
-2.40222 -9.55465 -4.55184e-08
-3.30596 -9.38508 -3.53903e-08
-7.351 6.70376 -3.25963e-09
-7.55388 6.47412 6.51926e-09
-8.11879 5.74926 9.31323e-10
-8.29192 5.49642 0
-115.132 -187.688 435.896
1.52581 9.83298 -3.25963e-09
2.42624 9.65019 -1.21072e-08
0.917805 9.90829 -2.2701e-09
-2.72217 -9.57087 2.95695e-08
-3.01549 -9.48248 -2.59606e-08
6.23607 -7.75242 3.95812e-08
6.47177 -7.55662 -2.42144e-08
99.6737 41.7953 99.5952
9.56736 2.72314 1.21072e-08
9.479 3.01658 6.51926e-09
-9.82937 1.52635 -4.65661e-10
-9.87169 1.22282 -8.3819e-09
-1.82778 9.78131 -4.30737e-09
-4.70591 -8.76672 -2.56114e-08
-1.21027 -9.77754 -5.01168e-08
4.77009 -7.70625 -4.35393e-08
5.51968 -7.80002 -4.09782e-08
-5.74717 -8.12176 -2.30502e-08
3.30597 9.38508 -7.21775e-09
-0.612354 9.93187 -1.28057e-09
0.303294 9.84754 -7.567e-09
-9.56736 -2.72314 -1.86265e-08
-9.56736 2.72315 -1.86265e-08
-7.93795 5.99665 -1.21072e-08
9.479 -3.01659 1.30385e-08
-8.45718 -5.23838 -8.3819e-09
-8.61443 -4.97536 -1.02445e-08
-7.74959 -6.23834 -7.45058e-09
-4.43381 -8.90753 -1.02445e-08
-7.93795 -5.99665 -6.51926e-09
-8.29192 -5.49643 9.31323e-10
9.77772 1.82844 -8.84756e-09
9.94709 0 -9.31323e-09
8.67676 4.66098 -1.35042e-08
-0.306323 9.94602 -3.20142e-10
3.87724 9.16369 4.65661e-10
3.59331 9.27878 -9.31323e-10
8.76351 -4.70762 2.37487e-08
8.90427 -4.43541 -5.12227e-09
-8.61443 4.97536 -1.35042e-08
5.23648 8.46028 -2.09548e-09
2.72217 -9.57087 -2.99187e-08
5.87584 -7.78355 -3.44589e-08
4.38994 -8.81932 -2.28174e-08
3.30596 -9.38508 3.60887e-08
3.59331 -9.27878 -1.62981e-08
-8.45719 5.23838 -9.31323e-09
1.82778 9.78131 5.70435e-09
2.12802 9.72036 -6.98492e-10
7.74958 -6.23835 3.63216e-08
7.55388 -6.47411 -2.04891e-08
0.306333 -9.94602 -3.41388e-08
-6.92451 7.14374 3.72529e-09
-6.70132 7.35367 -2.32831e-09
0.306322 9.94602 3.20142e-10
0.612353 9.93187 1.42609e-09
-3.59331 -9.27878 1.3737e-08
-3.87724 -9.16369 -3.72529e-09
-5.49443 -8.29496 3.0268e-09
-5.23648 -8.46028 1.21072e-08
-4.15751 -9.03989 9.77889e-09
-6.47177 -7.55662 2.23517e-08
-2.12802 -9.72036 1.5134e-09
1.22238 9.87532 3.55067e-09
9.77772 -1.82843 -9.77889e-09
9.27538 -3.59461 -7.91624e-09
7.79733 -5.52145 -2.6077e-08
9.82937 1.52635 1.39698e-09
-0.306333 -9.94602 3.40224e-08
-0.612352 -9.93187 -8.06176e-09
1.18661e-07 -9.95074 1.17961e-16
-9.38164 3.30717 -3.72529e-09
-9.479 3.01658 4.65661e-10
-7.14114 6.92704 5.12227e-09
-4.97355 8.61759 -1.53668e-08
-4.43381 8.90753 -1.35042e-08
-6.23607 7.75242 -2.32831e-09
-1.21029 9.77754 -8.20728e-09
-5.99447 -7.94085 -7.45058e-09
-4.97355 -8.61759 -1.35042e-08
9.56736 -2.72313 2.32831e-09
1.5258 -9.83298 2.25846e-08
1.22239 -9.87532 -3.08501e-09
1.82779 -9.78131 -2.11876e-08
-6.70132 -7.35367 -4.65661e-10
-7.55388 -6.47412 7.45058e-09
-8.11879 -5.74926 7.45058e-09
-8.76351 -4.70762 -1.02445e-08
-9.27538 -3.59461 -9.77889e-09
-9.64665 2.42711 -1.86265e-09
-4.34961e-07 9.95074 -2.498e-16
7.47911 6.40999 -5.58794e-09
2.12802 -9.72036 -2.79397e-09
-9.16033 3.87864 -2.32831e-09
-8.76351 4.70761 -1.21072e-08
-2.72216 9.57087 -3.60887e-09
-4.1575 9.03989 5.12227e-09
-5.23647 8.46028 -1.46683e-08
8.29192 5.49643 4.65661e-10
8.61444 4.97536 0
-2.42624 -9.65019 1.851e-08
-9.479 -3.01658 -3.25963e-09
-9.03659 -4.159 -2.79397e-09
-8.90427 -4.43542 -5.58794e-09
-9.71679 2.12878 -8.84756e-09
-9.92822 0.612573 -1.07102e-08
-9.92822 -0.612574 -1.07102e-08
-0.89056 9.61398 -1.03028e-08
7.55388 6.47412 4.65661e-10
7.351 6.70376 -2.32831e-09
9.92822 0.612574 1.07102e-08
9.90465 0.918135 3.25963e-09
5.23649 -8.46027 -9.31323e-09
4.15751 -9.03989 -9.77889e-09
0.612357 -9.93187 8.14907e-09
-2.12802 9.72036 -9.31323e-10
-3.0155 9.48247 2.44472e-09
-3.87724 9.16368 -2.56114e-09
-6.47177 7.55662 5.12227e-09
-4.21442 -8.46651 -5.30854e-08
8.11878 -5.74927 1.67638e-08
8.29192 -5.49643 1.86265e-09
9.64665 2.42711 1.86265e-09
9.38164 3.30717 -4.65661e-09
-5.49444 8.29495 2.56114e-09
-5.74718 8.12175 1.28057e-08
-9.38164 -3.30717 -3.72529e-09
-9.94709 -8.69602e-07 9.31323e-09
-9.94237 -0.30643 -4.65661e-10
-9.94237 0.306431 -4.65661e-10
-9.87169 -1.22282 -8.84756e-09
-9.71679 -2.12879 -1.07102e-08
-4.70591 8.76671 -1.16415e-09
3.0155 -9.48248 2.64263e-08
0.917808 -9.90829 7.10133e-09
-2.42624 9.65019 1.234e-08
-3.30598 9.38508 8.14907e-09
-3.59331 9.27878 3.25963e-09
9.71679 2.12879 7.91624e-09
-9.16033 -3.87864 -1.39698e-09
-9.77772 1.82844 6.0536e-09
-9.77772 -1.82844 5.12227e-09
-9.82937 -1.52635 -4.65661e-10
-9.64665 -2.42711 -3.72529e-09
7.14114 -6.92704 1.76951e-08
7.93795 -5.99665 8.84756e-09
2.42624 -9.65019 -1.9907e-08
8.76351 4.70762 1.62981e-08
4.25832 -8.5547 -3.70201e-08
7.78082 -5.87783 -2.32831e-08
8.11879 5.74926 5.12227e-09
6.70132 -7.35368 1.16415e-08
7.35099 -6.70376 1.21072e-08
5.49443 -8.29495 -6.98492e-10
5.74717 -8.12175 2.07219e-08
5.99447 -7.94085 1.62981e-09
7.70372 -4.77136 -2.7474e-08
9.16912 -2.30688 -1.53668e-08
4.70591 -8.76672 2.37487e-08
4.43381 -8.90753 1.0943e-08
9.38164 -3.30718 9.31323e-09
9.92822 -0.612577 1.07102e-08
9.94237 -0.306418 -4.65661e-10
9.87169 -1.22283 9.77889e-09
9.90465 -0.918136 5.12227e-09
9.03658 4.159 4.65661e-09
8.90427 4.43541 -3.25963e-09
9.27538 3.59461 3.72529e-09
9.16033 3.87865 4.19095e-09
6.23608 7.75242 1.86265e-09
5.99447 7.94085 3.49246e-09
6.92452 7.14374 9.31323e-10
6.70132 7.35367 -2.32831e-09
7.14114 6.92703 -2.32831e-09
-9.90465 0.918137 -5.12227e-09
-9.90465 -0.918138 -5.12227e-09
6.92451 -7.14374 1.76951e-08
8.81613 -4.39147 -1.21072e-08
9.03659 -4.15899 -5.58794e-09
9.16033 -3.87865 6.51926e-09
9.82936 -1.52636 6.0536e-09
3.80052 8.98221 -9.54606e-09
9.94237 0.306433 4.65661e-10
8.45719 -5.23837 -9.31323e-10
4.97355 -8.61759 1.35042e-08
9.64666 -2.4271 -3.72529e-09
9.71679 -2.12879 5.58794e-09
9.87169 1.22282 8.84756e-09
8.45719 5.23838 2.32831e-09
7.93795 5.99665 6.51926e-09
7.74959 6.23834 6.98492e-09
6.47177 7.55663 1.86265e-09
3.87724 -9.16369 6.28643e-09
8.61444 -4.97536 5.58794e-09
5.74718 8.12175 7.21775e-09
3  0 1 2
3  3 4 5
3  6 7 8
3  9 10 11
3  8 7 12
3  13 5 14
3  15 16 17
3  18 19 20
3  21 15 22
3  23 24 25
3  26 27 28
3  29 30 31
3  32 33 34
3  35 36 37
3  15 38 39
3  40 39 41
3  42 43 44
3  19 18 45
3  46 47 48
3  49 3 13
3  46 50 51
3  32 34 52
3  13 3 5
3  53 21 29
3  54 55 52
3  16 21 27
3  6 8 56
3  54 35 57
3  58 3 59
3  32 10 33
3  49 60 3
3  37 36 61
3  62 38 63
3  64 18 65
3  62 66 67
3  64 44 68
3  18 67 45
3  19 69 47
3  6 69 70
3  69 71 70
3  55 23 12
3  72 73 74
3  50 23 25
3  75 62 76
3  53 29 31
3  26 28 2
3  21 16 15
3  77 1 78
3  79 49 13
3  4 3 58
3  80 30 81
3  23 8 12
3  82 11 30
3  36 35 33
3  11 82 83
3  3 60 59
3  84 35 85
3  35 86 85
3  83 49 87
3  11 83 87
3  41 39 88
3  38 62 64
3  89 86 90
3  86 79 91
3  1 75 78
3  1 92 75
3  67 66 45
3  18 62 67
3  45 66 93
3  69 19 45
3  8 23 56
3  23 46 56
3  69 66 71
3  66 92 94
3  7 6 94
3  92 1 94
3  24 35 95
3  35 96 97
3  98 99 100
3  5 101 102
3  1 7 94
3  6 70 94
3  12 7 0
3  27 12 28
3  17 77 103
3  16 27 26
3  27 21 53
3  32 52 104
3  42 4 41
3  40 21 22
3  25 105 106
3  105 25 107
3  23 55 24
3  24 55 108
3  28 12 0
3  12 27 52
3  36 33 9
3  33 10 9
3  10 32 53
3  27 53 109
3  21 58 59
3  60 82 59
3  36 79 61
3  86 35 37
3  110 47 111
3  105 97 106
3  82 60 83
3  49 79 112
3  60 49 83
3  9 11 87
3  79 36 112
3  36 9 112
3  4 42 5
3  113 114 115
3  42 101 5
3  43 41 88
3  62 18 64
3  18 20 65
3  65 116 117
3  65 20 116
3  106 97 72
3  118 19 119
3  63 38 17
3  38 15 17
3  17 16 77
3  16 26 77
3  92 66 75
3  66 62 75
3  66 69 93
3  69 45 93
3  56 46 120
3  69 6 56
3  70 71 94
3  71 66 94
3  46 23 50
3  51 25 106
3  7 1 0
3  28 0 2
3  34 54 52
3  53 32 104
3  44 43 68
3  43 42 41
3  29 21 59
3  21 40 58
3  15 39 22
3  39 40 22
3  55 57 108
3  55 54 57
3  30 53 31
3  10 53 80
3  33 35 34
3  35 54 34
3  27 109 52
3  55 12 52
3  82 29 59
3  29 82 30
3  11 10 30
3  53 30 80
3  79 86 61
3  86 37 61
3  121 86 113
3  19 47 110
3  51 50 25
3  19 122 123
3  97 105 107
3  110 111 124
3  49 112 87
3  112 9 87
3  85 86 125
3  126 127 99
3  40 41 128
3  41 4 128
3  117 116 129
3  101 42 44
3  130 131 132
3  102 101 129
3  96 133 134
3  97 135 136
3  1 77 2
3  77 26 137
3  75 63 78
3  63 77 78
3  77 63 103
3  63 17 103
3  62 63 76
3  63 75 76
3  120 46 48
3  69 56 120
3  39 38 88
3  38 64 88
3  57 35 108
3  35 24 108
3  77 137 2
3  137 26 2
3  138 139 140
3  141 19 142
3  129 143 144
3  145 146 147
3  4 58 128
3  58 40 128
3  43 88 68
3  88 64 68
3  101 117 129
3  64 65 117
3  51 148 149
3  84 85 150
3  151 130 132
3  152 153 154
3  111 47 124
3  130 151 155
3  47 69 48
3  69 120 48
3  35 25 95
3  25 24 95
3  52 109 104
3  109 53 104
3  30 10 81
3  10 80 81
3  156 113 115
3  79 13 145
3  85 157 158
3  86 156 90
3  25 35 107
3  35 97 107
3  101 44 117
3  44 64 117
3  159 160 130
3  96 161 135
3  5 102 162
3  110 124 130
3  163 46 164
3  124 165 130
3  19 151 166
3  165 167 130
3  123 131 152
3  168 163 167
3  169 170 171
3  145 13 14
3  157 172 158
3  173 121 113
3  96 134 126
3  156 86 174
3  102 175 176
3  160 177 99
3  116 20 129
3  91 178 114
3  179 180 181
3  20 182 183
3  97 184 177
3  106 72 74
3  96 35 133
3  185 86 186
3  187 129 188
3  189 152 179
3  133 190 191
3  192 86 193
3  119 19 123
3  118 119 123
3  194 195 132
3  195 166 132
3  19 196 197
3  198 19 166
3  19 199 130
3  160 98 130
3  168 47 163
3  196 19 155
3  47 46 163
3  123 200 142
3  86 89 139
3  157 86 172
3  139 158 140
3  201 138 140
3  100 139 171
3  134 133 126
3  202 203 204
3  145 205 169
3  20 19 206
3  207 189 208
3  184 161 177
3  98 160 99
3  51 209 210
3  160 209 73
3  133 35 211
3  99 212 213
3  35 127 214
3  158 139 215
3  19 216 155
3  151 19 217
3  5 162 218
3  219 220 221
3  161 126 177
3  161 96 126
3  122 19 200
3  19 194 132
3  166 151 132
3  122 200 123
3  199 19 222
3  19 110 222
3  165 124 223
3  167 163 130
3  165 47 167
3  168 167 224
3  159 225 226
3  51 160 227
3  86 157 125
3  157 85 125
3  86 192 228
3  86 139 186
3  177 126 99
3  172 228 158
3  156 139 90
3  139 89 90
3  115 229 171
3  86 121 173
3  180 144 181
3  230 20 221
3  135 161 136
3  97 96 135
3  106 231 73
3  160 73 232
3  97 177 232
3  177 160 232
3  209 160 210
3  160 51 210
3  233 150 213
3  35 234 213
3  85 158 215
3  212 127 235
3  199 222 130
3  222 110 130
3  194 19 195
3  19 198 195
3  19 197 217
3  197 196 217
3  236 237 171
3  214 127 191
3  118 123 207
3  220 189 221
3  200 19 238
3  19 141 238
3  124 47 223
3  47 165 223
3  167 47 224
3  47 168 224
3  46 159 239
3  46 240 241
3  148 242 149
3  243 159 244
3  86 228 172
3  86 201 140
3  127 212 99
3  99 215 245
3  201 86 138
3  86 185 138
3  139 138 186
3  138 185 186
3  79 246 247
3  156 173 113
3  14 248 249
3  189 123 152
3  181 250 251
3  181 251 183
3  20 189 252
3  20 219 221
3  161 184 136
3  184 97 136
3  209 51 73
3  51 106 73
3  73 231 74
3  231 106 74
3  35 150 253
3  35 84 150
3  35 233 254
3  234 255 213
3  35 256 191
3  256 214 191
3  159 130 225
3  46 225 164
3  131 130 257
3  130 98 257
3  19 130 216
3  216 130 155
3  131 123 132
3  195 198 166
3  151 217 155
3  217 196 155
3  102 129 175
3  129 258 259
3  147 260 261
3  144 180 188
3  190 35 191
3  256 35 214
3  35 262 263
3  127 262 235
3  206 207 208
3  123 189 207
3  132 123 142
3  19 132 142
3  46 264 226
3  264 159 226
3  46 265 266
3  46 243 267
3  160 243 149
3  268 159 269
3  158 228 140
3  228 192 140
3  212 35 270
3  150 85 215
3  86 173 174
3  173 156 174
3  182 20 271
3  179 181 183
3  20 272 220
3  219 20 220
3  73 72 232
3  72 97 232
3  150 233 253
3  35 253 273
3  35 255 234
3  255 233 213
3  233 255 254
3  274 254 275
3  35 190 211
3  190 133 211
3  127 126 191
3  126 133 191
3  225 130 164
3  130 163 164
3  225 241 226
3  225 46 241
3  276 145 169
3  129 20 250
3  114 178 115
3  99 139 100
3  262 35 235
3  35 212 235
3  262 127 263
3  127 35 263
3  206 19 207
3  19 118 207
3  131 257 152
3  257 98 152
3  272 189 220
3  182 271 183
3  189 272 252
3  272 20 252
3  189 20 208
3  20 206 208
3  200 238 142
3  238 141 142
3  159 264 239
3  264 46 239
3  241 240 226
3  46 226 277
3  160 159 243
3  51 242 278
3  279 280 269
3  279 46 280
3  280 268 269
3  159 46 281
3  86 140 193
3  140 192 193
3  215 139 245
3  139 99 245
3  150 215 213
3  215 99 213
3  253 233 273
3  233 35 273
3  35 274 275
3  274 35 254
3  282 144 188
3  258 283 259
3  271 20 179
3  221 179 284
3  145 285 237
3  179 152 286
3  145 14 205
3  188 154 287
3  79 236 288
3  79 145 236
3  86 91 114
3  91 79 178
3  171 229 247
3  152 98 153
3  226 240 277
3  240 46 277
3  160 242 227
3  242 51 227
3  243 266 267
3  242 160 149
3  242 148 278
3  148 51 278
3  35 213 270
3  213 212 270
3  254 255 275
3  255 35 275
3  129 144 289
3  129 282 290
3  129 291 292
3  291 144 293
3  294 295 204
3  180 154 188
3  189 179 221
3  230 221 284
3  181 144 250
3  296 20 297
3  162 298 218
3  102 203 298
3  5 299 300
3  301 202 302
3  14 300 170
3  295 202 204
3  145 303 304
3  260 169 261
3  145 305 306
3  306 305 261
3  79 307 308
3  79 309 310
3  79 247 311
3  113 86 114
3  305 145 261
3  153 98 100
3  187 188 283
3  180 179 154
3  243 46 312
3  46 51 312
3  46 244 313
3  244 159 268
3  129 289 314
3  289 144 314
3  144 291 250
3  291 129 250
3  144 143 293
3  143 129 293
3  179 20 284
3  20 230 284
3  204 203 315
3  102 316 317
3  298 203 218
3  162 102 298
3  5 301 302
3  5 202 318
3  294 154 171
3  169 205 249
3  178 79 115
3  171 237 304
3  145 276 260
3  145 147 261
3  115 307 310
3  171 139 319
3  246 236 247
3  236 171 247
3  170 294 171
3  139 156 115
3  152 154 286
3  154 179 286
3  249 248 320
3  153 100 171
3  243 312 149
3  312 51 149
3  243 244 266
3  244 46 266
3  46 279 269
3  280 46 268
3  282 188 290
3  188 129 290
3  154 204 287
3  154 294 204
3  283 188 259
3  188 176 321
3  144 282 314
3  282 129 314
3  250 20 322
3  20 296 322
3  251 250 297
3  20 251 297
3  291 293 292
3  293 129 292
3  203 316 315
3  316 102 176
3  316 203 317
3  203 102 317
3  203 202 323
3  5 323 324
3  170 300 302
3  202 170 302
3  295 294 170
3  14 5 300
3  202 295 170
3  205 14 325
3  276 169 260
3  169 171 261
3  154 153 171
3  236 145 326
3  236 246 327
3  79 327 328
3  247 229 311
3  307 79 329
3  236 326 237
3  326 145 237
3  266 265 267
3  265 46 267
3  244 268 313
3  268 46 313
3  159 281 269
3  281 46 269
3  188 287 315
3  287 204 315
3  258 129 283
3  129 187 283
3  250 322 297
3  322 296 297
3  271 179 183
3  251 20 330
3  129 321 331
3  321 176 331
3  170 169 249
3  248 14 320
3  203 323 218
3  323 5 218
3  323 202 324
3  202 5 324
3  202 301 318
3  301 5 318
3  300 299 302
3  299 5 302
3  307 115 308
3  115 79 332
3  229 115 310
3  229 310 311
3  147 146 260
3  146 145 260
3  236 327 288
3  327 79 288
3  327 246 328
3  246 79 328
3  307 329 310
3  329 79 310
3  237 285 304
3  285 145 304
3  316 176 315
3  176 188 315
3  251 330 183
3  330 20 183
3  188 321 259
3  321 129 259
3  176 175 331
3  175 129 331
3  205 325 249
3  325 14 249
3  139 115 319
3  115 171 319
3  115 332 308
3  332 79 308
3  310 309 311
3  309 79 311
3  304 303 306
3  303 145 306
3  171 304 261
3  304 306 261
3  14 170 320
3  170 249 320
