OFF
935 1866 0
81.3455 -6.8082 103.755
87.3008 0 112.395
90.0726 0 116.715
0.30687 -9.94602 0.00139244
21.7849 -112.357 172.82
1.18661e-07 -9.95074 5.39002e-10
9.49606 -3.01663 0.0430887
76.1212 -17.5548 99.4321
9.39853 -3.30722 0.0426461
-56.0474 -162.607 435.896
-70.5254 -165.388 427.275
-26.9036 -180.776 435.896
-51.8393 164.742 435.896
-26.5753 176.172 414.342
-51.604 169.326 418.653
-161.719 -1.41463 435.896
-127.93 100.995 435.896
-15.9837 -128.291 207.343
-10.3739 -128.772 207.343
121.424 0 168.538
81.1578 -20.1991 108.072
118.96 0 164.22
-174.178 14.015 431.585
-180.84 -4.25454 427.275
-146.979 -99.4954 435.896
-169.101 45.7417 341.061
-144.355 89.0078 306.572
-156.894 58.1615 302.258
79.7362 -15.8724 103.754
80.5298 -12.3548 103.755
111.396 0 151.266
-56.7294 167.461 336.754
-27.5413 170.918 341.058
66.8585 105.851 194.402
107.87 127.266 306.566
81.1598 97.2297 198.716
-26.2871 -126.678 207.344
-1.52853 -9.83298 -0.00693579
200.479 0 435.896
78.0915 -163.183 435.896
162.071 0 250.534
146.395 81.3083 306.567
163.855 0 254.848
-118.256 61.9725 211.666
-122.189 75.5178 237.553
-89.1511 20.9363 138.262
-123.893 43.3712 211.659
132.739 120.929 410.032
122.83 132.139 427.275
201.741 0 435.896
-165.412 14.3717 293.636
-174.192 -25.8186 336.753
-174.836 4.36716 349.681
-43.6957 137.152 237.554
-30.8789 83.1959 133.942
-64.6936 115.654 215.972
145.868 -79.0628 310.875
190.216 0 336.775
191.191 0 341.086
-3.5403 -5.33972 -0.016072
-3.30322 -5.71778 -0.0149959
-3.64933 -5.50396 -0.0165666
12.9733 -1.12275 4.36687
9.88948 -1.22284 0.0448738
9.9225 -0.918153 0.0450236
-84.7344 -152.553 349.681
-117.777 -131.882 341.064
-81.5072 -146.679 306.568
-168.925 57.454 418.653
-169.765 37.9484 427.274
17.274 -174.111 353.992
3.53338 -170.436 306.574
19.7099 -171.934 336.748
72.8519 -163.117 345.378
44.7432 -161.992 302.259
81.124 -115.582 237.548
-16.531 -175.492 341.063
-49.7385 -161.891 310.881
-32.5862 -166.558 310.882
-84.1187 74.6155 172.814
-117.258 63.609 211.666
-105.012 -130.45 297.948
-133.973 107.617 332.436
-114.983 131.603 341.061
-117.569 119.99 306.569
-148.118 103.205 431.585
-150.236 55.0415 435.896
-111.378 138.301 435.896
-3.03878 156.91 435.896
-154.277 80.5385 345.37
-175.585 1.6519 353.992
-140.944 16.5413 233.239
-9.88948 -1.22284 -0.0448738
-89.1432 -20.9739 138.262
-9.9225 -0.918151 -0.0450236
-69.9401 124.784 237.552
-82.8611 117.765 237.555
-52.6457 162.227 306.574
-141.342 -89.9731 297.948
-157.003 -42.3189 289.319
-124.029 -52.2594 215.979
26.5924 111.335 172.82
63.1578 76.4893 142.601
3.88417 9.16371 0.0176247
-3.16622 5.11098 -0.0143746
-3.10428 4.68272 -0.0140937
-3.41819 4.82631 -0.0155181
78.0076 -10.15 99.4347
-2.9085 5.03523 -0.0132051
-3.00717 5.20588 -0.0136528
8.13337 5.74932 0.0369055
140.03 0 203.071
85.2702 30.4943 121.025
111.512 41.3712 181.454
-8.6189 103.754 164.166
10.0863 143.515 237.554
-1.22457 -9.87532 -0.00555655
21.4364 -127.028 207.342
-62.791 -113.675 207.345
-5.50427 -8.295 -0.0249759
-5.24585 -8.46032 -0.0238034
168.978 0 267.788
170.608 0 272.101
97.8628 -82.9467 207.34
78.1237 -49.0423 125.34
100.968 -79.0007 207.34
54.5532 -112.44 198.712
60.7617 -78.4821 142.601
-138.019 -113.985 431.585
-49.2285 74.0461 138.252
-5.50427 8.29499 -0.024976
-55.9827 -167.051 358.303
-167.939 -62.0761 422.964
-171.504 -46.9881 362.617
-156.569 -83.0218 410.031
-138.572 -110.118 345.374
-150.335 -70.7535 302.255
-72.1252 161.684 392.788
-114.284 136.709 414.343
-155.693 39.9908 435.896
-133.023 115.073 358.303
34.3486 164.839 297.95
64.5582 107.241 194.402
-149.571 -8.53004 250.5
-1.90914 170.004 310.882
-72.6337 110.777 215.972
-106.636 96.7849 237.555
-98.0681 104.423 237.552
-119.575 130.703 362.615
46.5839 171.783 345.375
79.3785 -17.1073 103.753
78.0293 -20.9076 103.752
83.3437 -29.0265 116.707
78.6842 -27.1846 108.07
79.6372 -24.5539 108.07
81.1559 20.2054 108.072
79.379 17.1052 103.753
79.6389 24.5497 108.07
81.3454 6.80928 103.755
72.9852 3.45474 90.7947
75.4588 7.54338 95.1145
94.6071 84.528 198.717
93.5669 85.557 198.717
77.6523 49.6096 125.339
94.3128 76.0261 185.77
79.7349 15.8774 103.754
80.5286 12.3612 103.755
78.0073 10.1517 99.4347
81.0022 44.5384 125.341
106.565 56.4542 185.768
-9.7343 2.12882 -0.0441697
-6.53389 4.92943 -0.0296523
-9.84707 1.52638 -0.0446814
-2.9085 -5.03524 -0.0132051
8.30682 -5.49649 0.0376925
-3.00717 -5.20587 -0.0136528
-3.58922 5.06754 -0.0162941
-3.74375 4.9548 -0.0169953
96.1799 -153.361 397.102
119.302 -117.609 315.187
103.447 -148.358 405.722
7.56744 -6.47417 0.0343376
77.6189 -49.6549 125.339
92.0537 -89.4606 207.34
69.4943 164.597 345.376
67.1599 155.764 435.896
144.453 -101.535 427.274
107.283 -147.335 431.586
135.942 -105.826 345.367
24.0923 -178.807 414.343
41.7624 -175.821 401.412
58.8245 -167.597 345.375
11.3874 -128.408 207.342
26.7657 -125.92 207.342
36.4451 -123.377 207.341
50.603 -118.087 207.341
55.6209 -115.711 207.34
-6.24725 -7.75247 -0.0283472
-6.0052 -7.9409 -0.027249
-30.8836 -83.1896 133.942
-3.02088 -9.48249 -0.0137075
-2.72702 -9.57088 -0.012374
-53.3697 -118.281 207.345
-37.7392 -123.951 207.344
-32.2332 -125.396 207.344
-49.8117 -159.399 297.947
79.2505 -160.435 353.997
79.4771 -163.132 410.033
-5.26226 -6.13639 -0.0238834
-4.82293 -5.9884 -0.0218907
-4.94673 -6.14185 -0.0224521
-126.482 34.1577 211.658
-125.564 37.803 211.659
-1.52853 9.83298 -0.00693582
-0.919443 9.90829 -0.00417204
-3.34473 7.89393 -0.0151808
6.48337 7.55668 0.0294186
9.96501 0 0.0452165
9.9225 0.918149 0.0450236
77.5738 39.9607 116.703
8.30682 5.49649 0.0376926
-4.69549 6.21244 -0.0213123
-4.82293 5.9884 -0.0218907
-4.88483 6.06513 -0.0221714
-22.4728 166.983 306.57
-18.1587 166.32 302.257
29.1569 173.362 353.993
1.52853 9.83298 0.00693581
-3.20862 6.43901 -0.0145658
-3.42868 6.87989 -0.0155637
113.945 0 155.584
13.023 0.562064 4.36712
9.94611 0.612584 0.0451308
13.0023 0.842667 4.36701
135.57 0 194.439
137.816 0 198.755
52.5824 0 60.5491
55.5617 0 64.8703
61.4804 0 73.5123
72.9852 -3.45495 90.7947
58.5279 0 69.1913
79.595 30.9303 112.387
77.2353 35.4098 112.385
8.92029 4.43547 0.0404761
-3.0104 4.85968 -0.0136676
103.587 0 138.311
78.8602 0 99.4356
137.591 108.483 336.751
153.029 91.6446 358.306
-101.862 -98.1384 233.238
-105.667 -75.9255 207.346
-0.919437 -9.90829 -0.00417203
-133.433 9.0512 215.976
-132.987 13.2915 215.976
-0.30687 -9.94602 -0.00139244
-3.19069 -7.5311 -0.0144826
3.59974 -9.2788 0.016334
6.48337 -7.55668 0.0294186
-2.93864 -5.46943 -0.0133416
12.7744 -2.23447 4.36588
12.8365 -1.95818 4.36619
9.29208 -3.59465 0.0421631
-3.41819 -4.82631 -0.0155181
-3.24717 -4.58507 -0.0147421
-3.21816 -5.19474 -0.0146103
8.92029 -4.43547 0.0404761
8.77927 -4.70767 0.0398363
77.2348 -35.4103 112.385
80.9778 -44.5782 125.341
77.5895 -39.9392 116.703
144.355 0 211.702
146.467 0 216.018
79.5913 -30.9378 112.387
117.784 -50.9326 203.031
160.249 0 246.22
85.2753 -30.4817 121.025
173.75 0 280.726
175.262 0 285.038
105.842 148.503 422.965
75.188 167.431 431.586
65.9257 136.261 435.896
14.3415 170.732 435.896
31.045 170.345 435.896
19.1245 170.895 435.896
41.4737 -121.683 207.341
-13.3508 -168.001 302.26
-99.7326 -83.3972 207.346
-49.8843 -73.6152 138.252
27.0396 -172.842 435.896
43.7929 -174.598 435.896
-47.6608 -120.589 207.345
-0.053073 -129.097 207.343
5.50731 -128.887 207.342
48.7049 -175.194 431.586
-115.742 66.0838 211.666
-113.736 69.0209 211.665
-111.836 71.5742 211.664
-138.666 -30.7605 233.239
-109.058 -71.1617 207.346
-119.381 -62.5115 215.98
-114.157 -62.8907 207.347
-127.336 30.3172 211.658
-126.448 42.9992 215.976
-5.99943 7.44576 -0.0272243
-5.75166 7.13902 -0.0261014
-6.22621 7.25774 -0.0282533
-4.44174 8.90756 -0.0201547
-4.71433 8.76675 -0.0213916
2.72702 9.57089 0.012374
3.59973 9.2788 0.016334
-3.20453 5.54715 -0.0145482
6.24725 7.75247 0.0283472
-3.27012 5.2785 -0.014846
9.66277 173.751 427.274
-72.0448 153.268 315.191
-91.2124 136.084 297.94
-147.261 100.558 405.722
108.819 0 146.948
7.36419 6.70382 0.0334153
7.15395 6.92709 0.0324614
83.3782 28.9405 116.707
12.8904 -1.68069 4.36646
15.9981 -1.31584 8.68848
37.5186 0 38.9419
-3.5059 -4.64032 -0.0159161
-3.62482 -4.79756 -0.0164557
-120.701 -59.7879 215.979
-122.783 -55.2842 215.979
-106.312 -36.0264 172.813
-3.5322 -4.98713 -0.0160354
-5.01207 -5.16504 -0.0227493
-5.28693 -5.44783 -0.023996
-5.38157 -5.21412 -0.0244254
6.24725 -7.75247 0.0283472
7.7635 -6.23841 0.0352273
-1.83105 -9.78131 -0.0083085
5.24586 -8.46032 0.0238034
3.88418 -9.16371 0.0176247
15.9565 -1.53517 8.68823
75.4589 -7.54282 95.1145
9.17682 -3.87869 0.0416401
9.96028 0.306437 0.0451951
148.543 0 220.333
123.859 0 172.855
156.493 0 237.592
154.56 0 233.278
103.663 -75.2855 207.339
108.29 -68.3227 207.339
110.611 144.511 418.654
79.3037 152.725 435.896
79.8274 155.883 435.896
-98.2697 -102.044 233.238
65.7122 -169.675 427.275
-115.293 85.3902 237.553
-131.578 50.3209 233.236
-6.68641 5.37487 -0.0303438
-9.17681 3.8787 -0.0416401
-7.40802 5.23785 -0.0336167
-7.00512 4.9536 -0.0317896
-133.802 2.28566 215.976
4.16493 9.03992 0.0188986
9.66403 2.42715 0.0438508
12.7744 2.23446 4.36588
9.7343 2.12882 0.0441697
78.6845 27.1838 108.07
82.0644 158.529 362.616
-73.9544 152.118 315.19
9.66403 -2.42714 0.0438508
16.0843 0.657896 8.68899
19.1741 0.292512 13.011
16.1003 0.438593 8.68909
13.0355 0.281118 4.36718
128.637 0 181.489
130.98 0 185.806
8.47239 5.23844 0.0384438
76.0072 0 95.1154
73.1358 0 90.795
70.2169 -1.11775 86.4744
70.2466 0 86.4745
40.5509 0 43.2635
49.5908 0 56.2278
16.0333 -1.09652 8.68869
16.062 -0.877207 8.68886
31.4305 0 30.2985
126.263 0 177.172
116.467 0 159.902
-6.30184 -5.06633 -0.0285997
-6.05049 -5.51046 -0.0274594
-6.68641 -5.37487 -0.0303438
-120.984 -72.8204 233.237
-7.56744 -6.47418 -0.0343376
-7.7635 -6.2384 -0.0352273
-7.95221 -5.99671 -0.0360835
-8.13338 -5.74932 -0.0369055
-4.66854 4.8115 -0.021191
-4.4273 5.16414 -0.0200965
-4.45147 4.87998 -0.0202062
-3.43129 5.17548 -0.0155774
-3.30322 5.71778 -0.0149959
-3.26549 6.07697 -0.0148243
-3.75836 5.66819 -0.0170612
-4.04111 5.34786 -0.0183443
-4.0454 5.71075 -0.0183635
9.79533 -1.82846 0.0444466
9.7343 -2.12881 0.0441697
-2.95846 -4.77592 -0.0134319
9.58459 -2.72317 0.0434904
9.05285 -4.15905 0.0410776
-3.04979 -4.60058 -0.0138464
-2.80266 -4.52461 -0.0127249
78.7188 -92.5314 190.082
201.39 0 418.659
201.543 0 422.969
200.668 0 405.732
200.952 0 410.041
76.5322 96.6589 190.087
75.011 159.964 435.896
-9.94611 0.612584 -0.0451308
-5.53982 5.04615 -0.0251433
-5.32099 4.84713 -0.0241507
-6.66744 5.70602 -0.0302574
-7.14797 5.74503 -0.0324367
-6.41533 5.84204 -0.0291138
-129.981 -33.9724 215.978
-128.33 -39.9478 215.978
-133.895 -1.85643 215.977
-9.96501 -8.71169e-07 -0.0452165
-127.248 -43.489 215.979
-114.741 22.8058 185.758
4.44174 8.90756 0.0201547
-5.44899 5.97166 -0.0247306
-5.76803 5.94264 -0.0261778
-5.26226 6.13638 -0.0238834
-6.14803 4.9429 -0.0279021
-5.75867 5.24516 -0.0261359
19.1817 0.146206 13.0111
16.1098 0.219295 8.68914
16.0333 1.09652 8.68869
16.062 0.877205 8.68886
12.9733 1.12275 4.36687
106.216 0 142.629
43.5743 0 47.585
70.2169 1.11777 86.4744
67.3405 0 82.1539
67.3328 0.246111 82.1539
81.6939 0 103.756
9.49606 3.01663 0.0430887
9.39853 3.30721 0.0426461
76.121 17.5554 99.4321
9.29208 3.59466 0.0421631
78.0275 20.9127 103.752
16.0843 -0.657894 8.68899
13.023 -0.56206 4.36712
16.1003 -0.438596 8.68909
104.325 138.781 349.679
-9.96028 -0.306434 -0.0451951
-9.94611 -0.612586 -0.0451308
-9.39853 -3.30721 -0.0426461
-9.49606 -3.01662 -0.0430887
-9.29208 -3.59466 -0.0421631
-5.28587 -7.96675 -0.0239865
-5.14175 -8.29292 -0.0233318
-3.95661 -4.9141 -0.0179611
-3.77103 -4.68385 -0.0171191
-2.13182 -9.72037 -0.00967328
-4.26596 5.29782 -0.0193645
-4.33853 5.74088 -0.0196934
-3.92193 5.91452 -0.0178031
-4.19459 6.32505 -0.0190397
-3.99431 6.91204 -0.0181301
-3.94493 6.82674 -0.0179062
4.71433 8.76675 0.0213916
4.98245 8.61762 0.0226082
-3.54999 6.14433 -0.0161152
-3.24717 4.58507 -0.0147421
-3.95661 4.9141 -0.0179611
-3.86269 5.11203 -0.0175349
6.71333 -7.35373 0.0304621
6.00521 -7.9409 0.027249
8.62992 -4.97541 0.0391586
3.31187 -9.3851 0.0150279
2.72702 -9.57088 0.012374
2.43057 -9.6502 0.0110289
2.13182 -9.72037 0.00967328
28.3764 0 25.9767
7.95221 -5.99671 0.0360835
16.1098 -0.219286 8.68914
19.1842 0 13.0111
19.1817 -0.146207 13.0111
152.59 0 228.963
158.39 0 241.906
192.124 0 345.396
198.045 0 379.876
193.014 0 349.706
193.862 0 354.017
142.21 0 207.387
-5.75747 8.12179 -0.0261249
-6.00521 7.9409 -0.027249
-6.24725 7.75247 -0.0283472
-6.30301 6.10507 -0.028604
-7.11739 6.09015 -0.0322975
-6.78022 6.17355 -0.0307682
-9.66403 2.42715 -0.0438508
-4.78392 5.24393 -0.0217143
-5.01207 5.16504 -0.0227493
-5.08079 5.23574 -0.023061
-6.30301 -6.10507 -0.028604
-6.44481 -6.2421 -0.0292469
-6.81741 -5.83407 -0.0309374
-116.321 -18.9676 185.761
-133.703 -8.66129 215.977
-132.094 -23.7424 215.978
83.6848 95.2727 198.717
5.24585 8.46032 0.0238034
5.50427 8.29499 0.024976
-3.73773 6.03229 -0.0169672
-3.89364 6.28353 -0.0176743
78.214 48.9163 125.34
15.9981 1.31584 8.68848
12.936 1.40215 4.36668
12.8904 1.68069 4.36646
6.93693 7.1438 0.0314767
7.95221 5.99671 0.0360835
7.7635 6.2384 0.0352273
7.56744 6.47418 0.0343376
133.291 0 190.122
64.4181 0 77.8332
84.5077 0 108.076
95.5492 0 125.354
98.2527 0 129.673
9.58459 2.72318 0.0434904
-4.26596 -5.29782 -0.0193645
-4.51348 -5.60476 -0.0204872
-4.78392 -5.24393 -0.0217143
-2.43057 -9.6502 -0.0110289
-3.4988 -8.25675 -0.015879
-3.74744 -6.48555 -0.0170107
-3.38466 -6.79172 -0.0153641
-3.68587 -6.85801 -0.0167307
-4.38499 4.80718 -0.0199046
-5.44967 -8.21293 -0.0247286
-3.31187 -9.3851 -0.0150279
-4.44173 -8.90756 -0.0201547
-4.16494 -9.03992 -0.0188987
-6.58661 -6.37912 -0.0298898
-7.36419 -6.70381 -0.0334154
-7.29118 -6.63754 -0.0330845
-7.19239 -6.15416 -0.0326375
-7.2249 -5.80671 -0.0327855
-6.78022 -6.17355 -0.0307682
-9.08592 -3.84038 -0.0412279
-9.20004 -3.55916 -0.0417457
-4.13326 -8.29052 -0.0187573
-4.68589 -8.10602 -0.0212647
-4.34019 -8.07274 -0.0196966
-4.93302 -8.53236 -0.0223843
-4.78473 -8.27656 -0.0217125
-0.613445 -9.93187 -0.00278355
-3.12061 -6.26265 -0.0141666
-3.16462 -6.35083 -0.0143662
-3.6338 5.86479 -0.0164958
-3.40192 5.8884 -0.0154436
-3.76027 5.30876 -0.0170701
-3.64933 5.50395 -0.0165666
1.22456 9.87532 0.00555656
0.919442 9.90829 0.00417204
-3.45231 6.42411 -0.0156716
-3.63915 6.77123 -0.0165189
-3.77103 4.68384 -0.0171191
-3.80322 -5.03341 -0.0172651
-4.58444 -5.02556 -0.0208094
-4.45147 -4.87998 -0.0202062
-4.36309 -5.08934 -0.0198052
5.50427 -8.29499 0.024976
-3.49901 -6.51089 -0.0158834
7.15395 -6.92709 0.0324614
7.36419 -6.70382 0.0334154
4.71433 -8.76675 0.0213916
4.98245 -8.61762 0.0226082
4.16494 -9.03992 0.0188987
3.02088 -9.48249 0.0137075
22.2501 0.0823897 17.333
25.3145 0.0382099 21.6549
25.3168 0 21.6549
12.8365 1.95818 4.36619
12.936 -1.40214 4.36668
-2.75072 -4.44084 -0.0124892
13.0023 -0.842662 4.36701
8.13337 -5.74933 0.0369055
165.602 0 259.161
167.309 0 263.475
183.482 0 310.91
184.708 0 315.221
196.147 0 366.946
196.823 0 371.256
-4.34961e-07 9.95074 -1.97575e-09
-0.306869 9.94602 -0.00139244
-5.64325 7.96112 -0.0256074
-7.15395 6.92709 -0.0324614
-7.36419 6.70381 -0.0334154
-3.78089 7.58524 -0.0171604
-3.77932 7.03156 -0.0171544
-3.9195 7.29187 -0.0177899
-6.48337 7.55668 -0.0294186
-5.38157 5.21412 -0.0244254
-9.58459 2.72318 -0.0434904
-5.17512 4.71443 -0.023489
-5.09812 4.9399 -0.0231397
-5.97753 5.44414 -0.0271285
-5.39301 4.61712 -0.0244774
-5.46796 -4.68119 -0.0248174
-9.96028 0.306434 -0.0451951
-9.05285 4.15905 -0.0410776
-8.62992 4.97542 -0.0391586
-8.77927 4.70767 -0.0398363
5.75747 8.1218 0.0261249
6.00521 7.9409 0.027249
2.43057 9.6502 0.0110289
2.13182 9.72037 0.00967328
-3.91301 7.84973 -0.0177592
-4.01297 7.46541 -0.0182136
-4.10645 7.63894 -0.0186373
15.9565 1.53516 8.68823
6.71333 7.35373 0.0304621
8.77927 4.70767 0.0398363
9.17681 3.8787 0.0416401
67.3328 -0.246126 82.1539
92.8223 0 121.035
100.932 0 133.992
-4.8816 -7.87438 -0.0221531
-4.98566 -8.0418 -0.0226246
-4.39801 -5.81948 -0.0199632
-4.04539 -5.71076 -0.0183635
-4.33057 -6.11271 -0.0196569
-5.75746 -8.1218 -0.0261248
-8.47239 -5.23844 -0.0384438
-9.66403 -2.42715 -0.0438508
-9.7343 -2.12882 -0.0441697
-9.58459 -2.72318 -0.0434904
-3.24613 -9.19931 -0.0147302
-6.48337 -7.55668 -0.0294186
-6.09033 -5.8995 -0.0276397
-5.84815 -6.4082 -0.0265405
-4.62152 -7.45579 -0.0209744
-4.19993 -7.81247 -0.019061
-5.90482 -6.88402 -0.0267966
-6.31395 -6.91739 -0.0286521
-5.98122 -6.5537 -0.0271438
1.83105 -9.78131 0.0083085
1.22457 -9.87532 0.00555657
-4.80595 -4.95292 -0.0218143
-5.24945 5.75337 -0.0238257
-0.613447 9.93187 -0.00278356
-3.26771 7.71252 -0.0148317
-1.83104 9.78131 -0.00830848
-4.76104 5.91168 -0.02161
-4.51348 5.60476 -0.0204872
-4.94673 6.14185 -0.0224521
-5.00863 6.21857 -0.0227328
-3.13317 4.42424 -0.0142248
-3.26549 -6.07697 -0.0148243
5.75747 -8.1218 0.0261249
6.93693 -7.1438 0.0314767
4.44173 -8.90756 0.0201547
34.4782 0 34.6202
8.47239 -5.23843 0.0384438
-3.72999 -8.80094 -0.0169264
-4.30951 -8.64312 -0.0195558
172.199 0 276.413
150.585 0 224.648
198.59 0 384.185
179.555 0 297.975
180.905 0 302.286
187.037 0 323.843
188.139 0 328.154
25.7979 172.076 431.585
-9.49606 3.01662 -0.0430887
-9.29208 3.59466 -0.0421631
-4.77756 7.70695 -0.0216816
-4.68589 8.10601 -0.0212647
-4.38695 8.1595 -0.0199085
-6.93693 7.1438 -0.0314767
-6.79937 7.00253 -0.0308533
-8.30682 5.49649 -0.0376926
-8.47239 5.23844 -0.0384438
-7.29118 6.63754 -0.0330845
-7.07218 6.43871 -0.0320918
-6.58661 6.37912 -0.0298898
-4.38762 6.19309 -0.0199156
-4.14006 6.24295 -0.0187924
-5.04992 5.53504 -0.0229208
-5.87768 5.69391 -0.0266754
-6.09033 5.8995 -0.0276397
-9.39853 3.30721 -0.0426461
-8.38844 5.18668 -0.0380632
3.31188 9.3851 0.0150279
3.02088 9.48249 0.0137075
-5.13244 6.37199 -0.0232942
-4.87402 6.4482 -0.0221218
-4.20553 6.78596 -0.0190886
13.0396 0 4.3672
8.62992 4.97541 0.0391586
9.05284 4.15906 0.0410776
46.5879 0 51.9065
9.88947 1.22284 0.0448738
9.84707 1.52638 0.0446814
-3.68576 -5.94854 -0.0167315
-6.93693 -7.1438 -0.0314767
-6.71334 -7.35373 -0.0304621
-7.15395 -6.92709 -0.0324614
-4.98245 -8.61762 -0.0226082
-8.62992 -4.97542 -0.0391586
-8.30682 -5.49649 -0.0376926
-132.71 -19.4954 215.978
-4.95642 -4.80278 -0.0224969
-5.17512 -4.71443 -0.023489
-7.07218 -6.43871 -0.0320918
-6.87026 -6.65313 -0.0311756
-3.59974 -9.2788 -0.016334
-4.25751 -6.8697 -0.0193243
-3.99431 -6.91204 -0.0181301
-4.01296 -7.46541 -0.0182136
-5.04992 -5.53505 -0.0229208
-5.24945 -5.75337 -0.0238257
-5.46924 -7.23393 -0.0248202
-5.35776 -7.55938 -0.0243137
-5.76696 -7.62672 -0.0261695
-4.78699 -6.75575 -0.0217265
-5.11207 -6.76252 -0.0232011
-5.05256 -6.68394 -0.0229313
-4.57537 -5.6815 -0.0207679
-3.92216 -5.19064 -0.0178047
-5.53982 -5.04615 -0.0251433
-5.32099 -4.84713 -0.0241507
-9.84707 -1.52638 -0.0446814
-3.59482 5.42184 -0.0163193
-3.4858 5.2576 -0.0158247
-3.74744 6.48555 -0.0170107
0.613446 9.93187 0.00278356
0.306868 9.94602 0.00139244
-3.38008 7.33996 -0.0153423
-3.46265 7.51893 -0.0157166
9.84707 -1.52637 0.0446814
13.0355 -0.281107 4.36718
201.193 0 414.35
176.733 0 289.351
178.164 0 293.663
182.214 0 306.598
185.894 0 319.532
189.198 0 332.465
-3.02088 9.48249 -0.0137075
-3.31188 9.38509 -0.0150279
-4.98245 8.61762 -0.0226082
-7.53266 6.05341 -0.0341808
-7.7635 6.2384 -0.0352273
-7.95221 5.99671 -0.0360835
-7.2249 5.80671 -0.0327855
-8.45891 4.8771 -0.0383832
-7.89526 5.22488 -0.0358265
-6.87026 6.65313 -0.0311756
-7.14518 6.50499 -0.0324227
-6.71334 7.35373 -0.0304621
-6.18086 6.77191 -0.0280488
-5.50394 6.83223 -0.0249785
-5.47195 7.72008 -0.0248312
-6.72843 6.51613 -0.0305327
-6.31396 6.91739 -0.0286521
-5.84815 6.4082 -0.0265405
-5.71509 6.2627 -0.0259372
-5.3265 6.21116 -0.0241747
-5.56183 5.73059 -0.0252427
-5.64776 6.58499 -0.0256313
-6.30184 5.06633 -0.0285997
-9.88948 1.22284 -0.0448738
-9.79533 1.82847 -0.0444466
-9.20004 3.55916 -0.0417457
1.83104 9.78131 0.00830848
-5.34047 8.04881 -0.0242339
-5.24585 8.46032 -0.0238034
-4.93302 8.53236 -0.0223843
22.2524 0 17.333
16.113 0 8.68916
0.61345 -9.93187 0.00278357
-6.29049 -7.33248 -0.0285446
-6.09764 -7.10826 -0.0276706
-6.41907 -7.48195 -0.0291273
-4.71433 -8.76675 -0.0213916
-4.1236 -8.95046 -0.0187115
-5.64776 -6.585 -0.0256313
-5.25626 -6.52542 -0.0238556
-5.44203 -6.75553 -0.0246978
-6.51363 -7.13557 -0.0295571
-130.843 -30.1573 215.978
-133.453 -12.7975 215.977
-125.316 -48.9159 215.979
-6.34235 -5.77573 -0.0287829
-3.88417 -9.16371 -0.0176247
-3.61438 -8.52885 -0.0164027
-4.19459 -6.32506 -0.0190397
-4.90112 -6.91649 -0.0222439
-5.12941 -7.23796 -0.0232788
-5.13244 -6.372 -0.0232942
-5.3265 -6.21116 -0.0241747
-5.56587 -6.90893 -0.0252592
-5.75166 -7.13902 -0.0261014
-5.58203 -6.11719 -0.0253339
-5.71509 -6.2627 -0.0259372
-5.63056 -5.80128 -0.0255544
-5.87768 -5.69391 -0.0266754
-8.38844 -5.18668 -0.0380632
-8.77927 -4.70768 -0.0398363
-6.5802 -7.20829 -0.0298588
-3.76027 -5.30876 -0.0170701
-3.86269 -5.11203 -0.0175349
-5.99266 -5.12963 -0.0271973
-4.4655 7.20462 -0.0202672
-4.41351 7.12089 -0.0200315
-4.63097 6.98182 -0.0210183
-3.79304 8.23473 -0.017214
-3.62783 7.87684 -0.0164653
-1.22457 9.87532 -0.00555656
9.79533 1.82846 0.0444466
9.94611 -0.612585 0.0451308
194.666 0 358.327
195.428 0 362.637
201.653 0 427.278
201.719 0 431.587
199.552 0 392.804
199.967 0 397.113
197.455 0 375.566
-5.82653 7.70526 -0.0264394
-4.78473 8.27656 -0.0217125
-7.56744 6.47418 -0.0343376
-6.41907 7.48195 -0.0291273
-8.13338 5.74932 -0.0369055
-4.41277 6.65345 -0.020029
-6.34235 5.77573 -0.0287829
-5.66505 5.48831 -0.0257111
-5.35566 5.51853 -0.0243077
-9.9225 0.918149 -0.0450236
-6.76333 5.43657 -0.0306926
-2.13182 9.72037 -0.00967328
-2.43057 9.6502 -0.0110289
-4.63097 -6.98182 -0.0210183
-4.41351 -7.12089 -0.0200315
-4.04111 -5.34786 -0.0183443
-3.40192 -5.8884 -0.0154436
-3.54999 -6.14433 -0.0161152
1.52853 -9.83298 0.00693582
-6.12334 -7.59911 -0.0277858
-7.53266 -6.05341 -0.0341808
-9.05285 -4.15905 -0.0410776
-8.92029 -4.43547 -0.0404761
-9.17681 -3.8787 -0.0416401
-7.14797 -5.74503 -0.0324367
-5.75867 -5.24516 -0.0261359
-4.08227 -8.861 -0.0185243
-4.67287 -6.59501 -0.0212091
-5.50395 -6.83223 -0.0249785
-3.79304 -8.23473 -0.017214
-3.69281 -7.40892 -0.0167612
-4.08921 -8.20236 -0.0185577
-5.44899 -5.97167 -0.0247306
-6.76333 -5.43657 -0.0306926
-5.66505 -5.4883 -0.0257111
-4.63726 -5.75823 -0.0210486
-4.76104 -5.91168 -0.02161
-5.09812 -4.9399 -0.0231397
22.2501 -0.0823807 17.333
19.1741 -0.292519 13.011
199.093 0 388.495
200.339 0 401.423
-4.16493 9.03992 -0.0188987
-3.24613 9.19931 -0.0147302
-2.72702 9.57089 -0.012374
-7.19239 6.15416 -0.0326375
-8.92029 4.43547 -0.0404761
-5.1767 7.80261 -0.0234918
-5.30067 7.47903 -0.024055
-3.86897 7.76157 -0.0175596
-5.71202 6.65975 -0.0259226
-5.52904 7.80043 -0.0250899
25.3145 -0.0382 21.6549
-6.44481 6.2421 -0.0292469
-5.1716 6.84109 -0.023471
-4.636 6.13385 -0.0210425
-3.59973 9.2788 -0.016334
-3.88417 9.16371 -0.0176247
9.96028 -0.306433 0.0451951
-3.34473 -7.89393 -0.0151808
0.919442 -9.90829 0.00417205
-7.89526 -5.22488 -0.0358265
-8.83192 -4.39165 -0.0400754
-7.16417 -5.4039 -0.0325106
-5.00863 -6.21856 -0.0227328
-3.89363 -6.28353 -0.0176743
-6.79937 -7.00253 -0.0308533
-6.72843 -6.51613 -0.0305327
-7.00512 -4.9536 -0.0317896
-6.14803 -4.9429 -0.0279021
-4.55876 -6.43425 -0.0206917
-4.04094 8.77154 -0.0183371
-4.1236 8.95046 -0.0187115
-4.08921 8.20236 -0.0185577
-4.62152 7.45579 -0.0209744
-4.84923 7.31016 -0.0220077
-6.12334 7.59912 -0.0277858
-6.18529 7.67579 -0.0280665
-4.26545 8.55497 -0.0193562
-4.52724 8.41976 -0.0205441
-4.24124 7.33849 -0.0192495
-4.61582 6.51462 -0.0209504
-5.05256 6.68394 -0.0229313
-4.7401 -7.14599 -0.021513
-5.23112 -6.91966 -0.0237408
-4.03098 -6.07875 -0.0182977
-9.79533 -1.82847 -0.0444466
-6.5802 7.20829 -0.0298588
-5.52879 7.31249 -0.0250901
-4.24669 7.89923 -0.0192729
-5.12942 7.23795 -0.0232788
-5.28587 7.96675 -0.0239865
-4.98566 8.0418 -0.0226246
-3.82493 7.67341 -0.01736
-4.50171 -6.35387 -0.020433
-4.41276 -6.65345 -0.020029
-6.41533 -5.84204 -0.0291138
-3.62783 -7.87684 -0.0164653
-4.34003 7.50907 -0.0196973
-4.7401 7.14599 -0.021513
-6.66744 -5.70602 -0.0302574
-6.51363 7.13557 -0.0295571
-4.73531 8.19129 -0.0214886
-4.38943 -7.59435 -0.0199212
-4.24124 -7.33849 -0.0192495
3  0 1 2
3  3 4 5
3  6 7 8
3  9 10 11
3  12 13 14
3  15 12 16
3  17 4 18
3  19 20 21
3  22 23 24
3  25 26 27
3  28 29 30
3  31 13 32
3  33 34 35
3  17 36 37
3  38 9 39
3  40 41 42
3  43 26 44
3  43 45 46
3  47 48 49
3  50 51 52
3  53 54 55
3  56 57 58
3  59 60 61
3  62 63 64
3  65 66 67
3  68 22 69
3  70 71 72
3  73 74 75
3  15 22 24
3  76 77 78
3  79 43 80
3  67 66 81
3  82 83 84
3  85 86 87
3  15 9 12
3  12 38 88
3  68 85 89
3  51 23 90
3  50 27 91
3  92 93 94
3  95 96 97
3  13 31 14
3  98 99 100
3  101 102 103
3  104 105 106
3  107 29 28
3  108 109 110
3  111 112 113
3  101 114 115
3  4 17 116
3  74 71 117
3  118 119 120
3  12 9 38
3  56 121 122
3  71 70 76
3  39 9 11
3  123 124 125
3  126 4 127
3  9 128 10
3  129 54 130
3  65 77 131
3  77 76 131
3  132 133 134
3  128 134 135
3  51 136 133
3  23 68 25
3  68 23 22
3  128 24 134
3  87 137 138
3  15 16 139
3  26 89 140
3  50 25 27
3  101 141 142
3  50 91 143
3  144 141 115
3  79 96 145
3  79 146 147
3  140 85 148
3  54 53 114
3  141 144 149
3  31 83 148
3  26 82 84
3  150 151 7
3  152 153 154
3  155 156 157
3  158 159 160
3  34 161 162
3  163 102 164
3  165 166 167
3  168 164 169
3  170 171 172
3  66 98 81
3  173 174 175
3  176 106 177
3  178 179 180
3  174 181 175
3  182 123 183
3  182 124 123
3  142 184 34
3  12 88 185
3  186 187 188
3  189 70 190
3  72 71 191
3  70 72 191
3  4 117 192
3  74 117 193
3  74 193 194
3  74 195 196
3  118 67 81
3  118 197 198
3  199 200 201
3  118 199 202
3  203 204 205
3  73 206 207
3  128 66 10
3  66 65 10
3  128 9 24
3  9 15 24
3  22 85 69
3  85 68 69
3  85 22 139
3  22 15 139
3  23 25 90
3  25 50 52
3  26 25 89
3  25 68 89
3  26 43 27
3  79 129 130
3  12 14 87
3  147 146 84
3  96 95 55
3  53 95 97
3  208 209 210
3  45 211 212
3  213 214 215
3  79 54 129
3  102 163 216
3  217 105 218
3  219 220 110
3  221 222 223
3  31 144 224
3  225 144 115
3  149 144 226
3  141 149 184
3  141 101 115
3  227 228 229
3  230 28 30
3  231 232 233
3  234 112 235
3  20 152 154
3  236 160 237
3  238 239 240
3  168 241 242
3  108 243 244
3  158 166 245
3  159 158 246
3  247 47 248
3  164 161 41
3  249 98 250
3  116 37 251
3  51 99 136
3  51 50 143
3  252 91 253
3  5 254 255
3  127 4 256
3  257 258 175
3  107 259 260
3  20 150 28
3  151 153 261
3  262 263 264
3  265 153 266
3  267 268 269
3  73 179 206
3  179 188 180
3  270 113 271
3  152 268 272
3  40 273 274
3  275 111 273
3  276 41 277
3  48 278 279
3  88 280 185
3  184 149 279
3  280 38 185
3  281 282 283
3  71 74 191
3  74 73 191
3  117 4 193
3  193 4 194
3  4 126 284
3  74 284 195
3  36 17 285
3  36 199 37
3  118 202 205
3  118 286 287
3  199 36 204
3  77 65 67
3  288 11 289
3  199 290 202
3  291 4 292
3  71 76 285
3  76 189 11
3  10 65 131
3  39 289 293
3  76 70 189
3  24 23 132
3  136 98 133
3  85 139 86
3  139 16 86
3  25 52 90
3  52 51 90
3  79 294 295
3  146 79 296
3  99 143 297
3  298 299 300
3  91 211 301
3  211 91 302
3  95 53 55
3  54 79 145
3  53 225 115
3  114 53 115
3  303 304 305
3  54 306 307
3  228 308 309
3  216 310 311
3  312 310 109
3  151 261 8
3  13 144 32
3  144 31 32
3  313 281 283
3  142 34 33
3  31 97 314
3  97 96 315
3  53 97 225
3  144 225 224
3  96 147 84
3  96 79 147
3  140 89 316
3  83 140 148
3  86 16 87
3  16 12 87
3  152 275 268
3  166 30 317
3  318 216 319
3  1 158 2
3  230 30 165
3  155 157 320
3  240 239 237
3  166 158 167
3  30 166 165
3  321 322 323
3  169 164 41
3  39 187 49
3  265 174 173
3  324 263 325
3  326 327 328
3  299 98 326
3  99 98 136
3  24 132 134
3  262 329 325
3  330 331 332
3  182 127 257
3  258 333 60
3  257 127 333
3  182 181 334
3  37 199 335
3  256 336 337
3  260 338 323
3  339 236 237
3  261 153 340
3  232 341 217
3  7 151 8
3  150 7 6
3  268 267 272
3  56 276 277
3  113 342 271
3  179 73 75
3  187 186 49
3  38 39 49
3  150 20 154
3  152 19 343
3  168 169 113
3  344 273 345
3  56 346 347
3  12 185 282
3  58 41 248
3  47 49 248
3  278 48 348
3  88 38 280
3  282 349 350
3  12 282 281
3  4 284 194
3  284 74 194
3  284 126 195
3  195 126 196
3  291 71 18
3  4 291 18
3  118 81 351
3  81 98 249
3  67 118 205
3  352 39 293
3  285 78 205
3  290 199 203
3  202 290 205
3  285 76 78
3  10 131 11
3  131 76 11
3  70 191 190
3  189 190 293
3  132 23 133
3  23 51 133
3  134 133 135
3  133 98 135
3  294 44 295
3  44 353 295
3  91 27 354
3  27 43 354
3  299 326 300
3  99 51 143
3  355 356 357
3  355 171 358
3  211 45 301
3  252 45 359
3  54 145 55
3  145 96 55
3  102 142 33
3  102 101 142
3  103 360 309
3  101 103 309
3  361 362 363
3  241 364 242
3  144 13 226
3  149 226 279
3  34 184 365
3  142 141 184
3  146 26 84
3  97 315 366
3  225 97 224
3  97 31 224
3  26 140 82
3  140 83 82
3  89 85 316
3  85 140 316
3  87 14 137
3  14 31 137
3  367 259 28
3  259 107 28
3  30 29 317
3  167 158 160
3  368 369 370
3  217 341 371
3  372 112 373
3  112 168 113
3  343 19 320
3  110 220 374
3  107 339 0
3  339 239 0
3  0 239 246
3  246 239 375
3  376 377 378
3  379 167 160
3  236 339 380
3  381 382 383
3  372 275 384
3  20 28 385
3  386 387 388
3  116 17 37
3  286 197 287
3  197 118 287
3  299 298 389
3  390 286 391
3  98 327 326
3  392 250 393
3  394 395 396
3  312 176 397
3  360 310 398
3  228 360 399
3  176 104 106
3  400 401 402
3  321 260 403
3  259 367 404
3  405 367 8
3  8 367 406
3  265 340 407
3  405 408 409
3  150 6 406
3  6 8 406
3  75 126 410
3  186 411 412
3  126 75 196
3  75 74 196
3  126 127 410
3  127 182 410
3  413 248 414
3  190 352 293
3  188 179 56
3  186 188 413
3  275 273 268
3  273 124 268
3  153 151 154
3  151 150 154
3  161 415 162
3  41 247 248
3  279 278 365
3  282 350 416
3  71 285 18
3  285 17 18
3  117 71 192
3  4 192 292
3  286 249 250
3  81 249 351
3  204 36 205
3  77 67 205
3  290 203 205
3  203 199 204
3  39 11 288
3  39 288 289
3  190 191 352
3  191 73 352
3  98 66 135
3  66 128 135
3  26 353 44
3  294 79 80
3  26 146 353
3  146 296 353
3  91 354 302
3  354 43 302
3  417 418 419
3  420 421 422
3  423 328 424
3  425 426 93
3  427 99 297
3  428 45 253
3  91 301 253
3  301 428 253
3  161 164 415
3  164 102 415
3  103 102 360
3  360 102 429
3  430 431 432
3  433 171 434
3  168 242 219
3  242 220 219
3  435 436 370
3  437 438 439
3  104 176 312
3  108 110 374
3  315 83 366
3  83 31 366
3  83 315 84
3  315 96 84
3  137 148 138
3  137 31 148
3  29 440 317
3  440 166 317
3  339 379 441
3  339 107 379
3  155 19 21
3  165 155 385
3  166 440 245
3  29 107 0
3  238 159 442
3  442 443 444
3  0 246 445
3  246 158 445
3  440 29 245
3  29 0 245
3  446 447 448
3  165 156 155
3  449 364 450
3  451 452 453
3  156 450 157
3  152 20 19
3  454 34 365
3  184 279 365
3  93 455 456
3  105 408 263
3  457 458 459
3  120 460 461
3  462 463 325
3  199 464 335
3  98 389 250
3  98 299 389
3  5 4 254
3  333 336 60
3  402 465 466
3  467 400 402
3  468 469 470
3  360 471 472
3  418 417 172
3  228 399 473
3  106 474 325
3  475 476 177
3  310 216 109
3  104 312 109
3  182 257 477
3  478 336 333
3  266 153 479
3  124 182 334
3  256 4 480
3  258 264 175
3  481 4 482
3  482 4 483
3  368 438 484
3  260 259 404
3  334 181 485
3  59 329 264
3  486 487 488
3  64 63 403
3  329 262 264
3  340 265 173
3  261 340 8
3  264 405 173
3  340 153 407
3  153 265 407
3  367 28 406
3  28 150 406
3  113 169 489
3  344 169 490
3  123 179 183
3  179 75 183
3  206 178 207
3  179 178 206
3  491 58 248
3  188 56 492
3  124 273 346
3  121 41 122
3  57 41 58
3  56 493 494
3  267 153 272
3  153 152 272
3  270 273 495
3  273 111 495
3  188 187 180
3  187 178 180
3  192 71 292
3  71 291 292
3  249 286 351
3  286 118 351
3  36 285 205
3  78 77 205
3  294 80 44
3  80 43 44
3  353 296 295
3  296 79 295
3  45 302 46
3  302 43 46
3  211 302 212
3  302 45 212
3  79 130 496
3  79 497 498
3  499 500 501
3  170 45 502
3  503 504 505
3  506 507 508
3  45 426 425
3  509 510 425
3  510 143 425
3  509 328 511
3  143 511 297
3  328 327 100
3  301 45 428
3  45 252 253
3  34 512 35
3  415 102 33
3  512 415 35
3  415 33 35
3  415 512 162
3  512 34 162
3  311 513 514
3  102 216 311
3  471 102 472
3  515 467 516
3  163 164 517
3  164 168 517
3  518 519 520
3  484 382 451
3  521 163 319
3  163 318 319
3  517 522 523
3  522 318 524
3  97 366 314
3  366 31 314
3  148 85 138
3  85 87 138
3  165 167 362
3  449 450 447
3  112 111 235
3  112 234 525
3  239 339 237
3  159 238 240
3  442 376 378
3  238 442 526
3  239 377 375
3  239 238 377
3  158 1 527
3  1 0 527
3  0 528 529
3  528 158 529
3  447 450 448
3  447 446 530
3  450 364 157
3  232 218 233
3  157 364 320
3  275 152 384
3  168 112 320
3  343 320 384
3  48 47 348
3  41 161 247
3  278 348 365
3  348 454 365
3  531 532 533
3  464 534 535
3  536 537 538
3  3 5 255
3  475 462 539
3  120 198 540
3  200 199 541
3  199 542 543
3  508 507 544
3  545 391 546
3  389 298 250
3  250 298 393
3  509 425 93
3  328 457 459
3  395 475 396
3  547 548 549
3  550 458 551
3  552 553 554
3  264 258 60
3  555 461 556
3  254 557 255
3  558 481 559
3  400 515 560
3  399 561 473
3  401 400 562
3  563 176 562
3  101 564 565
3  228 566 567
3  462 568 463
3  569 462 325
3  568 462 475
3  570 571 572
3  474 324 325
3  106 105 474
3  310 312 563
3  216 318 109
3  127 336 573
3  127 478 333
3  559 537 574
3  182 575 576
3  153 267 479
3  265 266 479
3  268 124 269
3  267 269 174
3  127 577 578
3  127 337 579
3  4 481 580
3  481 256 580
3  581 582 583
3  584 167 323
3  321 585 322
3  585 62 381
3  217 64 586
3  451 382 587
3  62 585 63
3  367 64 403
3  408 105 586
3  105 217 586
3  485 174 588
3  181 174 485
3  273 589 590
3  56 273 590
3  169 344 345
3  273 344 490
3  346 56 125
3  124 346 125
3  75 410 183
3  410 182 183
3  178 187 207
3  187 39 207
3  39 352 207
3  352 73 207
3  56 591 592
3  591 41 592
3  593 248 594
3  348 47 247
3  342 273 271
3  273 270 271
3  111 113 495
3  113 270 495
3  279 226 313
3  226 13 313
3  282 185 349
3  185 38 349
3  289 11 293
3  11 189 293
3  101 595 596
3  130 597 496
3  79 598 599
3  600 601 602
3  79 498 603
3  498 497 603
3  401 465 402
3  604 418 434
3  170 502 605
3  394 504 503
3  394 606 607
3  608 171 355
3  426 455 93
3  609 610 611
3  43 612 356
3  43 613 614
3  425 143 359
3  45 425 359
3  513 102 514
3  311 615 616
3  311 310 472
3  310 360 472
3  101 308 617
3  308 228 618
3  54 114 213
3  619 620 621
3  109 318 110
3  517 168 219
3  220 242 374
3  517 219 110
3  622 323 520
3  107 260 323
3  216 163 623
3  163 521 623
3  216 623 319
3  623 521 319
3  364 243 624
3  449 243 625
3  447 105 244
3  105 104 109
3  165 362 361
3  167 584 362
3  234 275 525
3  112 525 373
3  111 275 235
3  275 234 235
3  160 159 237
3  159 240 237
3  377 526 626
3  377 238 526
3  376 442 375
3  377 376 375
3  158 527 445
3  527 0 445
3  158 528 627
3  528 0 627
3  158 245 628
3  245 0 628
3  243 447 244
3  243 449 447
3  19 155 320
3  152 343 384
3  28 230 385
3  230 165 385
3  364 241 320
3  241 168 320
3  629 553 630
3  59 264 60
3  557 4 251
3  4 116 251
3  481 537 559
3  631 632 633
3  118 198 634
3  198 120 634
3  326 328 300
3  298 300 635
3  328 93 636
3  328 509 93
3  636 637 638
3  534 200 639
3  197 286 640
3  641 642 506
3  643 644 554
3  645 646 647
3  408 405 264
3  263 262 325
3  263 408 264
3  405 8 173
3  329 569 325
3  329 59 569
3  4 648 483
3  537 648 649
3  570 531 533
3  571 462 572
3  533 331 330
3  45 417 611
3  394 571 650
3  571 570 650
3  310 563 398
3  398 563 400
3  568 475 177
3  561 398 400
3  400 563 562
3  475 395 465
3  651 432 222
3  228 473 566
3  215 652 653
3  213 215 654
3  463 568 325
3  568 106 325
3  394 396 539
3  396 475 539
3  655 466 656
3  221 657 658
3  475 465 476
3  465 401 476
3  476 176 177
3  106 568 177
3  263 474 659
3  263 324 474
3  481 558 660
3  258 257 333
3  336 478 661
3  478 127 661
3  257 575 477
3  575 182 662
3  575 181 576
3  181 182 576
3  127 663 577
3  336 577 337
3  4 580 480
3  580 256 480
3  404 367 403
3  260 404 403
3  664 518 323
3  260 321 338
3  64 367 586
3  408 586 409
3  124 485 588
3  124 334 485
3  265 479 665
3  479 267 665
3  264 173 175
3  8 340 173
3  666 667 552
3  558 559 660
3  589 41 590
3  41 589 42
3  41 276 668
3  276 56 668
3  490 169 274
3  273 490 274
3  113 489 669
3  489 273 669
3  56 179 125
3  179 123 125
3  346 273 347
3  273 56 347
3  48 279 350
3  349 38 49
3  454 348 247
3  492 248 670
3  56 671 672
3  671 41 672
3  56 673 674
3  673 41 674
3  493 248 494
3  493 56 491
3  313 13 281
3  13 12 281
3  282 279 675
3  279 313 675
3  676 677 356
3  678 679 680
3  599 681 682
3  54 213 654
3  79 683 684
3  684 683 613
3  599 682 685
3  598 79 681
3  500 686 687
3  453 486 488
3  221 468 688
3  688 468 689
3  650 533 330
3  222 432 223
3  610 455 611
3  172 171 433
3  690 503 505
3  690 655 656
3  502 45 605
3  431 691 692
3  693 677 676
3  45 693 676
3  693 45 677
3  683 421 694
3  143 91 359
3  91 252 359
3  102 615 514
3  615 311 514
3  615 102 616
3  102 311 616
3  102 471 429
3  471 360 429
3  102 513 472
3  513 311 472
3  360 228 309
3  101 695 696
3  564 227 565
3  564 101 227
3  658 697 698
3  469 468 699
3  318 163 524
3  522 524 523
3  435 369 581
3  217 371 700
3  105 109 244
3  109 108 244
3  318 522 110
3  522 517 110
3  364 624 701
3  624 243 701
3  364 625 702
3  364 449 625
3  379 160 441
3  339 703 380
3  218 105 361
3  361 447 530
3  368 231 233
3  519 704 705
3  525 275 373
3  275 372 373
3  443 526 444
3  526 442 444
3  526 443 626
3  443 377 626
3  442 159 375
3  159 246 375
3  377 443 378
3  443 442 378
3  158 627 2
3  627 0 2
3  158 628 529
3  628 0 529
3  450 156 448
3  156 446 448
3  320 112 384
3  112 372 384
3  20 385 21
3  385 155 21
3  4 557 254
3  557 251 255
3  61 60 706
3  464 199 534
3  286 707 708
3  286 709 707
3  336 256 60
3  118 120 710
3  635 711 712
3  298 635 712
3  509 511 713
3  511 143 713
3  327 98 100
3  328 427 424
3  637 386 638
3  394 714 715
3  390 391 545
3  546 716 717
3  199 718 541
3  556 461 630
3  648 481 483
3  481 482 483
3  719 720 721
3  722 209 723
3  724 725 726
3  727 728 729
3  532 631 730
3  531 462 731
3  732 610 733
3  720 536 538
3  609 611 419
3  608 355 691
3  92 456 734
3  610 609 606
3  561 399 398
3  399 360 398
3  735 312 736
3  312 397 736
3  737 515 516
3  561 400 560
3  473 737 566
3  101 738 739
3  567 601 740
3  738 229 739
3  738 565 229
3  601 741 740
3  462 571 539
3  571 394 539
3  176 476 562
3  476 401 562
3  474 105 659
3  105 263 659
3  336 661 573
3  661 127 573
3  575 662 477
3  662 182 477
3  337 577 579
3  127 256 337
3  577 336 578
3  336 127 578
3  321 403 742
3  403 63 742
3  322 664 323
3  584 323 622
3  382 484 383
3  62 382 381
3  437 664 383
3  664 381 383
3  338 321 323
3  664 437 518
3  167 379 323
3  379 107 323
3  382 62 587
3  452 743 453
3  174 269 588
3  269 124 588
3  267 174 665
3  174 265 665
3  589 273 42
3  273 40 42
3  41 121 590
3  121 56 590
3  41 668 122
3  668 56 122
3  169 41 274
3  41 40 274
3  273 489 345
3  489 169 345
3  273 342 669
3  342 113 669
3  411 248 412
3  248 411 744
3  349 49 350
3  49 48 350
3  161 34 247
3  34 454 247
3  56 745 746
3  745 41 746
3  56 672 747
3  672 41 747
3  41 673 748
3  673 56 748
3  56 674 749
3  674 41 749
3  493 491 248
3  491 56 58
3  188 492 670
3  56 593 594
3  282 675 283
3  675 313 283
3  54 750 751
3  752 54 307
3  500 683 753
3  79 754 755
3  43 684 613
3  500 421 756
3  757 758 357
3  43 79 684
3  759 686 760
3  681 79 761
3  762 304 763
3  304 303 764
3  418 172 433
3  765 682 766
3  431 767 768
3  431 769 432
3  430 651 770
3  767 431 692
3  771 767 762
3  468 737 689
3  434 171 772
3  737 468 470
3  45 172 773
3  170 172 774
3  355 676 775
3  45 676 605
3  677 45 356
3  45 43 356
3  308 695 309
3  695 101 309
3  695 308 696
3  308 101 696
3  228 227 618
3  101 618 776
3  777 778 779
3  778 752 779
3  524 163 523
3  163 517 523
3  369 435 370
3  371 436 700
3  435 780 487
3  371 341 231
3  217 700 743
3  436 781 700
3  243 374 701
3  243 108 374
3  625 243 702
3  243 364 702
3  703 160 380
3  160 236 380
3  160 703 441
3  703 339 441
3  105 447 361
3  165 361 530
3  341 232 231
3  232 217 218
3  323 518 520
3  518 437 519
3  481 648 537
3  3 537 782
3  200 534 201
3  534 199 201
3  783 784 726
3  286 390 545
3  198 640 785
3  198 197 640
3  120 555 710
3  555 786 710
3  542 786 555
3  542 667 787
3  392 393 712
3  393 298 712
3  635 300 711
3  300 328 711
3  788 789 790
3  784 783 791
3  511 328 792
3  328 423 792
3  143 510 793
3  510 509 793
3  423 424 297
3  424 427 297
3  99 427 794
3  427 328 794
3  455 610 456
3  456 732 734
3  388 387 795
3  457 328 458
3  546 391 716
3  788 645 647
3  542 787 796
3  199 786 542
3  256 481 660
3  200 541 639
3  535 534 797
3  797 534 639
3  798 720 719
3  728 799 800
3  801 789 802
3  803 800 804
3  805 788 806
3  387 807 808
3  809 712 810
3  783 785 811
3  462 531 572
3  531 570 572
3  632 731 812
3  731 462 813
3  650 570 533
3  387 386 814
3  807 723 208
3  610 715 733
3  606 609 419
3  611 417 419
3  455 426 611
3  426 45 611
3  732 330 332
3  714 394 650
3  467 402 466
3  815 816 817
3  176 563 735
3  563 312 735
3  737 473 515
3  400 467 515
3  565 227 229
3  738 101 565
3  600 741 601
3  566 737 567
3  54 752 778
3  818 654 819
3  114 214 820
3  215 214 652
3  577 663 579
3  663 127 579
3  63 585 742
3  585 321 742
3  664 322 381
3  322 585 381
3  520 705 821
3  520 519 705
3  62 64 587
3  487 780 488
3  64 822 587
3  64 217 822
3  586 367 409
3  367 405 409
3  350 279 416
3  279 282 416
3  56 823 824
3  823 248 824
3  41 745 277
3  745 56 277
3  41 671 746
3  671 56 746
3  41 591 747
3  591 56 747
3  41 748 592
3  748 56 592
3  41 57 749
3  57 56 749
3  186 825 826
3  825 248 826
3  411 186 744
3  248 744 414
3  188 827 828
3  827 248 828
3  56 594 829
3  594 248 829
3  497 496 830
3  777 779 831
3  598 681 599
3  754 79 832
3  686 759 765
3  833 303 305
3  683 754 753
3  754 500 753
3  754 683 755
3  79 755 834
3  614 683 694
3  757 356 614
3  421 683 756
3  683 500 756
3  681 761 603
3  761 79 603
3  768 767 771
3  496 597 830
3  597 130 777
3  699 468 835
3  657 432 658
3  432 769 658
3  499 836 422
3  836 420 422
3  355 836 691
3  691 770 837
3  690 838 651
3  467 466 689
3  504 604 505
3  815 469 816
3  172 417 773
3  45 773 839
3  172 45 774
3  45 170 774
3  504 418 604
3  418 433 434
3  357 420 840
3  691 836 692
3  676 171 605
3  171 170 605
3  356 612 614
3  613 683 614
3  308 618 617
3  618 101 617
3  618 227 776
3  227 101 776
3  54 841 842
3  841 654 842
3  233 218 439
3  218 704 439
3  436 371 370
3  368 484 582
3  700 781 486
3  486 781 487
3  743 486 453
3  700 486 743
3  374 242 701
3  242 364 701
3  438 233 439
3  438 368 233
3  704 519 439
3  519 437 439
3  704 218 705
3  584 622 520
3  643 843 844
3  537 3 255
3  731 632 845
3  846 660 847
3  649 648 848
3  537 649 782
3  709 286 545
3  849 785 726
3  707 640 708
3  640 286 708
3  120 119 634
3  119 118 634
3  198 460 540
3  460 120 540
3  392 712 391
3  547 391 850
3  547 712 548
3  328 851 852
3  328 459 853
3  712 809 854
3  143 793 713
3  793 509 713
3  511 792 297
3  792 423 297
3  99 794 100
3  794 328 100
3  610 732 456
3  855 387 814
3  787 667 856
3  718 199 796
3  181 575 175
3  575 257 175
3  541 667 666
3  797 666 552
3  727 857 843
3  799 727 843
3  785 783 726
3  629 460 725
3  858 788 790
3  535 859 721
3  720 860 721
3  644 859 861
3  805 807 862
3  807 805 641
3  723 209 208
3  727 801 857
3  388 795 863
3  788 642 806
3  508 548 854
3  805 806 641
3  458 388 551
3  724 726 804
3  462 569 813
3  731 813 812
3  328 636 638
3  732 855 814
3  331 807 864
3  807 387 864
3  722 331 533
3  532 722 533
3  722 532 730
3  722 865 866
3  419 418 607
3  606 419 607
3  650 330 867
3  733 715 867
3  610 606 715
3  606 394 715
3  397 176 736
3  176 735 736
3  515 473 560
3  473 561 560
3  741 215 653
3  741 600 215
3  214 114 652
3  114 101 652
3  214 213 820
3  213 114 820
3  484 438 383
3  438 437 383
3  780 581 583
3  780 435 581
3  488 868 869
3  868 780 583
3  822 452 587
3  452 451 587
3  248 823 494
3  823 56 494
3  248 593 824
3  593 56 824
3  248 825 412
3  825 186 412
3  248 49 826
3  49 186 826
3  744 186 414
3  186 413 414
3  248 827 870
3  827 188 870
3  188 828 871
3  828 248 871
3  248 492 829
3  492 56 829
3  307 306 872
3  306 54 872
3  750 842 873
3  750 54 874
3  754 832 599
3  832 79 599
3  686 500 875
3  754 599 685
3  755 683 834
3  683 79 834
3  757 614 694
3  612 43 876
3  681 603 833
3  603 497 833
3  764 877 878
3  497 79 496
3  679 678 877
3  879 620 619
3  880 771 762
3  303 830 881
3  779 307 831
3  752 307 779
3  691 431 770
3  431 430 770
3  882 451 869
3  501 687 883
3  421 500 422
3  500 499 422
3  836 499 692
3  499 767 692
3  420 836 840
3  884 697 771
3  771 880 763
3  221 658 698
3  470 469 567
3  737 470 567
3  773 417 839
3  417 45 839
3  838 434 837
3  838 604 434
3  465 395 503
3  395 394 503
3  604 838 505
3  838 690 505
3  221 688 885
3  466 465 656
3  171 676 358
3  676 355 358
3  676 356 775
3  356 355 775
3  612 876 614
3  876 43 614
3  421 420 758
3  356 757 357
3  654 818 842
3  841 54 654
3  886 751 887
3  54 842 874
3  371 231 370
3  231 368 370
3  781 436 487
3  436 435 487
3  217 743 888
3  743 452 888
3  362 584 363
3  361 363 821
3  446 156 530
3  156 165 530
3  705 218 821
3  218 361 821
3  552 644 861
3  251 37 889
3  574 536 847
3  255 251 860
3  632 531 845
3  531 731 845
3  813 569 812
3  569 59 812
3  649 4 890
3  4 3 782
3  648 4 848
3  4 649 848
3  786 199 710
3  199 118 710
3  644 552 554
3  555 120 461
3  542 555 556
3  667 542 556
3  286 250 391
3  250 392 391
3  852 851 810
3  809 891 854
3  328 852 810
3  810 892 893
3  459 458 853
3  789 728 790
3  854 891 893
3  388 863 893
3  93 456 94
3  456 92 94
3  667 541 856
3  541 787 856
3  787 541 796
3  541 718 796
3  553 667 556
3  553 556 630
3  725 724 800
3  629 725 800
3  807 331 723
3  331 722 723
3  208 894 802
3  805 208 802
3  894 801 802
3  801 727 789
3  639 541 666
3  536 895 847
3  506 642 647
3  806 642 641
3  725 460 726
3  198 849 726
3  894 208 210
3  849 198 785
3  896 545 546
3  707 709 545
3  803 858 800
3  544 507 647
3  726 784 804
3  544 646 897
3  892 810 853
3  458 638 898
3  636 93 637
3  732 814 899
3  331 864 855
3  864 387 855
3  210 209 900
3  865 631 866
3  418 504 607
3  504 394 607
3  466 688 689
3  688 466 885
3  737 516 689
3  516 467 689
3  229 567 740
3  229 228 567
3  595 653 596
3  741 653 740
3  229 595 739
3  595 101 739
3  654 215 819
3  215 600 819
3  653 652 596
3  652 101 596
3  581 369 582
3  369 368 582
3  780 868 488
3  453 488 869
3  582 484 583
3  868 583 882
3  248 870 670
3  870 188 670
3  248 413 871
3  413 188 871
3  750 873 751
3  901 902 887
3  873 901 751
3  54 886 887
3  901 873 903
3  451 453 869
3  842 818 873
3  842 750 874
3  685 682 759
3  904 815 905
3  500 754 875
3  754 686 875
3  303 833 906
3  497 906 907
3  908 901 903
3  307 872 909
3  303 906 830
3  906 497 830
3  777 130 778
3  130 54 778
3  620 469 910
3  877 678 878
3  690 651 222
3  651 430 432
3  697 769 771
3  769 431 768
3  651 838 770
3  770 838 837
3  500 687 501
3  499 501 883
3  469 815 910
3  902 901 908
3  767 687 762
3  759 682 765
3  434 608 837
3  608 691 837
3  468 221 911
3  769 768 771
3  769 697 658
3  698 697 912
3  171 608 772
3  608 434 772
3  465 503 656
3  503 690 656
3  885 466 222
3  221 885 222
3  421 758 694
3  758 757 694
3  758 420 357
3  355 357 840
3  452 822 888
3  822 217 888
3  363 584 821
3  584 520 821
3  251 889 860
3  889 37 535
3  532 531 631
3  531 632 631
3  574 537 536
3  660 574 847
3  632 706 895
3  60 256 660
3  632 812 61
3  812 59 61
3  4 782 890
3  782 649 890
3  391 712 850
3  712 547 850
3  891 809 810
3  853 458 550
3  542 796 543
3  796 199 543
3  643 800 913
3  843 719 844
3  800 799 913
3  790 914 800
3  460 198 726
3  629 800 643
3  728 914 790
3  788 858 803
3  646 544 647
3  728 727 799
3  807 208 862
3  208 805 862
3  857 894 900
3  857 801 894
3  789 788 802
3  788 805 802
3  728 789 729
3  789 727 729
3  895 633 915
3  209 631 633
3  388 853 550
3  667 553 552
3  807 641 808
3  641 387 808
3  387 641 795
3  508 854 893
3  784 646 804
3  894 210 900
3  640 707 785
3  707 545 896
3  637 93 916
3  93 92 734
3  638 386 898
3  458 328 638
3  386 637 899
3  814 386 899
3  631 865 730
3  865 722 730
3  567 469 601
3  601 469 602
3  653 595 740
3  595 229 740
3  583 484 882
3  484 451 882
3  751 901 887
3  886 54 751
3  682 681 917
3  681 833 917
3  305 304 766
3  685 759 760
3  906 833 907
3  833 497 907
3  868 882 869
3  763 304 918
3  919 904 680
3  905 920 878
3  919 818 621
3  921 777 922
3  469 699 816
3  879 819 923
3  466 655 222
3  655 690 222
3  687 767 883
3  767 499 883
3  764 303 881
3  880 762 763
3  836 355 840
3  762 765 766
3  464 535 335
3  535 37 335
3  535 797 859
3  797 639 666
3  798 924 633
3  924 209 633
3  631 209 866
3  209 722 866
3  889 535 860
3  900 924 925
3  632 61 706
3  660 559 574
3  720 798 895
3  860 720 538
3  641 506 795
3  508 795 926
3  891 810 893
3  853 388 893
3  386 388 898
3  388 458 898
3  507 506 647
3  785 707 811
3  716 897 717
3  388 550 551
3  914 728 800
3  858 790 800
3  707 896 811
3  800 724 804
3  712 711 810
3  711 328 810
3  810 851 853
3  851 328 853
3  461 460 630
3  460 629 630
3  860 535 927
3  646 645 804
3  642 788 647
3  549 548 508
3  93 734 916
3  734 637 916
3  715 714 867
3  714 650 867
3  331 855 332
3  855 732 332
3  902 872 887
3  872 54 887
3  304 762 766
3  917 833 305
3  686 754 760
3  754 685 760
3  818 619 621
3  678 904 905
3  872 902 908
3  815 904 928
3  469 620 602
3  620 600 602
3  919 680 903
3  819 600 923
3  910 815 928
3  919 621 928
3  697 884 912
3  911 221 698
3  698 912 817
3  912 884 817
3  432 657 223
3  657 221 223
3  817 884 929
3  884 771 763
3  597 777 881
3  830 597 881
3  762 687 765
3  687 686 765
3  536 720 895
3  798 633 895
3  209 924 900
3  798 719 925
3  537 860 538
3  537 255 860
3  548 712 854
3  893 863 930
3  811 896 791
3  783 811 791
3  547 544 716
3  391 547 716
3  547 549 544
3  549 508 544
3  645 788 804
3  788 803 804
3  719 843 925
3  924 798 925
3  892 853 893
3  508 893 930
3  637 734 899
3  734 732 899
3  330 732 867
3  732 733 867
3  682 917 931
3  917 305 931
3  679 922 932
3  922 777 831
3  679 909 908
3  909 872 908
3  818 819 619
3  819 879 619
3  600 620 923
3  620 879 923
3  304 764 918
3  764 921 877
3  884 905 929
3  816 699 817
3  911 698 817
3  817 699 835
3  777 921 881
3  921 764 881
3  682 931 766
3  931 305 766
3  896 646 791
3  646 784 791
3  843 857 925
3  857 900 925
3  859 644 721
3  643 844 933
3  795 506 926
3  506 508 926
3  921 922 877
3  922 679 877
3  307 909 831
3  922 831 932
3  679 908 680
3  904 678 680
3  621 620 928
3  620 910 928
3  904 919 928
3  680 908 903
3  905 884 920
3  884 763 920
3  553 629 554
3  629 643 554
3  799 843 913
3  843 643 913
3  859 797 861
3  797 552 861
3  706 60 846
3  60 660 846
3  895 706 847
3  706 846 847
3  897 646 717
3  716 544 897
3  646 896 717
3  896 546 717
3  719 721 844
3  721 933 934
3  535 721 927
3  721 860 927
3  721 644 933
3  644 643 933
3  831 909 932
3  909 679 932
3  905 815 929
3  815 817 929
3  468 911 835
3  911 817 835
3  678 905 878
3  920 763 918
3  633 632 915
3  632 895 915
3  863 795 930
3  795 508 930
3  933 844 934
3  844 721 934
3  873 818 903
3  818 919 903
3  920 918 878
3  918 764 878
