OFF
477 950 0
-195.631 -92.7271 212.02
-159.326 -141.527 203.405
-184.808 -214.999 298.288
340.749 -59.0775 427.309
294.193 90.6077 401.506
217.295 176.107 427.292
-271.739 -126.709 358.508
5.89578 -2.49577 -0.0073176
6.08368 -3.02974 -0.00755079
5.62982 -3.2508 -0.00698752
202.314 190.729 431.594
-204.208 210.939 431.595
-22.6187 295.367 349.903
-93.065 255.288 349.845
-265.306 50.2829 345.537
-292.555 35.8567 401.493
-234.914 141.373 349.851
213.633 -47.0729 199.138
169.756 -243.847 315.529
97.8523 -82.4892 108.326
-164.625 118.716 177.565
-69.9372 182.239 190.407
-80.4499 119.99 112.745
13.2518 239.259 229.332
-187.617 84.987 190.465
-219.094 149.941 319.721
-244.778 -25.9662 435.896
-263.805 65.8278 431.593
-245.003 -91.2804 431.592
304.04 24.5419 306.967
168.173 163.405 242.194
215.906 159.744 341.235
211.545 19.4043 190.51
208.857 -207.821 336.999
214.157 -216.607 358.521
123.933 -36.3498 108.336
25.7414 -253.03 302.48
94.6325 -266.395 371.374
-44.2122 -270.498 379.963
104.03 -224.091 435.896
205.466 -217.053 418.696
210.689 -146.929 435.896
-26.2286 -234.69 259.407
-2.95707 -210.929 216.284
-108.155 48.762 99.6696
-9.38221 3.30717 0.0116442
-9.47957 3.01658 0.011765
-1.536 -197.085 194.716
-42.947 -212.608 233.519
-160.223 -67.5935 164.489
-236.896 -15.5709 246.514
-201.579 -9.04084 203.336
11.9869 -267.398 431.593
-166.334 -206.063 431.592
-112.11 -244.155 401.472
-52.1697 -125.201 112.678
124.205 259.858 388.584
55.4165 217.783 212.061
79.3782 251.249 319.716
39.3426 280.387 405.783
107.65 250.133 418.685
-46.0052 265.695 435.896
229.828 -121.956 435.896
-112.075 254.701 418.687
-242.455 45.9581 435.896
-252.188 79.826 435.896
45.2817 205.042 190.496
130.676 131.317 181.754
-6.23644 -7.75242 0.00773996
-9.03713 -4.159 0.0112159
-9.47957 -3.01659 0.011765
189.34 10.9236 168.89
245.83 -81.788 285.293
64.2333 -93.3829 95.3352
18.4403 -111.135 95.3315
-260.323 -23.8512 427.288
55.6807 -220.717 246.466
148.888 -251.101 324.098
-241.878 -194.182 405.806
-274.004 -67.3701 392.88
-77.9513 -68.5311 86.6724
-105.713 -61.4601 103.992
8.61495 -4.97536 -0.010692
8.76403 -4.70762 -0.010877
-106.3 -1.13268 90.9875
-8.61495 4.97536 0.0106919
-7.93843 5.99665 0.00985232
-7.35144 6.70376 0.00912382
-206.107 115.454 435.896
-92.1059 235.598 289.579
-102.269 213.244 263.699
-39.0272 -241.843 435.896
55.4224 251.788 435.896
6.47216 -7.55662 -0.00803258
31.1304 112.6 95.3611
70.7096 97.7434 108.275
41.9004 104.628 95.3319
-98.1851 -44.7111 91.0005
-130.709 -58.4967 129.912
-9.82996 1.52635 0.0121999
4.7062 8.76672 -0.00584083
4.97385 8.61759 -0.00617301
111.663 -242.045 427.289
76.6572 -255.496 427.288
9.90525 0.918136 -0.0122933
9.92882 0.612575 -0.0123226
-8.11928 -5.74926 0.0100768
6.08779 7.10762 -0.00755562
5.57949 7.39039 -0.00692479
6.05127 7.52209 -0.00751025
-7.55433 6.47412 0.00937564
-7.75005 6.23834 0.00961853
-9.77831 -1.82844 0.0121358
192.188 202.606 405.78
184.782 193.115 435.896
244.857 -41.2572 435.896
259.647 79.0612 431.593
-162.348 192.68 302.472
86.1887 64.1068 90.9952
160.457 81.1874 173.128
9.16088 -3.87865 -0.0113695
9.3822 -3.30718 -0.0116442
101.606 36.1759 90.9982
8.76404 4.70762 -0.010877
2.42639 -9.65019 -0.0030114
2.72233 -9.57087 -0.00337869
7.79779 -5.52147 -0.00967789
8.29242 -5.49643 -0.0102917
7.59663 -6.11476 -0.00942819
-5.99482 -7.94085 0.00744013
-10.488 -112.329 95.3316
-200.494 -176.607 431.593
-245.474 -62.3676 268.081
1.75969 -257.485 323.995
-74.1204 -247.916 319.703
-169.954 -237.086 362.788
3.59353 -9.27878 -0.00445992
3.87747 -9.16369 -0.0048123
-93.8316 69.7135 95.3592
-116.576 18.9699 103.961
-4.26243 263.79 431.592
258.952 41.0599 435.896
-86.2984 236.175 435.896
5.74752 8.12175 -0.00713321
5.99483 7.94085 -0.00744014
6.23645 7.75242 -0.00774002
-26.0371 116.691 95.3825
-39.4788 112.498 95.38
-8.11928 5.74926 0.0100768
9.47957 -3.01659 -0.011765
9.56794 -2.72313 -0.0118747
130.083 -15.572 112.642
4.34131 3.07342 -0.00538836
3.96452 3.39688 -0.00492072
5.17279 3.42802 -0.00642031
19.8013 213.067 194.81
7.55433 6.47412 -0.00937563
8.29242 5.49643 -0.0102917
7.14157 6.92704 -0.00886336
5.60997 4.80714 -0.00696283
6.29238 5.06447 -0.00780971
5.90875 4.7556 -0.00733363
9.07019 -3.84022 -0.011257
9.19643 -3.24164 -0.0114137
-9.71738 2.12879 0.0120602
-9.77831 1.82844 0.0121358
82.0277 83.6879 103.955
5.48541 5.6581 -0.00680819
5.21119 5.37515 -0.00646789
5.17593 5.67876 -0.00642411
3.38446 -3.71286 -0.0042008
6.70172 -7.35368 -0.00831745
9.94769 0 -0.012346
9.94297 0.306433 -0.0123401
-170.188 -153.311 435.896
-111.058 -214.388 435.896
-9.27594 3.59461 0.0115123
-9.16088 3.87865 0.0113695
-9.03713 4.159 0.0112159
-7.93843 -5.99665 0.00985233
-9.92882 -0.612576 0.0123226
-9.90525 -0.918139 0.0122933
4.15776 -9.03989 -0.00516017
4.3902 -8.81932 -0.00544869
-9.87229 1.22282 0.0122524
-9.94769 -8.69654e-07 0.012346
-9.94297 -0.30643 0.0123401
-5.99483 7.94085 0.00744013
8.11928 5.74926 -0.0100768
0.917865 -9.90829 -0.00113915
0.612395 -9.93187 -0.000760029
0.306352 -9.94602 -0.000380245
1.52589 -9.83298 -0.00189375
1.8279 -9.78131 -0.00226861
7.55434 -6.47411 -0.00937566
7.75005 -6.23835 -0.0096185
6.55098 -5.97343 -0.00813058
7.38943 -4.89758 -0.00917118
9.27594 -3.59461 -0.0115123
9.94297 -0.306418 -0.0123402
8.45333 -2.97956 -0.0104916
7.22524 -4.78872 -0.00896743
-70.4393 -230.989 435.896
4.40702 6.65217 -0.00546977
3.94093 6.36592 -0.00489133
-1.22246 9.87532 0.00151718
-9.56793 2.72315 0.0118747
-9.64723 2.42711 0.0119731
-8.61495 -4.97536 0.010692
-8.45769 -5.23838 0.0104968
-8.90481 -4.43542 0.0110517
-7.75005 -6.23835 0.00961853
-7.35144 -6.70376 0.00912382
-7.14157 -6.92704 0.00886336
2.94627 -8.36288 -0.00365674
3.86777 -7.20417 -0.00480049
3.99525 -8.0255 -0.00495863
4.08744 3.08694 -0.00507328
4.59807 -3.04708 -0.00570703
4.01975 -2.84573 -0.00498927
-9.94297 0.306431 0.0123401
-8.76404 4.70762 0.010877
-8.4577 5.23838 0.0104968
6.80037 3.12921 -0.00844023
6.10982 4.3258 -0.00758319
6.86684 4.25262 -0.00852268
8.61495 4.97536 -0.010692
9.18411 3.559 -0.0113984
8.41699 4.5211 -0.0104464
3.5405 7.69722 -0.00439426
4.40748 7.11987 -0.0054703
-3.01568 9.48248 0.00374274
-3.30617 9.38508 0.00410328
7.35144 6.70376 -0.00912382
7.47955 6.41 -0.00928285
-1.52588 -9.83298 0.00189374
-1.22245 -9.87532 0.00151718
5.87618 -7.78356 -0.00729296
5.2368 -8.46028 -0.00649937
5.49476 -8.29495 -0.00681952
7.14157 -6.92704 -0.00886334
7.35143 -6.70376 -0.00912381
1.22246 -9.87532 -0.00151719
8.4577 -5.23837 -0.0104968
9.47321 -2.69616 -0.0117572
8.90481 -4.43542 -0.0110517
9.03713 -4.15899 -0.0112159
9.43729 0.582232 -0.0117127
9.12068 0.845373 -0.0113198
9.31682 0.863563 -0.0115632
9.82996 1.52636 -0.0121999
9.87228 1.22283 -0.0122524
9.71738 -2.12879 -0.0120602
9.70911 0.899944 -0.01205
7.51991 6.05298 -0.00933298
7.44319 5.9912 -0.00923778
7.33 6.28176 -0.00909728
-6.92493 7.14374 0.00859449
-7.14157 6.92704 0.00886336
-0.306341 9.94602 0.000380198
-4.34961e-07 9.95074 5.39859e-10
5.1682 4.71215 -0.00641457
5.58079 4.21505 -0.00692664
5.16123 4.4225 -0.00640593
-9.16088 -3.87865 0.0113695
-9.64723 -2.42712 0.0119731
-8.76404 -4.70762 0.010877
-7.55433 -6.47412 0.00937564
-6.92493 -7.14374 0.00859448
-6.70172 -7.35368 0.00831746
-6.47216 -7.55662 0.00803258
-9.90525 0.918137 0.0122933
4.22069 -3.39667 -0.00523866
-8.90481 4.43542 0.0110517
-8.29242 5.49643 0.0102917
9.16088 3.87865 -0.0113695
9.03713 4.159 -0.0112159
9.38221 3.30717 -0.0116442
8.4577 5.23838 -0.0104968
7.75006 6.23834 -0.00961854
7.93843 5.99665 -0.00985233
4.43407 8.90753 -0.00550311
5.00531 7.55568 -0.0062122
3.30617 9.38508 -0.00410328
6.73176 5.76881 -0.00835493
6.59927 5.31159 -0.00819055
6.29327 6.10381 -0.00781073
2.37837 -9.45909 -0.00295183
-1.21035 -9.77754 0.00150211
-3.01567 -9.48248 0.0037427
-4.97385 -8.61759 0.006173
-5.2368 -8.46028 0.00649937
-5.49476 -8.29496 0.00681951
3.75625 -5.30697 -0.0046622
-3.30615 -9.38508 0.00410321
5.52 -7.80003 -0.00685094
4.77034 -7.70627 -0.0059206
4.68938 -6.21089 -0.00582025
4.43407 -8.90753 -0.00550309
4.70619 -8.76672 -0.0058408
8.08177 2.84855 -0.0100305
8.07634 0 -0.0100238
6.97281 1.75401 -0.00865426
5.99483 -7.94085 -0.00744014
6.92493 -7.14374 -0.00859446
7.93843 -5.99665 -0.00985233
8.11927 -5.74927 -0.0100768
3.64352 -4.52828 -0.00452231
4.31363 -4.18324 -0.005354
4.52575 -4.38899 -0.00561726
8.27382 -4.77823 -0.0102687
9.68149 1.81032 -0.0120157
9.47321 2.69616 -0.0117572
9.92882 -0.612576 -0.0123226
4.42198 5.1621 -0.00548843
4.39265 5.81775 -0.00545199
4.61421 5.38656 -0.00572699
8.90481 4.43542 -0.0110517
9.14012 -2.00225 -0.0113439
9.68149 -1.81032 -0.0120157
9.23634 -2.02334 -0.0114633
4.25856 -8.55471 -0.00528536
5.8857 3.39859 -0.00730508
8.92454 -0.827183 -0.0110764
-5.74753 8.12175 0.00713323
0.612389 9.93187 -0.000760031
4.43235 7.67892 -0.00550111
-5.23679 8.46028 0.00649933
-5.49477 8.29495 0.00681952
4.11435 4.51375 -0.00510666
6.88132 5.89704 -0.00854052
3.69384 -6.39898 -0.00458469
4.32271 -5.37263 -0.00536523
-3.87747 -9.16369 0.0048123
-3.59352 -9.27878 0.00445991
-9.27594 -3.59462 0.0115123
-9.38221 -3.30717 0.0116442
-9.56793 -2.72315 0.0118747
-9.71738 -2.12879 0.0120602
-9.92882 0.612574 0.0123226
-9.87228 -1.22282 0.0122524
9.27594 3.59461 -0.0115123
9.56794 2.72314 -0.0118747
9.47957 3.01658 -0.011765
5.49476 8.29495 -0.00681952
5.81683 7.70494 -0.00721929
5.27723 7.96638 -0.00654961
5.43398 6.75439 -0.00674427
5.25493 6.13482 -0.00652212
5.10478 6.76131 -0.00633572
6.70172 7.35368 -0.00831747
6.47216 7.55663 -0.00803255
-4.70619 -8.76672 0.0058408
-2.72233 -9.57087 0.00337869
-2.42639 -9.65019 0.0030114
-0.91786 -9.90829 0.00113914
3.01568 -9.48248 -0.00374271
3.30616 -9.38508 -0.00410322
4.97385 -8.61759 -0.006173
5.82818 -6.0118 -0.00723357
5.49572 -6.83115 -0.0068209
5.74752 -8.12176 -0.00713319
6.23644 -7.75242 -0.00773997
-0.61239 -9.93187 0.000760023
9.77831 -1.82843 -0.0121358
9.87228 -1.22283 -0.0122524
9.82996 -1.52636 -0.0121999
9.23633 2.02334 -0.0114633
5.83203 -4.69382 -0.00723844
6.27059 -4.43966 -0.00778272
9.57905 -1.18649 -0.0118886
8.46741 1.31468 -0.0105091
9.71738 2.12879 -0.0120602
3.87748 9.16369 -0.00481231
4.15774 9.03989 -0.00516014
0.30634 9.94602 -0.000380197
2.6415 9.28658 -0.00327839
1.5108 9.73562 -0.00187506
1.5259 9.83298 -0.00189379
-3.59353 9.27878 0.00445991
-3.87748 9.16369 0.00481231
-1.82789 9.78131 0.00226857
-4.97385 8.61759 0.006173
6.57605 6.37821 -0.00816163
6.9876 6.37179 -0.00867236
5.00552 5.16294 -0.00621265
4.19922 5.21911 -0.00521196
-8.29242 -5.49643 0.0102917
5.2182 -4.19965 -0.00647665
5.86203 -3.63014 -0.0072757
4.52762 -3.64373 -0.00561959
4.48045 -3.38379 -0.00556105
4.58248 -3.24419 -0.00568768
-9.82996 -1.52635 0.0121999
-2.72232 9.57087 0.00337865
6.92493 7.14374 -0.00859449
-5.74751 -8.12176 0.00713318
-2.12814 -9.72036 0.00264123
-1.8279 -9.78131 0.00226861
-0.306352 -9.94602 0.000380245
1.18661e-07 -9.95074 -1.47279e-10
5.44039 -8.2128 -0.00675207
5.09542 -4.64577 -0.00632426
4.74236 -5.53621 -0.00588604
6.59928 -5.31158 -0.00819057
9.64723 2.42711 -0.0119731
9.90525 -0.918134 -0.0122933
5.18982 -2.38793 -0.00644145
4.92139 2.26441 -0.0061083
9.70911 -0.899953 -0.01205
6.03383 6.22403 -0.00748875
6.17093 6.36552 -0.00765888
6.01049 5.82942 -0.00745982
-6.70172 7.35368 0.00831746
-6.47216 7.55663 0.00803256
-0.61239 9.93187 0.000760032
5.45825 2.51147 -0.00677459
6.58345 -1.23082 -0.00817105
6.24532 2.41978 -0.0077514
4.48809 3.84558 -0.00557052
4.68969 -2.904 -0.00582074
6.61268 2.56216 -0.00820731
5.23679 8.46028 -0.00649935
3.59353 9.27878 -0.0044599
6.5239 4.92763 -0.00809704
-2.42639 9.65019 0.00301138
-2.12815 9.72036 0.00264123
3.58553 5.06573 -0.00445031
6.7193 6.93149 -0.00833934
6.30372 6.91671 -0.00782361
-4.15776 -9.03989 0.00516017
-4.43407 -8.90753 0.00550309
2.12814 -9.72036 -0.00264123
8.08177 -2.84855 -0.0100305
5.44227 -2.30376 -0.00675476
8.07177 -2.56839 -0.0100181
8.46741 -1.31468 -0.0105091
5.30598 -3.75651 -0.0065856
9.77831 1.82844 -0.0121358
9.64724 -2.4271 -0.0119731
8.19955 4.08395 -0.0101766
6.20868 1.56174 -0.00770593
9.43729 -0.582237 -0.0117127
6.90616 5.55871 -0.00857138
-0.91786 9.90829 0.00113915
-1.5259 9.83298 0.00189379
-4.15775 9.03989 0.00516016
6.35784 5.44824 -0.00789092
4.73787 4.59476 -0.0058805
6.7109 -3.08802 -0.0083292
6.75781 -2.15014 -0.00838743
7.03768 0.871589 -0.00873477
-6.23645 7.75242 0.00774001
-4.43407 8.90753 0.00550309
0.91786 9.90829 -0.00113915
1.82789 9.78131 -0.00226857
4.01399 4.98883 -0.00498208
3.97186 5.9951 -0.00492974
4.74872 6.28952 -0.00589387
5.90563 2.71738 -0.00732982
7.01025 -1.9949 -0.00870072
9.12068 -0.845376 -0.0113198
9.31682 -0.86356 -0.0115632
0.303312 9.84754 -0.000376447
-4.7062 8.76672 0.00584083
5.81657 4.39319 -0.00721925
2.12815 9.72036 -0.00264123
4.87051 5.68586 -0.00604506
6.11324 -3.78575 -0.00758746
5.6372 2.59383 -0.00699668
4.09765 5.78948 -0.00508587
2.72232 9.57087 -0.00337865
3.01568 9.48248 -0.00374274
5.75044 5.2432 -0.00713713
6.04155 5.50873 -0.00749839
2.42639 9.65019 -0.00301138
1.22246 9.87532 -0.00151718
3  0 1 2
3  3 4 5
3  6 0 2
3  7 8 9
3  10 3 5
3  11 12 13
3  14 15 16
3  17 18 19
3  20 21 22
3  21 23 22
3  20 24 25
3  26 27 28
3  29 30 31
3  32 30 29
3  33 3 34
3  17 19 35
3  36 37 38
3  39 40 41
3  36 42 43
3  44 45 46
3  47 42 48
3  49 50 51
3  52 53 54
3  37 52 38
3  55 47 48
3  56 57 58
3  56 59 60
3  61 26 62
3  61 12 63
3  26 64 65
3  66 30 67
3  68 69 70
3  4 3 29
3  32 17 71
3  18 17 33
3  33 17 72
3  19 18 73
3  18 47 74
3  27 15 75
3  61 63 11
3  76 18 77
3  6 78 79
3  55 1 80
3  0 49 81
3  0 50 49
3  35 82 83
3  84 49 51
3  85 86 87
3  50 15 14
3  26 61 88
3  30 56 31
3  20 89 90
3  10 56 60
3  56 12 59
3  91 52 39
3  10 60 92
3  63 12 11
3  15 11 16
3  55 80 68
3  19 73 93
3  94 95 96
3  49 97 98
3  18 74 73
3  17 35 71
3  18 40 77
3  3 40 34
3  17 3 72
3  3 33 72
3  84 44 99
3  100 94 101
3  1 55 2
3  42 47 43
3  47 18 76
3  36 76 77
3  40 102 103
3  38 52 54
3  104 71 105
3  80 81 106
3  107 108 109
3  22 110 111
3  84 97 49
3  97 84 112
3  50 14 24
3  11 25 16
3  10 5 113
3  5 4 113
3  3 17 29
3  17 32 29
3  56 10 113
3  4 29 31
3  56 30 57
3  30 66 57
3  12 61 59
3  61 62 114
3  62 3 115
3  10 114 116
3  62 91 39
3  62 26 91
3  20 25 117
3  25 11 117
3  11 15 27
3  15 78 28
3  26 88 64
3  64 88 65
3  12 23 89
3  23 21 89
3  57 23 58
3  57 66 23
3  118 67 119
3  66 67 95
3  120 83 121
3  118 122 123
3  32 71 104
3  74 124 125
3  40 18 34
3  18 33 34
3  102 39 103
3  39 52 103
3  126 127 128
3  55 68 129
3  74 47 130
3  47 55 130
3  26 28 131
3  28 78 131
3  0 6 132
3  6 15 132
3  78 6 2
3  36 38 133
3  42 38 134
3  38 54 135
3  47 76 43
3  76 36 43
3  40 37 77
3  37 36 77
3  80 1 81
3  1 0 81
3  73 136 137
3  20 22 138
3  35 19 82
3  81 97 69
3  84 24 139
3  24 20 44
3  50 24 51
3  24 84 51
3  60 59 92
3  59 61 140
3  114 141 116
3  114 62 141
3  141 3 116
3  3 10 116
3  102 40 39
3  62 39 41
3  25 24 16
3  24 14 16
3  88 61 142
3  61 11 142
3  88 142 65
3  142 11 65
3  23 12 58
3  12 56 58
3  67 30 119
3  30 32 119
3  66 95 94
3  143 144 145
3  118 119 122
3  119 32 122
3  22 146 147
3  148 138 86
3  35 149 150
3  71 35 151
3  52 37 103
3  37 40 103
3  15 28 75
3  28 27 75
3  52 91 53
3  78 53 131
3  78 15 79
3  15 6 79
3  15 50 132
3  50 0 132
3  53 78 54
3  54 78 135
3  38 42 133
3  42 36 133
3  97 81 98
3  81 49 98
3  152 153 154
3  146 22 155
3  156 157 158
3  44 20 138
3  159 160 161
3  73 74 136
3  162 82 163
3  44 164 165
3  24 44 139
3  44 84 139
3  56 113 31
3  113 4 31
3  61 114 92
3  114 10 92
3  3 141 115
3  141 62 115
3  40 3 41
3  3 62 41
3  11 89 117
3  89 20 117
3  12 89 13
3  89 11 13
3  89 21 90
3  21 20 90
3  11 27 65
3  27 26 65
3  95 67 166
3  67 118 166
3  167 168 169
3  144 94 96
3  68 70 170
3  19 93 171
3  151 172 173
3  149 121 150
3  26 131 174
3  131 53 175
3  42 2 48
3  2 55 48
3  134 38 135
3  2 42 134
3  2 134 135
3  78 2 135
3  22 23 155
3  23 66 155
3  176 177 178
3  80 106 179
3  44 177 176
3  84 180 181
3  182 136 183
3  84 99 184
3  44 138 177
3  84 185 186
3  61 92 140
3  92 59 140
3  146 155 94
3  155 66 94
3  85 87 187
3  118 157 188
3  189 190 191
3  74 192 193
3  19 194 195
3  196 197 126
3  35 120 198
3  83 82 121
3  172 151 199
3  200 197 201
3  91 175 202
3  91 26 175
3  203 204 205
3  44 206 207
3  81 208 209
3  81 69 210
3  69 68 211
3  80 212 213
3  214 215 216
3  217 152 218
3  219 220 217
3  99 44 165
3  99 165 184
3  220 219 186
3  138 85 221
3  148 85 222
3  95 166 96
3  166 118 96
3  223 224 225
3  226 227 228
3  229 230 203
3  22 231 232
3  118 233 158
3  158 157 234
3  130 235 236
3  130 55 235
3  93 237 128
3  73 238 239
3  19 240 241
3  240 93 241
3  242 74 189
3  19 127 243
3  244 121 162
3  35 245 246
3  247 248 249
3  250 32 251
3  71 151 173
3  121 244 252
3  253 199 247
3  254 255 256
3  131 175 174
3  175 26 174
3  175 53 202
3  53 91 202
3  94 144 143
3  22 257 258
3  259 146 260
3  261 262 263
3  69 97 264
3  181 70 265
3  81 210 266
3  69 179 209
3  68 212 211
3  80 211 267
3  80 213 268
3  80 269 270
3  45 176 46
3  220 271 46
3  272 170 186
3  84 220 185
3  138 273 178
3  273 85 178
3  85 138 222
3  148 222 274
3  122 275 276
3  227 275 277
3  275 227 226
3  157 118 278
3  118 279 156
3  279 280 156
3  281 282 283
3  284 285 286
3  287 124 191
3  288 235 289
3  290 291 292
3  68 293 294
3  295 237 183
3  193 242 191
3  296 215 297
3  73 298 299
3  215 296 216
3  300 301 302
3  93 239 237
3  239 93 303
3  93 240 171
3  19 171 304
3  93 194 241
3  194 19 241
3  19 305 306
3  305 194 306
3  307 308 309
3  197 310 126
3  127 82 243
3  82 19 243
3  120 245 83
3  245 35 83
3  245 120 246
3  120 35 246
3  250 105 311
3  227 277 312
3  253 311 199
3  151 35 313
3  314 315 316
3  123 317 226
3  311 105 199
3  149 35 121
3  318 319 320
3  125 287 321
3  322 224 223
3  153 152 217
3  118 123 226
3  323 301 248
3  22 324 187
3  138 22 86
3  146 231 147
3  231 22 147
3  146 94 325
3  282 230 326
3  22 327 328
3  328 327 187
3  85 327 329
3  330 255 228
3  331 332 297
3  55 333 334
3  70 335 336
3  70 69 335
3  70 97 337
3  97 112 338
3  179 106 209
3  69 209 266
3  69 211 179
3  211 80 179
3  211 212 267
3  212 80 267
3  213 212 268
3  212 68 268
3  269 68 270
3  68 80 270
3  177 138 178
3  176 178 46
3  184 207 46
3  84 271 339
3  170 272 308
3  185 220 186
3  84 181 340
3  265 112 340
3  170 70 186
3  70 181 186
3  85 273 221
3  273 138 221
3  222 138 274
3  138 148 274
3  317 275 226
3  123 122 317
3  122 277 341
3  122 342 343
3  157 156 188
3  279 118 280
3  233 156 158
3  233 118 156
3  344 345 346
3  347 348 349
3  344 94 143
3  118 350 351
3  55 291 290
3  68 294 352
3  55 294 289
3  55 353 354
3  294 288 289
3  293 288 294
3  331 293 332
3  235 288 191
3  355 235 191
3  74 356 357
3  73 137 182
3  137 136 182
3  73 299 358
3  299 298 358
3  200 82 310
3  359 360 296
3  73 361 303
3  361 73 239
3  361 239 303
3  93 73 362
3  171 240 304
3  240 19 304
3  194 305 195
3  305 19 195
3  239 238 237
3  127 19 306
3  295 360 359
3  196 295 359
3  363 355 191
3  288 293 331
3  364 35 252
3  32 104 251
3  105 172 199
3  365 35 366
3  252 199 366
3  151 313 199
3  311 367 312
3  359 368 369
3  120 121 198
3  121 35 198
3  121 82 162
3  370 319 318
3  300 367 371
3  306 194 128
3  237 295 196
3  124 287 125
3  227 367 228
3  342 372 277
3  324 328 187
3  85 148 86
3  110 87 111
3  110 22 87
3  373 94 374
3  146 325 375
3  376 377 378
3  377 375 378
3  22 379 380
3  381 327 382
3  327 85 187
3  324 22 328
3  108 345 109
3  383 384 330
3  261 314 385
3  314 329 386
3  97 335 264
3  335 69 264
3  335 97 336
3  97 70 336
3  337 97 265
3  70 337 265
3  210 69 266
3  106 81 387
3  106 387 209
3  387 81 209
3  68 269 268
3  269 80 268
3  85 220 46
3  45 44 176
3  271 184 46
3  271 84 184
3  271 220 339
3  220 84 339
3  293 307 309
3  368 388 389
3  219 272 186
3  220 153 217
3  390 308 391
3  390 391 392
3  97 338 265
3  338 112 265
3  181 265 340
3  112 84 393
3  275 317 276
3  317 122 276
3  156 280 188
3  280 118 188
3  344 350 345
3  100 101 281
3  231 146 394
3  346 108 282
3  254 157 228
3  118 158 395
3  255 384 256
3  157 254 234
3  350 344 145
3  344 143 145
3  396 68 352
3  291 55 292
3  55 354 397
3  235 55 398
3  214 287 191
3  130 363 399
3  136 357 125
3  136 74 357
3  238 298 182
3  298 73 182
3  298 238 358
3  238 73 358
3  359 296 297
3  183 136 125
3  360 295 296
3  191 130 400
3  93 362 303
3  362 73 303
3  82 127 310
3  127 306 128
3  237 238 401
3  238 182 183
3  197 196 201
3  82 200 163
3  402 368 403
3  196 359 404
3  215 331 297
3  215 214 331
3  342 122 405
3  253 367 311
3  172 105 173
3  105 71 173
3  150 121 252
3  313 365 366
3  319 199 252
3  310 127 126
3  199 313 366
3  35 365 406
3  407 408 154
3  300 223 225
3  255 254 228
3  157 226 228
3  323 248 247
3  367 253 247
3  157 278 226
3  278 118 226
3  122 343 277
3  343 342 277
3  199 319 409
3  410 348 347
3  383 330 411
3  412 348 410
3  87 86 111
3  86 22 111
3  257 87 258
3  87 22 258
3  413 22 414
3  187 87 413
3  379 231 380
3  415 260 205
3  416 407 154
3  302 417 418
3  408 152 154
3  329 154 419
3  220 85 153
3  85 329 153
3  333 294 334
3  294 55 334
3  353 289 354
3  353 55 289
3  209 208 266
3  208 81 266
3  184 165 207
3  178 85 46
3  165 164 207
3  164 44 207
3  181 180 186
3  180 84 186
3  170 308 307
3  420 407 392
3  300 302 223
3  322 421 418
3  112 393 340
3  393 84 340
3  344 281 422
3  281 101 422
3  118 351 145
3  351 350 145
3  345 350 109
3  345 108 346
3  94 423 283
3  94 100 281
3  285 225 424
3  282 108 347
3  425 146 426
3  381 386 427
3  158 350 395
3  350 118 395
3  428 350 234
3  350 158 234
3  108 107 429
3  384 428 256
3  428 234 256
3  234 254 256
3  68 396 129
3  396 55 129
3  294 333 352
3  430 55 431
3  354 289 397
3  289 235 397
3  130 236 355
3  236 235 355
3  331 214 191
3  124 193 191
3  130 399 400
3  74 193 432
3  287 296 321
3  183 125 321
3  357 356 125
3  356 74 125
3  238 183 401
3  183 237 401
3  332 402 403
3  201 369 433
3  417 7 434
3  323 435 436
3  201 196 404
3  9 388 437
3  250 372 438
3  372 122 438
3  367 227 312
3  372 250 311
3  122 372 405
3  372 342 405
3  244 319 252
3  439 35 150
3  365 313 406
3  313 35 406
3  200 244 163
3  244 162 163
3  261 159 262
3  285 440 225
3  417 416 441
3  440 300 225
3  367 248 371
3  409 370 442
3  277 275 341
3  275 122 341
3  384 255 330
3  440 443 228
3  87 257 413
3  257 22 413
3  327 22 382
3  444 415 205
3  260 146 375
3  445 146 205
3  231 379 232
3  379 22 232
3  380 381 382
3  446 22 380
3  322 154 262
3  261 168 159
3  391 218 392
3  272 219 217
3  207 206 46
3  206 44 46
3  308 272 391
3  388 402 309
3  293 68 307
3  68 170 307
3  101 94 422
3  94 344 422
3  144 96 145
3  96 118 145
3  350 428 109
3  428 107 109
3  412 286 447
3  281 344 346
3  376 230 229
3  281 346 282
3  423 94 373
3  230 376 283
3  108 410 347
3  286 285 447
3  315 204 203
3  159 168 167
3  154 329 448
3  229 203 205
3  396 352 290
3  352 55 290
3  55 352 431
3  333 55 430
3  235 398 397
3  398 55 397
3  242 189 191
3  363 130 355
3  193 192 242
3  192 74 242
3  190 74 191
3  74 130 191
3  193 124 432
3  124 74 432
3  194 93 128
3  197 200 310
3  369 435 433
3  323 200 435
3  332 293 309
3  368 359 297
3  389 8 449
3  8 417 450
3  7 417 8
3  417 301 450
3  104 105 251
3  105 250 251
3  122 32 438
3  32 250 438
3  277 372 312
3  372 311 312
3  35 439 252
3  439 150 252
3  35 364 366
3  364 252 366
3  319 370 409
3  199 409 442
3  367 440 228
3  367 300 440
3  417 302 451
3  421 302 418
3  319 244 320
3  200 323 318
3  248 301 371
3  301 300 371
3  323 247 442
3  247 199 442
3  302 421 223
3  421 322 223
3  428 384 383
3  330 284 411
3  440 285 443
3  285 284 443
3  22 187 452
3  187 413 452
3  380 231 394
3  380 394 381
3  444 146 415
3  146 259 415
3  146 444 205
3  415 259 260
3  22 446 453
3  446 380 453
3  225 224 160
3  262 154 263
3  218 152 420
3  152 408 420
3  407 7 9
3  309 390 9
3  308 390 309
3  368 402 388
3  375 325 454
3  94 455 378
3  281 283 373
3  283 423 373
3  429 383 411
3  108 429 411
3  282 347 349
3  348 167 169
3  146 425 394
3  329 427 456
3  381 204 457
3  458 315 203
3  315 168 316
3  168 261 385
3  55 396 292
3  396 290 292
3  352 333 431
3  333 430 431
3  74 190 189
3  288 331 191
3  296 295 321
3  295 183 321
3  296 287 216
3  287 214 216
3  435 301 436
3  301 323 436
3  201 404 369
3  404 359 369
3  7 407 434
3  450 435 449
3  322 418 459
3  418 441 459
3  301 435 460
3  435 369 449
3  302 301 451
3  301 417 451
3  244 200 320
3  200 318 320
3  248 367 249
3  367 247 249
3  323 442 461
3  442 370 462
3  107 428 429
3  428 383 429
3  443 330 228
3  443 284 330
3  22 452 414
3  452 413 414
3  146 381 426
3  146 445 381
3  377 229 463
3  260 375 205
3  453 382 464
3  453 380 382
3  322 262 465
3  262 159 465
3  458 348 169
3  348 412 167
3  391 272 218
3  272 217 218
3  402 332 309
3  388 9 389
3  154 153 419
3  153 329 419
3  329 314 448
3  314 261 448
3  230 283 326
3  283 282 326
3  455 94 466
3  325 94 454
3  229 205 463
3  377 376 229
3  94 281 374
3  281 373 374
3  284 286 411
3  286 412 410
3  286 410 411
3  410 108 411
3  348 230 349
3  230 282 349
3  168 315 467
3  315 458 467
3  230 348 203
3  348 458 203
3  168 385 316
3  385 314 316
3  399 363 400
3  363 191 400
3  368 297 403
3  297 332 403
3  237 196 128
3  196 126 128
3  369 368 468
3  468 368 389
3  435 200 433
3  200 201 433
3  407 416 434
3  416 417 434
3  8 450 449
3  9 8 389
3  154 459 469
3  418 417 441
3  459 441 469
3  154 322 459
3  370 318 462
3  442 462 461
3  204 381 205
3  381 445 205
3  204 315 470
3  315 314 470
3  381 394 426
3  394 425 426
3  283 471 472
3  283 376 378
3  382 22 464
3  22 453 464
3  159 224 465
3  224 322 465
3  159 167 473
3  412 447 474
3  168 467 169
3  467 458 169
3  408 407 420
3  218 420 392
3  154 448 263
3  448 261 263
3  378 466 475
3  283 378 475
3  301 460 450
3  460 435 450
3  441 416 469
3  416 154 469
3  462 318 461
3  318 323 461
3  205 375 463
3  375 377 463
3  381 470 386
3  470 314 386
3  204 470 457
3  470 381 457
3  94 378 476
3  378 375 454
3  285 160 447
3  447 160 474
3  225 160 424
3  160 285 424
3  160 224 161
3  224 159 161
3  167 160 473
3  160 159 473
3  160 167 474
3  167 412 474
3  407 9 392
3  9 390 392
3  388 309 437
3  309 9 437
3  466 94 475
3  378 455 466
3  471 94 472
3  94 283 472
3  369 468 449
3  468 389 449
3  329 327 427
3  327 381 427
3  378 454 476
3  454 94 476
3  94 471 475
3  471 283 475
3  427 386 456
3  386 329 456
