OFF
407 810 0
-257.292 -129.085 306.901
-313.653 90.769 427.303
-258.782 -53.9617 298.216
177.303 -147.33 199.217
130.996 -260.994 371.391
38.8859 -217.241 224.934
-41.0352 -287.658 431.595
-37.3616 -247.687 268.068
30.9344 300.309 358.513
65.5953 275.357 431.594
141.886 273.843 418.701
-62.6458 261.281 324.031
-76.6192 189.377 190.461
-119.626 199.869 263.696
113.477 -5.87734 99.6325
9.94237 0.306433 -0.00627561
112.745 13.9421 99.6323
274.781 100.11 354.194
276.555 -85.263 401.488
271.591 16.2758 336.945
124.872 152.983 194.718
92.4521 209.868 220.682
221.8 141.471 315.415
-163.863 -65.8819 168.81
-112.937 -76.0332 112.683
30.3018 292.376 324.105
153.708 172.744 435.896
86.2269 217.384 435.896
221.121 -141.675 431.592
238.258 -100.769 431.592
5.34872 -1.3454 -0.0033763
5.30816 -0.327435 -0.0033507
5.96483 -1.30649 -0.00376519
-48.5117 91.9938 90.9728
-4.97355 8.61759 0.00313928
-67.2082 91.7238 99.6346
-128.579 -276.156 397.204
-184.017 -216.887 315.485
-188.399 -4.20137 177.476
-9.56736 -2.72314 0.00603889
-9.64665 -2.42711 0.00608895
-222.194 -8.87965 229.244
-43.8331 272.727 427.291
1.58076 113.451 95.3361
-85.3953 245.491 435.896
-161.916 197.461 435.896
-2.95627 240.881 435.896
229.188 -47.247 435.896
272.853 34.4785 431.594
229.449 35.4578 435.896
189.925 89.2581 207.683
260.818 134.374 362.794
-159.538 218.236 375.657
-151.789 224.318 405.774
-237.011 49.2089 435.896
-208.842 110.908 435.896
7.74959 6.23834 -0.00489152
79.6249 111.292 112.686
7.93795 5.99665 -0.00501042
105.676 -227.66 435.896
-198.055 -133.249 435.896
-64.8953 -222.981 435.896
228.266 169.153 427.293
-273.335 -89.2832 401.487
-202.439 -145.342 431.591
-65.0303 -269.657 431.594
-109.674 -17 95.3201
-109.535 -15.5197 95.3177
-193.646 120.061 250.761
-144.612 140.333 190.444
-154.528 116.85 190.395
-8.76351 4.70761 0.0055315
4.59894 2.46983 -0.00290302
4.92587 1.40167 -0.00310939
-211.383 -181.027 401.478
-180.312 -174.456 431.591
-183.548 161.333 285.237
212.533 38.9916 207.719
104.03 -49.5202 99.6448
264.88 78.0203 422.989
94.0593 59.0356 95.3181
9.479 3.01658 -0.00598312
194.444 -212.965 354.185
-0.306333 -9.94602 0.000193391
-0.612352 -9.93187 0.000386508
1.18661e-07 -9.95074 -7.48988e-11
17.1714 -112.067 99.6303
5.26901 -200.43 199.039
-13.4147 -167.983 160.157
-118.367 -167.455 194.757
-173.749 -120.053 211.987
-11.1765 -208.67 207.671
197.282 -187.668 302.543
206.253 -173.221 302.535
66.8597 -263.588 427.29
76.046 -256.719 431.593
225.324 -107.294 435.896
227.261 -94.3863 435.896
-275.714 -70.0328 358.478
-115.586 31.2597 108.271
-142.184 225.341 418.682
-159.04 200.65 315.392
228.805 155.936 431.594
2.72216 9.57087 -0.00171822
-100.707 78.5021 112.622
3.0155 9.48248 -0.00190338
5.37807 2.67832 -0.00339481
15.949 -104.557 90.9828
7.74958 -6.23835 -0.00489149
7.55388 -6.47411 -0.00476802
7.93795 -5.99665 -0.00501042
271.134 43.5457 431.593
-9.479 -3.01658 0.00598313
40.9628 233.854 435.896
-227.761 -30.5584 435.896
-42.8365 -105.164 95.3367
-9.82937 1.52635 0.00620428
55.1668 -132.187 134.212
228.156 -35.2517 263.687
216.267 102.599 435.896
194.889 140.559 435.896
-82.4916 -241.17 435.896
-174.603 -156.057 435.896
5.39363 0.499848 -0.00340465
-9.56736 2.72315 0.00603889
-21.1046 103.728 90.9833
9.71679 -2.12879 -0.00613322
9.77772 -1.82843 -0.0061717
189.597 51.0602 186.119
-2.42624 -9.65019 0.00153146
-2.12802 -9.72036 0.0013432
-5.99447 -7.94085 0.00378369
-5.74717 -8.12176 0.00362758
5.49443 8.29495 -0.00346808
5.74718 8.12175 -0.0036276
45.7024 -99.4471 95.3087
8.45719 5.23838 -0.00533816
8.29192 5.49643 -0.00523385
-4.1575 9.03989 0.00262421
-4.43381 8.90753 0.0027986
9.16033 3.87865 -0.00578198
9.27538 3.59461 -0.00585461
9.03658 4.159 -0.00570388
166.784 -145.019 435.896
3.0155 -9.48248 -0.00190335
9.16912 -2.30688 -0.0057876
7.9275 -1.99434 -0.00500397
8.27283 0 -0.00522194
-2.40222 -9.55465 0.00151623
-6.23607 -7.75242 0.00393615
4.50189 -3.18717 -0.00284176
5.30572 -3.75642 -0.00334913
8.45719 -5.23837 -0.00533817
8.20984 -5.44197 -0.00518206
8.90427 -4.43541 -0.00562037
8.76351 -4.70762 -0.00553149
8.61444 -4.97536 -0.00543741
-3.87724 9.16368 0.00244731
-9.71679 -2.12879 0.00613322
-9.38164 3.30717 0.00592167
-9.479 3.01658 0.00598313
3.59331 -9.27878 -0.00226811
3.30596 -9.38508 -0.00208668
8.11879 5.74926 -0.00512456
8.11878 -5.74927 -0.00512455
3.69369 -6.39893 -0.00233157
-1.21027 -9.77754 0.000763875
9.23578 2.02333 -0.00582967
9.44009 1.46586 -0.00595862
9.24545 1.43562 -0.00583578
9.16033 -3.87865 -0.00578198
4.25832 -8.5547 -0.0026879
4.38994 -8.81932 -0.00277095
2.72217 -9.57087 -0.00171826
6.92451 -7.14374 -0.00437073
6.47177 -7.55662 -0.004085
-8.29192 -5.49643 0.00523385
-8.11879 -5.74926 0.00512458
-9.03659 -4.159 0.00570388
-8.90427 -4.43542 0.00562036
-1.82779 -9.78131 0.00115372
-1.52579 -9.83298 0.000963055
5.0607 -0.785635 -0.0031945
0.306333 -9.94602 -0.000193391
-9.87169 1.22282 0.00623099
-9.77772 1.82844 0.00617169
3.30597 9.38508 -0.00208673
2.42624 9.65019 -0.00153145
-3.30598 9.38508 0.00208674
-3.59331 9.27878 0.0022681
6.70132 7.35367 -0.00422987
6.92452 7.14374 -0.00437074
7.14114 6.92703 -0.00450748
3.87724 9.16369 -0.00244731
4.1575 9.03989 -0.0026242
4.43381 8.90753 -0.00279862
5.87584 -7.78355 -0.00370887
5.51968 -7.80002 -0.00348408
5.23649 -8.46027 -0.00330527
5.49443 -8.29495 -0.00346808
5.23255 5.07481 -0.00330291
5.81628 4.39311 -0.00367137
5.62724 3.98414 -0.00355206
9.38164 3.30717 -0.00592169
9.63332 -0.594372 -0.00608058
5.44007 -8.2128 -0.00343379
9.64666 -2.4271 -0.00608896
8.29192 -5.49643 -0.00523385
6.23607 -7.75242 -0.00393616
5.99447 -7.94085 -0.0037837
4.15751 -9.03989 -0.00262422
4.70591 -8.76672 -0.00297034
4.97355 -8.61759 -0.00313929
-9.38164 -3.30717 0.00592167
-9.27538 -3.59461 0.0058546
-8.76351 -4.70762 0.0055315
-3.59331 -9.27878 0.00226811
-3.30596 -9.38508 0.00208668
4.77009 -7.70625 -0.00301096
5.8165 7.70492 -0.00367139
4.87814 -6.06343 -0.0030792
5.29215 7.47831 -0.00334045
6.57568 6.37818 -0.00415062
6.52355 4.92757 -0.00411777
-9.27538 3.59461 0.0058546
-2.12802 9.72036 0.0013432
-1.21029 9.77754 0.000763926
4.54994 5.31167 -0.00287204
-2.42624 9.65019 0.00153145
0.917805 9.90829 -0.000579319
1.51071 9.73561 -0.000953569
0.303294 9.84754 -0.000191447
4.97355 8.61759 -0.0031393
4.70591 8.76671 -0.00297037
5.23648 8.46028 -0.00330526
6.23608 7.75242 -0.0039362
6.47177 7.55663 -0.00408497
5.99447 7.94085 -0.0037837
-8.61443 4.97536 0.00543741
9.77772 1.82844 -0.00617169
9.71679 2.12879 -0.00613322
7.47911 6.40999 -0.00472082
8.67676 4.66098 -0.00547678
-4.70591 -8.76672 0.00297034
9.94709 0 -0.0062786
0.612357 -9.93187 -0.000386511
6.85127 -2.17995 -0.00432469
6.58306 -1.23078 -0.00415541
6.90978 -1.07278 -0.00436163
9.479 -3.01659 -0.00598312
9.56736 -2.72313 -0.00603891
9.27538 -3.59461 -0.00585462
9.38164 -3.30718 -0.00592167
4.43381 -8.90753 -0.0027986
3.87724 -9.16369 -0.0024473
-7.74959 -6.23834 0.00489152
-7.35099 -6.70376 0.00463994
-7.14114 -6.92704 0.00450749
-8.61443 -4.97536 0.00543741
3.59331 9.27878 -0.0022681
-9.92822 0.612573 0.00626667
-9.94237 0.306431 0.00627561
-6.92451 7.14374 0.00437075
-6.47177 7.55662 0.00408498
-6.70132 7.35367 0.00422986
4.55883 3.44308 -0.00287769
-4.70591 8.76671 0.00297037
-2.72216 9.57087 0.00171822
-3.0155 9.48247 0.00190338
9.75011 0 -0.00615429
4.47307 8.33265 -0.00282343
7.351 6.70376 -0.00463994
7.55388 6.47412 -0.004768
9.64665 2.42711 -0.00608895
9.67621 1.19859 -0.00610764
9.77395 1.21071 -0.00616932
8.84693 -0.545814 -0.00558427
9.92822 -0.612577 -0.00626667
9.94237 -0.306418 -0.00627561
8.70689 3.68652 -0.00549583
9.01012 3.17611 -0.00568722
8.76351 4.70762 -0.0055315
8.61444 4.97536 -0.00543742
-4.43381 -8.90753 0.0027986
-3.01549 -9.48248 0.00190335
8.58928 -3.95299 -0.0054216
8.81613 -4.39147 -0.00556475
7.79733 -5.52145 -0.00492172
7.78082 -5.87783 -0.00491128
6.39712 -3.69411 -0.00403802
7.14114 -6.92704 -0.00450746
7.70372 -4.77136 -0.00486267
8.45283 -2.97953 -0.00533551
9.03659 -4.15899 -0.00570389
-9.16033 -3.87864 0.00578199
-6.92451 -7.14374 0.00437074
-7.55388 -6.47412 0.00476801
-6.70132 -7.35367 0.00422986
-6.47177 -7.55662 0.004085
-8.45718 -5.23838 0.00533816
6.06259 1.72521 -0.00382689
7.22939 -3.60066 -0.00456332
-1.22238 -9.87532 0.000771568
-0.917803 -9.90829 0.000579309
1.82778 9.78131 -0.00115368
2.12802 9.72036 -0.0013432
-9.64665 2.42711 0.00608895
-9.71679 2.12878 0.00613322
-9.16033 3.87864 0.00578199
-9.03659 4.159 0.00570388
-9.90465 0.918137 0.0062518
-9.92822 -0.612574 0.00626667
-9.90465 -0.918138 0.0062518
-7.93795 5.99665 0.00501041
-5.99447 7.94085 0.00378369
-7.351 6.70376 0.00463994
-7.55388 6.47412 0.004768
-7.74959 6.23834 0.00489152
-5.74718 8.12175 0.00362763
-5.49444 8.29495 0.00346808
5.16818 7.80208 -0.00326219
9.63332 0.594366 -0.00608058
8.84693 0.545818 -0.00558427
8.56422 1.32978 -0.00540584
9.56736 2.72314 -0.00603889
9.87169 1.22282 -0.00623099
9.82937 1.52635 -0.00620428
9.90465 0.918135 -0.0062518
9.87169 -1.22283 -0.00623099
9.90465 -0.918136 -0.0062518
9.82936 -1.52636 -0.00620428
8.63982 4.30359 -0.00545348
-5.49443 -8.29496 0.00346808
-5.23648 -8.46028 0.00330527
-4.15751 -9.03989 0.00262422
-3.87724 -9.16369 0.0024473
7.38902 -4.89754 -0.00466404
6.70132 -7.35368 -0.00422985
7.35099 -6.70376 -0.00463993
6.32586 -0.982095 -0.00399307
6.45083 -0.798911 -0.00407195
-7.93795 -5.99665 0.00501042
6.45083 0.79891 -0.00407195
9.45564 -2.37901 -0.00596842
0.306322 9.94602 -0.00019335
0.612353 9.93187 -0.000386515
8.27333 4.77821 -0.00522216
7.70371 4.77137 -0.00486265
7.51947 6.05297 -0.00474631
-8.90427 4.43542 0.00562036
-9.87169 -1.22282 0.00623099
-9.77772 -1.82844 0.00617169
-9.82937 -1.52635 0.00620428
-9.94709 -8.69602e-07 0.0062786
-9.94237 -0.30643 0.00627561
-8.11879 5.74926 0.00512457
-8.45719 5.23838 0.00533816
-7.14114 6.92704 0.00450748
-6.23607 7.75242 0.0039362
8.90427 4.43541 -0.00562037
9.92822 0.612574 -0.00626667
-4.97355 -8.61759 0.00313929
-2.72217 -9.57087 0.00171826
5.32663 -2.06379 -0.00336235
7.37244 -0.45481 -0.00465365
7.37244 0.454808 -0.00465365
1.5258 -9.83298 -0.000963058
1.82779 -9.78131 -0.00115372
0.917808 -9.90829 -0.000579312
1.22239 -9.87532 -0.000771572
1.52581 9.83298 -0.000963091
1.22238 9.87532 -0.000771564
-1.82778 9.78131 0.00115369
-8.29192 5.49642 0.00523385
-5.23647 8.46028 0.00330524
6.85598 7.07299 -0.0043275
6.90578 5.55867 -0.004359
7.28865 3.91491 -0.00460071
7.42626 3.41746 -0.00468758
7.75831 3.86425 -0.00489714
5.74717 -8.12175 -0.00362759
6.43962 2.72615 -0.00406485
5.90531 2.7173 -0.0037276
5.8854 3.39851 -0.00371502
6.4824 3.74339 -0.00409183
6.79999 3.12914 -0.0042923
7.06075 -0.654391 -0.00445692
8.16276 3.456 -0.00515242
8.73147 3.07782 -0.00551136
7.83199 1.9703 -0.00494369
7.68834 1.19372 -0.00485303
7.03726 0.871563 -0.00444209
-4.34961e-07 9.95074 2.74546e-10
-0.306323 9.94602 0.00019335
-1.52581 9.83298 0.00096309
-1.22238 9.87532 0.000771564
-0.612354 9.93187 0.000386515
4.82342 3.41487 -0.0030447
6.11292 3.78568 -0.00385862
7.38901 4.89755 -0.00466402
5.89546 -2.4957 -0.00372139
7.42626 -3.41746 -0.00468758
6.63094 1.88699 -0.00418562
2.12802 -9.72036 -0.0013432
-0.917806 9.90829 0.00057932
7.26072 -1.35753 -0.00458313
2.42624 -9.65019 -0.00153146
3  0 1 2
3  3 4 5
3  4 6 7
3  8 9 10
3  11 12 13
3  14 15 16
3  17 18 19
3  20 21 22
3  0 23 24
3  10 21 25
3  26 9 27
3  28 18 29
3  30 31 32
3  33 34 35
3  7 6 36
3  7 36 37
3  0 38 23
3  39 24 40
3  0 2 41
3  2 1 41
3  9 8 42
3  21 43 25
3  9 42 44
3  45 46 44
3  47 48 49
3  17 50 51
3  52 53 11
3  54 45 55
3  56 57 58
3  4 7 5
3  59 60 61
3  51 10 62
3  11 8 25
3  26 47 49
3  1 63 64
3  36 6 65
3  66 38 67
3  68 69 70
3  1 38 41
3  38 0 41
3  71 72 73
3  38 1 68
3  74 36 75
3  26 45 47
3  68 1 76
3  53 42 11
3  77 3 14
3  14 3 78
3  21 10 51
3  17 51 79
3  80 16 81
3  43 21 57
3  21 51 22
3  28 4 82
3  83 84 85
3  86 87 88
3  24 89 90
3  5 7 91
3  82 92 93
3  94 4 95
3  6 4 94
3  6 94 95
3  75 36 65
3  96 48 97
3  36 74 37
3  74 0 37
3  4 92 82
3  47 45 60
3  63 1 98
3  0 74 63
3  57 50 80
3  38 99 67
3  46 9 44
3  45 26 46
3  52 1 53
3  53 1 100
3  42 8 11
3  8 10 25
3  76 1 101
3  69 68 76
3  10 9 102
3  9 26 102
3  48 18 17
3  18 3 19
3  50 57 20
3  57 21 20
3  43 57 103
3  69 35 104
3  103 57 105
3  34 106 72
3  107 86 88
3  108 109 110
3  23 38 24
3  38 66 24
3  47 60 59
3  59 6 95
3  4 3 92
3  18 48 29
3  49 48 111
3  48 17 111
3  0 89 37
3  89 7 37
3  1 0 98
3  0 63 98
3  24 66 40
3  24 39 112
3  99 38 70
3  38 68 70
3  27 9 113
3  46 26 27
3  44 42 100
3  42 53 100
3  75 60 64
3  60 1 64
3  54 1 114
3  60 45 54
3  69 76 101
3  12 69 13
3  43 12 25
3  12 11 25
3  1 52 101
3  52 11 101
3  77 50 17
3  51 62 79
3  91 89 115
3  67 99 116
3  3 5 117
3  117 5 86
3  7 89 91
3  89 24 115
3  89 0 90
3  0 24 90
3  3 77 118
3  3 118 19
3  119 102 120
3  26 49 119
3  9 46 113
3  46 27 113
3  1 45 100
3  45 44 100
3  59 61 121
3  61 60 121
3  63 74 64
3  74 75 64
3  75 121 122
3  75 65 121
3  4 28 95
3  28 59 95
3  45 1 55
3  1 54 55
3  1 60 114
3  60 54 114
3  69 101 13
3  101 11 13
3  123 39 124
3  33 12 125
3  14 126 127
3  80 50 128
3  115 129 130
3  115 131 132
3  133 57 134
3  107 117 86
3  3 117 135
3  135 117 107
3  5 91 87
3  80 136 137
3  33 138 139
3  140 141 142
3  123 71 73
3  70 69 104
3  118 77 19
3  77 17 19
3  92 3 93
3  18 28 82
3  59 28 96
3  28 29 96
3  29 48 96
3  47 59 143
3  3 18 93
3  18 82 93
3  102 119 111
3  119 49 111
3  102 26 120
3  26 119 120
3  65 6 121
3  6 59 121
3  51 50 22
3  50 20 22
3  10 102 62
3  102 111 62
3  12 43 125
3  135 107 144
3  50 77 128
3  80 128 16
3  145 146 147
3  148 149 150
3  14 78 126
3  148 150 151
3  152 153 154
3  155 3 156
3  107 115 84
3  115 24 131
3  33 157 138
3  33 125 157
3  40 66 158
3  99 159 160
3  47 143 96
3  143 59 96
3  62 111 79
3  111 17 79
3  121 60 122
3  60 75 122
3  128 77 16
3  77 14 16
3  161 135 162
3  57 163 58
3  80 140 142
3  57 80 163
3  164 3 110
3  148 165 166
3  167 168 169
3  78 3 170
3  171 172 173
3  109 174 175
3  24 176 177
3  24 178 179
3  131 149 132
3  115 180 181
3  5 87 86
3  87 91 88
3  91 115 88
3  115 107 88
3  149 182 30
3  183 181 166
3  67 116 184
3  116 99 185
3  69 12 35
3  12 33 35
3  105 186 187
3  125 188 189
3  48 47 97
3  47 96 97
3  190 191 192
3  193 194 195
3  196 172 197
3  3 198 199
3  200 201 202
3  80 203 141
3  204 127 145
3  181 148 166
3  152 109 153
3  175 198 205
3  108 3 109
3  78 206 126
3  3 152 156
3  109 152 207
3  172 171 197
3  208 3 209
3  161 172 210
3  135 211 212
3  24 213 214
3  213 39 215
3  115 216 217
3  131 24 149
3  107 83 85
3  183 218 173
3  103 105 187
3  133 190 219
3  220 218 166
3  221 222 223
3  71 159 224
3  99 70 104
3  71 123 124
3  150 149 30
3  139 225 226
3  226 200 227
3  125 225 228
3  229 187 230
3  231 229 230
3  125 43 225
3  57 232 233
3  133 232 234
3  235 236 237
3  57 235 237
3  190 57 191
3  71 104 238
3  203 239 167
3  203 80 81
3  83 107 84
3  16 239 240
3  141 203 142
3  241 137 242
3  217 148 181
3  243 149 217
3  15 14 244
3  107 183 245
3  246 247 248
3  78 249 250
3  126 206 127
3  78 251 252
3  152 154 156
3  3 108 110
3  198 3 212
3  3 135 212
3  210 212 253
3  135 161 254
3  39 149 215
3  215 178 214
3  176 215 255
3  24 256 257
3  215 149 255
3  24 215 258
3  138 157 139
3  57 193 259
3  159 99 224
3  159 71 124
3  66 260 261
3  116 124 184
3  104 35 262
3  35 263 264
3  34 139 265
3  34 33 266
3  125 267 268
3  157 125 189
3  57 186 105
3  127 204 269
3  221 200 270
3  57 194 193
3  187 186 259
3  186 57 259
3  232 57 234
3  57 133 234
3  133 134 237
3  134 57 237
3  235 57 236
3  57 190 236
3  271 57 272
3  57 56 272
3  57 271 192
3  191 57 192
3  239 203 273
3  274 239 275
3  204 145 276
3  14 277 278
3  279 203 280
3  80 281 282
3  243 217 283
3  115 243 283
3  149 148 217
3  217 181 284
3  285 286 287
3  109 287 288
3  289 220 151
3  289 247 246
3  286 251 154
3  251 78 170
3  249 252 250
3  252 251 250
3  164 110 207
3  110 109 207
3  3 174 290
3  286 153 287
3  291 146 292
3  251 170 293
3  196 175 205
3  198 212 210
3  135 210 253
3  172 198 210
3  39 213 112
3  213 24 112
3  213 215 214
3  178 24 294
3  255 149 295
3  24 255 296
3  256 255 295
3  24 297 298
3  178 215 179
3  215 24 179
3  178 294 214
3  294 24 214
3  215 176 258
3  24 258 299
3  251 286 285
3  123 106 300
3  246 146 301
3  200 221 223
3  115 217 284
3  302 181 303
3  218 171 173
3  172 161 173
3  135 144 162
3  144 161 162
3  304 43 305
3  43 103 187
3  267 225 139
3  200 265 227
3  99 306 307
3  306 99 124
3  99 104 308
3  71 224 309
3  260 66 310
3  66 67 310
3  260 39 311
3  66 311 312
3  34 313 314
3  104 315 316
3  314 313 317
3  314 318 319
3  233 259 195
3  219 222 320
3  133 219 320
3  190 192 241
3  236 190 237
3  190 133 237
3  136 282 137
3  272 56 58
3  271 272 192
3  321 322 323
3  16 273 324
3  273 203 324
3  16 325 326
3  239 327 244
3  14 328 329
3  14 127 330
3  145 147 276
3  239 325 327
3  203 331 242
3  140 80 141
3  149 243 132
3  115 332 333
3  183 84 181
3  130 129 284
3  334 283 335
3  283 217 335
3  212 211 253
3  165 148 151
3  291 285 287
3  171 218 197
3  301 291 336
3  220 165 151
3  170 3 293
3  153 286 154
3  251 127 250
3  249 78 252
3  152 3 207
3  3 164 207
3  3 175 337
3  3 208 175
3  3 290 338
3  290 174 338
3  197 291 287
3  251 293 154
3  247 339 340
3  211 135 253
3  198 172 205
3  172 196 205
3  135 254 210
3  254 161 210
3  176 255 341
3  255 24 341
3  255 256 296
3  256 24 296
3  24 257 295
3  257 256 295
3  297 149 298
3  149 24 298
3  258 176 299
3  176 24 299
3  218 220 289
3  339 247 32
3  342 339 32
3  244 269 321
3  251 145 343
3  269 204 276
3  182 149 31
3  30 182 31
3  115 302 303
3  302 115 181
3  84 183 85
3  183 107 85
3  218 183 166
3  165 220 166
3  161 144 173
3  144 107 173
3  344 43 345
3  229 231 344
3  200 187 270
3  346 347 348
3  71 313 72
3  313 34 72
3  106 200 202
3  139 157 268
3  267 139 268
3  157 189 268
3  116 185 307
3  185 99 307
3  39 260 124
3  124 260 184
3  99 308 224
3  224 308 309
3  308 104 309
3  104 71 349
3  260 310 184
3  310 67 184
3  311 39 350
3  351 352 158
3  260 311 261
3  353 261 354
3  104 313 355
3  313 71 356
3  104 262 357
3  315 357 264
3  264 263 358
3  264 314 317
3  320 221 270
3  222 221 320
3  201 200 223
3  192 272 241
3  281 359 282
3  281 80 359
3  239 273 240
3  273 16 240
3  203 81 324
3  81 16 324
3  325 16 327
3  15 327 360
3  325 239 326
3  239 16 326
3  127 206 250
3  206 78 250
3  196 197 287
3  154 155 156
3  244 127 269
3  327 15 244
3  115 333 361
3  332 115 132
3  333 332 361
3  332 132 361
3  181 130 284
3  129 115 362
3  115 334 335
3  334 115 283
3  293 3 154
3  3 155 154
3  198 175 199
3  175 208 209
3  175 174 337
3  174 3 337
3  174 109 338
3  109 3 338
3  176 341 177
3  341 24 177
3  149 297 295
3  297 24 295
3  31 123 32
3  363 30 32
3  147 364 365
3  147 146 364
3  197 218 289
3  282 359 137
3  181 180 130
3  180 115 130
3  181 84 303
3  84 115 303
3  107 366 367
3  368 183 369
3  187 229 370
3  43 370 371
3  231 200 226
3  226 225 372
3  72 106 73
3  106 123 73
3  34 266 139
3  266 33 139
3  187 200 230
3  200 231 230
3  225 267 228
3  267 125 228
3  189 188 268
3  188 125 268
3  306 124 307
3  124 116 307
3  159 124 160
3  124 99 160
3  104 349 309
3  349 71 309
3  66 352 351
3  66 351 158
3  66 312 350
3  312 311 350
3  66 353 354
3  353 66 261
3  104 356 238
3  356 71 238
3  104 355 373
3  355 313 373
3  35 318 314
3  319 35 374
3  313 104 317
3  104 316 317
3  263 35 358
3  315 104 357
3  222 219 375
3  219 190 375
3  203 359 142
3  359 80 142
3  223 376 377
3  359 203 242
3  80 282 136
3  137 359 242
3  327 16 360
3  16 15 360
3  145 127 343
3  127 251 343
3  328 330 329
3  330 127 329
3  127 244 329
3  244 14 278
3  378 347 379
3  274 244 321
3  132 243 361
3  243 115 361
3  217 216 335
3  216 115 335
3  175 209 199
3  3 199 380
3  146 145 292
3  145 251 285
3  109 175 287
3  175 196 287
3  123 300 342
3  381 382 383
3  384 378 385
3  340 342 386
3  145 285 292
3  285 291 292
3  169 321 323
3  347 346 387
3  280 167 388
3  389 390 391
3  269 276 322
3  276 147 322
3  149 39 31
3  39 123 31
3  129 362 284
3  362 115 284
3  107 368 369
3  183 367 369
3  43 187 305
3  370 43 304
3  370 229 371
3  229 43 371
3  344 231 392
3  392 231 393
3  394 43 395
3  396 231 226
3  225 43 372
3  394 395 372
3  265 200 397
3  106 34 265
3  352 39 158
3  39 40 158
3  39 352 350
3  352 66 350
3  261 311 354
3  311 66 354
3  313 356 373
3  356 104 373
3  357 262 264
3  262 35 264
3  35 314 358
3  314 264 358
3  318 35 319
3  35 34 374
3  376 222 348
3  375 190 241
3  187 259 270
3  259 193 195
3  320 270 233
3  270 259 233
3  202 201 398
3  223 377 378
3  388 167 387
3  376 347 399
3  279 388 387
3  331 203 279
3  241 272 137
3  272 58 137
3  244 278 329
3  328 14 330
3  278 277 329
3  277 14 329
3  168 167 274
3  167 239 274
3  151 150 400
3  400 150 363
3  248 247 340
3  301 146 401
3  291 197 336
3  289 246 301
3  197 289 336
3  289 301 336
3  199 209 380
3  209 3 380
3  287 153 288
3  153 109 288
3  269 322 321
3  147 389 323
3  300 381 402
3  402 389 391
3  183 368 245
3  368 107 245
3  183 173 367
3  107 367 403
3  187 370 305
3  370 304 305
3  43 229 345
3  229 344 345
3  231 396 393
3  43 344 392
3  395 43 404
3  43 394 372
3  265 139 227
3  139 226 227
3  200 106 397
3  106 265 397
3  316 315 317
3  315 264 317
3  34 314 374
3  314 319 374
3  58 163 137
3  163 80 137
3  241 242 346
3  242 331 346
3  232 133 233
3  133 320 233
3  202 398 383
3  398 381 383
3  223 222 376
3  347 376 348
3  203 167 280
3  279 280 388
3  239 244 275
3  244 274 275
3  169 168 321
3  168 274 321
3  123 342 32
3  289 151 400
3  246 248 405
3  248 364 405
3  146 291 401
3  291 301 401
3  382 202 383
3  387 167 323
3  389 387 323
3  387 389 378
3  342 300 402
3  167 169 323
3  367 366 369
3  366 107 369
3  107 403 406
3  403 367 406
3  396 43 393
3  43 392 393
3  395 396 372
3  396 226 372
3  43 396 404
3  396 395 404
3  194 57 195
3  57 233 195
3  377 347 378
3  381 300 382
3  381 398 384
3  322 147 323
3  300 106 382
3  106 202 382
3  399 347 377
3  376 399 377
3  389 147 390
3  402 381 385
3  150 30 363
3  400 363 32
3  339 342 340
3  248 340 386
3  364 146 405
3  146 246 405
3  367 173 406
3  173 107 406
3  386 342 365
3  241 346 348
3  398 201 384
3  201 223 384
3  381 384 385
3  384 223 378
3  247 289 32
3  289 400 32
3  364 386 365
3  364 248 386
3  346 331 387
3  331 279 387
3  222 375 348
3  375 241 348
3  147 365 390
3  390 365 391
3  365 342 391
3  342 402 391
3  347 387 379
3  387 378 379
3  378 389 385
3  389 402 385
