OFF
1059 2114 0
84.9066 0 112.384
82.1982 0 108.065
79.2803 3.69407 103.745
-103.723 -139.741 418.652
-117.417 -128.266 435.896
-128.268 -120.43 414.342
-3.19 -4.50455 -0.0140303
-3.44625 -4.56159 -0.0151568
-3.361 4.7458 -0.014782
-93.832 -13.0593 138.275
-9.88851 -1.22284 -0.0434692
-9.84611 -1.52638 -0.0432828
-49.1628 128.952 228.918
-17.1919 85.7774 121.012
-32.229 80.7701 121.009
-20.4109 175.738 362.615
-40.2036 167.961 341.058
-59.6969 164.962 422.963
-153.567 58.7815 302.252
-170.476 25.0344 336.747
-161.844 59.515 353.988
6.93626 -7.1438 0.0304915
56.2698 -55.1082 103.742
50.8652 -56.3664 99.4219
-36.286 159.889 302.251
-4.91689 165.199 310.873
56.2654 55.1125 103.742
50.8702 56.3621 99.4219
52.4499 58.5263 103.741
8.47395 130.715 211.66
24.7209 132.41 220.289
2.67526 99.9297 142.604
-60.1685 164.794 431.585
-3.4624 -7.51889 -0.0152248
-3.50368 -7.60837 -0.0154061
-3.69255 -7.40887 -0.0162367
-173.746 25.7109 435.896
-172.691 -32.5366 431.585
-164.319 -62.3806 435.896
-74.2676 145.29 435.896
-54.7477 -167.131 435.896
51.6651 -139.399 435.896
98.0892 86.3428 211.657
89.1395 97.5762 215.971
101.78 126.586 293.628
-150.203 -91.2767 427.274
-150.342 -84.9694 341.058
-138.07 -108.89 422.963
-78.7898 50.8542 133.962
-92.7331 33.6639 146.908
-123.018 43.1322 211.658
38.7287 79.5002 121.016
36.1604 72.6682 108.06
33.3889 79.1012 116.697
-127.865 117.858 435.896
-162.108 62.6453 435.896
44.183 73.8285 116.697
54.5184 72.7855 125.334
48.3344 68.3906 112.38
-87.0274 30.2392 133.956
-9.29117 3.59466 -0.0408434
71.2071 -19.6289 95.1051
78.2721 -13.5973 103.745
77.4311 -17.0978 103.745
61.6955 -53.3958 108.062
66.3508 -47.3855 108.062
70.8593 -49.3812 116.699
-0.470484 -82.64 112.375
13.094 -79.4244 108.057
0.990643 -82.5715 112.375
-8.91942 4.43547 -0.0392092
-8.77841 4.70767 -0.0385894
152.077 0 237.578
123.328 -63.8834 233.23
150.198 0 233.264
133.448 -93.2053 297.938
109.687 -84.4539 233.229
123.749 -77.294 250.49
-83.4063 -154.805 431.585
-86.3411 -153.217 427.274
-5.91418 6.48089 -0.0260021
-6.65691 6.44758 -0.0292657
-5.98071 6.55364 -0.0262943
-162.963 22.8884 302.252
-138.792 29.4282 241.858
-53.5285 -167.711 414.342
-139.299 27.4021 241.858
-139.786 25.3135 241.858
-97.0089 100.615 233.233
-128.529 91.3202 276.378
-108.977 123.713 302.252
-18.5776 135.379 224.604
-5.54657 164.111 306.561
-87.6087 152.042 435.896
-88.6776 147.375 336.746
-113.102 130.563 341.058
-119.273 74.7455 237.545
-75.8122 90.4291 177.142
54.7282 120.886 215.973
61.3872 117.116 215.972
76.8648 108.592 220.284
78.8208 21.7349 108.063
78.2725 13.5951 103.745
77.4289 17.108 103.745
72.3848 -32.3862 103.745
64.2085 -29.7827 90.7837
71.1345 -28.1129 99.4245
-0.4443 82.6412 112.375
-0.919353 9.90829 -0.00404146
-1.22445 9.87532 -0.00538264
70.2919 -10.8744 90.7853
66.8677 -13.5516 86.4647
67.6819 -9.22157 86.4651
67.6819 9.22141 86.4651
68.1964 4.66858 86.4653
65.323 4.75039 82.1448
157.269 -79.0514 435.896
112.918 56.9532 203.025
146.334 0 224.634
115.85 45.078 198.709
65.8118 -17.5719 86.4642
9.66308 -2.42714 0.0424783
6.48274 -7.55668 0.0284978
6.71268 -7.35373 0.0295086
-2.13161 -9.72037 -0.0093705
-17.1855 -85.7788 121.012
-2.43034 -9.6502 -0.0106837
-2.95831 4.77583 -0.0130117
8.91942 4.43547 0.0392092
9.58366 2.72318 0.0421291
-43.6178 81.1997 129.648
-57.7114 64.6308 125.317
-116.735 -116.517 302.253
-59.4987 -101.992 177.142
-83.3046 -142.387 302.253
86.7693 -72.6073 172.816
114.489 -115.463 297.938
8.1238 -174.039 435.896
3.39129 -175.909 431.585
52.4489 -58.5271 103.741
71.2613 -126.101 250.487
71.9509 -148.529 306.563
59.2447 -151.121 297.937
11.3787 -170.116 336.744
14.3375 -163.969 310.872
33.8866 -161.416 306.563
-69.1829 -157.634 349.678
-156.558 -35.8143 435.896
-140.235 23.2622 241.859
-175.5 9.23998 418.652
-166.547 55.6643 431.585
-164.554 61.3744 427.274
-152.453 83.5372 431.585
-6.71269 7.35372 -0.0295086
-174.434 22.0165 414.342
-131.683 116.133 422.963
-142.271 103.073 414.342
51.0487 59.7612 103.741
42.2307 62.5061 99.4198
-142.054 97.251 336.747
-137.365 91.2684 302.253
26.6358 76.268 108.059
140.376 87.4794 306.563
151.163 61.4734 302.249
45.9753 157.148 302.25
27.5033 131.573 220.288
-59.9797 124.694 228.919
-69.975 148.43 302.251
110.753 0 155.571
113.2 0 159.889
68.1964 -4.66873 86.4653
75.3662 -24.917 103.745
75.6155 -30.6879 108.062
9.79438 -1.82846 0.0430554
9.94514 -0.612588 0.0437181
9.88851 -1.22284 0.0434692
77.5277 144.045 302.25
55.8538 71.8373 125.334
-93.8323 13.0471 138.275
-141.641 12.8831 241.859
-126.033 63.2647 237.546
67.8191 -20.9974 90.7847
73.1725 -22.7731 99.4251
54.6101 -72.7177 125.334
38.661 -79.5323 121.016
44.2465 -73.7914 116.697
37.3011 -132.262 228.916
30.8403 -159.174 297.937
34.3523 -132.972 228.916
4.71388 -8.76675 0.020722
36.1426 -72.6765 108.06
4.4413 -8.90756 0.0195238
129.534 0 190.108
78.5404 -29.7455 112.381
127.29 0 185.792
-2.93849 -5.46936 -0.0129242
62.4809 66.1106 125.334
62.5324 -66.0625 125.334
72.9347 -50.371 121.017
152.724 -80.3638 341.057
149.237 -65.4309 297.939
159.514 -61.7999 336.745
2.0456 -161.933 297.936
9.99286 -146.09 259.109
22.7617 -87.7631 125.333
-8.74658 -164.593 306.562
-44.4605 -158.891 302.253
-16.8096 -160.124 293.625
47.8789 -165.786 341.057
9.2811 -178.642 397.101
18.6227 -171.325 345.367
-95.9374 -143.585 341.058
-117.787 -125.681 341.057
-120.054 -79.4473 250.483
-132.671 -97.8534 302.252
-121.375 -77.2466 250.483
-108.403 -95.8129 250.485
-173.178 30.471 410.031
-158.041 -77.1423 418.652
-166.553 -56.7651 410.031
-164.855 4.58459 302.253
-88.4799 -75.4518 185.755
-110.06 -93.7673 250.485
-102.514 142.553 418.652
-95.706 101.729 233.232
-147.619 88.1361 341.057
-114.236 133.216 427.274
20.6656 174.908 435.896
-30.2402 171.491 435.896
156.703 72.4397 341.058
-67.9522 159.056 358.299
-88.6146 151.692 410.031
-94.364 102.85 233.232
-86.4803 109.34 233.231
-82.7842 111.819 233.231
-8.30602 5.49648 -0.0365128
-8.13258 5.74932 -0.0357504
75.2827 118.788 237.546
-10.9926 136.024 224.604
72.9465 50.3541 121.017
107.304 70.8607 207.341
-4.55843 6.43416 -0.0200442
-4.10127 6.61842 -0.0180346
-4.1943 6.32498 -0.0184439
-78.5775 -51.2062 133.962
-8.47156 -5.23844 -0.0372405
-8.30601 -5.49648 -0.0365128
-47.7257 129.392 228.917
5.24535 -8.46031 0.0230583
-8.13258 -5.74932 -0.0357504
-7.71504 -5.81887 -0.0339158
65.323 -4.75031 82.1448
105.779 0 146.935
103.253 0 142.617
78.5257 29.7838 112.381
72.0872 38.3406 108.063
75.3706 24.9039 103.745
66.8676 13.5521 86.4647
70.2919 10.875 90.7853
65.529 -1.60867 82.145
65.4506 -3.19861 82.1449
78.8145 -21.7577 108.063
125.015 0 181.475
194.385 0 397.11
193.98 0 392.8
18.8948 0 13.0084
18.8922 -0.15237 13.0084
15.9164 -0.223554 8.68689
40.1162 -67.1996 103.74
42.233 -62.5048 99.4198
44.39 -67.7366 108.06
8.47157 -5.23843 0.0372405
-2.95768 -5.12048 -0.0130088
8.62908 -4.97541 0.0379329
118.459 -72.0465 233.229
120.202 -69.2618 233.23
116.637 -74.8115 233.229
26.6279 -76.2705 108.059
-5.28653 5.44772 -0.0232451
-4.85007 5.3166 -0.021327
-4.943 5.09421 -0.0217355
-2.95831 -4.77583 -0.0130117
0.695413 -99.9501 142.604
-10.7024 -86.8978 121.012
-15.2415 -124.573 207.334
-51.3428 -164.545 341.057
-5.69237 4.87327 -0.0250288
-5.84227 5.0014 -0.0256875
-5.45201 5.28256 -0.0239724
-32.2431 -80.7638 121.009
-43.7224 -81.1407 129.648
-4.4413 -8.90756 -0.0195238
170.33 0 285.026
158.452 47.1571 306.563
72.0804 -38.3531 108.063
181.791 0 323.833
182.863 0 328.144
155.729 0 246.207
157.5 0 250.521
-6.29115 172.337 345.368
9.23982 171.51 345.367
19.3463 171.133 349.678
39.6764 160.369 310.873
153.921 0 241.893
-3.886 175.281 435.896
-6.22704 175.417 410.031
-6.69343 -170.269 345.365
133.924 108.627 345.367
3.59939 -9.2788 0.0158228
4.16453 -9.03992 0.0183071
3.8838 -9.16371 0.0170731
-40.5021 -171.244 418.652
-169.535 34.0351 358.299
-138.501 -37.5045 246.172
-92.6876 -33.7007 146.908
-128.773 -63.8101 250.482
-172.52 -7.61694 341.058
-6.11377 6.69913 -0.0268787
-5.62731 6.98558 -0.0247406
-5.33997 8.04879 -0.0234754
-5.47145 7.72005 -0.024054
-5.64272 7.96111 -0.0248059
-82.4623 151.505 345.368
-21.9513 174.057 418.652
-46.4249 158.687 310.873
-46.3263 129.801 228.917
-44.012 130.407 228.917
-58.5875 125.251 228.919
-3.5922 6.68439 -0.0157968
-3.56049 7.14436 -0.0156567
-3.42846 6.87983 -0.0150767
29.5519 80.3944 116.696
-2.43034 9.6502 -0.0106837
-2.67263 9.3814 -0.0117493
-2.99061 9.38862 -0.0131469
-9.69198 136.03 224.603
-6.35112 135.945 224.602
12.838 1.40934 4.36486
12.8756 1.12854 4.36504
9.88851 1.22284 0.0434692
61.6938 53.3978 108.062
66.344 47.3949 108.062
65.4137 44.2748 103.743
-2.13161 9.72037 -0.00937051
-1.83086 9.78131 -0.00804843
-3.46001 8.16602 -0.015213
-12.9605 89.7805 435.896
148.714 21.3055 435.896
112.295 121.548 306.564
-3.15861 -4.76475 -0.0138923
-3.21799 -5.19465 -0.0141532
-0.613389 9.93187 -0.00269644
-0.306839 9.94602 -0.00134886
-7.15326 6.92709 -0.0314454
-6.93626 7.1438 -0.0304915
-7.36347 6.70381 -0.0323695
-1.52838 9.83298 -0.00671873
4.16453 9.03992 0.0183071
3.8838 9.16371 0.017073
-4.34961e-07 9.95074 -1.91396e-09
-2.90638 4.69206 -0.0127834
4.98197 -8.61762 0.0219006
72.3898 32.3752 103.745
75.6107 30.6996 108.062
36.6568 0 38.9367
33.7112 0 34.6155
9.66308 2.42715 0.0424783
65.8118 17.5718 86.4642
131.747 0 194.425
78.839 -8.9434 103.745
95.5282 0 129.661
78.8401 8.93413 103.745
92.9059 0 125.342
90.2611 0 121.023
77.9922 153.127 345.367
70.9317 148.265 306.562
51.7148 163.784 336.746
65.4046 -44.288 103.743
63.6016 -42.2735 99.4239
68.9965 -38.6088 103.744
140.281 0 211.688
138.197 0 207.373
108.279 0 151.253
-173.511 -27.8133 422.963
-9.79438 1.82846 -0.0430554
-9.66308 2.42715 -0.0424783
-9.84611 1.52638 -0.0432828
-137.249 34.8461 241.857
12.8756 -1.12854 4.36504
15.8677 -0.894177 8.68661
15.8385 -1.11767 8.68644
68.0371 -88.327 172.811
56.0867 -71.6581 125.334
2.72676 -9.57088 0.0119867
3.02059 -9.48249 0.0132784
9.39761 -3.30722 0.0413113
9.29118 -3.59465 0.0408434
9.92153 -0.91815 0.0436144
12.9048 -0.847023 4.36518
15.8385 1.11768 8.68644
30.7585 0 30.2942
15.8677 0.894183 8.68661
8.91942 -4.43547 0.0392092
9.17592 -3.87869 0.0403368
33.3958 -79.0984 116.697
29.5333 -80.4009 116.696
51.0448 -59.7645 103.741
-21.7506 -81.7193 116.691
0.306841 -9.94602 0.00134886
-95.8134 -133.947 306.562
2.13161 -9.72037 0.0093705
-1.22445 -9.87532 -0.00538263
-4.38656 -8.15948 -0.0192854
-4.72515 -7.62319 -0.0207747
-4.38908 -7.59431 -0.0192978
84.3917 -152.68 435.896
184.886 0 336.766
183.895 0 332.455
141.512 -85.1295 306.563
71.1361 28.1092 99.4245
64.2089 29.7819 90.7837
177.096 0 306.587
175.822 0 302.275
169.78 -41.3159 435.896
130.379 100.125 306.562
34.4961 -172.548 435.896
71.7533 -154.915 336.744
60.0466 -161.397 345.367
128.167 -115.159 345.367
136.685 -110.927 427.274
115.599 -128.073 341.057
126.587 -120.255 431.585
140.77 -105.647 431.585
48.3458 -169.292 418.652
64.6892 -163.63 427.274
-84.3258 -150.771 353.989
-136.691 -107.363 431.585
-120.872 -123.005 345.368
-143.155 -96.4675 353.989
-161.086 62.4876 362.61
-10.8429 86.8772 121.012
-14.9184 86.1889 121.012
-84.1669 110.898 233.231
37.5424 128.386 220.286
22.9011 87.7284 125.333
1.02019 82.5724 112.375
13.1044 79.4232 108.057
0.613388 9.93187 0.00269643
0.306838 9.94602 0.00134886
-3.01436 135.779 224.602
86.2895 73.1758 172.816
7.36347 6.70381 0.0323694
-3.05635 5.29111 -0.0134425
6.71268 7.35373 0.0295086
7.76275 6.2384 0.0341246
63.6028 42.2717 99.4239
7.95144 5.9967 0.0349541
71.2076 19.6273 95.1051
67.8185 20.9994 90.7847
73.1737 22.7692 99.4251
-3.49853 8.25672 -0.0153821
-4.00078 8.02602 -0.0175902
-3.87533 8.41365 -0.0170379
70.7634 49.5167 116.699
44.3083 165.708 341.056
17.575 172.028 358.299
51.0814 168.553 431.585
-3.22897 7.62178 -0.0141985
-3.59939 9.2788 -0.0158228
-21.7686 81.7136 116.691
-3.31156 9.38509 -0.0145575
-3.56516 4.71883 -0.0156795
-3.92192 5.19053 -0.0172476
-3.89451 4.83723 -0.0171272
-3.95637 4.91398 -0.0173991
-3.42081 -8.8196 -0.0150392
-2.96063 -9.29476 -0.0130154
-3.31155 -9.3851 -0.0145575
-9.95931 -0.306435 -0.0437805
-9.92153 -0.91815 -0.0436144
-9.94514 -0.612585 -0.0437181
-3.06218 4.94336 -0.0134683
-9.88851 1.22284 -0.0434692
-9.92153 0.918148 -0.0436144
5.75691 8.12179 0.0253071
-3.6471 4.53022 -0.0160397
-3.97761 4.64037 -0.0174925
2.72676 9.57088 0.0119867
-3.16443 6.35077 -0.0139167
-3.59461 5.42174 -0.0158087
-3.4856 5.2575 -0.0153296
-3.70303 5.22825 -0.0162854
-2.85445 4.60829 -0.0125551
12.7921 -1.68925 4.36464
71.0348 35.1167 103.744
73.9566 0 95.1056
76.7225 0 99.4255
100.703 0 138.298
98.1273 0 133.98
65.4506 3.19852 82.1449
65.529 1.60885 82.145
59.8757 0 73.5041
62.7172 0.437396 77.8246
62.723 0 77.8247
57.0144 0 69.1835
51.2527 0 60.542
144.351 0 220.319
136.079 0 203.057
109.335 -47.1097 190.074
118.012 0 168.524
120.375 0 172.841
122.71 0 177.158
-141.527 -18.0545 246.17
-141.709 -15.7675 246.169
-122.161 -13.0493 198.705
-141.299 -20.3992 246.17
-163.702 -54.2489 345.368
-161.742 -58.8566 341.057
-137.831 32.8636 241.857
7.15326 -6.92709 0.0314454
64.0001 -36.3203 95.1039
48.3382 -68.388 112.38
57.5194 -49.8037 99.4227
-3.2676 -4.92901 -0.0143714
-2.85445 -4.60829 -0.0125551
-3.2676 4.92901 -0.0143714
-3.19047 -7.53107 -0.0140294
-3.29729 -7.16095 -0.0144996
39.5947 0 43.2579
65.1507 -6.24695 82.1446
12.7379 -1.96808 4.36438
12.838 -1.40933 4.36486
15.9164 0.223561 8.68689
18.8922 0.152373 13.0084
24.8334 0.0426363 21.6514
15.8904 0.67066 8.68674
27.7998 0 25.9728
9.58366 -2.72317 0.0421291
9.05197 -4.15905 0.0397919
121.896 -66.4039 233.23
8.30601 -5.49649 0.0365128
8.13258 -5.74932 0.0357504
-57.7097 -64.6321 125.317
-7.15326 -6.92709 -0.0314454
-1.83087 -9.78131 -0.00804844
-4.15285 -7.72567 -0.0182593
-3.4215 -8.07531 -0.0150439
-3.2423 -8.36038 -0.0142556
75.6841 -155.428 353.989
154.413 4.8899 435.896
130.825 116.398 435.896
159.235 0 254.834
174.508 0 297.963
173.154 0 293.651
-160.51 -38.064 302.253
-3.02059 9.48249 -0.0132784
-42.6159 130.772 228.916
40.1239 67.1953 103.74
5.24534 8.46032 0.0230583
1.22445 9.87532 0.00538264
1.52838 9.83298 0.00671872
3.31156 9.3851 0.0145575
3.59938 9.2788 0.0158228
57.5182 49.8051 99.4227
63.9993 36.3217 95.1039
8.30602 5.49648 0.0365128
-3.21861 5.99011 -0.0141553
4.44131 8.90756 0.0195238
69.0023 38.5988 103.744
-7.5667 6.47418 -0.0332628
-6.24664 7.75246 -0.02746
-6.2899 7.33246 -0.0276512
-9.95931 0.306435 -0.0437805
-9.94514 0.612584 -0.0437181
-4.33969 7.50902 -0.0190809
-4.38908 7.5943 -0.0192978
-4.15286 7.72566 -0.0182593
9.73335 -2.12881 0.0427871
9.05196 4.15905 0.0397919
9.17592 3.8787 0.0403368
87.5945 0 116.704
48.3539 0 56.2211
62.7172 -0.437459 77.8246
62.6998 -0.870064 77.8246
79.2802 -3.69601 103.745
71.173 0 90.7855
79.4699 0 103.745
133.929 0 198.741
115.62 0 164.207
-151.534 -64.6089 302.252
-166.835 -42.8346 349.678
7.76275 -6.2384 0.0341246
5.50374 -8.29499 0.0241942
-3.30303 -5.7177 -0.0145267
-3.29643 -6.61531 -0.0144967
-3.07499 -7.25893 -0.0135222
-3.12043 -6.26258 -0.0137234
9.73335 2.12882 0.0427871
9.94514 0.612583 0.0437181
-14.9377 -86.1851 121.012
-3.68562 -6.85795 -0.0162072
-3.5922 -6.68439 -0.0157968
15.8027 -1.34113 8.68624
45.444 0 51.9001
65.1507 6.247 82.1446
15.9067 0.447117 8.68683
9.84611 -1.52637 0.0432829
24.8357 0 21.6514
12.9257 0.564981 4.36528
111.737 -81.8592 233.229
71.0372 -35.112 103.744
8.77842 -4.70767 0.0385894
1.22445 -9.87532 0.00538265
1.83087 -9.78131 0.00804844
2.43034 -9.6502 0.0106837
148.284 0 228.949
98.5408 -141.565 341.057
138.55 -103.552 353.989
125.838 -121.033 422.963
107.266 -137.977 405.719
86.4547 -153.331 422.963
71.5173 103.107 435.896
155.455 83.8995 418.653
195.344 0 410.039
160.933 0 259.148
168.859 0 280.714
165.803 0 272.088
164.217 0 267.775
-110.228 -134.781 410.03
-2.72676 9.57088 -0.0119867
-4.16453 9.03992 -0.0183071
-4.44131 8.90756 -0.0195238
-3.13222 6.803 -0.0137745
8.77841 4.70767 0.0385894
8.62908 4.97541 0.0379329
3.02059 9.48249 0.0132784
4.71388 8.76675 0.020722
5.50374 8.29499 0.0241942
6.93626 7.1438 0.0304915
-9.17592 3.8787 -0.0403368
-7.40078 4.89879 -0.032536
-9.39761 3.30721 -0.0413113
-7.55745 5.7003 -0.0332236
-8.30369 5.13489 -0.0365031
-8.47156 5.23843 -0.0372405
-4.51715 7.28829 -0.0198613
-5.80633 5.62528 -0.0255292
-5.38205 5.89881 -0.0236645
-5.35524 5.51842 -0.023547
-4.55542 -5.31363 -0.020032
-4.73691 -4.88208 -0.0208298
-4.51765 -4.95265 -0.0198661
-4.95605 4.80266 -0.0217929
-4.73691 4.88208 -0.0208298
-3.5605 -7.14435 -0.0156567
-3.77905 -7.0315 -0.0166176
-3.30304 5.7177 -0.0145267
-5.41437 7.6397 -0.0238034
-6.44647 7.06282 -0.0283398
-5.81308 7.21567 -0.0255564
-3.56367 9.18696 -0.0156661
12.9424 0 4.36536
9.96404 0 0.0438012
12.9383 0.282579 4.36534
9.95931 0.306437 0.0437805
68.3724 0 86.4653
65.5555 0 82.145
54.1398 0 64.8628
42.5241 0 47.5791
142.333 0 216.004
-122.653 -75.0309 250.483
-141.04 -22.6975 246.17
-139.312 -33.6047 246.172
-166.314 -47.3707 358.299
7.5667 -6.47417 0.0332628
7.36347 -6.70381 0.0323695
6.00462 -7.9409 0.0263961
6.24664 -7.75247 0.02746
5.75691 -8.12179 0.0253072
9.49514 -3.01662 0.04174
-3.532 -4.98703 -0.0155337
-3.70303 -5.22825 -0.0162854
-3.80299 -5.03331 -0.0167249
9.29117 3.59466 0.0408434
21.8671 0 17.3299
21.8647 0.0884775 17.3299
18.8845 -0.304845 13.0084
21.8647 -0.088471 17.3299
24.8334 -0.0426369 21.6514
12.7921 1.68925 4.36464
12.9048 0.847028 4.36518
0.919357 -9.90829 0.00404146
0.613388 -9.93187 0.00269645
-6.51691 -5.57787 -0.0286517
-6.91656 -5.55989 -0.0304078
-7.2462 -5.12409 -0.0318566
-3.37382 -5.44593 -0.0148381
-118.687 -81.6321 250.483
191.321 0 371.25
190.663 0 366.94
180.678 0 319.522
131.228 117.453 427.274
148.388 92.8798 431.585
196.112 0 435.896
129.206 115.568 362.612
152.05 -87.2728 397.098
138.945 -106.317 401.409
92.6518 -145.272 345.367
162.594 0 263.461
178.33 0 310.899
167.35 0 276.401
-4.71387 8.76675 -0.020722
-3.8838 9.16371 -0.0170731
-4.22101 8.4668 -0.018557
44.3799 67.743 108.06
-3.29644 6.6153 -0.0144967
9.39761 3.30721 0.0413113
9.49514 3.01662 0.04174
-5.24313 7.39863 -0.0230515
-5.58783 7.39101 -0.0245662
-7.95144 5.9967 -0.0349541
-7.4167 6.34617 -0.0326041
-6.48274 7.55668 -0.0284978
-9.05196 4.15905 -0.0397919
-6.91656 5.55989 -0.0304078
-7.2462 5.12409 -0.0318566
-3.68408 4.87607 -0.0162022
-3.803 5.0333 -0.0167249
-9.58366 -2.72318 -0.0421291
-87.0233 -30.238 133.956
-9.66308 -2.42715 -0.0424783
-4.04513 -5.71066 -0.0177889
-4.03072 -6.07866 -0.0177252
-4.39771 -5.81938 -0.0193385
-9.73335 2.12882 -0.0427871
-6.34181 -5.77565 -0.0278821
-6.30246 -6.105 -0.0277088
-9.29117 -3.59466 -0.0408434
-3.64848 6.31487 -0.0160447
-3.94535 6.36719 -0.0173496
-3.79656 6.57078 -0.0166953
-3.42577 5.52969 -0.0150664
-5.50374 8.29499 -0.0241942
-5.75691 8.12179 -0.0253072
-3.54977 6.14425 -0.015611
-4.08525 6.16076 -0.0179648
-3.89339 6.28345 -0.0171213
-3.4624 7.51889 -0.0152248
9.95931 -0.306432 0.0437805
12.9383 -0.282572 4.36534
9.84611 1.52638 0.0432828
9.79438 1.82846 0.0430554
15.8904 -0.670663 8.68674
15.8027 1.34113 8.68624
62.6998 0.870111 77.8246
-139.768 -31.2442 246.171
-140.171 -28.9406 246.171
-140.545 -26.5807 246.171
-9.39761 -3.30721 -0.0413113
-3.21861 -5.99011 -0.0141553
-3.97761 -4.64037 -0.0174925
-3.6471 -4.53022 -0.0160397
-1.52838 -9.83298 -0.0067187
-7.95144 -5.9967 -0.0349541
-7.4167 -6.34617 -0.0326041
-5.54248 -4.74513 -0.0243701
-4.95605 -4.80266 -0.0217929
-5.18606 -7.31827 -0.0228009
-5.24313 -7.39863 -0.0230515
-5.46877 -7.23389 -0.0240434
-5.77578 -6.73446 -0.0253935
-5.37966 -6.67876 -0.0236529
-5.5654 -6.90887 -0.0244687
12.9257 -0.56498 4.36528
7.95144 -5.99671 0.0349541
1.52838 -9.83298 0.00671873
-9.79438 -1.82847 -0.0430554
-5.69237 -4.87327 -0.0250288
-114.805 -87.4538 250.484
-117.247 -83.8411 250.484
-111.674 -91.6993 250.485
-113.243 -89.6098 250.484
185.836 0 341.077
179.524 0 315.21
195.579 0 414.348
195.771 0 418.658
195.92 0 422.967
92.6256 144.974 349.677
108.482 134.378 341.058
171.762 0 289.339
-4.98197 8.61762 -0.0219006
-4.39725 8.81941 -0.0193305
-4.66711 8.68 -0.0205168
8.47156 5.23843 0.0372405
-7.97681 5.27918 -0.0350667
-7.76275 6.2384 -0.0341246
-4.08009 5.06748 -0.0179429
-4.1702 4.8648 -0.018339
-4.27875 5.66218 -0.0188158
-4.10216 5.79105 -0.0180395
-3.53201 4.98703 -0.0155337
-3.3766 5.09326 -0.0148505
-4.25174 -4.66146 -0.0186974
-9.49514 -3.01662 -0.04174
-3.68554 5.94846 -0.016208
-3.98811 5.63026 -0.0175383
-4.08009 -5.06748 -0.0179429
-5.99217 5.12952 -0.0263462
-9.49514 3.01662 -0.04174
-9.05196 -4.15905 -0.0397919
-8.91942 -4.43547 -0.0392092
-2.90048 5.82166 -0.0127568
7.15326 6.92709 0.0314454
-6.84337 4.83978 -0.0300867
-6.14209 5.25763 -0.0270049
-6.52369 6.71991 -0.0286798
-4.44435 6.2734 -0.019543
-4.69515 6.21236 -0.0206454
-4.50139 6.35378 -0.0197936
6.48274 7.55668 0.0284978
6.24664 7.75247 0.02746
-3.42082 8.8196 -0.0150392
-4.57607 6.89966 -0.020121
-4.84368 6.83605 -0.0212972
-5.12899 7.2379 -0.0225503
-3.11441 8.82771 -0.0136924
15.9196 0 8.68691
18.8845 0.304842 13.0084
12.7379 1.96809 4.36438
-9.73335 -2.12882 -0.0427871
-3.4856 -5.2575 -0.0153296
-4.4572 -5.89798 -0.0195999
-4.27324 -6.03223 -0.0187912
-3.92192 -5.19053 -0.0172476
-3.73749 -6.03221 -0.0164363
-3.50042 -6.05895 -0.0153941
-0.613383 -9.93187 -0.00269642
-4.95795 -7.47427 -0.0217981
-0.306841 -9.94602 -0.00134886
-7.76275 -6.2384 -0.0341246
-5.50373 -8.295 -0.0241942
-5.75691 -8.12179 -0.0253071
-6.01894 -5.83089 -0.0264633
-4.10127 -6.61842 -0.0180346
-3.94535 -6.3672 -0.0173496
-3.94466 -6.82668 -0.0173459
-8.77841 -4.70768 -0.0385894
-5.90409 -5.37771 -0.025959
-6.29201 -5.38573 -0.0276636
15.9067 -0.447122 8.68683
-5.99217 -5.12952 -0.0263462
-5.84227 -5.0014 -0.0256875
-9.96404 -8.71084e-07 -0.0438012
115.609 131.918 405.72
128.645 120.236 431.585
115.392 126.965 336.746
152.676 81.1597 358.299
87.0035 152.107 422.963
186.744 0 345.388
8.13258 5.74932 0.0357504
-7.21749 6.57125 -0.0317284
-8.62908 4.97541 -0.0379329
-6.30246 6.105 -0.0277088
-6.34181 5.77565 -0.0278821
-5.90409 5.37771 -0.025959
-6.01894 5.83089 -0.0264633
-3.32188 5.36217 -0.0146098
-4.10033 -5.42636 -0.0180317
-3.68407 -4.87607 -0.0162022
-6.51691 5.57787 -0.0286517
-6.29201 5.38573 -0.0276636
-6.60892 5.31308 -0.0290562
-4.55542 5.31363 -0.020032
-4.74805 5.53801 -0.0208785
-9.58366 2.72318 -0.0421291
-7.72993 -5.11617 -0.0339821
2.13161 9.72037 0.0093705
2.43034 9.6502 0.0106837
7.5667 6.47418 0.0332628
-4.99265 6.60529 -0.0219523
-4.98521 8.04177 -0.0219165
-4.33982 8.07271 -0.0190802
-4.72515 7.62319 -0.0207747
-5.31775 6.60205 -0.023381
4.98197 8.61762 0.0219006
-3.54497 7.69785 -0.0155874
0.919353 9.90829 0.00404145
-3.94466 6.82668 -0.0173459
-4.25721 6.86963 -0.0187196
-4.52683 8.41974 -0.0199011
-4.35318 8.73126 -0.0191371
-3.68562 6.85795 -0.0162072
-3.77905 7.0315 -0.0166176
-5.24534 8.46032 -0.0230583
-5.93695 7.36905 -0.0261003
-6.00463 7.94089 -0.0263961
-4.2572 -6.86963 -0.0187196
-4.55843 -6.43417 -0.0200442
-3.70362 -5.58598 -0.0162878
-3.86716 -5.83233 -0.0170065
-4.16453 -9.03992 -0.0183071
1.18661e-07 -9.95074 5.22147e-10
-0.919352 -9.90829 -0.00404144
-3.87533 -8.41365 -0.0170379
-4.21927 -5.58358 -0.0185544
-5.98071 -6.55364 -0.0262943
-5.90501 -6.08391 -0.0259624
-5.45201 -5.28256 -0.0239724
-5.35524 -5.51842 -0.023547
-5.81308 -7.21567 -0.0255564
-6.11377 -6.69913 -0.0268787
-6.6612 -6.86122 -0.0292837
-6.79872 -7.00251 -0.0298876
-7.21749 -6.57125 -0.0317284
-6.65692 -6.44758 -0.0292657
-6.99854 -6.37239 -0.0307668
-6.60892 -5.31308 -0.0290562
28.7064 172.936 427.274
101.396 -142.116 418.652
129.737 117.914 410.03
103.049 142.787 435.896
73.5822 159.158 414.341
195.067 0 405.729
196.091 0 431.586
162.755 -67.2801 418.652
193.043 0 384.18
192.511 0 379.87
188.437 0 354.009
187.611 0 349.699
-7.72993 5.11617 -0.0339821
-7.71504 5.81887 -0.0339158
-7.11673 6.09011 -0.0312866
-6.94052 6.7216 -0.0305112
-5.94508 7.86235 -0.0261347
-7.08234 6.8586 -0.031134
-5.54248 4.74513 -0.0243701
-4.943 -5.09421 -0.0217355
-4.71709 -5.17102 -0.0207426
-5.47145 -7.72006 -0.024054
-5.64736 -7.46958 -0.0248276
-5.38205 -5.89881 -0.0236645
-5.06915 -5.91196 -0.0222894
-5.19761 -6.06152 -0.0228538
-4.3628 5.08922 -0.0191855
-9.17592 -3.8787 -0.0403368
-7.40078 -4.89879 -0.032536
-8.30369 -5.13489 -0.0365031
-7.72965 -5.46517 -0.0339805
-7.55745 -5.7003 -0.0332236
-8.62908 -4.97541 -0.0379329
-3.17349 6.89249 -0.0139558
1.83086 9.78131 0.00804843
-4.10033 5.42636 -0.0180317
-4.38731 6.19301 -0.0192924
-4.4572 5.89798 -0.0195999
-5.18606 7.31827 -0.0228009
-5.00825 6.21848 -0.0220214
-3.49879 6.51082 -0.0153864
-2.98518 5.55615 -0.0131294
6.00462 7.9409 0.0263961
-4.14216 7.16786 -0.0182134
-4.2903 7.42373 -0.018864
-3.64854 7.3207 -0.0160434
-4.08886 8.20234 -0.0179769
-3.87249 7.20505 -0.017028
9.92153 0.918149 0.0436144
3.31155 -9.3851 0.0145575
-4.08886 -8.20234 -0.0179769
-6.24664 -7.75247 -0.02746
-6.48274 -7.55668 -0.0284978
-6.71268 -7.35373 -0.0295086
196.027 0 427.277
194.747 0 401.419
193.533 0 388.49
191.937 0 375.56
189.962 0 362.63
189.22 0 358.319
-7.72965 5.46517 -0.0339805
-5.5654 6.90887 -0.0244687
-5.84766 6.40813 -0.0257099
-6.92556 6.30609 -0.0304463
-4.71709 5.17102 -0.0207426
-5.19761 6.06152 -0.0228538
-5.13338 5.98674 -0.0225716
-3.76005 5.30866 -0.016536
-4.46698 6.73547 -0.0196418
-6.22563 7.25772 -0.027369
-4.08189 8.86099 -0.0179445
-6.11122 6.29593 -0.0268682
-3.78061 7.5852 -0.0166234
-3.86867 7.76153 -0.0170101
-3.91921 7.29182 -0.0172332
-5.14128 8.2929 -0.0226016
-3.49879 -6.51083 -0.0153864
-5.07014 -6.2952 -0.0222933
-4.94636 -6.14176 -0.0217495
-4.98521 -8.04178 -0.0219165
-3.87249 -7.20505 -0.017028
-3.96593 -7.3786 -0.0174384
-7.11673 -6.09011 -0.0312866
-6.22562 -7.25772 -0.027369
-6.93626 -7.1438 -0.0304915
-4.52152 -6.81758 -0.0198814
-4.51715 -7.28829 -0.0198613
-6.31745 -6.50793 -0.027774
-6.52369 -6.71991 -0.0286798
-25.3238 173.779 405.72
-7.01143 6.7901 -0.0308226
-4.81227 5.61281 -0.0211607
-5.80633 -5.62528 -0.0255292
-5.24904 -5.75327 -0.0230801
-6.84337 -4.83978 -0.0300867
-4.39724 -8.81941 -0.0193305
-6.00462 -7.9409 -0.0263961
-5.94507 -7.86235 -0.0261347
-5.64271 -7.96111 -0.0248059
-4.44435 -6.2734 -0.019543
-4.1943 -6.32497 -0.0184439
-4.2903 -7.42373 -0.018864
-7.5667 -6.47418 -0.0332628
-7.08234 -6.8586 -0.031134
-4.98197 -8.61762 -0.0219006
-4.90073 -6.91643 -0.0215478
-4.79427 -7.22802 -0.0210793
-4.95779 -6.9968 -0.0217984
-4.85007 -5.3166 -0.021327
-5.51507 6.04434 -0.0242489
-4.74805 -5.53801 -0.0208785
-4.67252 -6.59493 -0.0205454
-5.44856 -5.97157 -0.0239567
-5.2902 -6.99818 -0.0232592
-4.99265 -6.60529 -0.0219523
-5.58304 -6.51016 -0.0245469
-5.24904 5.75326 -0.0230801
-3.02059 -9.48249 -0.0132784
-3.76818 -8.89163 -0.0165657
-4.22101 -8.46681 -0.018557
-3.59939 -9.2788 -0.0158228
-4.08189 -8.86099 -0.0179445
-4.52683 -8.41974 -0.0199011
-7.36347 -6.70381 -0.0323694
-6.58602 -6.37907 -0.0289543
-4.71388 -8.76675 -0.020722
-4.84883 -7.31011 -0.0213189
-4.81227 -5.6128 -0.0211607
-6.14209 -5.25763 -0.0270049
-4.01266 7.46536 -0.0176436
-3.8838 -9.16371 -0.017073
-2.72676 -9.57088 -0.0119867
-4.90339 -7.39219 -0.0215585
-6.24684 -6.84461 -0.0274631
-5.24534 -8.46032 -0.0230583
-5.44914 -8.21293 -0.0239546
-4.72957 -6.67531 -0.020796
-4.78662 -6.75568 -0.0210466
-4.57358 -8.5065 -0.0201063
-5.08925 -8.2092 -0.0223732
-4.63566 -6.13377 -0.020384
-5.90502 6.08391 -0.0259624
3  0 1 2
3  3 4 5
3  6 7 8
3  9 10 11
3  12 13 14
3  15 16 17
3  18 19 20
3  21 22 23
3  24 15 25
3  26 27 28
3  29 30 31
3  32 15 17
3  33 34 35
3  36 37 38
3  39 40 41
3  42 43 44
3  45 46 47
3  48 49 50
3  51 52 53
3  36 54 55
3  56 57 58
3  59 48 60
3  61 62 63
3  64 65 66
3  67 68 69
3  70 48 71
3  72 73 74
3  75 76 77
3  78 4 79
3  80 81 82
3  83 18 84
3  40 78 85
3  86 50 87
3  88 89 90
3  36 40 39
3  91 24 92
3  36 93 54
3  94 90 95
3  48 96 97
3  98 99 51
3  100 43 57
3  101 102 103
3  104 105 106
3  107 108 109
3  110 111 112
3  113 114 115
3  39 41 116
3  117 118 119
3  111 120 121
3  23 122 123
3  124 125 126
3  127 128 129
3  97 130 131
3  132 133 134
3  135 76 136
3  137 40 138
3  23 22 139
3  140 141 142
3  143 144 145
3  85 78 146
3  40 36 147
3  147 36 38
3  50 148 87
3  36 149 37
3  20 150 151
3  55 54 152
3  131 130 153
3  149 36 154
3  155 156 152
3  36 39 93
3  157 158 58
3  159 90 160
3  52 161 53
3  96 89 97
3  92 24 25
3  117 162 163
3  30 164 165
3  166 90 167
3  62 168 169
3  170 110 112
3  171 172 104
3  173 174 175
3  98 164 176
3  43 177 57
3  148 178 179
3  18 89 180
3  181 61 182
3  183 184 185
3  186 187 188
3  189 190 191
3  192 193 194
3  122 195 123
3  196 43 42
3  197 64 198
3  41 40 137
3  199 200 201
3  188 202 203
3  184 186 204
3  205 206 207
3  208 209 210
3  78 40 4
3  132 211 212
3  213 214 215
3  132 214 216
3  217 19 154
3  218 38 219
3  19 83 220
3  19 18 83
3  83 148 179
3  221 216 222
3  223 94 95
3  88 224 97
3  217 36 150
3  156 159 225
3  225 159 160
3  155 226 95
3  180 89 96
3  18 180 50
3  93 227 228
3  163 162 229
3  16 230 17
3  15 24 16
3  226 93 223
3  94 223 231
3  93 226 54
3  226 155 54
3  232 90 233
3  166 97 234
3  156 155 159
3  226 223 95
3  235 48 236
3  164 30 92
3  43 100 237
3  91 92 238
3  30 29 92
3  31 91 238
3  117 239 240
3  99 100 57
3  241 242 243
3  244 245 246
3  167 24 12
3  12 247 13
3  122 248 195
3  249 246 250
3  251 170 112
3  102 252 253
3  117 254 255
3  256 101 103
3  257 102 258
3  259 170 260
3  171 261 193
3  111 61 120
3  101 254 262
3  171 104 106
3  263 199 264
3  44 43 237
3  36 217 154
3  49 59 178
3  180 48 50
3  48 59 49
3  265 266 267
3  268 269 270
3  61 181 120
3  271 272 273
3  274 135 275
3  274 77 276
3  204 68 277
3  278 279 280
3  272 281 273
3  67 282 283
3  206 133 284
3  285 206 205
3  286 287 288
3  289 290 291
3  292 163 293
3  198 66 294
3  295 293 296
3  76 75 136
3  297 117 298
3  299 15 300
3  177 43 196
3  301 302 300
3  72 117 303
3  304 227 305
3  205 209 306
3  205 202 143
3  141 208 142
3  229 162 307
3  145 208 210
3  186 184 140
3  187 202 188
3  142 208 145
3  282 204 188
3  204 186 188
3  282 68 204
3  308 309 310
3  85 285 311
3  40 85 311
3  40 147 4
3  4 147 38
3  206 285 134
3  133 206 134
3  217 20 312
3  19 149 154
3  313 314 315
3  149 19 316
3  148 50 178
3  317 318 82
3  319 320 321
3  48 180 96
3  231 230 322
3  93 228 32
3  223 93 231
3  228 304 323
3  16 24 324
3  230 16 322
3  54 155 152
3  36 55 150
3  325 24 326
3  12 130 327
3  89 88 97
3  224 232 97
3  328 329 330
3  53 161 331
3  332 333 334
3  91 31 13
3  164 92 302
3  92 25 302
3  335 92 336
3  92 335 238
3  337 338 339
3  340 341 342
3  343 344 345
3  51 99 57
3  346 116 347
3  42 44 348
3  349 281 350
3  50 49 178
3  351 107 352
3  353 354 355
3  344 356 345
3  13 247 325
3  52 357 358
3  107 359 352
3  6 127 360
3  361 268 189
3  362 363 256
3  113 364 365
3  366 367 257
3  254 368 192
3  62 369 370
3  369 110 170
3  62 110 369
3  371 372 373
3  374 375 376
3  377 378 379
3  119 380 381
3  380 73 381
3  168 62 382
3  168 102 169
3  25 15 299
3  41 137 116
3  249 244 246
3  83 179 220
3  149 316 383
3  316 19 220
3  384 385 386
3  387 18 50
3  388 389 390
3  198 64 66
3  135 391 392
3  140 184 183
3  277 393 394
3  395 181 396
3  397 174 398
3  399 400 401
3  110 62 111
3  62 61 111
3  402 281 396
3  181 105 403
3  182 171 106
3  172 171 193
3  404 204 405
3  197 392 406
3  289 407 125
3  408 68 67
3  284 282 207
3  209 205 143
3  285 211 134
3  132 134 409
3  133 282 284
3  206 284 207
3  277 68 410
3  67 283 411
3  412 413 414
3  244 133 221
3  116 137 415
3  229 416 417
3  73 200 77
3  75 77 418
3  254 362 255
3  362 419 420
3  421 422 293
3  347 116 423
3  307 162 424
3  138 209 425
3  15 301 300
3  197 135 392
3  208 426 427
3  140 391 136
3  428 429 430
3  116 415 431
3  202 144 143
3  144 202 145
3  116 431 432
3  433 208 434
3  435 211 146
3  78 435 146
3  45 47 436
3  79 4 3
3  214 437 46
3  47 438 5
3  313 9 314
3  133 132 216
3  20 19 312
3  19 217 312
3  90 89 160
3  18 20 225
3  90 159 95
3  159 155 95
3  89 18 160
3  18 225 160
3  97 232 233
3  166 130 97
3  16 94 322
3  94 231 322
3  90 94 167
3  94 16 167
3  225 20 439
3  20 217 150
3  439 20 151
3  150 55 152
3  88 90 224
3  90 232 224
3  31 440 441
3  24 247 12
3  234 97 442
3  52 51 56
3  164 443 165
3  164 98 443
3  51 53 444
3  31 30 444
3  107 31 445
3  446 447 448
3  335 29 238
3  29 31 238
3  336 92 449
3  29 335 336
3  239 196 450
3  451 452 453
3  454 455 456
3  457 458 459
3  460 461 462
3  51 57 56
3  177 196 157
3  340 239 463
3  100 99 237
3  240 239 450
3  176 44 237
3  464 465 466
3  352 329 467
3  468 469 470
3  7 471 8
3  472 473 474
3  475 476 477
3  478 479 480
3  454 481 452
3  178 482 483
3  158 157 484
3  471 485 486
3  440 344 441
3  48 131 353
3  14 469 468
3  13 469 14
3  487 358 488
3  489 490 491
3  27 157 28
3  6 492 349
3  111 493 112
3  181 403 396
3  494 362 420
3  170 495 496
3  102 497 498
3  367 458 457
3  499 114 500
3  501 502 503
3  504 259 260
3  260 251 505
3  193 261 262
3  119 118 506
3  455 340 342
3  239 117 255
3  507 73 508
3  118 73 506
3  62 261 63
3  261 171 63
3  172 193 104
3  391 183 392
3  509 101 510
3  101 511 510
3  252 62 253
3  62 252 382
3  25 299 300
3  301 15 465
3  512 220 513
3  179 178 514
3  512 514 515
3  314 244 315
3  219 516 517
3  37 149 383
3  50 84 518
3  84 18 518
3  21 123 519
3  520 271 273
3  521 183 185
3  277 190 404
3  522 378 64
3  135 197 198
3  22 522 64
3  391 140 183
3  523 7 349
3  349 492 524
3  8 471 525
3  408 526 527
3  364 112 365
3  112 528 529
3  530 111 173
3  175 388 531
3  265 532 533
3  534 535 536
3  120 181 537
3  121 120 537
3  396 403 538
3  403 105 538
3  197 22 64
3  66 65 294
3  275 135 539
3  271 540 541
3  68 282 69
3  282 67 69
3  542 244 543
3  125 124 544
3  134 211 409
3  211 132 409
3  282 202 207
3  202 205 207
3  133 290 289
3  545 546 547
3  425 209 433
3  548 434 427
3  549 423 550
3  39 116 346
3  298 163 551
3  200 73 297
3  552 553 293
3  117 163 298
3  187 186 142
3  186 140 142
3  202 282 203
3  282 188 203
3  138 40 311
3  209 208 433
3  209 285 306
3  285 205 306
3  211 285 146
3  285 85 146
3  211 435 79
3  435 78 79
3  38 37 219
3  38 45 436
3  437 214 212
3  214 132 212
3  47 46 438
3  438 437 5
3  178 9 514
3  554 316 220
3  24 167 324
3  167 16 324
3  152 156 151
3  150 152 151
3  156 225 151
3  225 439 151
3  469 555 470
3  130 166 327
3  24 91 556
3  91 13 325
3  446 31 444
3  161 446 444
3  98 51 444
3  444 30 165
3  109 108 356
3  440 31 107
3  92 29 449
3  29 336 449
3  341 340 463
3  196 340 26
3  557 158 558
3  6 8 525
3  559 446 560
3  358 561 562
3  455 563 340
3  455 564 565
3  157 27 484
3  566 358 567
3  196 239 340
3  494 564 568
3  42 162 240
3  162 117 240
3  569 48 355
3  48 353 355
3  131 354 353
3  48 97 131
3  354 570 571
3  572 178 573
3  574 575 576
3  440 107 109
3  281 349 524
3  174 577 524
3  419 362 256
3  578 420 579
3  371 373 580
3  399 338 337
3  371 102 370
3  497 62 498
3  251 581 505
3  582 259 583
3  369 170 584
3  495 170 585
3  1 584 586
3  372 369 373
3  114 499 115
3  170 251 260
3  193 368 587
3  254 117 119
3  362 254 363
3  102 257 457
3  119 507 587
3  507 193 587
3  61 63 182
3  63 171 182
3  105 181 106
3  181 182 106
3  261 511 262
3  511 101 262
3  509 261 588
3  588 261 169
3  252 102 382
3  102 168 382
3  62 497 253
3  497 102 253
3  514 9 313
3  220 179 513
3  214 46 589
3  219 37 383
3  516 554 517
3  316 554 590
3  83 84 86
3  84 50 86
3  18 387 518
3  387 50 518
3  269 521 270
3  378 522 591
3  248 122 592
3  392 521 406
3  195 248 593
3  594 408 595
3  596 309 393
3  406 521 269
3  184 190 185
3  190 521 185
3  183 521 392
3  22 197 139
3  396 281 537
3  281 577 537
3  272 195 350
3  281 272 350
3  492 174 524
3  7 6 349
3  360 127 597
3  492 597 598
3  599 125 544
3  594 600 601
3  112 602 390
3  115 603 604
3  535 401 536
3  532 605 533
3  174 397 175
3  493 111 530
3  606 493 173
3  493 530 173
3  607 534 536
3  535 605 608
3  577 121 537
3  577 111 121
3  105 402 538
3  402 396 538
3  77 76 609
3  104 193 294
3  76 135 609
3  77 609 276
3  375 164 376
3  434 208 427
3  193 198 294
3  105 104 610
3  64 377 65
3  378 377 64
3  273 402 611
3  591 272 271
3  379 520 610
3  520 105 610
3  612 594 613
3  410 393 614
3  190 184 404
3  184 204 404
3  282 133 125
3  133 289 125
3  77 200 418
3  200 199 418
3  302 25 300
3  615 117 74
3  548 426 616
3  426 141 616
3  199 617 428
3  618 619 430
3  415 137 425
3  137 138 425
3  208 141 426
3  431 415 620
3  347 549 550
3  93 39 621
3  99 98 237
3  98 176 237
3  229 622 623
3  39 346 347
3  73 118 615
3  117 297 303
3  551 163 624
3  200 297 298
3  292 200 625
3  626 200 627
3  202 187 145
3  187 142 145
3  285 209 311
3  209 138 311
3  4 47 5
3  5 211 628
3  46 45 218
3  45 38 218
3  47 4 436
3  4 38 436
3  46 437 438
3  437 212 5
3  166 167 327
3  167 12 327
3  247 24 325
3  24 556 326
3  344 13 441
3  13 31 441
3  555 469 629
3  13 344 343
3  14 630 631
3  130 12 14
3  97 233 442
3  90 166 234
3  177 157 58
3  57 177 58
3  31 446 445
3  446 107 445
3  487 488 632
3  108 107 351
3  255 362 494
3  128 633 420
3  563 455 454
3  564 633 634
3  634 633 128
3  127 634 128
3  358 566 488
3  487 161 635
3  358 357 567
3  636 637 484
3  340 563 26
3  27 26 638
3  196 42 450
3  42 240 450
3  639 640 641
3  642 643 644
3  645 575 574
3  646 647 648
3  649 650 651
3  650 652 653
3  654 35 655
3  523 349 350
3  344 440 356
3  440 109 356
3  636 52 557
3  566 452 656
3  352 359 329
3  356 108 345
3  320 319 657
3  354 131 153
3  317 658 659
3  660 555 334
3  493 606 531
3  112 493 531
3  661 662 663
3  664 608 663
3  254 101 256
3  363 254 256
3  257 367 457
3  103 457 459
3  606 175 531
3  366 257 597
3  586 584 496
3  102 371 258
3  665 500 585
3  500 665 666
3  114 495 585
3  259 504 583
3  502 500 666
3  500 114 585
3  584 170 496
3  1 586 2
3  373 369 580
3  369 584 580
3  499 504 667
3  504 260 667
3  603 668 604
3  528 668 529
3  506 73 669
3  73 380 669
3  73 507 381
3  507 119 381
3  73 193 508
3  193 507 508
3  368 254 587
3  254 119 587
3  368 193 192
3  193 262 194
3  511 261 510
3  261 509 510
3  261 62 169
3  101 509 588
3  214 589 670
3  671 554 515
3  589 554 313
3  313 554 672
3  554 589 517
3  46 218 219
3  554 516 590
3  383 590 673
3  589 46 517
3  46 219 517
3  148 83 87
3  83 86 87
3  674 675 519
3  522 22 21
3  23 676 677
3  21 23 123
3  268 248 269
3  269 592 678
3  537 181 679
3  181 395 679
3  577 281 524
3  680 681 682
3  579 458 683
3  492 6 360
3  607 684 685
3  686 687 688
3  111 577 173
3  577 174 173
3  397 388 175
3  602 531 390
3  257 113 689
3  535 608 690
3  198 73 539
3  77 274 275
3  609 135 276
3  135 274 276
3  193 73 198
3  135 198 539
3  591 522 674
3  195 272 123
3  379 378 520
3  378 540 520
3  594 596 393
3  248 268 361
3  612 68 691
3  692 408 691
3  204 277 405
3  277 404 405
3  283 282 599
3  282 125 599
3  693 694 695
3  350 593 696
3  290 133 542
3  133 244 542
3  133 216 221
3  213 244 697
3  216 214 222
3  589 315 670
3  201 200 416
3  229 698 699
3  295 200 700
3  295 700 293
3  162 42 424
3  622 701 702
3  423 116 703
3  307 704 701
3  229 263 264
3  705 116 432
3  705 432 706
3  117 72 74
3  548 616 707
3  141 140 136
3  426 548 427
3  707 616 620
3  616 141 136
3  617 429 428
3  39 347 621
3  231 93 32
3  297 73 303
3  73 72 303
3  118 117 615
3  73 615 74
3  163 708 624
3  200 298 551
3  421 293 709
3  422 552 293
3  200 708 627
3  200 626 710
3  209 143 210
3  143 145 210
3  212 211 5
3  3 5 628
3  556 91 326
3  91 325 326
3  629 469 332
3  555 629 332
3  711 631 712
3  712 660 713
3  233 90 442
3  90 234 442
3  557 52 714
3  52 56 58
3  161 444 331
3  444 53 331
3  443 98 165
3  98 444 165
3  351 352 467
3  328 330 715
3  239 255 463
3  255 341 463
3  341 255 342
3  564 455 568
3  683 716 717
3  455 342 568
3  127 481 634
3  481 454 634
3  27 638 453
3  637 158 484
3  157 196 28
3  196 26 28
3  280 286 288
3  718 659 719
3  720 721 236
3  48 720 236
3  153 130 722
3  723 724 725
3  471 7 485
3  726 473 727
3  728 729 730
3  731 732 733
3  734 385 384
3  178 734 384
3  694 735 736
3  244 729 737
3  470 555 660
3  329 359 447
3  738 739 740
3  490 489 741
3  357 52 567
3  52 58 714
3  14 468 712
3  343 345 460
3  468 470 712
3  130 742 743
3  744 745 746
3  467 329 747
3  561 161 562
3  358 487 561
3  748 662 749
3  748 174 662
3  750 597 751
3  389 398 752
3  400 389 536
3  388 397 398
3  578 128 420
3  419 458 420
3  113 257 258
3  113 399 753
3  668 603 529
3  113 115 604
3  498 62 370
3  102 498 370
3  504 754 501
3  502 754 500
3  754 502 501
3  582 501 503
3  754 504 500
3  504 499 500
3  665 259 666
3  259 582 666
3  495 114 496
3  586 496 2
3  371 580 2
3  580 584 0
3  581 115 505
3  115 499 505
3  400 399 365
3  399 113 365
3  112 364 528
3  364 113 528
3  380 119 669
3  119 506 669
3  262 254 194
3  254 192 194
3  102 101 169
3  101 588 169
3  179 514 513
3  514 512 513
3  514 755 756
3  514 757 671
3  729 758 737
3  589 313 315
3  316 590 383
3  219 383 673
3  676 122 677
3  122 23 677
3  123 272 674
3  272 591 674
3  759 593 189
3  760 485 761
3  309 596 189
3  268 190 189
3  197 406 139
3  406 23 139
3  23 406 678
3  269 248 592
3  395 396 679
3  396 537 679
3  546 762 547
3  763 249 764
3  765 652 766
3  594 527 600
3  767 768 769
3  770 771 772
3  174 748 773
3  536 389 752
3  389 400 390
3  606 173 175
3  684 607 687
3  389 388 398
3  531 388 390
3  602 112 531
3  662 664 663
3  174 492 598
3  73 77 539
3  77 275 539
3  520 540 271
3  591 271 774
3  610 104 294
3  379 610 294
3  410 68 613
3  612 613 775
3  68 408 692
3  68 692 691
3  730 776 11
3  479 478 777
3  244 778 779
3  244 780 781
3  782 416 229
3  782 201 416
3  293 783 709
3  200 783 700
3  705 199 784
3  785 622 786
3  431 429 432
3  432 429 706
3  75 418 428
3  199 705 617
3  464 301 465
3  548 707 620
3  415 425 434
3  425 433 434
3  787 788 374
3  550 423 703
3  621 347 227
3  93 621 227
3  708 200 624
3  200 551 624
3  553 200 789
3  200 292 789
3  422 200 552
3  200 553 552
3  626 163 710
3  200 710 625
3  708 163 627
3  163 626 627
3  211 79 628
3  79 3 628
3  790 711 791
3  790 791 792
3  342 255 568
3  255 494 568
3  564 634 793
3  634 454 565
3  235 236 644
3  643 642 794
3  720 48 795
3  48 569 795
3  720 795 355
3  795 569 355
3  796 486 797
3  798 745 799
3  800 471 491
3  525 800 801
3  485 760 486
3  760 802 486
3  728 730 803
3  572 765 478
3  473 471 486
3  799 804 805
3  546 411 762
3  802 760 806
3  734 178 385
3  385 807 483
3  178 59 385
3  808 59 641
3  244 809 810
3  244 314 729
3  107 446 448
3  632 559 560
3  566 636 811
3  454 452 451
3  26 563 638
3  451 453 812
3  807 813 814
3  81 815 317
3  739 242 740
3  816 817 818
3  738 328 744
3  745 739 746
3  27 819 820
3  158 637 558
3  52 636 567
3  636 566 567
3  334 333 821
3  822 823 824
3  343 460 825
3  343 333 332
3  815 81 658
3  130 570 722
3  161 561 635
3  561 487 635
3  161 52 562
3  52 358 562
3  532 661 663
3  267 661 826
3  535 534 827
3  265 533 684
3  534 607 685
3  684 533 685
3  401 400 536
3  398 773 752
3  633 564 420
3  564 494 420
3  420 458 579
3  492 360 597
3  690 608 598
3  828 689 751
3  608 664 598
3  458 129 717
3  102 457 103
3  256 103 459
3  371 114 258
3  114 113 258
3  115 581 603
3  581 251 603
3  668 528 604
3  528 113 604
3  369 372 370
3  372 371 370
3  504 501 583
3  501 582 583
3  502 666 503
3  666 582 503
3  170 259 585
3  259 665 585
3  584 1 0
3  580 0 2
3  260 505 667
3  505 499 667
3  400 365 390
3  365 112 390
3  603 251 529
3  251 112 529
3  757 554 671
3  514 671 515
3  755 554 756
3  554 755 672
3  314 9 729
3  9 776 829
3  590 516 673
3  516 219 673
3  522 675 674
3  123 674 519
3  195 593 350
3  830 350 696
3  596 759 189
3  831 732 832
3  593 248 189
3  248 361 189
3  190 277 308
3  309 308 393
3  521 190 270
3  190 268 270
3  122 676 592
3  406 269 678
3  833 806 682
3  594 834 835
3  526 836 33
3  837 768 767
3  67 836 838
3  836 526 838
3  546 34 411
3  283 599 544
3  125 407 126
3  839 244 763
3  840 290 841
3  842 735 693
3  843 844 845
3  244 810 846
3  847 842 848
3  729 9 730
3  267 266 849
3  749 267 849
3  174 773 398
3  773 749 849
3  65 377 294
3  377 379 294
3  281 402 273
3  520 273 611
3  540 378 541
3  271 541 774
3  613 68 775
3  68 612 775
3  408 594 691
3  594 612 691
3  850 479 851
3  730 479 850
3  9 178 852
3  178 572 852
3  315 244 670
3  214 670 215
3  780 214 781
3  244 221 780
3  778 214 779
3  244 779 697
3  416 200 417
3  293 229 296
3  229 417 296
3  163 229 293
3  200 422 421
3  700 783 293
3  347 423 549
3  227 347 550
3  429 617 706
3  617 705 706
3  136 428 430
3  391 135 136
3  701 853 854
3  431 619 618
3  415 434 620
3  434 548 620
3  788 176 374
3  15 227 465
3  553 789 293
3  789 292 293
3  788 704 855
3  229 307 856
3  704 788 853
3  787 374 857
3  784 199 623
3  622 784 623
3  201 782 858
3  782 229 858
3  710 163 625
3  163 292 625
3  790 130 711
3  630 14 712
3  58 158 714
3  158 557 714
3  456 455 859
3  565 454 456
3  634 565 793
3  565 564 793
3  721 355 860
3  60 639 641
3  71 861 644
3  720 355 721
3  724 862 863
3  178 384 386
3  60 48 639
3  864 807 814
3  646 864 865
3  471 800 525
3  741 656 866
3  490 800 491
3  452 481 525
3  481 127 525
3  485 7 761
3  650 802 651
3  9 852 478
3  852 572 478
3  600 844 601
3  806 833 867
3  486 802 797
3  796 472 474
3  523 350 680
3  761 7 868
3  572 573 483
3  573 178 483
3  807 287 483
3  385 483 386
3  869 870 871
3  872 279 873
3  808 385 874
3  59 60 641
3  694 809 695
3  730 758 803
3  810 809 846
3  245 846 246
3  846 809 875
3  809 694 875
3  329 447 330
3  487 632 560
3  446 161 876
3  487 876 877
3  798 799 805
3  800 490 801
3  563 451 812
3  454 451 878
3  798 872 873
3  822 241 879
3  880 881 882
3  824 879 883
3  330 632 715
3  488 566 744
3  745 242 739
3  328 738 740
3  637 636 558
3  557 558 884
3  819 452 484
3  636 484 811
3  108 467 885
3  108 351 467
3  330 447 886
3  447 446 886
3  242 887 740
3  887 242 888
3  713 889 890
3  880 790 792
3  881 713 462
3  470 660 712
3  460 345 461
3  891 887 892
3  555 332 334
3  462 821 825
3  469 13 332
3  13 343 332
3  570 354 722
3  354 153 722
3  743 742 893
3  571 570 894
3  743 570 895
3  658 354 571
3  608 605 663
3  605 532 663
3  266 684 687
3  266 265 684
3  685 533 827
3  534 685 827
3  458 716 683
3  128 578 579
3  458 367 129
3  367 366 129
3  127 129 597
3  129 366 597
3  113 753 337
3  753 399 337
3  399 401 338
3  689 337 750
3  458 419 459
3  419 256 459
3  496 114 2
3  114 371 2
3  554 220 515
3  220 512 515
3  755 514 672
3  514 313 672
3  554 757 756
3  757 514 756
3  675 522 519
3  522 21 519
3  593 759 835
3  834 593 835
3  190 309 191
3  309 189 191
3  410 613 393
3  613 594 393
3  309 190 310
3  190 308 310
3  592 676 678
3  676 23 678
3  124 126 476
3  843 896 897
3  898 899 731
3  829 776 730
3  408 527 595
3  527 594 595
3  654 526 33
3  844 600 845
3  289 291 900
3  527 526 654
3  526 408 901
3  408 67 901
3  67 411 902
3  411 34 902
3  545 475 903
3  476 126 477
3  904 867 731
3  905 736 906
3  907 908 847
3  909 910 770
3  911 912 913
3  896 845 655
3  867 833 731
3  914 764 915
3  848 693 916
3  735 694 693
3  752 686 688
3  752 773 849
3  773 748 749
3  265 267 826
3  402 105 611
3  105 520 611
3  541 378 774
3  378 591 774
3  906 735 842
3  9 829 730
3  9 479 10
3  776 9 11
3  670 244 215
3  244 213 215
3  214 780 222
3  780 221 222
3  214 778 781
3  778 244 781
3  779 214 697
3  214 213 697
3  417 200 296
3  200 295 296
3  466 465 917
3  622 307 701
3  616 619 620
3  431 620 918
3  136 75 428
3  418 199 428
3  429 618 430
3  429 431 618
3  783 200 709
3  200 421 709
3  701 704 919
3  466 227 920
3  307 622 856
3  622 229 856
3  704 307 855
3  464 466 376
3  176 164 375
3  921 374 376
3  229 623 922
3  623 199 922
3  622 703 923
3  116 705 924
3  229 925 926
3  925 199 926
3  698 199 699
3  229 927 928
3  711 130 631
3  130 14 631
3  455 565 859
3  565 456 859
3  71 643 794
3  929 724 723
3  236 930 642
3  930 931 642
3  860 355 932
3  931 930 721
3  933 321 894
3  355 354 934
3  797 802 653
3  280 652 935
3  471 473 726
3  473 472 727
3  745 744 799
3  741 489 804
3  127 6 525
3  471 726 491
3  350 830 680
3  936 650 937
3  768 938 939
3  806 760 682
3  479 9 480
3  9 478 480
3  940 941 942
3  649 806 867
3  278 280 288
3  943 797 653
3  593 834 898
3  830 681 680
3  681 833 682
3  760 761 868
3  287 286 483
3  286 572 483
3  385 59 874
3  59 808 874
3  944 758 945
3  809 244 944
3  946 694 947
3  246 948 250
3  846 946 246
3  244 846 949
3  330 559 950
3  632 488 715
3  560 446 951
3  876 487 560
3  876 161 877
3  161 487 877
3  472 952 805
3  525 801 866
3  452 819 453
3  819 27 453
3  453 638 812
3  638 563 812
3  451 563 878
3  563 454 878
3  242 745 243
3  241 817 879
3  953 745 954
3  287 807 288
3  318 718 955
3  879 817 956
3  889 881 880
3  881 575 882
3  488 744 715
3  328 715 957
3  739 738 746
3  738 744 746
3  558 636 884
3  636 557 884
3  566 811 958
3  811 484 958
3  819 484 820
3  484 27 959
3  822 645 960
3  345 108 885
3  447 359 448
3  359 107 448
3  446 559 886
3  559 330 886
3  961 645 574
3  329 328 891
3  631 630 712
3  791 711 712
3  747 329 962
3  462 461 963
3  892 960 964
3  650 936 766
3  742 130 893
3  743 319 321
3  130 790 893
3  790 743 893
3  687 607 688
3  686 266 687
3  533 605 827
3  605 535 827
3  716 458 717
3  128 579 683
3  257 689 828
3  689 750 751
3  690 598 965
3  689 113 337
3  338 401 690
3  401 535 690
3  597 750 598
3  598 339 965
3  393 308 394
3  277 394 966
3  393 277 614
3  277 410 614
3  34 546 545
3  967 545 903
3  654 33 35
3  896 843 845
3  526 901 838
3  901 67 838
3  411 283 762
3  283 544 762
3  34 836 902
3  836 67 902
3  968 290 969
3  290 542 970
3  607 536 688
3  536 752 688
3  662 661 749
3  661 267 749
3  661 532 826
3  532 265 826
3  10 479 11
3  479 730 11
3  620 619 918
3  619 431 918
3  619 616 430
3  616 136 430
3  32 228 323
3  228 227 304
3  703 116 923
3  116 924 971
3  920 787 857
3  920 550 854
3  42 348 424
3  348 307 424
3  348 44 788
3  44 176 788
3  853 788 920
3  301 464 376
3  176 375 374
3  466 921 376
3  229 922 972
3  922 199 972
3  199 925 973
3  925 229 973
3  199 698 974
3  698 229 974
3  927 199 928
3  199 201 858
3  229 975 976
3  975 199 976
3  71 48 861
3  236 642 644
3  70 71 723
3  794 642 977
3  721 930 236
3  824 883 978
3  723 71 794
3  643 71 644
3  80 883 979
3  721 81 980
3  647 646 865
3  822 879 823
3  652 280 653
3  653 280 981
3  807 385 813
3  640 813 641
3  869 724 863
3  982 817 983
3  805 489 984
3  804 489 805
3  834 844 732
3  833 898 731
3  472 796 952
3  952 796 943
3  473 486 474
3  486 796 474
3  802 650 653
3  798 952 943
3  796 797 943
3  278 864 648
3  483 482 386
3  482 178 386
3  758 729 803
3  729 728 803
3  758 944 737
3  944 244 737
3  694 946 875
3  946 846 875
3  846 245 949
3  245 244 949
3  559 632 950
3  632 330 950
3  446 876 951
3  876 560 951
3  741 744 656
3  744 566 656
3  801 490 866
3  490 741 866
3  452 525 866
3  656 452 866
3  472 491 727
3  491 726 727
3  242 241 985
3  241 822 985
3  745 798 954
3  953 817 816
3  986 894 659
3  652 650 766
3  715 744 957
3  744 328 957
3  484 452 958
3  452 566 958
3  484 959 820
3  959 27 820
3  887 891 740
3  891 328 740
3  889 792 890
3  889 880 792
3  881 889 713
3  712 713 987
3  892 887 960
3  960 645 961
3  575 645 882
3  988 80 979
3  242 985 888
3  985 822 888
3  713 660 462
3  660 334 462
3  345 989 990
3  329 991 962
3  743 790 319
3  880 319 992
3  658 986 659
3  570 743 933
3  570 130 895
3  130 743 895
3  266 686 849
3  686 752 849
3  129 128 717
3  128 683 717
3  597 257 751
3  257 828 751
3  664 662 598
3  662 174 598
3  598 750 339
3  750 337 339
3  394 308 966
3  308 277 966
3  34 545 35
3  600 527 654
3  844 834 601
3  594 601 993
3  124 475 547
3  475 545 547
3  897 994 995
3  996 837 413
3  896 997 998
3  845 600 655
3  833 681 898
3  681 830 898
3  759 596 835
3  596 594 835
3  948 736 999
3  1000 968 1001
3  996 938 768
3  1002 896 1003
3  1004 910 1005
3  947 694 948
3  230 231 17
3  231 32 17
3  227 15 305
3  15 304 305
3  304 15 323
3  32 323 1006
3  550 703 702
3  703 622 702
3  705 784 785
3  784 622 785
3  788 787 920
3  466 920 857
3  307 348 855
3  348 788 855
3  465 227 917
3  227 466 917
3  227 550 920
3  853 920 854
3  164 302 376
3  302 301 376
3  199 263 972
3  263 229 972
3  199 973 264
3  973 229 264
3  199 974 926
3  974 229 926
3  199 858 928
3  858 229 928
3  199 975 699
3  975 229 699
3  199 927 976
3  927 229 976
3  861 48 644
3  48 235 644
3  639 48 723
3  48 70 723
3  724 929 794
3  929 723 794
3  932 355 1007
3  81 721 860
3  931 81 862
3  640 725 871
3  81 931 980
3  931 721 980
3  658 81 932
3  81 860 932
3  354 658 934
3  355 934 1007
3  879 982 883
3  318 80 82
3  286 280 935
3  943 653 981
3  936 765 766
3  572 286 935
3  813 385 641
3  385 808 641
3  1008 279 278
3  725 869 871
3  725 724 869
3  864 870 865
3  799 744 804
3  744 741 804
3  868 7 680
3  7 523 680
3  736 735 906
3  850 907 847
3  952 798 805
3  489 491 984
3  280 279 981
3  872 798 943
3  593 898 696
3  898 830 696
3  936 907 777
3  907 850 851
3  908 940 1009
3  940 908 1010
3  730 850 1011
3  945 1011 916
3  243 745 953
3  798 1008 954
3  279 1008 873
3  1008 798 873
3  1008 817 954
3  817 953 954
3  817 982 956
3  982 879 956
3  718 882 955
3  645 822 824
3  880 882 718
3  823 879 824
3  792 791 890
3  791 712 890
3  460 462 825
3  462 334 821
3  821 333 825
3  333 343 825
3  461 881 963
3  881 462 963
3  962 991 989
3  989 345 885
3  960 991 964
3  329 891 892
3  887 888 960
3  888 822 960
3  570 933 894
3  933 743 321
3  319 790 992
3  790 880 992
3  339 338 965
3  338 690 965
3  836 34 33
3  545 896 998
3  601 834 993
3  834 594 993
3  475 477 903
3  475 124 476
3  291 1012 900
3  1013 1014 1015
3  762 544 547
3  544 124 547
3  545 967 412
3  897 1016 1017
3  840 1013 1015
3  545 1003 1018
3  600 654 655
3  35 997 655
3  736 905 1004
3  543 1019 1020
3  1014 1000 1015
3  996 1012 1021
3  1022 1023 1024
3  1000 1001 912
3  323 15 1006
3  15 32 1006
3  116 971 923
3  971 622 923
3  622 971 786
3  924 705 785
3  704 853 919
3  853 701 919
3  550 702 854
3  702 701 854
3  374 921 857
3  921 466 857
3  642 724 977
3  724 794 977
3  321 320 894
3  894 320 657
3  815 658 317
3  318 317 659
3  652 765 935
3  765 572 935
3  640 639 725
3  639 723 725
3  908 907 1025
3  907 936 1025
3  883 982 1026
3  813 870 814
3  760 868 682
3  868 680 682
3  937 649 1025
3  1025 649 1027
3  896 1002 1028
3  1029 940 942
3  1030 771 1031
3  771 1032 994
3  81 317 82
3  847 908 1009
3  478 765 777
3  765 936 777
3  940 1029 842
3  1029 906 842
3  1011 848 916
3  842 693 848
3  945 758 1011
3  758 730 1011
3  817 241 818
3  243 953 816
3  982 647 1026
3  864 646 648
3  883 1026 979
3  647 982 983
3  817 1008 983
3  647 983 1033
3  882 645 824
3  318 824 978
3  713 890 987
3  890 712 987
3  461 345 990
3  962 989 885
3  881 461 576
3  575 881 576
3  991 329 964
3  329 892 964
3  997 35 998
3  35 545 998
3  477 126 1034
3  903 1035 1036
3  967 903 412
3  477 1037 1038
3  997 896 655
3  996 412 1039
3  839 763 1019
3  244 249 763
3  543 244 1040
3  543 1040 1019
3  914 999 1041
3  911 1000 912
3  1004 905 910
3  764 250 999
3  542 543 1001
3  290 968 1013
3  291 290 1042
3  291 1042 1021
3  767 1023 1043
3  909 770 772
3  906 1029 942
3  1002 1003 1022
3  971 924 786
3  924 785 786
3  934 658 1007
3  658 932 1007
3  658 571 986
3  571 894 986
3  1026 647 865
3  724 642 862
3  659 894 657
3  718 318 659
3  807 864 288
3  864 278 288
3  862 81 988
3  642 931 862
3  813 640 871
3  870 864 814
3  869 863 865
3  870 813 871
3  650 649 937
3  936 937 1025
3  802 806 651
3  806 649 651
3  994 942 995
3  942 941 995
3  908 1025 1044
3  649 904 1027
3  941 1010 1044
3  941 940 1010
3  491 472 984
3  472 805 984
3  479 777 851
3  777 907 851
3  940 842 1009
3  842 847 1009
3  847 848 1045
3  848 1011 1045
3  809 944 695
3  944 945 695
3  241 243 818
3  243 816 818
3  863 862 865
3  81 80 988
3  278 648 1033
3  648 647 1033
3  983 1008 1033
3  1008 278 1033
3  467 747 885
3  747 962 885
3  960 961 576
3  961 574 576
3  990 989 1046
3  461 990 576
3  289 1047 1037
3  900 1012 1037
3  1034 126 1048
3  407 477 1034
3  1012 291 1021
3  1037 1012 1038
3  1022 1003 1023
3  1022 1030 1031
3  996 768 837
3  837 767 1049
3  1003 896 1018
3  896 545 1018
3  946 947 948
3  1000 911 1005
3  246 946 948
3  694 736 948
3  1050 1000 1005
3  910 1050 1005
3  906 1032 770
3  938 996 1015
3  1013 968 1014
3  968 1000 1014
3  290 970 969
3  970 968 969
3  771 994 1031
3  909 1000 910
3  319 880 657
3  880 718 657
3  882 824 955
3  824 318 955
3  279 872 981
3  872 943 981
3  898 834 899
3  904 649 867
3  899 834 732
3  1025 1027 1044
3  897 896 1028
3  732 831 733
3  1011 850 1045
3  850 847 1045
3  693 695 916
3  695 945 916
3  960 576 1046
3  576 990 1046
3  1047 900 1037
3  1047 289 900
3  126 407 1048
3  407 1034 1048
3  1042 290 1021
3  840 1021 1051
3  912 1001 1020
3  763 764 1019
3  769 909 772
3  1000 1050 910
3  968 970 1001
3  970 542 1001
3  250 948 999
3  1032 771 770
3  290 1013 841
3  1013 840 841
3  840 1015 1052
3  939 938 1015
3  994 1032 942
3  1032 906 942
3  1002 1053 1028
3  1031 1053 1054
3  659 657 719
3  657 718 719
3  831 941 1044
3  1010 908 1044
3  844 843 1017
3  904 731 733
3  831 1044 733
3  731 899 732
3  843 897 1017
3  732 844 1017
3  883 80 978
3  80 318 978
3  989 991 1046
3  991 960 1046
3  477 407 1037
3  407 289 1037
3  1038 1012 1036
3  903 477 1035
3  412 1012 1039
3  996 1039 1055
3  996 1021 1056
3  1000 939 1015
3  1021 290 1051
3  290 840 1051
3  1023 1003 413
3  1030 767 769
3  413 1003 414
3  412 996 413
3  939 909 769
3  1023 767 1024
3  1040 244 1019
3  244 839 1019
3  1004 914 1041
3  764 249 250
3  1000 909 939
3  768 939 769
3  1030 769 772
3  771 1030 772
3  764 914 911
3  1001 543 1020
3  1056 1021 1052
3  1021 840 1052
3  1053 1031 1028
3  1022 1031 1054
3  1016 831 832
3  897 995 1057
3  995 941 1057
3  941 831 1057
3  1031 994 1028
3  994 897 1028
3  870 869 865
3  862 988 1058
3  862 1058 865
3  1058 1026 865
3  1035 1038 1036
3  1035 477 1038
3  1039 1012 1055
3  1012 996 1055
3  1015 1056 1052
3  1015 996 1056
3  1023 413 1043
3  767 1043 1049
3  1003 545 414
3  545 412 414
3  767 1030 1024
3  1030 1022 1024
3  764 999 915
3  999 914 915
3  999 736 1041
3  736 1004 1041
3  910 905 770
3  905 906 770
3  1053 1002 1054
3  1002 1022 1054
3  732 1017 832
3  1017 1016 832
3  831 1016 1057
3  1016 897 1057
3  1026 1058 979
3  1058 988 979
3  1012 412 1036
3  412 903 1036
3  1043 413 1049
3  413 837 1049
3  911 914 1005
3  914 1004 1005
3  1044 1027 733
3  1027 904 733
3  1019 764 1020
3  912 1020 913
3  1020 764 913
3  764 911 913
