OFF
911 1818 0
122.687 -119.825 310.886
82.1833 -150.902 297.958
91.4527 -101.6 211.677
-157.037 66.6524 435.896
-181.568 43.0082 427.276
-167.031 12.8695 435.896
-2.69867 -4.35698 -0.0118702
-2.69867 4.35698 -0.0118702
9.9215 -0.918151 0.0436142
3.81976 -135.161 211.672
7.94271 -84.6905 116.693
16.4986 -136.334 215.988
29.7553 -152.528 267.752
49.0285 -136.43 233.248
-87.5304 -35.3394 138.273
-9.39758 -3.30721 -0.0413112
-9.29114 -3.59466 -0.0408433
133.88 118.239 435.896
135.579 118.872 431.585
98.6492 149.451 422.964
5.93045 -178.988 422.964
39.1344 -178.004 410.033
8.36457 -179.065 431.585
23.1483 79.4874 112.375
2.43033 9.6502 0.0106836
2.1316 9.72037 0.00937047
80.5425 112.596 215.991
67.9334 115.348 207.359
69.6074 119.644 215.991
-8.77838 4.70767 -0.0385893
-87.5068 35.3994 138.273
-8.62905 4.97541 -0.0379328
-130.163 -124.994 431.585
-182.382 -19.3779 431.586
-160.691 -78.994 422.964
65.3841 44.3895 103.743
67.3213 41.5686 103.743
8.13255 5.74932 0.0357503
37.9307 141.556 237.562
36.3933 133.548 215.991
20.6355 136.847 215.991
29.7175 -133.931 215.987
-75.6825 -153.529 306.575
-67.8641 -116.565 211.671
-51.9977 -124.551 211.671
75.0002 -32.3619 108.062
69.4434 -37.7735 103.743
72.068 -33.0273 103.744
-20.9253 -149.626 250.504
2.63154 -161.085 289.314
105.025 -145.379 392.79
63.1326 -166.996 336.757
124.898 -130.165 341.069
160.528 -83.0029 414.343
120.053 -131.544 405.721
32.0393 177.221 341.069
72.7468 164.532 427.275
53.9172 169.474 345.375
1.18661e-07 -9.95074 5.22147e-10
-0.306841 -9.94602 -0.00134885
-0.613383 -9.93187 -0.00269642
-1.83086 -9.78131 -0.00804842
-3.02057 -9.48249 -0.0132784
-3.61406 -8.52883 -0.0158893
-171.947 6.8702 306.577
-137.528 -11.1245 215.99
-156.868 -10.7145 267.756
-167.83 -60.246 341.066
-152.126 -76.5364 297.954
-159.267 -85.7399 362.619
-1.73334 -175.461 341.062
-133.999 -106.319 293.647
-83.362 -119.801 241.87
-81.8859 -151.848 435.896
107.767 -134.208 435.896
72.7946 136.563 435.896
179.079 -43.9781 422.965
194.419 0 397.109
194.782 0 401.419
-106.778 87.8081 215.991
-103.09 64.3384 185.774
-124.328 60.3522 215.991
-22.5333 136.524 215.991
-26.5188 86.0144 125.33
-50.4298 128.85 215.991
-5.93692 7.36905 -0.0261002
-5.35727 7.55935 -0.0235527
-5.75114 7.13897 -0.0252844
-3.2131 4.84687 -0.0141318
-3.30399 4.66538 -0.0145314
-3.32209 5.01113 -0.0146109
-8.47153 5.23844 -0.0372404
-98.0645 140.75 435.896
-58.5935 167.139 422.964
-119.748 138.401 405.724
-6.30129 -5.06622 -0.0277046
-5.91683 -4.75761 -0.0260152
-5.53937 -5.04603 -0.0243564
-4.38468 4.80705 -0.0192817
-4.6682 -4.81137 -0.0205278
-4.8852 4.73409 -0.0214815
-60.2048 -161.272 306.577
-40.8054 -151.402 263.446
-11.4239 -89.3944 125.33
4.72422 -84.7614 116.692
-123.141 -99.6884 435.896
-37.6475 -170.13 435.896
-116.067 -140.485 435.896
-72.1538 -166.175 435.896
-9.05193 4.15905 -0.0397917
-8.91939 4.43547 -0.0392091
5.75689 8.12179 0.0253071
46.0165 66.7397 108.06
6.0046 7.94089 0.026396
-3.57554 -8.43813 -0.0157202
-117.944 -86.507 233.252
-122.902 -62.2901 215.989
-19.8416 -175.89 418.653
-39.2293 -170.211 375.544
-165.785 67.2374 431.585
-7.36345 6.70381 -0.0323693
-66.3429 94.6228 172.826
-7.15323 6.92709 -0.0314453
-38.0567 -166.414 306.574
1.22445 -9.87532 0.00538263
1.52838 -9.83298 0.0067187
-4.6306 -6.98176 -0.0203605
-5.05214 -6.68387 -0.0222136
-4.99263 -6.60529 -0.0219522
196.148 0 435.896
134.483 54.1304 233.248
164.238 0 267.774
162.614 0 263.461
40.9058 -176.53 431.585
85.79 -157.735 427.275
16.698 -173.54 336.751
3.59938 -9.2788 0.0158227
2.43033 -9.6502 0.0106836
-3.20842 -6.43894 -0.01411
77.8338 -161.227 401.411
-28.9051 85.1461 125.33
-67.1796 120.913 215.991
-111.957 124.641 435.896
-144.447 115.924 431.586
-165.558 -41.3651 297.955
36.2575 74.8424 112.377
3.59937 9.2788 0.0158227
3.31155 9.38509 0.0145575
-2.1316 9.72037 -0.00937047
-1.22444 9.87532 -0.00538262
-3.38298 7.98461 -0.0148748
-26.9513 -85.8722 125.33
-29.0593 -85.0906 125.33
-3.59938 -9.2788 -0.0158227
-131.719 41.5954 215.99
-2.9906 9.38862 -0.0131469
-2.69968 9.47614 -0.011868
-3.65259 8.61953 -0.0160584
3.02058 9.48249 0.0132784
2.72675 9.57089 0.0119867
-8.06987 -137.258 215.988
-89.3423 -158.383 414.344
-175.77 -40.3915 349.689
-180.411 -15.5393 353.999
-142.565 -111.914 345.38
-92.3746 -98.1647 211.67
-94.6139 -74.8249 185.771
-6.37333 6.17352 -0.0280201
-6.0898 5.89942 -0.0267746
-6.26883 5.70933 -0.0275615
40.299 -158.158 435.896
99.4952 148.627 345.377
-7.74818 178.275 435.896
115.274 130.163 435.896
111.457 141.611 418.654
21.5829 174.865 431.585
25.4951 -132.867 211.672
54.4999 -124.005 211.673
37.2805 -79.8767 121.014
72.3939 -116.469 211.678
167.108 65.6319 397.101
166.045 68.6124 414.343
196.126 0 431.586
143.645 -33.1515 237.565
115.416 -63.6724 207.352
82.7649 -24.6004 116.698
36.2363 -74.852 112.377
3.88379 -9.16371 0.017073
97.0366 -96.0563 211.676
61.439 -53.3875 108.061
104.498 -87.3941 211.675
127.299 0 185.792
125.023 0 181.475
108.744 77.2532 207.357
95.8864 93.029 207.358
124.315 79.0067 237.564
-108.239 138.807 332.443
-89.6614 151.958 345.374
-8.30599 5.49648 -0.0365126
77.3678 155.823 306.581
37.2423 79.8941 121.014
-141.652 96.851 306.576
-145.06 52.8915 250.513
-168.396 64.7366 341.069
-3.71012 8.05576 -0.0163126
-3.50041 6.05894 -0.0153941
-3.47771 5.61344 -0.0152947
-3.52966 5.6972 -0.015523
18.0921 -83.0923 116.693
37.5412 -130.065 211.672
-3.64601 5.14784 -0.0160348
-3.70362 5.58598 -0.0162878
6.24662 7.75247 0.0274599
52.1883 62.1177 108.06
6.48272 7.55668 0.0284977
-170.315 18.2344 306.575
-96.5295 13.2717 142.594
-9.58362 2.72318 -0.042129
-5.28537 7.96672 -0.0232357
-5.58561 7.88076 -0.0245552
-5.19329 8.37661 -0.0228299
-2.43033 9.6502 -0.0106836
-5.23068 6.9196 -0.0229978
-5.18604 7.31827 -0.0228008
-5.07191 7.15753 -0.0222996
-3.99731 -6.45094 -0.0175779
-3.38443 -6.79166 -0.0148833
-3.47246 -6.96801 -0.01527
-36.1027 -130.14 211.671
-73.2968 -160.627 345.373
-101.914 -137.845 315.195
-101.743 -143.293 349.682
-137.767 9.04547 215.99
-97.2056 -4.39315 142.593
-9.95928 0.306434 -0.0437803
-9.9451 0.612584 -0.043718
-17.4965 -85.2848 121.009
-2.13161 -9.72037 -0.00937047
-33.8962 -82.0314 125.325
-6.71266 -7.35372 -0.0295085
-2.71105 -4.69386 -0.0119246
9.17589 -3.87869 0.0403366
9.05193 -4.15905 0.0397917
9.66305 -2.42714 0.0424781
-3.8945 -4.83723 -0.0171272
-4.18526 4.58866 -0.0184052
-3.8945 4.83723 -0.0171272
-3.01902 4.26329 -0.0132786
-3.32735 4.40434 -0.0146341
138.209 0 207.372
136.09 0 203.057
146.698 107.783 427.275
-46.4968 175.346 336.761
-17.4719 178.12 410.032
-37.8917 173.788 427.274
61.4267 53.4013 108.061
54.1402 0 64.8626
68.113 4.93771 86.4647
57.0149 0 69.1833
-11.2835 89.4138 125.33
-5.48572 138.297 215.991
-152.736 5.45195 435.896
20.9106 -175.327 345.373
1.83086 -9.78131 0.00804842
2.13161 -9.72037 0.00937047
57.7842 -60.1406 112.378
52.1786 -62.1255 108.06
54.874 -59.6466 108.06
142.051 94.8764 302.265
173.179 0 293.651
186.775 0 345.388
156.412 64.0363 315.19
187.642 0 349.698
145.774 -88.0868 435.896
57.7569 60.1661 112.378
5.50372 8.29499 0.0241941
-3.20435 5.54707 -0.014093
69.6763 46.6108 112.38
74.986 32.394 108.062
-129.593 88.5193 263.446
-3.77079 -4.68373 -0.0165834
0.613384 9.93187 0.00269642
-3.37983 7.33992 -0.0148622
0.306837 9.94602 0.00134885
-5.50372 8.29499 -0.0241941
-5.24532 8.46032 -0.0230582
-4.98195 8.61762 -0.0219005
-3.88378 9.16371 -0.017073
-3.59937 9.2788 -0.0158227
-56.3121 135.049 233.252
-102.156 134.02 297.95
-87.8407 140.697 293.636
58.5132 52.5315 103.741
6.71266 7.35373 0.0295085
-5.91416 6.48088 -0.026002
-5.83627 6.01323 -0.0256604
-6.1112 6.29593 -0.0268681
-9.84608 1.52638 -0.0432827
-9.88848 1.22284 -0.0434691
4.44129 8.90756 0.0195238
4.71386 8.76675 0.0207219
-2.94446 5.90984 -0.0129501
-6.92553 6.30609 -0.0304462
-6.65689 6.44758 -0.0292656
-5.7569 8.12179 -0.0253071
-33.7351 82.0912 125.325
-130.907 -43.3144 215.99
-3.43109 5.17538 -0.01509
-4.81413 6.36953 -0.0211681
-4.75463 6.29094 -0.0209067
-4.88445 6.06503 -0.0214775
-5.88551 7.7838 -0.0258732
-4.19152 7.25315 -0.0184302
-4.56913 7.37202 -0.0200896
-4.24091 7.33844 -0.0186471
-4.77714 7.70691 -0.021003
-6.65689 -6.44758 -0.0292656
-7.41667 -6.34617 -0.032604
-7.11671 -6.09011 -0.0312865
-10.8497 -134.696 211.672
-95.0618 -142.839 315.195
-2.94066 4.43622 -0.0129341
-3.74352 4.95469 -0.0164635
-3.62461 4.79745 -0.0159408
-2.95768 5.12047 -0.0130088
-4.98196 -8.61762 -0.0219005
-5.50371 -8.29499 -0.0241941
-4.71385 -8.76675 -0.020722
-3.30399 -4.66538 -0.0145314
-3.133 -4.42413 -0.0137797
-3.2131 -4.84688 -0.0141318
4.74294 84.763 116.692
7.87115 84.6934 116.693
-4.04339 6.99727 -0.0177796
-4.15324 6.70215 -0.0182629
-4.20521 6.78589 -0.0184912
-6.30129 5.06622 -0.0277046
-9.29114 3.59466 -0.0408433
-7.40076 4.89878 -0.0325359
143.007 114.427 362.623
105.589 141.775 341.064
159.819 -63.9147 302.268
189.995 0 362.63
190.695 0 366.94
-155.18 -49.4648 435.896
23.1466 -79.4877 112.375
41.294 -107.394 172.824
71.949 -26.1299 99.4243
74.5975 -26.4913 103.744
73.5591 -29.2583 103.744
79.2016 5.10487 103.744
92.9092 0 125.342
90.2641 0 121.023
153.938 0 241.892
152.094 0 237.578
167.018 -35.6861 302.265
170.353 0 285.026
62.7689 47.6438 103.742
7.56667 6.47418 0.0332627
97.869 108.737 237.561
164.296 -63.3906 345.373
69.6392 -46.6652 112.38
78.3749 12.2938 103.744
77.2059 18.603 103.745
105.784 0 146.935
17.9634 83.1168 116.693
-17.4962 85.2821 121.009
-3.31155 9.38509 -0.0145575
-4.34961e-07 9.95074 -1.91396e-09
-0.306838 9.94602 -0.00134886
-6.71266 7.35372 -0.0295085
-6.24662 7.75246 -0.0274599
-6.93624 7.14379 -0.0304914
-112.631 91.8695 233.249
-7.21747 6.57125 -0.0317283
-6.7987 7.00251 -0.0298875
-6.66118 6.86121 -0.0292836
1.52838 9.83298 0.0067187
42.0022 74.9512 116.697
-3.97619 5.99654 -0.0174856
-3.81264 5.75021 -0.0167669
-3.87406 5.46946 -0.0170371
-6.36696 5.44977 -0.0279929
-7.24618 5.12408 -0.0318565
-6.91654 5.55989 -0.0304077
-9.39758 3.30721 -0.0413112
-9.49511 3.01662 -0.0417399
-9.17589 3.8787 -0.0403366
-9.79434 -1.82847 -0.0430553
-2.43033 -9.6502 -0.0106836
-3.99402 -6.91197 -0.0175627
-3.73232 -6.94472 -0.0164123
-5.25583 -6.52534 -0.023109
-6.91654 -5.55989 -0.0304077
-6.26883 -5.70933 -0.0275615
-6.37333 -6.17352 -0.0280201
-7.56667 6.47417 -0.0332627
-6.44645 7.06282 -0.0283397
-6.28988 7.33246 -0.0276511
-6.52367 6.71991 -0.0286797
-6.11375 6.69913 -0.0268786
-6.00461 7.94089 -0.026396
-5.87718 5.69382 -0.0258405
-3.80671 8.98232 -0.0167348
-3.47246 6.96801 -0.01527
-3.34043 6.70348 -0.01469
-3.42111 7.4294 -0.0150435
-3.34447 7.8939 -0.0147057
0.306841 -9.94602 0.00134885
15.9066 -0.446833 8.6868
15.9163 -0.223409 8.68686
18.8921 -0.152 13.0084
-2.94066 -4.43622 -0.0129341
-2.90504 4.10245 -0.0127775
9.17589 3.8787 0.0403366
9.05193 4.15905 0.0397917
-3.37382 5.44593 -0.0148381
-3.5057 -4.64021 -0.0154181
-3.10567 -5.37643 -0.0136593
-5.1491 5.30632 -0.0226412
-5.04953 5.53493 -0.0222035
-4.61961 5.38842 -0.0203141
-3.92192 5.19053 -0.0172476
-4.04085 5.34775 -0.0177703
178.357 0 310.898
177.122 0 306.587
180.705 0 319.522
179.551 0 315.21
55.5866 163.222 431.585
50.2078 129.018 215.991
123.542 49.5297 207.356
-29.391 168.163 310.884
-12.6595 169.777 315.193
0.613388 -9.93187 0.00269644
0.919352 -9.90829 0.00404145
-9.9451 -0.612586 -0.043718
-9.964 -8.71081e-07 -0.0438011
41.76 -75.0824 116.697
124.05 -74.3146 233.247
87.4461 -105.243 211.677
78.5668 -112.229 211.678
8.30598 -5.49649 0.0365126
7.56668 -6.47417 0.0332627
175.847 0 302.275
174.533 0 297.963
185.866 0 341.077
12.9048 0.846969 4.36517
15.8677 0.893607 8.68658
15.8904 0.670227 8.68671
71.9474 26.1341 99.4243
72.0606 33.0432 103.744
73.5551 29.2679 103.744
33.7112 0 34.6154
70.6326 8.20493 90.7849
36.6569 0 38.9366
9.95928 0.306437 0.0437803
9.95928 -0.306431 0.0437803
9.9215 0.918149 0.0436142
12.8756 1.12846 4.36503
9.66305 2.42715 0.0424781
74.5942 26.5004 103.744
75.7931 23.1488 103.744
8.30599 5.49648 0.0365126
128.091 -118.401 435.896
144.855 -96.467 315.2
5.88443 145.101 237.558
-1.83086 9.78131 -0.0080484
-4.79426 7.22802 -0.0210793
-4.67313 7.53947 -0.0205463
-0.613385 9.93187 -0.00269643
-0.919351 9.90829 -0.00404144
-5.38203 5.8988 -0.0236644
-4.87647 5.68759 -0.0214428
-4.44129 8.90756 -0.0195238
-4.88311 8.44708 -0.0214667
-4.93253 8.53235 -0.0216836
-7.95141 5.9967 -0.034954
-8.05196 5.6925 -0.0353963
-8.13256 5.74931 -0.0357503
-124.183 127.587 341.066
-5.62729 6.98558 -0.0247405
-5.50347 6.83217 -0.0241967
-4.51316 5.60465 -0.0198461
-4.57616 6.05517 -0.0201226
-4.33822 5.74077 -0.0190771
-8.30599 -5.49649 -0.0365126
-8.13256 -5.74932 -0.0357503
-9.9215 0.91815 -0.0436142
-9.73331 -2.12882 -0.042787
-3.12522 -5.81653 -0.0137449
-3.35868 -6.25047 -0.0147708
-3.40172 -5.88832 -0.0149604
-4.63605 -8.02072 -0.0203822
-5.0719 -7.15754 -0.0222996
-4.53725 -7.85016 -0.0199484
-4.5215 -6.81757 -0.0198813
-4.19152 -7.25315 -0.0184302
-4.57605 -6.89967 -0.0201209
-5.03721 -8.12549 -0.0221448
-5.35727 -7.55935 -0.0235527
-4.88116 -7.87435 -0.0214597
-8.74267 4.34782 -0.0384327
-7.76272 6.2384 -0.0341245
-6.48272 7.55668 -0.0284977
-4.71386 8.76675 -0.0207219
-6.16134 7.18297 -0.0270867
-5.05214 6.68387 -0.0222136
-5.19393 6.44863 -0.0228371
-7.64904 5.40833 -0.0336264
-6.74181 5.76997 -0.0296397
-4.16452 9.03992 -0.0183071
-3.02058 9.48249 -0.0132784
-4.17695 8.37865 -0.0183636
-4.63605 8.02072 -0.0203822
-4.26505 8.55496 -0.0187503
-4.05938 7.55213 -0.0178488
-3.91269 7.84969 -0.0172034
-3.27868 9.2922 -0.0144133
-2.72675 -9.57088 -0.0119867
-28.488 -167.67 310.883
-2.77721 4.18982 -0.0122155
-3.20435 -5.54706 -0.014093
-3.46239 -7.51889 -0.0152248
1.83086 9.78131 0.0080484
0.91935 9.90829 0.00404144
3.88378 9.16371 0.017073
4.16451 9.03992 0.0183071
-3.30303 5.7177 -0.0145267
-4.33027 6.11262 -0.0190418
-4.41243 6.65337 -0.0194022
-3.99731 6.45093 -0.0175779
-4.68383 5.46322 -0.0205963
-8.74267 -4.34782 -0.0384327
-7.24618 -5.12408 -0.0318565
191.97 0 375.56
191.354 0 371.25
188.468 0 354.009
71.398 -18.6592 95.1045
9.39758 -3.30722 0.0413112
61.8473 155.599 289.33
195.102 0 405.729
195.379 0 410.039
193.567 0 388.49
194.014 0 392.8
-4.18526 -4.58866 -0.0184052
46.0146 -66.7409 108.06
4.98196 -8.61762 0.0219005
171.785 0 289.338
189.252 0 358.319
112.607 -90.8908 233.247
182.892 0 328.144
183.924 0 332.455
8.77838 4.70767 0.0385893
8.62905 4.97541 0.0379328
69.446 37.7688 103.743
82.7237 24.7365 116.698
71.3976 18.6606 95.1045
69.2621 15.2127 90.784
7.36345 6.70381 0.0323693
54.8482 59.6693 108.06
155.903 -87.299 418.654
143.955 -89.4751 297.952
-1.52838 9.83298 -0.0067187
-3.96592 7.37859 -0.0174384
-3.50368 7.60836 -0.0154061
-5.23079 7.88465 -0.0229961
-92.5245 102.793 215.991
-9.79434 1.82847 -0.0430553
-6.70661 6.10719 -0.0294846
-8.05908 5.33351 -0.0354281
-5.24764 4.78065 -0.0230744
-5.10179 4.64795 -0.0224334
-4.8852 -4.73408 -0.0214815
-6.70661 -6.1072 -0.0294846
-8.05908 -5.33351 -0.0354281
-8.47153 -5.23844 -0.0372404
-5.91683 4.75761 -0.0260152
-5.53937 5.04603 -0.0243564
-5.46752 4.68106 -0.0240407
-5.31764 -4.55291 -0.023382
-9.84608 -1.52638 -0.0432827
-5.17116 6.84102 -0.0227364
-4.48785 7.76487 -0.0197315
-4.24633 7.89919 -0.0186697
-4.6306 6.98175 -0.0203605
-2.72675 9.57088 -0.0119867
-4.78428 8.27654 -0.0210329
-3.6045 7.23252 -0.01585
62.7763 -47.6344 103.742
65.3806 -44.3944 103.743
-3.32209 -5.01113 -0.0146109
-3.62461 -4.79745 -0.0159408
-3.93108 -5.54986 -0.0172877
-3.97619 -5.99654 -0.0174856
-4.15978 -5.50497 -0.018293
-3.42576 -5.52969 -0.0150664
-3.81264 -5.75021 -0.0167669
-3.73656 -7.49704 -0.01643
-4.01265 -7.46536 -0.0176436
-4.13976 -6.24287 -0.0182043
-4.27323 -6.03223 -0.0187912
-4.2162 5.95184 -0.0185406
-5.32606 6.21107 -0.0234181
-5.3903 6.28585 -0.0237003
-5.11165 6.76245 -0.022475
-4.68515 7.06384 -0.0206001
-4.24091 -7.33844 -0.0186471
-5.68525 -5.17871 -0.0249974
-5.83113 -5.31138 -0.0256384
193.077 0 384.18
192.545 0 379.87
58.5231 -52.5212 103.741
184.916 0 336.766
181.819 0 323.833
68.306 -2.52982 86.465
73.9581 0 95.1052
76.7242 0 99.4252
45.4442 0 51.9
48.3541 0 56.2209
113.207 0 159.889
110.759 0 155.571
118.019 0 168.524
9.29114 3.59466 0.0408433
6.93623 7.1438 0.0304914
7.76272 6.2384 0.0341245
8.47153 5.23843 0.0372404
120.383 0 172.841
-3.58625 7.78732 -0.0157687
-5.03721 8.12549 -0.0221448
-57.4878 158.854 302.261
-6.51689 5.57786 -0.0286516
-4.80559 4.95279 -0.0211316
-5.25583 6.52534 -0.023109
-5.56137 5.73049 -0.0244527
-6.36696 -5.44978 -0.0279929
-6.61208 -4.98865 -0.0290703
-8.91939 -4.43547 -0.0392091
-9.05193 -4.15905 -0.0397917
-9.73331 2.12882 -0.042787
-9.66305 2.42715 -0.0424781
-9.9215 -0.918151 -0.0436142
-9.88848 -1.22284 -0.0434691
-3.31154 -9.3851 -0.0145574
-5.11165 -6.76245 -0.022475
-3.72963 -8.80093 -0.0163966
-5.64269 -7.96111 -0.0248058
-6.0046 -7.9409 -0.026396
-5.94505 -7.86235 -0.0261346
-3.88378 -9.16371 -0.017073
-7.41668 6.34617 -0.032604
-5.90407 5.37771 -0.0259589
-6.41843 7.48194 -0.0282155
-4.04481 8.11417 -0.0177835
-3.78945 6.11595 -0.0166646
70.6326 -8.20542 90.7849
78.377 -12.2811 103.744
77.2066 -18.6001 103.745
75.7889 -23.162 103.744
69.2618 -15.214 90.784
67.3288 -41.5568 103.743
8.47154 -5.23843 0.0372404
-3.50042 -6.05894 -0.0153941
-3.59912 -6.22956 -0.0158278
-3.78945 -6.11595 -0.0166646
7.36344 -6.70381 0.0323693
7.15323 -6.92709 0.0314453
-4.23438 -4.93961 -0.0186211
-3.54009 -5.33963 -0.0155691
-3.71012 -8.05576 -0.0163126
-4.20521 -6.7859 -0.0184912
-3.5057 4.64021 -0.0154181
-5.91416 -6.48088 -0.026002
-5.3903 -6.28585 -0.0237003
-4.26567 -5.29771 -0.0187585
-4.42699 -5.16402 -0.0194676
-4.38468 -4.80705 -0.0192817
-4.42699 5.16402 -0.0194676
-4.26567 5.29771 -0.0187585
-3.45208 6.42404 -0.0151812
-3.40538 6.33726 -0.014976
-4.6506 5.09823 -0.0204504
-5.16858 5.00834 -0.0227269
-8.05187 -4.97956 -0.0353968
-7.40076 -4.89879 -0.0325359
-9.58362 -2.72318 -0.042129
-9.4951 -3.01662 -0.0417399
-6.24662 -7.75247 -0.0274599
-6.93623 -7.1438 -0.0304914
-6.41843 -7.48194 -0.0282155
-5.87718 -5.69381 -0.0258405
-5.90407 -5.37771 -0.0259589
-3.45208 -6.42404 -0.0151812
7.76272 -6.2384 0.0341245
4.16452 -9.03992 0.0183071
168.882 0 280.713
167.372 0 276.4
27.7997 0 25.9727
68.306 2.52987 86.465
12.7378 1.96795 4.36437
9.73331 2.12882 0.042787
12.7921 1.68913 4.36463
79.2018 -5.10231 103.744
84.909 0 112.384
82.2003 0 108.065
9.4951 3.01662 0.0417399
9.39758 3.30721 0.0413112
9.58362 2.72318 0.042129
7.15323 6.92709 0.0314453
-3.40172 5.88832 -0.0149604
142.346 0 216.003
140.294 0 211.688
159.254 0 254.834
157.518 0 250.52
5.50372 -8.29499 0.0241941
5.24533 -8.46031 0.0230583
1.22444 9.87532 0.00538262
-3.20842 6.43894 -0.01411
-4.88116 7.87434 -0.0214597
-5.82597 7.70524 -0.0256118
-5.12165 7.72051 -0.0225169
-5.52285 5.3511 -0.0242837
-9.17589 -3.8787 -0.0403366
-9.95928 -0.306433 -0.0437803
-4.04085 -5.34775 -0.0177703
-3.70302 -5.22825 -0.0162854
-6.48272 -7.55667 -0.0284977
-1.52837 -9.83298 -0.00671868
-3.62753 -7.8768 -0.01595
-0.919347 -9.90829 -0.00404143
-3.99924 -8.68206 -0.0175818
-4.83369 -8.36181 -0.0212498
-3.8067 -8.98233 -0.0167348
-3.66883 7.96628 -0.0161313
-3.74719 6.48547 -0.0164784
15.8027 1.34027 8.68621
9.29114 -3.59465 0.0408433
12.7378 -1.96795 4.36437
9.73331 -2.12881 0.042787
95.5318 0 129.661
8.13255 -5.74932 0.0357503
7.95141 -5.9967 0.034954
6.48272 -7.55667 0.0284977
6.0046 -7.94089 0.026396
6.71266 -7.35373 0.0295085
-4.44129 -8.90756 -0.0195238
-5.28537 -7.96672 -0.0232357
-4.56914 -7.37201 -0.0200896
-6.66118 -6.86122 -0.0292836
-3.95673 -7.93785 -0.0173968
4.98195 8.61762 0.0219005
5.24532 8.46032 0.0230582
-5.78112 -6.33538 -0.0254176
-3.6491 -5.50386 -0.0160482
-8.45807 -4.87708 -0.0371817
-7.56667 -6.47418 -0.0332627
-7.76272 -6.2384 -0.0341245
-4.61961 -5.38842 -0.0203141
-6.51689 -5.57786 -0.0286516
-4.29305 -7.98596 -0.0188749
-4.67314 -7.53946 -0.0205463
-5.75114 -7.13898 -0.0252844
-5.84002 -6.80921 -0.0256756
-5.56538 -6.90888 -0.0244686
-5.98069 -6.55364 -0.0262942
-6.7987 -7.00251 -0.0298875
-6.44645 -7.06282 -0.0283397
165.824 0 272.087
15.8904 -0.670228 8.68671
15.8677 -0.893613 8.68658
9.79434 1.82846 0.0430553
9.84608 1.52638 0.0432827
115.627 0 164.206
71.1743 0 90.7852
7.95141 5.9967 0.034954
8.91939 4.43547 0.0392091
122.718 0 177.158
146.349 0 224.634
144.364 0 220.319
160.953 0 259.148
155.746 0 246.206
-9.66305 -2.42715 -0.0424781
-7.15323 -6.92709 -0.0314453
-1.22444 -9.87532 -0.00538261
-5.19329 -8.37661 -0.0228299
-5.14125 -8.29291 -0.0226015
-5.75689 -8.1218 -0.025307
15.8385 1.11696 8.68641
30.7585 0 30.2941
12.9257 -0.564941 4.36527
12.9048 -0.846964 4.36517
9.9451 -0.612585 0.043718
9.4951 -3.01663 0.0417399
12.8756 -1.12846 4.36503
9.84608 -1.52637 0.0432827
12.838 -1.40923 4.36485
12.7921 -1.68913 4.36463
103.258 0 142.616
8.77838 -4.70767 0.0385893
8.62905 -4.97541 0.0379328
2.72675 -9.57088 0.0119867
-4.15917 -5.87145 -0.01829
-6.52367 -6.71991 -0.0286797
-4.35789 -6.57128 -0.0191626
-7.95141 -5.9967 -0.034954
-8.05196 -5.6925 -0.0353963
-8.77838 -4.70767 -0.0385892
-4.33822 -5.74078 -0.0190771
-4.51667 -5.97657 -0.0198612
-4.6506 -5.09823 -0.0204504
-5.64808 -6.18986 -0.0248332
-5.56137 -5.73049 -0.0244527
-5.50347 -6.83217 -0.0241967
195.806 0 418.658
195.956 0 422.967
12.838 1.40925 4.36485
59.8764 0 73.5039
68.113 -4.93763 86.4647
65.5564 0 82.1448
65.547 0.529487 82.1447
68.3735 0 86.4651
65.547 -0.529519 82.1447
87.5972 0 116.703
131.758 0 194.424
129.544 0 190.108
150.214 0 233.263
148.299 0 228.949
-7.87261 5.93743 -0.0346079
-5.78112 6.33538 -0.0254176
-7.36345 -6.70381 -0.0323693
-5.24533 -8.46031 -0.0230582
-3.9192 7.29182 -0.0172332
18.8844 0.304097 13.0083
24.8333 0.042054 21.6513
9.964 0 0.0438011
12.9382 -0.282546 4.36533
51.253 0 60.5418
9.58362 -2.72317 0.042129
9.79434 -1.82846 0.0430553
15.8385 -1.11696 8.68641
15.8027 -1.34028 8.68621
100.707 0 138.298
98.1312 0 133.979
4.44129 -8.90756 0.0195238
3.31154 -9.3851 0.0145575
5.75689 -8.12179 0.0253071
-3.52966 -5.6972 -0.015523
-4.16452 -9.03992 -0.0183071
-4.75463 -6.29095 -0.0209067
-2.93849 5.46935 -0.0129242
-3.35868 6.25047 -0.0147708
-7.79381 -5.87815 -0.0342618
-5.1491 -5.30632 -0.0226412
-5.52286 -5.3511 -0.0242837
-5.61231 -5.11237 -0.0246769
-8.3876 -5.18667 -0.0368717
-4.78428 -8.27654 -0.0210329
195.614 0 414.348
196.062 0 427.277
9.88848 1.22284 0.0434691
62.7238 0 77.8244
133.94 0 198.741
-4.80559 -4.95279 -0.0211316
-4.51316 -5.60466 -0.0198461
-4.38941 5.45118 -0.0193023
-4.76068 5.91158 -0.0209337
-5.64808 6.18986 -0.0248332
-5.46875 -7.23389 -0.0240433
-6.2256 -7.25772 -0.0273689
18.8947 0 13.0084
21.867 0 17.3299
12.9257 0.564941 4.36527
9.9451 0.612583 0.043718
39.5948 0 43.2578
42.5242 0 47.5789
9.88848 -1.22284 0.0434691
15.9163 0.223417 8.68686
15.9196 0 8.68688
12.9424 0 4.36535
24.8333 -0.0420447 21.6513
21.8647 -0.0878974 17.3298
18.8844 -0.304106 13.0083
108.285 0 151.253
-3.40538 -6.33726 -0.014976
4.71386 -8.76675 0.020722
3.02058 -9.48249 0.0132784
6.24662 -7.75247 0.0274599
-5.38203 -5.89881 -0.0236644
-5.26183 -6.13629 -0.0231359
-5.16858 -5.00834 -0.0227269
-8.62905 -4.97541 -0.0379328
-7.87261 -5.93743 -0.0346079
-6.11375 -6.69913 -0.0268786
-6.0898 -5.89942 -0.0267746
-5.33995 -8.04879 -0.0234753
79.4718 0 103.745
-6.1112 -6.29593 -0.0268681
-5.88551 -7.78379 -0.0258732
12.9382 0.282559 4.36533
6.93623 -7.1438 0.0304914
8.91938 -4.43547 0.0392091
-5.02689 -4.87121 -0.0221042
-4.76068 -5.91158 -0.0209337
-4.94634 -6.14175 -0.0217494
-4.9407 -5.76238 -0.021725
-5.76641 -7.6267 -0.0253503
24.8356 0 21.6513
-4.68383 -5.46321 -0.0205963
18.8921 0.152 13.0084
15.9066 0.446827 8.6868
21.8647 0.0879111 17.3298
-4.98304 -5.46215 -0.0219113
3  0 1 2
3  3 4 5
3  6 7 8
3  9 10 11
3  1 12 13
3  14 15 16
3  17 18 19
3  20 21 22
3  23 24 25
3  26 27 28
3  29 30 31
3  32 33 34
3  35 36 37
3  38 39 40
3  13 12 41
3  42 43 44
3  45 46 47
3  48 11 49
3  50 51 52
3  53 54 52
3  54 50 52
3  55 56 57
3  58 59 60
3  61 62 63
3  64 65 66
3  67 68 69
3  70 21 20
3  42 71 72
3  73 74 75
3  75 74 17
3  76 77 78
3  12 1 51
3  79 80 81
3  82 83 84
3  85 86 87
3  88 89 90
3  31 30 91
3  92 93 94
3  95 96 97
3  98 99 100
3  101 44 102
3  9 103 104
3  73 75 105
3  106 107 108
3  109 30 110
3  111 112 113
3  114 61 63
3  115 68 116
3  74 73 106
3  70 117 118
3  3 119 4
3  120 121 122
3  70 118 123
3  11 12 49
3  10 124 125
3  126 127 128
3  17 74 129
3  130 131 132
3  74 133 134
3  12 51 135
3  136 137 138
3  139 21 51
3  140 141 84
3  142 92 143
3  144 68 67
3  3 92 142
3  145 146 147
3  148 149 150
3  151 152 153
3  81 30 154
3  155 156 157
3  23 158 159
3  48 123 102
3  11 48 160
3  107 161 108
3  73 105 107
3  162 33 163
3  71 164 68
3  32 164 107
3  33 32 107
3  43 152 44
3  71 115 165
3  166 115 116
3  167 168 169
3  106 133 170
3  117 70 20
3  139 51 50
3  56 171 57
3  172 17 173
3  19 18 174
3  105 75 92
3  172 56 175
3  11 10 176
3  177 178 179
3  180 181 182
3  183 184 185
3  186 136 187
3  188 189 190
3  191 185 192
3  193 194 195
3  1 0 52
3  133 21 134
3  196 94 197
3  80 198 91
3  199 26 28
3  23 39 200
3  201 202 203
3  148 204 156
3  205 206 207
3  176 208 209
3  210 211 206
3  212 213 214
3  203 202 215
3  216 30 217
3  79 121 120
3  218 219 220
3  221 83 148
3  222 223 224
3  225 226 227
3  71 165 72
3  48 228 160
3  123 101 102
3  101 123 229
3  164 71 230
3  22 106 108
3  9 11 160
3  107 164 231
3  229 118 108
3  162 144 67
3  32 34 69
3  165 115 166
3  115 71 68
3  232 216 233
3  234 216 235
3  103 236 237
3  238 165 239
3  240 241 242
3  240 8 243
3  244 245 246
3  247 248 89
3  22 133 106
3  21 133 22
3  249 183 250
3  18 17 251
3  55 252 253
3  93 92 254
3  194 193 255
3  256 257 258
3  82 259 83
3  259 82 260
3  80 30 81
3  172 55 253
3  232 65 64
3  92 94 143
3  107 105 261
3  105 92 261
3  135 51 262
3  51 21 262
3  41 11 176
3  12 11 41
3  263 125 264
3  265 266 267
3  130 268 269
3  270 271 272
3  76 129 273
3  194 255 274
3  275 214 276
3  277 193 278
3  81 202 279
3  93 252 94
3  280 244 246
3  281 282 283
3  284 285 286
3  287 140 288
3  289 290 291
3  289 82 84
3  206 211 207
3  213 292 293
3  294 295 296
3  204 148 150
3  26 194 213
3  216 297 298
3  145 112 299
3  300 275 301
3  302 303 167
3  304 305 284
3  68 144 306
3  144 65 306
3  210 307 90
3  308 309 310
3  121 140 305
3  311 304 219
3  312 313 314
3  86 315 223
3  10 9 104
3  316 317 318
3  123 118 229
3  101 42 44
3  319 228 103
3  103 9 160
3  165 43 72
3  43 42 72
3  161 229 108
3  161 107 231
3  71 42 320
3  42 101 229
3  34 33 69
3  33 4 163
3  233 216 234
3  306 65 233
3  247 89 321
3  322 89 323
3  59 104 60
3  88 324 321
3  325 326 327
3  328 329 330
3  331 332 283
3  333 334 335
3  65 232 233
3  336 337 338
3  73 107 106
3  117 20 22
3  21 139 134
3  139 50 134
3  118 117 108
3  117 22 108
3  174 18 339
3  134 50 54
3  171 56 19
3  56 17 19
3  92 75 172
3  75 17 172
3  57 171 199
3  199 171 340
3  339 18 251
3  341 342 343
3  331 259 260
3  82 252 260
3  33 107 344
3  261 92 3
3  107 261 344
3  261 3 344
3  21 70 262
3  70 135 262
3  345 346 209
3  346 177 209
3  208 345 209
3  176 10 208
3  347 348 349
3  350 351 352
3  353 183 354
3  355 341 356
3  292 357 358
3  195 194 359
3  76 53 360
3  184 361 45
3  51 1 52
3  362 363 364
3  143 201 203
3  4 119 143
3  30 216 154
3  232 64 202
3  65 144 66
3  144 64 66
3  4 64 163
3  4 33 5
3  332 331 260
3  39 365 40
3  83 259 366
3  140 83 367
3  331 368 369
3  59 58 104
3  121 305 304
3  370 371 372
3  79 279 373
3  374 375 376
3  79 81 279
3  279 201 373
3  103 237 61
3  332 365 377
3  365 39 23
3  145 23 200
3  26 112 378
3  27 26 378
3  379 380 381
3  382 383 384
3  385 217 386
3  109 337 387
3  385 337 336
3  30 29 110
3  388 96 95
3  345 208 125
3  236 151 389
3  390 225 391
3  127 392 128
3  152 43 238
3  393 394 395
3  166 116 14
3  396 120 122
3  85 397 398
3  399 397 400
3  304 371 401
3  168 402 169
3  305 140 285
3  83 366 148
3  287 367 403
3  404 281 405
3  149 406 407
3  58 408 104
3  408 10 104
3  228 151 103
3  103 151 236
3  12 135 49
3  135 70 49
3  152 151 44
3  151 228 44
3  231 164 230
3  161 231 229
3  64 144 163
3  144 162 163
3  68 164 69
3  164 32 69
3  409 410 411
3  6 412 413
3  414 324 415
3  210 416 307
3  248 328 417
3  418 330 240
3  419 420 421
3  381 422 423
3  133 74 170
3  74 106 170
3  424 355 425
3  426 355 427
3  251 129 181
3  171 19 174
3  17 56 173
3  173 56 428
3  56 55 175
3  55 172 175
3  253 252 254
3  252 93 254
3  200 39 429
3  55 57 199
3  130 430 195
3  430 193 195
3  171 339 340
3  171 174 339
3  431 252 432
3  252 55 432
3  119 3 143
3  3 142 143
3  33 344 5
3  344 3 5
3  433 124 434
3  13 41 209
3  41 176 209
3  177 13 209
3  208 10 125
3  96 435 436
3  177 346 178
3  178 346 345
3  178 186 437
3  184 183 438
3  439 1 440
3  418 441 442
3  443 355 444
3  270 341 445
3  199 268 359
3  268 195 359
3  446 447 448
3  449 450 451
3  452 453 454
3  8 455 456
3  446 457 458
3  7 459 457
3  449 460 461
3  324 462 415
3  129 74 463
3  77 180 78
3  74 134 463
3  134 54 463
3  52 0 464
3  53 52 464
3  64 4 203
3  4 143 203
3  431 432 260
3  432 465 260
3  260 465 40
3  465 55 40
3  366 259 148
3  148 259 466
3  281 404 282
3  467 223 468
3  469 149 470
3  259 331 469
3  471 310 472
3  473 474 475
3  252 82 289
3  476 477 478
3  216 232 154
3  202 201 279
3  290 201 479
3  201 143 479
3  83 140 84
3  196 290 479
3  200 28 378
3  28 27 378
3  30 337 385
3  480 481 294
3  337 30 387
3  30 109 387
3  29 337 110
3  337 109 110
3  30 80 91
3  480 294 400
3  482 483 484
3  382 336 338
3  116 306 14
3  14 485 486
3  487 216 298
3  233 388 488
3  489 490 491
3  233 234 436
3  492 493 494
3  495 496 497
3  43 165 238
3  498 499 500
3  68 306 116
3  306 233 14
3  337 29 501
3  396 476 502
3  477 91 478
3  80 79 396
3  304 311 371
3  371 370 503
3  504 473 286
3  397 85 505
3  506 308 507
3  313 467 468
3  384 508 509
3  87 480 400
3  504 140 473
3  287 473 510
3  367 83 511
3  512 513 514
3  204 515 516
3  367 511 517
3  104 103 60
3  62 237 518
3  44 228 102
3  228 48 102
3  228 319 160
3  319 103 160
3  48 49 519
3  49 70 519
3  231 230 320
3  230 71 320
3  33 162 69
3  162 67 69
3  89 88 321
3  7 6 520
3  418 489 521
3  408 58 522
3  328 248 329
3  248 247 329
3  25 24 523
3  377 405 524
3  146 525 300
3  145 299 526
3  520 413 321
3  412 329 321
3  322 323 246
3  416 206 527
3  528 529 530
3  482 421 531
3  393 532 533
3  422 322 246
3  339 534 535
3  271 268 536
3  56 172 428
3  172 173 428
3  92 172 254
3  172 253 254
3  339 268 340
3  268 199 340
3  26 199 359
3  537 347 538
3  199 28 429
3  28 200 429
3  55 199 539
3  39 38 539
3  17 129 251
3  339 251 181
3  540 180 541
3  341 542 543
3  55 465 432
3  252 431 260
3  263 345 125
3  186 178 345
3  188 0 2
3  1 13 179
3  489 136 138
3  544 245 244
3  186 545 437
3  489 546 136
3  130 269 547
3  269 355 547
3  194 26 359
3  268 130 195
3  534 341 535
3  341 536 548
3  549 190 438
3  130 353 354
3  268 271 550
3  341 550 551
3  552 553 554
3  555 363 461
3  556 449 461
3  557 363 453
3  7 324 459
3  324 414 459
3  462 324 558
3  35 277 36
3  112 26 213
3  255 292 559
3  414 415 450
3  415 462 553
3  363 556 461
3  460 449 451
3  54 53 463
3  76 463 560
3  13 177 179
3  1 179 440
3  0 561 464
3  561 341 464
3  259 149 562
3  259 562 466
3  204 563 515
3  406 369 282
3  406 563 564
3  469 331 369
3  149 259 470
3  259 469 470
3  86 85 565
3  304 284 286
3  141 289 84
3  201 290 373
3  232 202 154
3  202 81 154
3  94 252 197
3  252 196 197
3  196 252 290
3  289 141 290
3  94 196 479
3  143 94 479
3  140 121 141
3  290 141 566
3  112 145 378
3  145 200 378
3  217 30 386
3  30 385 386
3  501 29 384
3  29 31 91
3  217 336 567
3  217 385 336
3  568 508 302
3  508 29 569
3  570 571 572
3  296 168 167
3  573 318 574
3  486 485 575
3  166 14 486
3  576 336 577
3  235 487 298
3  235 576 578
3  96 436 579
3  388 233 580
3  579 436 578
3  152 325 327
3  303 399 400
3  86 223 87
3  121 370 372
3  396 79 120
3  371 85 398
3  371 311 85
3  581 222 224
3  480 223 222
3  582 512 583
3  469 369 406
3  584 308 506
3  294 296 167
3  400 397 505
3  294 303 400
3  219 218 565
3  403 512 514
3  473 140 510
3  140 287 510
3  140 367 288
3  367 287 288
3  148 511 585
3  511 83 585
3  287 403 514
3  473 514 586
3  406 282 587
3  312 563 333
3  70 123 519
3  123 48 519
3  42 229 320
3  229 231 320
3  329 412 330
3  241 240 243
3  265 2 266
3  189 588 589
3  328 590 591
3  592 593 594
3  590 328 330
3  595 489 491
3  324 7 321
3  520 6 413
3  237 62 61
3  522 58 60
3  593 592 596
3  597 598 496
3  593 599 600
3  418 590 330
3  299 300 526
3  146 145 525
3  307 416 90
3  329 247 321
3  324 88 90
3  416 324 90
3  413 412 321
3  7 520 321
3  416 527 276
3  113 212 214
3  601 381 484
3  507 602 603
3  168 295 402
3  604 581 605
3  496 606 126
3  95 607 608
3  199 429 539
3  429 39 539
3  38 40 539
3  40 55 539
3  339 181 180
3  76 540 541
3  53 464 360
3  464 341 360
3  339 609 610
3  609 341 610
3  10 408 433
3  408 124 433
3  597 390 391
3  124 408 226
3  189 265 267
3  588 611 442
3  189 2 265
3  1 439 2
3  268 424 425
3  268 443 444
3  341 183 132
3  131 341 132
3  536 268 548
3  271 536 272
3  342 268 343
3  268 339 535
3  550 271 551
3  341 612 445
3  341 426 613
3  426 268 613
3  614 615 616
3  617 453 618
3  363 619 620
3  363 555 621
3  414 449 622
3  363 557 556
3  553 36 554
3  449 414 450
3  292 623 293
3  462 558 624
3  111 113 275
3  112 213 113
3  193 430 278
3  430 555 278
3  36 553 625
3  36 462 37
3  129 463 273
3  463 76 273
3  463 53 560
3  53 76 560
3  183 341 438
3  188 190 549
3  341 561 438
3  621 626 185
3  190 184 438
3  561 549 438
3  202 64 215
3  64 203 215
3  365 332 40
3  332 260 40
3  562 149 466
3  149 148 466
3  149 469 406
3  563 627 564
3  370 121 503
3  121 371 503
3  371 121 401
3  121 304 401
3  586 513 628
3  285 140 286
3  305 285 284
3  140 504 286
3  141 121 566
3  121 79 566
3  79 373 566
3  373 290 566
3  290 252 291
3  289 291 629
3  382 630 169
3  569 91 477
3  29 91 569
3  383 501 384
3  337 383 338
3  383 382 338
3  98 100 631
3  570 100 571
3  382 384 630
3  383 337 501
3  384 509 169
3  509 167 169
3  602 310 471
3  294 632 603
3  308 310 602
3  295 633 402
3  95 634 635
3  636 14 637
3  576 235 298
3  216 487 235
3  297 216 567
3  217 638 639
3  640 435 641
3  233 435 640
3  62 151 642
3  126 493 643
3  62 644 63
3  391 225 227
3  645 646 647
3  62 642 648
3  396 374 649
3  402 650 169
3  375 397 376
3  223 480 87
3  302 374 376
3  121 372 122
3  371 398 651
3  398 397 375
3  581 481 222
3  481 480 222
3  581 224 467
3  506 604 605
3  582 313 468
3  224 223 467
3  155 157 517
3  156 204 157
3  83 221 585
3  221 148 585
3  515 583 652
3  473 287 514
3  512 582 513
3  223 315 468
3  313 563 314
3  563 312 314
3  312 333 335
3  205 379 653
3  365 23 377
3  23 25 523
3  158 146 159
3  146 158 147
3  654 655 656
3  6 8 240
3  657 537 656
3  537 658 656
3  418 240 441
3  659 441 660
3  661 662 663
3  664 611 665
3  666 544 244
3  590 595 667
3  114 63 668
3  225 390 669
3  299 112 300
3  276 527 301
3  300 525 526
3  525 145 526
3  89 248 670
3  392 671 672
3  89 322 90
3  322 210 90
3  670 280 246
3  483 601 484
3  666 673 674
3  98 666 675
3  571 99 572
3  298 297 567
3  676 677 246
3  205 678 679
3  98 676 246
3  419 680 681
3  532 393 682
3  496 126 497
3  683 16 635
3  14 684 685
3  686 687 688
3  689 394 690
3  339 180 542
3  180 77 543
3  341 534 610
3  534 339 610
3  138 226 691
3  490 489 138
3  124 10 434
3  10 433 434
3  590 418 595
3  597 391 227
3  589 588 692
3  136 546 693
3  440 545 266
3  189 188 2
3  439 440 266
3  2 439 266
3  268 426 427
3  426 341 355
3  355 443 425
3  443 268 425
3  130 694 695
3  694 341 695
3  536 341 272
3  341 270 272
3  268 342 548
3  342 341 548
3  268 535 343
3  535 341 343
3  612 271 445
3  271 270 445
3  271 612 551
3  612 341 551
3  268 550 613
3  550 341 613
3  447 696 448
3  350 697 453
3  557 698 699
3  453 700 698
3  654 614 701
3  350 702 703
3  557 459 556
3  556 704 705
3  555 626 621
3  430 249 250
3  704 556 706
3  449 556 705
3  460 278 461
3  278 555 461
3  35 624 357
3  558 292 358
3  623 292 707
3  292 558 707
3  623 707 293
3  527 708 301
3  193 277 255
3  277 35 255
3  707 558 293
3  558 324 293
3  561 0 549
3  0 188 549
3  657 185 45
3  185 184 45
3  183 185 191
3  430 709 710
3  130 711 712
3  711 183 712
3  545 179 437
3  179 178 437
3  179 545 440
3  546 713 714
3  332 377 715
3  24 716 405
3  513 717 565
3  311 219 718
3  315 719 717
3  315 86 719
3  291 252 629
3  252 289 629
3  476 80 502
3  80 396 502
3  476 649 302
3  649 374 302
3  29 508 384
3  568 302 167
3  508 569 477
3  302 508 477
3  482 531 472
3  211 210 381
3  720 633 420
3  508 568 509
3  294 481 632
3  481 581 632
3  531 420 472
3  528 379 601
3  633 295 602
3  650 382 169
3  684 95 685
3  14 233 488
3  636 637 16
3  14 721 637
3  436 235 578
3  570 579 578
3  336 576 567
3  576 298 567
3  216 638 567
3  638 217 567
3  638 216 639
3  216 217 639
3  234 235 436
3  435 233 722
3  723 724 594
3  96 579 97
3  435 96 641
3  96 388 641
3  239 165 687
3  725 238 239
3  237 389 518
3  237 236 389
3  103 61 726
3  727 522 728
3  151 153 642
3  729 327 730
3  644 62 731
3  646 686 647
3  397 399 376
3  476 396 649
3  374 122 375
3  374 396 122
3  85 87 505
3  87 400 505
3  122 372 375
3  398 375 651
3  581 604 507
3  581 467 605
3  312 584 605
3  584 506 605
3  514 513 586
3  220 474 628
3  563 313 515
3  313 582 583
3  155 511 156
3  511 148 156
3  157 512 517
3  511 155 517
3  204 150 732
3  150 627 732
3  333 733 530
3  282 404 587
3  158 23 147
3  23 145 147
3  146 24 159
3  24 23 159
3  700 453 734
3  654 617 618
3  330 412 240
3  412 6 240
3  241 538 735
3  537 657 347
3  654 658 736
3  658 243 737
3  351 362 738
3  658 654 656
3  184 190 361
3  190 189 361
3  659 589 739
3  589 740 739
3  713 741 742
3  611 266 743
3  522 597 227
3  125 124 226
3  417 591 280
3  666 244 594
3  648 744 731
3  645 499 745
3  493 126 746
3  317 316 747
3  495 669 496
3  669 390 496
3  597 522 727
3  598 727 748
3  708 205 301
3  275 276 301
3  300 112 749
3  300 749 750
3  89 670 323
3  591 244 280
3  590 667 724
3  323 670 246
3  672 671 751
3  379 205 380
3  245 98 246
3  596 592 752
3  666 99 675
3  99 98 675
3  577 419 681
3  336 720 577
3  146 300 301
3  416 210 206
3  529 334 530
3  404 733 587
3  716 678 405
3  24 146 716
3  684 388 95
3  636 532 753
3  754 166 755
3  532 682 753
3  233 640 641
3  98 680 676
3  674 594 756
3  393 634 757
3  725 239 687
3  238 725 686
3  758 494 759
3  760 761 762
3  671 761 763
3  764 747 765
3  181 129 182
3  129 76 182
3  76 360 77
3  542 180 543
3  355 269 444
3  269 268 444
3  355 424 427
3  424 268 427
3  341 694 356
3  694 130 356
3  130 695 766
3  695 341 766
3  767 696 768
3  698 700 769
3  769 770 699
3  654 452 454
3  621 656 771
3  351 350 362
3  615 614 772
3  701 614 616
3  363 362 453
3  362 350 453
3  351 701 352
3  702 701 703
3  704 459 705
3  459 414 705
3  556 459 706
3  459 704 706
3  462 624 773
3  624 35 773
3  292 255 357
3  255 35 357
3  292 213 559
3  255 559 274
3  275 113 214
3  113 213 212
3  278 450 554
3  553 552 774
3  450 278 451
3  278 460 451
3  555 430 775
3  430 191 192
3  441 240 242
3  657 45 348
3  130 776 777
3  776 183 777
3  183 711 778
3  711 130 778
3  183 353 779
3  353 130 779
3  24 377 523
3  377 23 523
3  369 368 282
3  332 281 283
3  219 85 718
3  85 311 718
3  474 586 628
3  219 304 220
3  295 168 296
3  303 294 167
3  14 488 780
3  488 388 684
3  637 721 16
3  721 14 16
3  532 16 533
3  532 636 16
3  435 722 436
3  722 233 436
3  165 166 687
3  764 687 781
3  389 151 518
3  151 62 518
3  103 782 728
3  782 727 728
3  492 758 729
3  783 784 327
3  238 785 326
3  238 686 646
3  375 372 651
3  372 371 651
3  399 303 376
3  303 302 376
3  604 506 507
3  308 602 507
3  632 507 603
3  632 581 507
3  315 513 468
3  513 582 468
3  467 313 605
3  313 312 605
3  85 219 565
3  513 315 717
3  304 286 220
3  474 220 475
3  313 583 515
3  583 512 652
3  512 403 517
3  403 367 517
3  512 157 652
3  157 204 652
3  218 220 628
3  474 473 586
3  733 333 587
3  334 333 530
3  406 150 407
3  150 149 407
3  528 309 529
3  309 308 529
3  308 584 529
3  584 312 529
3  786 452 787
3  788 767 789
3  537 243 658
3  8 456 790
3  241 243 538
3  537 538 791
3  792 789 768
3  793 794 795
3  621 185 656
3  185 657 656
3  656 655 364
3  364 655 796
3  47 46 797
3  441 242 798
3  345 137 799
3  125 226 137
3  546 489 713
3  489 418 713
3  241 347 47
3  47 347 349
3  611 664 442
3  588 189 611
3  659 361 589
3  361 189 589
3  266 611 267
3  611 189 267
3  593 600 800
3  244 723 594
3  747 316 801
3  598 597 727
3  642 153 648
3  153 152 648
3  606 598 758
3  63 644 758
3  668 63 748
3  492 498 500
3  225 669 802
3  669 495 802
3  598 606 496
3  390 597 496
3  61 727 726
3  61 114 727
3  749 112 750
3  112 111 275
3  544 666 245
3  666 98 245
3  570 681 631
3  380 211 381
3  379 733 653
3  733 205 653
3  733 379 530
3  379 528 530
3  205 733 678
3  377 24 405
3  803 486 804
3  682 393 753
3  754 803 317
3  575 574 804
3  753 393 574
3  14 636 805
3  806 600 807
3  99 666 808
3  388 580 641
3  580 233 641
3  809 810 672
3  671 392 811
3  573 316 318
3  393 573 574
3  76 812 813
3  812 180 813
3  341 609 542
3  609 339 542
3  180 540 78
3  540 76 78
3  355 356 547
3  356 130 547
3  341 131 766
3  131 130 766
3  455 8 457
3  8 7 457
3  557 453 698
3  786 814 734
3  815 614 258
3  614 654 816
3  817 818 819
3  819 614 820
3  351 655 701
3  655 654 701
3  701 702 821
3  702 350 821
3  449 705 622
3  705 414 622
3  462 773 37
3  773 35 37
3  357 624 358
3  624 558 358
3  559 213 274
3  213 194 274
3  450 552 554
3  415 553 774
3  36 277 554
3  277 278 554
3  430 822 823
3  822 183 823
3  185 626 775
3  626 555 775
3  45 361 46
3  361 659 46
3  46 798 797
3  347 657 348
3  130 824 825
3  824 183 825
3  709 183 710
3  430 130 709
3  183 778 132
3  778 130 132
3  183 779 712
3  779 130 712
3  332 715 524
3  715 377 524
3  80 476 478
3  302 477 826
3  402 633 650
3  633 720 650
3  100 570 631
3  419 720 420
3  680 421 676
3  601 379 381
3  310 309 483
3  309 528 483
3  484 381 423
3  483 528 601
3  720 419 577
3  570 577 681
3  630 384 169
3  509 568 167
3  602 295 603
3  294 603 827
3  420 633 471
3  633 602 471
3  488 684 780
3  684 14 780
3  634 533 683
3  634 393 533
3  576 577 578
3  577 570 578
3  725 687 686
3  764 317 747
3  645 784 783
3  645 326 646
3  687 166 781
3  166 754 828
3  727 782 726
3  782 103 726
3  522 60 728
3  60 103 728
3  325 152 829
3  152 238 829
3  325 829 326
3  829 238 326
3  717 719 565
3  719 86 565
3  515 652 516
3  652 204 516
3  282 368 283
3  368 331 283
3  627 150 564
3  150 406 564
3  627 563 732
3  563 204 732
3  563 587 830
3  563 406 587
3  334 529 335
3  529 312 335
3  767 788 409
3  831 448 832
3  456 455 833
3  788 456 834
3  453 697 257
3  697 815 258
3  453 257 618
3  256 816 835
3  538 347 735
3  347 241 735
3  538 243 791
3  537 791 836
3  654 736 795
3  737 793 837
3  243 793 737
3  243 8 793
3  786 787 447
3  8 789 792
3  787 452 838
3  452 654 839
3  655 840 796
3  362 840 841
3  619 656 620
3  656 619 771
3  137 136 799
3  125 137 264
3  186 693 842
3  693 546 842
3  136 186 843
3  186 345 843
3  545 713 844
3  713 418 741
3  713 545 714
3  545 546 714
3  692 588 442
3  441 692 442
3  226 408 227
3  408 522 227
3  226 225 691
3  491 661 663
3  489 595 521
3  595 418 521
3  593 596 663
3  662 661 691
3  595 491 845
3  845 491 663
3  724 592 594
3  593 225 599
3  758 644 729
3  152 744 846
3  744 729 731
3  729 644 731
3  225 802 599
3  802 495 847
3  727 668 748
3  727 114 668
3  213 293 214
3  276 214 848
3  112 275 750
3  275 300 750
3  422 246 423
3  417 328 591
3  595 752 724
3  667 595 724
3  670 248 280
3  248 417 280
3  211 380 207
3  380 205 207
3  527 206 708
3  206 205 708
3  324 276 848
3  324 416 276
3  678 733 405
3  733 404 405
3  678 716 679
3  679 716 849
3  486 575 804
3  485 14 575
3  166 803 755
3  803 754 755
3  574 850 804
3  803 166 486
3  754 317 781
3  317 764 781
3  97 851 852
3  95 853 607
3  533 16 683
3  634 683 635
3  16 15 635
3  15 14 685
3  634 394 757
3  394 393 757
3  689 690 810
3  316 395 671
3  316 573 395
3  573 393 395
3  317 850 318
3  753 574 854
3  636 753 575
3  318 850 574
3  492 729 855
3  499 498 745
3  180 812 856
3  812 76 856
3  76 813 857
3  813 180 857
3  77 360 543
3  360 341 543
3  858 457 770
3  457 459 770
3  457 858 458
3  858 770 814
3  770 700 814
3  814 700 734
3  453 452 734
3  452 786 734
3  697 818 859
3  257 697 258
3  614 815 859
3  697 615 772
3  615 697 616
3  697 350 616
3  701 821 352
3  821 350 352
3  553 462 625
3  462 36 625
3  552 450 774
3  450 415 774
3  183 822 860
3  822 430 860
3  183 191 823
3  191 430 823
3  185 775 192
3  775 430 192
3  242 241 47
3  46 659 798
3  183 824 354
3  824 130 354
3  183 776 825
3  776 130 825
3  183 709 777
3  709 130 777
3  183 249 710
3  249 430 710
3  405 281 524
3  281 332 524
3  91 198 478
3  198 80 478
3  477 476 826
3  476 302 826
3  100 99 571
3  99 808 861
3  862 594 806
3  579 570 572
3  720 336 650
3  336 382 650
3  419 421 680
3  677 676 863
3  421 420 531
3  420 471 472
3  863 482 484
3  863 484 423
3  483 472 864
3  483 482 472
3  603 295 865
3  603 865 827
3  760 493 866
3  687 764 867
3  688 687 867
3  686 688 867
3  326 785 646
3  785 238 646
3  326 783 327
3  326 645 783
3  513 565 628
3  565 218 628
3  220 286 475
3  286 473 475
3  587 333 830
3  333 563 830
3  868 869 411
3  870 455 871
3  696 787 768
3  870 446 448
3  654 872 873
3  872 453 873
3  816 618 835
3  816 654 618
3  791 243 836
3  243 537 836
3  736 737 837
3  736 658 737
3  794 793 874
3  793 8 874
3  794 839 795
3  839 654 795
3  875 876 877
3  8 790 789
3  767 878 696
3  879 878 880
3  840 655 841
3  362 841 738
3  840 362 796
3  362 364 796
3  619 363 771
3  363 621 771
3  656 364 881
3  364 363 881
3  137 345 264
3  345 263 264
3  137 226 138
3  490 138 882
3  136 693 187
3  693 186 187
3  546 545 883
3  546 883 842
3  136 843 884
3  843 345 884
3  266 741 743
3  741 418 743
3  741 266 885
3  266 545 742
3  664 743 442
3  743 418 442
3  589 692 740
3  692 441 740
3  662 691 663
3  691 225 663
3  225 593 663
3  596 845 663
3  752 592 724
3  723 244 724
3  596 752 845
3  752 595 845
3  886 887 672
3  808 851 888
3  63 758 748
3  758 598 748
3  62 648 731
3  744 152 327
3  744 327 729
3  327 784 730
3  744 648 846
3  648 152 846
3  599 802 600
3  802 847 600
3  244 591 724
3  591 590 724
3  205 679 849
3  716 146 301
3  214 293 848
3  293 324 848
3  14 805 889
3  805 636 889
3  850 317 890
3  317 803 890
3  765 747 801
3  763 761 891
3  166 828 781
3  828 754 781
3  394 634 690
3  634 95 690
3  15 685 635
3  685 95 635
3  128 392 672
3  851 810 852
3  395 394 892
3  394 689 892
3  498 784 745
3  745 784 893
3  494 493 759
3  758 492 494
3  499 493 500
3  493 492 500
3  180 856 541
3  856 76 541
3  180 182 857
3  182 76 857
3  858 814 458
3  814 786 458
3  700 770 769
3  698 769 699
3  614 816 258
3  816 256 258
3  697 772 819
3  818 697 819
3  818 817 859
3  815 697 859
3  772 614 819
3  817 819 820
3  701 616 894
3  616 350 894
3  183 860 250
3  860 430 250
3  441 798 660
3  798 659 660
3  681 680 631
3  680 98 631
3  246 677 423
3  381 210 422
3  676 421 863
3  421 482 863
3  472 310 864
3  310 483 864
3  210 322 422
3  677 863 423
3  865 295 827
3  295 294 827
3  671 895 751
3  671 395 895
3  493 499 866
3  499 760 866
3  760 499 867
3  645 647 896
3  877 833 897
3  877 410 834
3  787 696 447
3  410 876 868
3  452 839 838
3  839 794 838
3  453 872 454
3  872 654 454
3  453 617 873
3  617 654 873
3  618 257 835
3  257 256 835
3  793 795 837
3  795 736 837
3  456 788 790
3  790 788 789
3  833 455 897
3  876 875 868
3  789 767 768
3  838 794 792
3  841 655 738
3  655 351 738
3  656 881 620
3  881 363 620
3  661 491 691
3  138 691 882
3  883 545 842
3  545 186 842
3  136 884 799
3  884 345 799
3  611 743 898
3  743 664 665
3  713 742 844
3  742 545 844
3  266 742 885
3  742 741 885
3  348 45 349
3  45 47 349
3  47 797 899
3  797 798 899
3  740 441 739
3  441 659 739
3  784 498 730
3  729 730 855
3  673 666 594
3  888 851 97
3  862 806 807
3  673 594 674
3  716 301 849
3  301 205 849
3  99 888 900
3  888 579 900
3  579 888 97
3  607 852 608
3  809 892 810
3  892 689 810
3  643 493 811
3  901 902 903
3  886 810 903
3  392 643 811
3  14 889 575
3  889 636 575
3  495 497 128
3  497 126 128
3  126 606 746
3  606 758 746
3  784 645 893
3  645 745 893
3  770 459 699
3  459 557 699
3  614 859 820
3  859 817 820
3  701 894 703
3  894 350 703
3  761 671 762
3  671 811 762
3  395 892 895
3  892 809 895
3  686 867 647
3  647 867 896
3  765 801 891
3  867 764 765
3  867 499 904
3  499 645 904
3  696 878 905
3  878 879 905
3  876 410 877
3  410 409 834
3  455 870 897
3  455 457 871
3  446 458 447
3  458 786 447
3  409 788 834
3  410 868 411
3  456 833 834
3  833 877 834
3  794 874 792
3  874 8 792
3  691 491 882
3  491 490 882
3  743 665 898
3  665 611 898
3  798 242 899
3  242 47 899
3  730 498 855
3  498 492 855
3  901 847 902
3  808 666 674
3  808 888 861
3  888 99 861
3  810 690 852
3  853 95 97
3  579 572 900
3  572 99 900
3  607 853 852
3  853 97 852
3  862 901 903
3  594 862 756
3  862 903 906
3  847 887 902
3  574 575 854
3  575 753 854
3  850 890 804
3  890 803 804
3  810 886 672
3  847 495 128
3  493 746 759
3  746 758 759
3  392 127 643
3  127 126 643
3  887 847 672
3  847 128 672
3  316 763 891
3  316 671 763
3  867 765 891
3  761 760 891
3  801 316 891
3  760 867 891
3  867 904 896
3  904 645 896
3  868 875 907
3  869 879 411
3  907 875 908
3  875 877 897
3  457 446 871
3  446 870 871
3  831 907 908
3  448 831 908
3  878 767 880
3  767 409 880
3  787 838 768
3  838 792 768
3  600 594 800
3  594 593 800
3  852 690 608
3  690 95 608
3  851 808 756
3  808 674 756
3  594 600 806
3  600 847 807
3  895 809 751
3  809 672 751
3  448 696 832
3  869 868 907
3  909 832 905
3  870 448 908
3  869 907 909
3  907 831 909
3  879 880 411
3  880 409 411
3  847 901 807
3  901 862 807
3  887 886 902
3  902 886 903
3  903 810 910
3  903 910 906
3  811 493 762
3  493 760 762
3  875 897 908
3  897 870 908
3  832 696 905
3  909 831 832
3  810 851 910
3  851 756 910
3  879 869 905
3  869 909 905
3  910 756 906
3  756 862 906
