OFF
598 1192 0
-142.161 136.802 168.935
-204.535 56.6238 186.211
-188.852 89.0061 190.48
130.179 -275.786 302.666
-11.6036 -342.932 405.837
-40.3167 -264.923 263.843
-173.187 196.02 263.811
-9.07191 280.119 435.896
294.876 -23.2955 435.896
177.733 194.82 435.896
-92.7325 278.961 337.001
-181.195 240.353 388.6
-70.4138 284.275 427.294
95.0705 -267.379 435.896
-244.6 132.325 435.896
-218.642 -174.524 435.896
-313.621 -8.63712 362.834
-307.358 67.1614 418.705
-298.547 43.3415 354.213
-9.93771 -0.612582 0.0373584
-9.95187 -0.306434 0.0374117
-9.9566 -8.70433e-07 0.0374294
-205.327 -268.441 358.599
-179.484 -275.413 388.641
-5.49965 8.29497 0.0206747
-63.957 131.285 112.755
-5.24144 8.4603 0.019704
-268.55 169.053 427.3
-312.066 -15.3708 431.598
169.402 -255.524 427.298
191.29 -237.285 418.699
-114.942 220.753 435.896
-15.8699 270.752 435.896
-108.357 255.586 435.896
119.459 61.9454 104.083
136.913 -3.85728 99.8141
9.3906 3.30719 -0.0353017
-263.47 64.8589 298.239
-285.232 -28.9527 289.704
-144.3 -210.786 250.892
-92.617 -171.438 173.211
-221.529 -17.6554 190.572
-129.935 7.43962 95.4662
227.017 229.578 298.456
259.833 166.446 431.597
288.737 139.093 324.198
4.88251 4.73311 -0.0183589
4.38245 -4.80612 -0.0164793
4.73435 4.88114 -0.017802
-271.766 129.374 349.913
-208.033 212.309 362.8
277.415 -140.828 418.702
301.286 -16.7511 431.596
-100.949 -286.472 431.596
301.197 75.0218 423.001
-9.91412 -0.918146 0.0372697
-141.485 -15.4674 104.142
250.984 -110.209 435.896
-48.8506 -120.309 95.4636
-94.3398 -79.232 95.4056
-6.70769 -7.35371 0.025216
38.0016 -208.518 177.622
63.5504 -134.725 112.772
145.29 -175.553 199.19
-152.651 -184.501 229.317
-232.47 -147.684 259.594
-6.00016 -7.94088 0.0225563
-5.75263 -8.12178 0.0216257
-180.236 84.4444 177.531
-93.4132 83.6542 99.7156
-246.017 111.67 293.942
-86.2352 201.855 177.674
73.1563 277.937 289.708
-89.4761 218.993 203.54
-41.7441 287.426 328.393
-125.18 250.249 431.594
223.415 210.439 397.207
9.78707 -1.82845 -0.0367921
9.72608 -2.1288 -0.0365629
121.192 205.388 190.677
212.282 128.663 225.08
225.346 -125.775 242.32
304.233 -83.6428 328.473
279.303 -152.439 345.661
178.054 -223.89 289.704
-8.77187 -4.70765 0.0329758
-8.91277 -4.43545 0.0335054
-9.5765 2.72317 0.0360005
-9.48805 3.01661 0.0356681
310.574 -22.6615 349.939
299.979 -54.0171 315.552
224.213 126.472 435.896
68.0021 288.143 319.817
270.293 149.904 302.69
31.1144 294.667 422.996
26.9316 296.017 401.494
-77.4506 -287.026 435.896
-165.295 -229.355 435.896
-269.233 -188.186 371.46
146.426 277.327 427.299
143.918 -65.8919 125.724
3.91976 5.91376 -0.0147397
3.7357 6.03159 -0.0140477
3.94334 6.36661 -0.014828
160.222 13.0288 130.035
277.931 22.2307 293.975
219.867 -39.376 212.044
8.91277 -4.43545 -0.0335054
8.77187 -4.70765 -0.0329757
8.62265 -4.97539 -0.0324148
1.33268 -122.078 91.109
-1.22354 -9.87532 0.00459963
-0.612927 -9.93187 0.00230417
0.306618 -9.94602 -0.00115272
1.18661e-07 -9.95074 -4.46402e-10
-9.95187 0.306434 0.0374117
-268.663 -114.863 418.693
-120.706 244.903 268.167
-258.812 17.862 435.896
-305.093 -50.0541 414.402
197.662 -166.055 435.896
7.56108 -6.47414 -0.0284241
7.14794 6.92707 -0.026871
66.6144 106.379 95.4284
7.35799 6.70379 -0.0276607
66.6745 -225.528 212.122
9.16907 -3.87868 -0.0344689
7.86682 -5.93735 -0.0295737
7.75696 -6.23838 -0.0291605
7.78813 -5.87801 -0.0292781
39.0091 129.59 95.5082
-8.77187 4.70765 0.0329758
-9.5765 -2.72316 0.0360005
3.11289 -5.02644 -0.0117068
-9.83876 1.52637 0.0369864
2.9053 4.69139 -0.0109264
-220.477 -244.206 384.348
-161.129 -249.244 427.295
-107.309 115.334 130.005
6.47792 7.55665 -0.0243523
-8.62265 -4.97539 0.0324148
228.343 -199.042 367.109
-7.75697 -6.23838 0.0291605
-7.56107 -6.47415 0.0284241
6.21306 -5.32091 -0.0233595
5.68181 -5.17784 -0.021363
6.22043 -5.00368 -0.0233873
9.04521 -4.15902 -0.0340033
-8.29983 -5.49646 0.0312013
-8.46525 -5.23841 0.0318231
3.03115 -6.08573 -0.011399
3.03064 -5.64239 -0.0113973
3.32048 -5.3615 -0.0124871
3.25091 6.52667 -0.0122248
3.16301 6.3503 -0.0118945
3.21316 6.9816 -0.0120825
5.51955 -5.35027 -0.0207531
5.37799 -5.21313 -0.0202211
-7.14794 -6.92707 0.026871
-7.75697 6.23837 0.0291605
-7.56107 6.47415 0.0284241
-9.16908 -3.87867 0.034469
-9.04521 -4.15903 0.0340033
-41.7343 282.896 431.594
2.83066 4.27124 -0.0106458
9.93771 -0.612587 -0.0373584
9.91412 -0.918141 -0.0372697
3.35959 4.74501 -0.0126343
3.26626 4.92827 -0.0122834
8.46526 -5.2384 -0.0318231
8.29983 -5.49646 -0.0312013
7.56107 6.47415 -0.0284241
-1.82951 -9.78131 0.0068777
-1.52724 -9.83298 0.00574129
-7.35799 -6.70379 0.0276607
3.5481 -6.14368 -0.0133424
3.52808 -5.69655 -0.0132674
3.18873 -4.50377 -0.011992
91.2959 266.079 435.896
8.91277 4.43545 -0.0335055
9.04521 4.15903 -0.0340033
9.28424 3.59464 -0.0349019
3.01786 4.26252 -0.0113496
2.13003 -9.72037 -0.0080074
5.11311 -5.60691 -0.0192254
5.3124 -5.82528 -0.0199743
5.13038 -5.98602 -0.0192901
8.12652 -5.7493 -0.0305497
7.94552 -5.99668 -0.0298693
9.48805 -3.01662 -0.035668
9.5765 -2.72315 -0.0360006
-6.9311 -7.14377 0.0260559
-8.12653 -5.74929 0.0305498
-7.94551 -5.99668 0.0298693
-4.16145 -9.0399 0.0156441
-4.43801 -8.90755 0.0166837
5.75263 -8.12178 -0.0216257
6.00016 -7.94088 -0.0225563
-9.91412 0.918144 0.0372697
-9.65587 2.42713 0.0362989
4.21405 5.95115 -0.0158459
4.51425 5.97586 -0.0169743
4.39541 5.81864 -0.0165277
-9.28424 3.59464 0.0349019
-9.3906 3.3072 0.0353017
6.70769 7.3537 -0.0252161
7.07713 6.85852 -0.0266051
9.83876 1.52637 -0.0369864
9.88113 1.22284 -0.0371457
9.78706 1.82845 -0.0367921
9.28424 -3.59465 -0.0349019
8.8245 -4.39156 -0.0331738
9.16907 3.87868 -0.0344689
9.5765 2.72316 -0.0360005
9.48805 3.01661 -0.0356681
9.72608 2.1288 -0.0365629
9.65587 2.42713 -0.0362989
9.91412 0.918143 -0.0372697
9.95187 0.306435 -0.0374117
9.93771 0.61258 -0.0373584
8.04603 -5.69242 -0.0302474
6.47793 -7.55665 -0.0243523
6.24199 -7.75245 -0.0234653
4.48501 -7.76459 -0.0168624
3.99827 -8.02578 -0.0150325
4.05699 -7.55179 -0.0152539
-9.28424 -3.59464 0.0349019
-9.48805 -3.01661 0.0356681
3.07481 4.34294 -0.0115637
-9.04521 4.15903 0.0340033
4.39404 -8.81937 -0.0165187
4.97827 -8.61761 -0.0187147
4.16145 -9.0399 -0.0156441
7.41127 -6.34604 -0.0278614
7.35799 -6.7038 -0.0276607
-3.88091 -9.1637 0.0145894
5.24146 -8.46029 -0.0197041
5.58165 -7.88062 -0.0209837
5.44516 -8.21287 -0.0204701
-9.88113 1.22283 0.0371457
-9.78706 1.82845 0.0367921
-9.16907 3.87867 0.034469
-8.91277 4.43545 0.0335054
4.24365 7.89894 -0.015955
4.1891 7.25275 -0.0157509
4.01032 7.46501 -0.0150786
5.49965 8.29497 -0.0206747
5.24145 8.4603 -0.0197041
3.79031 8.23451 -0.0142505
6.00017 7.94088 -0.0225563
6.242 7.75244 -0.0234654
5.57951 6.50961 -0.0209776
6.2445 6.43681 -0.0234768
5.64456 6.18924 -0.0212224
7.96554 -5.63554 -0.029945
9.65587 -2.42713 -0.0362989
5.60591 4.50969 -0.0210778
5.61403 4.80827 -0.0211083
4.44194 -6.27275 -0.0167023
4.04116 -6.99682 -0.0151951
3.94255 -6.82619 -0.0148246
6.68135 -5.37414 -0.0251194
6.67781 -4.72527 -0.0251063
2.90726 5.03453 -0.0109337
-9.3906 -3.3072 0.0353017
-9.72608 -2.12881 0.0365628
-9.65587 -2.42713 0.0362989
-9.78706 -1.82846 0.0367921
-9.93771 0.61258 0.0373584
-7.14794 6.92707 0.026871
-6.9311 7.14377 0.0260559
8.62265 4.97539 -0.0324148
8.46525 5.23841 -0.0318231
3.30161 5.7171 -0.012416
-6.47793 7.55665 0.0243523
9.9566 0 -0.0374294
9.95187 -0.306426 -0.0374117
3.74532 6.48494 -0.0140835
4.80961 5.612 -0.0180847
5.16563 5.00741 -0.019423
4.64813 5.09733 -0.0174779
3.59671 -9.2788 -0.0135211
3.3091 -9.38509 -0.0124398
5.49966 -8.29497 -0.0206747
3.50419 4.63938 -0.0131779
3.78329 4.415 -0.0142271
3.44479 -4.56075 -0.0129546
1.82951 -9.78131 -0.0068777
-4.97827 -8.61761 0.0187147
-4.71038 -8.76673 0.0177076
2.42854 -9.6502 -0.00912961
-9.72608 2.12881 0.0365629
-2.13004 9.72037 0.0080074
-4.16144 9.03991 0.015644
-3.30911 9.38509 0.0124399
-1.82951 9.78131 0.00687764
4.17415 8.37849 -0.015693
4.38365 8.15928 -0.0164808
3.65016 8.61941 -0.0137231
2.72474 9.57088 -0.0102431
2.42854 9.6502 -0.00912958
6.9311 7.14377 -0.0260559
5.75264 8.12178 -0.0216257
9.83876 -1.52637 -0.0369864
5.60591 -4.50969 -0.0210778
5.83636 -4.69494 -0.0219439
9.3906 -3.3072 -0.0353017
9.29761 -3.27448 -0.0349523
6.70769 -7.35371 -0.025216
6.9311 -7.14378 -0.0260559
4.83029 -8.3617 -0.0181591
4.82598 -7.79037 -0.0181439
5.11821 -7.72026 -0.0192423
6.81213 -5.83352 -0.0256105
7.29597 -5.86802 -0.0274287
6.62915 -6.04041 -0.0249227
3.95525 -8.59247 -0.0148699
4.26211 -8.55484 -0.0160233
4.03773 -8.77145 -0.0151796
-6.24199 -7.75245 0.0234653
3.00585 -5.20517 -0.0113043
4.04716 -6.53413 -0.0152181
3.97423 -5.99588 -0.0149444
-9.88113 -1.22283 0.0371457
-9.83876 -1.52637 0.0369865
5.63864 7.96101 -0.0211977
3.24568 -4.58418 -0.0122061
2.9572 -4.77515 -0.0111215
5.19081 6.44803 -0.0195168
4.89776 6.91594 -0.0184149
5.16796 6.84053 -0.0194305
5.0337 8.12534 -0.018924
4.87961 8.44701 -0.0183443
6.51258 5.57723 -0.024485
6.22748 6.0359 -0.0234132
6.88702 5.89758 -0.0258919
6.06329 5.19276 -0.0227967
5.75467 5.24421 -0.0216368
5.87351 5.6931 -0.0220832
6.84378 5.16595 -0.0257299
6.29725 5.06543 -0.023676
6.67781 4.72527 -0.0251063
5.98841 5.12868 -0.0225153
5.38941 -4.616 -0.0202641
5.62666 5.80045 -0.0211554
5.57813 6.11645 -0.0209728
9.88113 -1.22284 -0.0371457
5.57813 -6.11645 -0.0209728
5.44525 -5.97088 -0.0204735
3.65016 -8.61941 -0.0137231
3.79031 -8.23452 -0.0142505
2.72475 -9.57088 -0.0102431
4.73163 -8.1911 -0.0177886
4.71038 -8.76673 -0.0177076
3.88092 -9.1637 -0.0145894
3.01835 -9.48249 -0.0113468
-2.72475 -9.57088 0.0102431
3.29486 -6.61486 -0.01239
-5.24145 -8.46029 0.0197041
-5.49965 -8.29497 0.0206747
-0.918675 -9.90829 0.00345355
2.81142 5.64478 -0.0105731
-8.46525 5.23841 0.0318231
4.20291 6.78538 -0.0158033
4.3555 6.57071 -0.0163771
4.04716 6.53413 -0.0152181
6.28538 7.33231 -0.0236292
7.2851 6.63746 -0.0273869
5.38702 6.28522 -0.0202544
6.65587 4.40869 -0.0250239
5.76378 4.93644 -0.0216711
8.77187 4.70765 -0.0329758
8.53725 4.92617 -0.032094
7.97101 -5.27894 -0.0299659
8.04605 -4.97929 -0.0302481
8.55971 -4.25993 -0.0321788
6.79389 -6.58433 -0.0255412
7.44963 -5.99148 -0.028006
5.96989 -6.15399 -0.0224451
6.19189 -5.64233 -0.0232798
7.39463 -5.58134 -0.0277997
4.93024 -6.52612 -0.0185374
4.87081 -6.44751 -0.0183141
5.73193 -5.55597 -0.0215512
3.68242 -4.87524 -0.0138479
6.04614 -5.50963 -0.0227321
3.56107 9.18694 -0.0133873
3.30911 9.38509 -0.0124399
3.48408 5.25678 -0.0131022
3.53854 5.33891 -0.0133069
3.97948 5.26833 -0.0149645
4.88251 -4.73311 -0.0183589
5.13038 5.98602 -0.0192901
4.69252 6.21169 -0.0176442
5.00533 6.21782 -0.0188199
3.37517 5.09253 -0.0126928
-6.47793 -7.55665 0.0243523
4.18319 4.58771 -0.0157303
4.18319 -4.58771 -0.0157303
3.97571 4.63945 -0.0149504
6.10965 -6.69873 -0.0229697
5.97677 -6.55315 -0.0224705
6.79377 -7.00239 -0.0255401
7.07713 -6.85852 -0.0266051
6.18016 -7.67572 -0.0232332
5.99463 -7.44555 -0.0225364
6.30898 -6.91706 -0.0237185
5.83617 -6.80879 -0.0219418
6.17609 -6.7715 -0.0232193
4.43801 -8.90755 -0.0166837
4.89776 -6.91594 -0.0184149
4.68235 -7.06339 -0.0176051
2.92861 -9.20085 -0.01101
3.31157 -8.54394 -0.0124505
-3.30909 -9.38509 0.0124398
3.33682 -7.25009 -0.0125471
3.29559 -7.1606 -0.0123922
-2.42854 -9.6502 0.0091296
3.97571 -4.63946 -0.0149504
3.84743 4.48982 -0.0144682
3.32048 5.3615 -0.0124871
3.57999 5.78031 -0.0134625
-0.612936 9.93187 0.00230419
-4.34961e-07 9.95074 1.63632e-09
3.69049 7.40852 -0.0138764
3.51465 7.05579 -0.0132158
3.54294 7.69756 -0.0133214
5.99463 7.44555 -0.0225364
6.15703 7.18274 -0.0231471
6.17609 6.7715 -0.0232193
5.56178 6.90844 -0.0209105
5.52459 7.31213 -0.0207702
8.12652 5.7493 -0.0305498
7.75697 6.23838 -0.0291605
8.29983 5.49646 -0.0312013
5.23967 4.48782 -0.0197013
5.35208 5.5176 -0.0201236
5.17953 5.6797 -0.019475
4.51442 7.28789 -0.0169736
4.61827 7.45539 -0.0173637
4.79131 7.22761 -0.0180144
4.32535 -5.37362 -0.0162646
4.01629 -4.98988 -0.0151029
3.6319 -5.86406 -0.0136576
8.53726 -4.92616 -0.032094
8.59813 -4.6145 -0.032323
7.14794 -6.92707 -0.026871
5.2148 -5.37617 -0.0196077
5.63864 -7.96101 -0.0211977
5.83259 -6.01258 -0.0219292
4.4625 -7.20414 -0.0167786
5.06715 -6.29456 -0.0190522
5.46515 -7.23354 -0.0205469
5.31446 -6.60151 -0.0199814
5.41066 -7.63946 -0.0203415
5.29668 -7.47869 -0.0199134
-2.13003 -9.72037 0.00800739
3.64439 -5.14707 -0.0137049
3.87224 -5.46871 -0.0145613
3.57999 -5.78031 -0.0134625
1.22354 9.87532 -0.00459964
1.52725 9.83298 -0.00574138
3.14513 8.92054 -0.0118243
3.57325 8.43797 -0.0134343
5.88127 7.78369 -0.0221098
5.52464 7.80024 -0.0207696
3.54811 6.14368 -0.0133424
3.35091 5.80241 -0.0126013
3.89324 6.74089 -0.0146393
4.69623 5.8341 -0.0176584
4.39541 -5.81864 -0.0165277
4.10011 -5.79034 -0.0154177
4.51529 4.95172 -0.0169786
3.74183 4.95386 -0.0140712
3.91157 -4.56464 -0.0147093
4.68131 5.46239 -0.0176025
4.5726 5.68061 -0.0171938
4.13992 5.14337 -0.0155676
3.84245 -9.07299 -0.0144451
-3.01834 -9.48249 0.0113468
-3.59671 -9.2788 0.0135211
-8.62265 4.97539 0.0324148
-6.70769 7.35371 0.0252161
3.17056 5.90278 -0.0119232
-3.88092 9.1637 0.0145895
-3.59672 9.27879 0.0135211
-2.72474 9.57088 0.0102431
-2.42854 9.6502 0.00912958
-1.22354 9.87532 0.00459964
6.58779 6.79031 -0.0247664
6.30898 6.91706 -0.0237185
6.57478 7.20816 -0.0247169
7.94552 5.99668 -0.0298693
8.33751 4.47479 -0.0313437
5.37799 5.21312 -0.0202211
5.2148 5.37617 -0.0196077
7.00116 5.28464 -0.0263213
7.97101 5.27894 -0.0299659
6.60453 5.3124 -0.0248307
6.92247 5.2253 -0.0260256
7.6033 6.11493 -0.0285833
7.68013 6.17665 -0.0288719
6.58148 6.37868 -0.0247432
7.26148 6.21792 -0.0272987
8.42438 -4.52138 -0.0316701
4.78097 -5.24293 -0.0179772
5.24462 4.77969 -0.0197199
5.53608 -5.04513 -0.0208153
4.80961 -5.612 -0.0180847
5.38702 -6.28522 -0.0202544
5.64456 -6.18924 -0.0212224
5.62362 -6.98517 -0.0211428
4.6331 -6.13308 -0.0174209
3.41945 -8.0751 -0.0128567
3.06213 -7.90092 -0.0115137
1.52724 -9.83298 -0.0057413
1.22354 -9.87532 -0.00459965
3.63707 -6.7707 -0.0136763
4.23228 4.93871 -0.0159148
5.28684 6.99774 -0.0198771
4.71038 8.76673 -0.0177076
3.88092 9.1637 -0.0145895
4.16144 9.03991 -0.015644
4.61286 6.51396 -0.0173445
5.12898 6.37129 -0.0192845
4.73163 8.1911 -0.0177886
4.77404 7.70663 -0.0179488
3.5348 8.34725 -0.0132899
3.59672 9.27879 -0.0135211
4.6637 8.67996 -0.0175324
4.97827 8.61761 -0.0187147
3.98617 5.62952 -0.0149895
4.10011 5.79034 -0.0154177
5.9443 5.76166 -0.0223492
3.52808 5.69655 -0.0132674
-6.242 7.75244 0.0234654
-5.75265 8.12177 0.0216258
-8.29983 5.49646 0.0312013
-7.35799 6.70379 0.0276607
-3.01836 9.48248 0.0113469
2.13004 9.72037 -0.0080074
0.306611 9.94602 -0.00115264
5.11821 7.72026 -0.0192423
1.82951 9.78131 -0.00687763
3.73036 6.94429 -0.0140268
7.96554 5.63554 -0.029945
7.39463 5.58135 -0.0277997
7.88505 5.57865 -0.0296426
5.48937 5.65903 -0.0206395
7.21221 6.57112 -0.0271131
8.29756 -5.13477 -0.0311931
4.81138 -6.3689 -0.0180908
3.49635 -8.25654 -0.0131455
4.56635 -7.37163 -0.0171687
0.612932 -9.93187 -0.00230419
3.26565 -7.71222 -0.012279
0.91868 -9.90829 -0.00345357
-0.306618 -9.94602 0.00115272
4.72212 7.62288 -0.0177538
4.90027 7.39183 -0.0184237
4.75195 6.2903 -0.0178675
5.00924 7.55605 -0.018833
3.62539 7.87655 -0.0136311
3.99648 8.68196 -0.0150247
4.43802 8.90755 -0.0166837
4.55301 5.31277 -0.0171203
3.87224 5.46871 -0.0145613
4.72212 -7.62288 -0.0177538
-4.97828 8.6176 0.0187147
-4.71038 8.76673 0.0177076
-8.12653 5.74929 0.0305498
-7.94551 5.99668 0.0298693
3.01835 9.48248 -0.0113468
4.07896 8.86094 -0.0153344
-0.306611 9.94602 0.00115265
0.918673 9.90829 -0.00345356
-1.52725 9.83298 0.00574138
6.91183 5.55935 -0.0259854
7.1117 6.08979 -0.026736
6.08589 5.89878 -0.0228812
5.39035 -4.91241 -0.0202676
5.24462 -4.77969 -0.0197199
5.80912 -7.21536 -0.0218396
2.83887 -8.91922 -0.0106731
6.50833 7.13539 -0.0244673
6.37543 6.98984 -0.0239681
5.23968 7.3983 -0.0196993
4.51892 6.81705 -0.0169911
5.23967 -4.48782 -0.0197013
3.91157 4.56464 -0.0147093
5.70292 -7.54792 -0.02144
-6.00016 7.94088 0.0225563
-0.918674 9.90829 0.00345356
0.612935 9.93187 -0.00230419
-4.43801 8.90755 0.0166837
5.2274 6.91914 -0.0196538
4.35005 8.7312 -0.0163535
4.52367 8.41962 -0.0170066
3  0 1 2
3  3 4 5
3  6 0 2
3  7 8 9
3  10 11 12
3  13 14 15
3  16 17 18
3  19 20 21
3  22 4 23
3  24 25 26
3  27 28 14
3  29 3 30
3  31 32 33
3  34 35 36
3  37 38 18
3  5 39 40
3  38 1 41
3  1 42 41
3  43 44 45
3  46 47 48
3  28 27 17
3  6 49 50
3  51 52 8
3  4 53 23
3  8 52 54
3  55 56 19
3  32 13 57
3  58 59 60
3  29 4 3
3  61 62 63
3  61 3 5
3  39 22 64
3  22 65 64
3  58 66 67
3  56 59 65
3  39 5 22
3  42 1 68
3  42 68 69
3  2 1 70
3  1 49 70
3  0 6 71
3  72 73 74
3  49 1 37
3  1 38 37
3  65 38 41
3  33 12 75
3  27 49 17
3  28 17 16
3  5 4 22
3  32 14 13
3  73 72 71
3  14 31 33
3  44 8 54
3  44 43 76
3  77 35 78
3  34 79 80
3  81 82 83
3  84 3 63
3  85 56 86
3  51 29 30
3  61 5 58
3  58 5 40
3  87 42 88
3  45 89 90
3  1 0 68
3  68 0 69
3  49 6 70
3  6 2 70
3  9 8 91
3  92 72 74
3  93 43 45
3  12 94 95
3  53 96 97
3  32 31 14
3  38 16 18
3  38 65 98
3  53 4 96
3  4 29 13
3  49 27 50
3  27 11 50
3  10 12 74
3  43 92 99
3  81 84 63
3  100 81 63
3  101 102 103
3  45 44 54
3  34 80 104
3  79 43 80
3  104 105 90
3  99 94 7
3  81 35 106
3  82 51 83
3  84 81 83
3  3 84 83
3  107 108 109
3  110 58 111
3  112 113 114
3  56 42 115
3  98 15 116
3  16 38 98
3  42 56 41
3  56 65 41
3  72 43 79
3  43 93 80
3  6 50 117
3  27 14 33
3  33 32 7
3  12 11 75
3  15 14 118
3  28 119 98
3  17 49 18
3  49 37 18
3  57 13 120
3  29 51 57
3  43 72 92
3  92 74 95
3  100 62 121
3  122 123 124
3  125 61 63
3  3 125 63
3  62 100 63
3  3 61 125
3  80 93 104
3  82 106 90
3  89 82 90
3  35 34 104
3  89 52 82
3  52 51 82
3  35 100 126
3  35 81 100
3  58 40 64
3  40 39 64
3  56 115 21
3  127 128 129
3  71 130 25
3  42 69 131
3  86 132 133
3  134 87 135
3  136 15 98
3  137 15 136
3  28 16 119
3  119 16 98
3  79 130 71
3  25 69 138
3  50 11 117
3  11 10 117
3  32 8 7
3  74 12 95
3  105 104 45
3  104 93 45
3  4 13 96
3  13 15 96
3  14 28 118
3  28 15 118
3  32 57 8
3  57 51 8
3  13 29 120
3  29 57 120
3  73 117 74
3  117 10 74
3  130 123 139
3  79 123 130
3  105 45 90
3  82 81 106
3  62 61 110
3  59 56 140
3  83 30 141
3  83 51 30
3  65 59 64
3  59 58 64
3  59 142 143
3  144 145 146
3  147 107 109
3  61 58 110
3  148 59 149
3  150 151 152
3  6 117 71
3  153 154 155
3  145 156 157
3  158 142 133
3  23 53 137
3  137 53 97
3  22 23 136
3  23 137 136
3  159 69 160
3  56 161 162
3  11 27 75
3  27 33 75
3  7 94 163
3  94 12 163
3  52 89 54
3  89 45 54
3  43 99 76
3  99 44 76
3  94 99 95
3  99 92 95
3  134 135 164
3  165 35 166
3  167 135 168
3  79 34 123
3  106 35 90
3  35 104 90
3  169 100 170
3  123 34 171
3  58 172 173
3  128 100 121
3  30 3 141
3  3 83 141
3  174 59 143
3  175 150 176
3  56 85 140
3  86 56 162
3  71 25 138
3  164 177 21
3  117 73 71
3  72 79 71
3  142 158 143
3  158 174 143
3  96 15 97
3  15 137 97
3  65 22 98
3  22 136 98
3  7 9 178
3  9 44 178
3  12 33 163
3  33 7 163
3  179 180 181
3  164 135 182
3  62 110 183
3  184 185 186
3  187 100 188
3  35 189 190
3  100 108 107
3  126 100 147
3  158 60 191
3  59 174 158
3  142 149 133
3  85 86 140
3  192 142 193
3  59 148 192
3  194 58 195
3  62 196 197
3  134 164 198
3  87 134 199
3  200 201 202
3  42 203 204
3  205 124 206
3  207 208 209
3  15 28 116
3  28 98 116
3  8 44 91
3  44 9 91
3  44 99 178
3  99 7 178
3  210 147 211
3  181 180 212
3  35 213 214
3  215 214 216
3  208 35 217
3  218 217 219
3  170 127 220
3  197 221 222
3  100 128 188
3  187 188 170
3  223 224 225
3  149 86 133
3  60 59 191
3  59 158 191
3  140 86 149
3  59 140 149
3  162 161 226
3  161 56 226
3  227 56 132
3  182 135 228
3  198 164 21
3  56 20 19
3  204 203 229
3  103 201 200
3  142 59 193
3  59 192 193
3  230 231 232
3  233 128 234
3  235 194 195
3  236 237 238
3  42 134 239
3  239 134 198
3  134 42 240
3  199 134 240
3  203 42 241
3  204 229 242
3  87 204 242
3  135 87 242
3  243 244 245
3  130 246 247
3  248 243 245
3  249 130 250
3  69 0 138
3  0 71 138
3  251 252 253
3  35 208 207
3  254 170 220
3  78 35 255
3  100 169 109
3  218 256 257
3  258 259 260
3  190 261 262
3  135 242 263
3  208 217 218
3  142 192 149
3  192 148 149
3  56 227 264
3  227 132 264
3  132 86 264
3  86 162 264
3  265 132 266
3  265 56 267
3  42 239 198
3  115 42 268
3  135 167 228
3  265 55 177
3  229 42 242
3  269 69 270
3  34 271 272
3  273 269 274
3  215 35 209
3  35 207 209
3  218 35 275
3  165 166 276
3  102 277 103
3  278 279 280
3  197 196 236
3  121 62 234
3  281 62 282
3  196 62 283
3  284 285 286
3  183 110 287
3  58 288 289
3  290 183 287
3  291 42 199
3  42 87 199
3  42 204 88
3  204 87 88
3  42 131 242
3  292 293 294
3  42 229 241
3  229 203 241
3  25 130 295
3  296 297 298
3  130 299 300
3  248 297 243
3  36 35 214
3  214 213 216
3  205 123 301
3  249 246 302
3  77 78 303
3  304 276 305
3  189 35 306
3  35 126 210
3  190 210 307
3  100 107 147
3  188 128 170
3  308 221 309
3  310 311 312
3  313 314 315
3  62 183 290
3  316 317 318
3  319 158 320
3  321 175 322
3  56 264 226
3  264 162 226
3  132 56 266
3  56 265 266
3  265 267 323
3  56 324 267
3  21 115 268
3  20 56 21
3  247 249 325
3  326 284 286
3  177 326 327
3  326 133 327
3  328 329 330
3  247 331 332
3  333 334 335
3  336 337 338
3  34 36 181
3  339 214 340
3  213 35 216
3  35 215 216
3  208 218 209
3  218 215 209
3  306 210 190
3  341 215 342
3  256 304 343
3  338 344 345
3  217 35 219
3  35 218 219
3  145 262 146
3  166 346 276
3  347 186 348
3  275 35 276
3  316 349 350
3  351 62 290
3  310 230 352
3  62 231 236
3  231 62 353
3  62 281 354
3  281 355 351
3  355 62 351
3  356 357 173
3  288 58 358
3  359 67 289
3  112 110 360
3  42 291 240
3  291 199 240
3  273 263 361
3  159 263 362
3  274 269 270
3  263 242 362
3  363 364 365
3  25 295 292
3  139 205 366
3  206 124 367
3  368 328 330
3  369 218 370
3  34 180 179
3  34 179 371
3  368 253 345
3  371 179 372
3  78 255 190
3  255 35 190
3  166 35 346
3  78 346 303
3  108 100 109
3  373 261 374
3  35 210 306
3  189 306 190
3  307 210 375
3  210 126 147
3  109 169 170
3  100 187 170
3  376 233 234
3  233 376 377
3  128 121 234
3  62 221 308
3  378 379 315
3  314 313 380
3  381 258 382
3  383 379 348
3  314 376 315
3  261 313 315
3  384 326 286
3  265 177 327
3  356 235 150
3  385 379 383
3  267 324 323
3  324 56 323
3  56 55 323
3  55 265 323
3  177 55 21
3  55 19 21
3  386 299 387
3  130 139 250
3  388 389 390
3  391 47 46
3  392 393 394
3  364 103 365
3  158 133 320
3  388 167 395
3  396 60 319
3  397 398 399
3  280 279 46
3  47 398 397
3  167 326 228
3  177 164 182
3  378 400 401
3  402 376 403
3  283 62 236
3  196 283 236
3  402 404 405
3  62 354 232
3  402 405 406
3  407 400 408
3  353 62 409
3  231 353 232
3  62 355 282
3  355 281 282
3  381 410 411
3  350 412 413
3  235 356 414
3  58 194 235
3  415 113 416
3  58 356 417
3  58 60 396
3  235 195 289
3  289 67 319
3  359 58 67
3  418 285 419
3  388 263 420
3  102 101 421
3  155 422 423
3  424 425 426
3  298 299 386
3  427 366 428
3  429 430 431
3  432 171 433
3  432 34 434
3  391 46 435
3  436 278 437
3  272 271 371
3  271 34 371
3  36 214 181
3  253 252 334
3  139 123 205
3  123 122 301
3  438 439 440
3  47 441 442
3  261 379 144
3  261 144 146
3  322 175 443
3  256 218 304
3  346 78 276
3  304 218 276
3  346 35 303
3  35 77 303
3  144 379 385
3  262 261 146
3  444 445 211
3  375 210 445
3  128 127 170
3  373 170 254
3  234 62 446
3  446 62 309
3  376 378 315
3  379 261 315
3  447 156 184
3  156 447 157
3  185 156 383
3  197 238 448
3  347 379 449
3  450 223 225
3  451 258 186
3  452 410 453
3  454 312 455
3  281 290 349
3  172 58 456
3  357 356 150
3  60 158 319
3  326 384 457
3  133 132 327
3  132 265 327
3  285 384 286
3  458 443 459
3  42 198 268
3  198 21 268
3  438 244 439
3  368 251 253
3  460 461 426
3  462 299 463
3  427 464 366
3  247 465 331
3  154 466 467
3  277 425 468
3  364 201 103
3  101 103 200
3  278 201 469
3  201 364 393
3  441 470 471
3  388 273 467
3  47 397 472
3  399 398 418
3  285 284 473
3  384 474 418
3  278 280 475
3  201 278 476
3  47 472 48
3  390 280 477
3  326 177 228
3  177 182 228
3  221 62 222
3  62 197 222
3  237 310 312
3  376 234 403
3  237 236 310
3  197 236 238
3  354 281 232
3  230 232 478
3  316 281 349
3  281 351 290
3  414 356 479
3  235 414 480
3  58 417 456
3  417 356 456
3  235 289 150
3  58 396 319
3  58 359 358
3  359 288 358
3  288 359 289
3  195 58 289
3  66 58 319
3  67 66 319
3  326 167 284
3  284 167 473
3  135 263 168
3  167 168 395
3  466 102 467
3  389 388 467
3  269 263 159
3  362 242 481
3  69 25 482
3  482 25 274
3  483 293 154
3  293 292 154
3  484 25 485
3  486 25 487
3  155 295 488
3  154 292 155
3  425 155 423
3  422 155 488
3  246 130 302
3  130 249 302
3  489 429 490
3  205 491 366
3  171 34 433
3  34 432 492
3  434 272 371
3  34 272 434
3  181 214 493
3  342 370 337
3  214 215 341
3  215 218 369
3  342 369 370
3  215 369 342
3  370 218 257
3  494 279 495
3  179 181 493
3  179 496 497
3  339 498 499
3  498 496 499
3  180 34 212
3  34 181 212
3  123 171 124
3  500 124 501
3  252 489 502
3  489 503 502
3  375 445 504
3  261 190 307
3  505 47 391
3  46 279 506
3  218 275 276
3  145 507 343
3  78 145 276
3  35 165 276
3  145 78 262
3  78 190 262
3  145 385 383
3  145 144 385
3  373 314 380
3  444 373 445
3  445 210 211
3  261 307 375
3  376 314 377
3  314 373 377
3  402 403 309
3  197 237 404
3  62 308 309
3  234 446 309
3  156 185 184
3  508 505 447
3  156 145 383
3  379 347 348
3  509 347 510
3  508 447 184
3  453 401 511
3  451 381 382
3  404 237 405
3  186 347 509
3  186 258 512
3  508 184 186
3  379 378 449
3  378 347 449
3  453 509 510
3  410 381 453
3  316 224 223
3  316 311 317
3  513 113 514
3  513 259 225
3  259 258 450
3  312 311 455
3  110 515 287
3  515 110 516
3  111 173 360
3  260 415 517
3  390 477 518
3  398 47 418
3  111 58 173
3  260 175 321
3  172 456 173
3  456 356 173
3  280 472 477
3  508 258 470
3  430 251 519
3  520 521 522
3  523 329 524
3  297 525 526
3  527 462 463
3  528 386 387
3  528 130 521
3  297 248 298
3  246 249 247
3  249 250 464
3  521 520 529
3  247 529 530
3  103 277 468
3  244 364 363
3  476 278 475
3  202 531 532
3  533 338 345
3  368 392 524
3  201 393 469
3  278 469 392
3  390 399 473
3  201 476 202
3  483 154 467
3  273 483 467
3  467 421 534
3  531 476 390
3  236 231 310
3  231 230 310
3  62 232 409
3  232 353 409
3  356 58 479
3  58 414 479
3  414 58 480
3  58 235 480
3  470 322 471
3  289 319 150
3  168 263 395
3  263 388 395
3  263 273 420
3  273 388 420
3  263 269 361
3  269 273 361
3  274 25 535
3  25 24 536
3  242 131 481
3  362 69 537
3  160 69 538
3  269 159 160
3  277 154 153
3  292 295 155
3  154 277 466
3  277 102 466
3  293 25 484
3  25 294 485
3  292 294 539
3  25 292 487
3  540 130 300
3  425 541 426
3  521 130 522
3  525 542 526
3  130 541 423
3  540 300 543
3  468 425 544
3  103 468 365
3  34 492 433
3  492 432 433
3  500 432 545
3  546 335 547
3  334 252 335
3  333 496 498
3  256 506 257
3  494 436 337
3  279 494 370
3  392 344 548
3  370 494 337
3  436 494 495
3  214 496 493
3  496 179 493
3  342 336 340
3  336 339 340
3  500 503 549
3  205 206 491
3  122 124 301
3  124 205 301
3  497 496 546
3  418 47 442
3  432 500 501
3  124 500 367
3  447 505 157
3  145 157 507
3  109 170 444
3  373 444 550
3  313 261 380
3  261 373 380
3  377 254 129
3  377 373 254
3  400 378 408
3  408 376 406
3  403 234 309
3  221 197 404
3  381 451 453
3  551 451 382
3  186 185 348
3  185 383 348
3  258 508 512
3  508 186 512
3  378 401 453
3  401 400 407
3  258 451 551
3  258 551 382
3  232 281 478
3  281 316 478
3  349 290 412
3  513 350 552
3  450 411 553
3  311 316 223
3  311 230 317
3  317 230 318
3  259 450 225
3  224 316 350
3  110 113 554
3  113 513 287
3  260 259 415
3  113 415 555
3  224 350 225
3  350 513 225
3  450 258 411
3  258 381 411
3  554 113 516
3  554 516 556
3  113 110 114
3  112 114 557
3  360 173 416
3  175 357 150
3  285 474 384
3  457 384 441
3  470 258 322
3  457 441 458
3  464 250 366
3  250 139 366
3  206 489 491
3  489 252 429
3  429 252 430
3  252 251 430
3  244 243 558
3  559 329 440
3  523 524 560
3  243 297 558
3  558 542 561
3  461 562 426
3  460 130 461
3  296 298 563
3  249 464 325
3  464 427 465
3  564 130 520
3  529 520 530
3  333 336 338
3  436 392 548
3  469 393 392
3  393 364 523
3  476 531 202
3  200 202 532
3  280 390 565
3  390 476 565
3  101 531 566
3  421 101 566
3  102 421 467
3  389 467 534
3  506 256 435
3  46 506 435
3  167 388 473
3  388 390 473
3  531 390 566
3  390 389 566
3  230 311 352
3  311 310 352
3  311 223 567
3  411 567 553
3  238 237 448
3  237 197 448
3  384 418 442
3  133 326 457
3  133 457 152
3  151 319 320
3  69 482 270
3  482 274 270
3  483 568 569
3  568 25 569
3  131 69 481
3  69 362 481
3  159 570 571
3  159 362 570
3  69 269 538
3  269 160 538
3  425 277 155
3  277 153 155
3  294 293 485
3  293 484 485
3  294 25 539
3  25 486 539
3  299 462 300
3  541 425 423
3  462 461 300
3  300 461 543
3  299 130 572
3  299 572 387
3  386 521 573
3  528 521 386
3  248 562 463
3  562 461 527
3  244 425 424
3  562 245 426
3  423 422 574
3  460 426 575
3  468 244 365
3  244 363 365
3  425 244 544
3  244 468 544
3  295 130 576
3  295 576 488
3  434 371 372
3  496 333 577
3  502 578 335
3  496 577 546
3  506 279 257
3  279 370 257
3  533 253 579
3  336 342 337
3  279 278 495
3  278 436 495
3  434 497 547
3  578 500 335
3  339 336 498
3  336 333 498
3  333 533 579
3  337 436 338
3  214 341 340
3  341 342 340
3  503 578 502
3  577 333 335
3  335 500 547
3  578 503 500
3  580 157 581
3  343 580 581
3  276 145 305
3  145 304 305
3  444 170 550
3  170 373 550
3  261 445 374
3  445 373 374
3  445 261 504
3  261 375 504
3  147 109 211
3  109 444 211
3  128 233 129
3  233 377 129
3  401 407 511
3  406 405 582
3  408 406 582
3  376 402 406
3  221 404 309
3  404 402 309
3  378 376 408
3  452 453 511
3  230 478 318
3  478 316 318
3  290 583 413
3  350 349 412
3  290 287 583
3  287 513 583
3  415 259 555
3  259 513 555
3  113 360 416
3  110 111 360
3  357 175 517
3  175 260 517
3  411 410 567
3  311 567 455
3  113 287 516
3  287 515 516
3  114 110 557
3  110 112 557
3  505 508 441
3  508 470 441
3  258 321 322
3  258 260 321
3  491 489 584
3  489 490 585
3  331 465 542
3  542 431 586
3  562 248 245
3  244 424 245
3  297 563 573
3  298 386 563
3  464 465 325
3  465 247 325
3  329 244 440
3  244 438 440
3  329 559 519
3  465 427 431
3  329 523 587
3  523 364 587
3  546 577 335
3  432 434 545
3  436 548 338
3  548 344 338
3  278 392 437
3  392 436 437
3  531 101 532
3  101 200 532
3  280 565 475
3  565 476 475
3  421 566 534
3  566 389 534
3  474 285 418
3  399 418 419
3  477 472 518
3  472 397 518
3  472 280 48
3  280 46 48
3  397 399 518
3  399 390 518
3  391 435 588
3  435 256 343
3  285 473 419
3  473 399 589
3  237 312 454
3  237 454 590
3  319 151 150
3  322 443 458
3  274 535 536
3  25 591 535
3  483 273 568
3  25 568 26
3  69 570 537
3  570 362 537
3  570 69 571
3  69 159 571
3  576 130 488
3  422 488 592
3  292 539 487
3  539 486 487
3  461 130 543
3  130 540 543
3  130 564 522
3  564 520 522
3  426 541 575
3  245 424 426
3  461 462 527
3  562 527 463
3  541 130 593
3  541 593 575
3  496 214 499
3  214 339 499
3  503 489 549
3  489 206 549
3  124 171 501
3  171 432 501
3  157 580 507
3  304 145 343
3  127 129 220
3  129 254 220
3  405 237 590
3  452 511 582
3  453 451 509
3  451 186 509
3  407 408 511
3  511 408 582
3  412 290 413
3  583 513 552
3  113 555 514
3  555 513 514
3  173 357 416
3  113 112 360
3  357 517 416
3  517 415 416
3  567 223 553
3  223 450 553
3  516 110 556
3  110 554 556
3  490 429 428
3  366 490 428
3  430 519 431
3  251 368 330
3  439 244 558
3  331 542 525
3  563 386 573
3  297 296 563
3  572 130 387
3  130 528 387
3  521 529 573
3  529 247 332
3  520 130 530
3  130 247 530
3  329 328 524
3  328 368 524
3  364 244 587
3  244 329 587
3  253 533 345
3  533 333 338
3  344 392 345
3  392 368 345
3  253 334 579
3  334 333 579
3  151 320 152
3  320 133 152
3  47 505 441
3  441 384 442
3  473 589 419
3  589 399 419
3  507 580 343
3  391 343 581
3  567 410 455
3  410 452 455
3  535 591 536
3  591 25 536
3  274 536 26
3  536 24 26
3  25 293 594
3  25 594 569
3  488 130 592
3  130 422 592
3  299 298 463
3  298 248 463
3  422 130 574
3  130 423 574
3  593 130 575
3  130 460 575
3  179 497 372
3  497 434 372
3  497 546 547
3  252 502 335
3  500 549 367
3  549 206 367
3  347 378 510
3  378 453 510
3  583 552 413
3  552 350 413
3  427 428 431
3  428 429 431
3  490 366 585
3  489 585 584
3  329 519 595
3  519 251 595
3  542 465 431
3  559 558 561
3  559 440 558
3  440 439 558
3  529 332 596
3  332 331 525
3  297 573 597
3  596 332 597
3  393 523 560
3  524 392 394
3  435 343 588
3  343 391 588
3  157 505 581
3  505 391 581
3  454 455 590
3  455 452 590
3  568 273 26
3  273 274 26
3  594 293 569
3  293 483 569
3  471 322 458
3  441 471 458
3  150 152 176
3  152 457 176
3  585 366 584
3  366 491 584
3  251 330 595
3  330 329 595
3  542 558 526
3  558 297 526
3  573 596 597
3  573 529 596
3  524 394 560
3  394 393 560
3  405 590 582
3  590 452 582
3  500 545 547
3  545 434 547
3  176 458 459
3  176 457 458
3  431 519 586
3  519 559 586
3  332 525 597
3  525 297 597
3  443 175 459
3  175 176 459
3  542 586 561
3  586 559 561
