OFF
687 1370 0
75.109 -38.8436 112.383
9.58009 -2.72316 0.0368358
86.0654 -11.8693 116.701
8.12956 -5.74931 0.0312585
8.30293 -5.49647 0.0319251
-158.733 118.335 349.714
-164.708 105.308 422.967
-157.714 113.851 418.657
52.7492 -176.687 315.22
33.8262 -192.976 410.039
14.9606 -182.357 302.291
-183.265 -80.9268 431.587
-148.205 -131.943 341.098
-103.17 -163.937 422.967
144.339 -40.4779 216.03
126.314 -87.4832 220.35
9.9556 0.306436 0.0382796
105.489 23.3654 142.638
9.96032 0 0.0382977
60.0228 -148.979 233.298
57.9944 -140.34 216.037
126.768 -133.879 297.986
12.8089 147.165 216.022
-57.6918 140.729 216.038
-1.89876 188.98 297.997
4.64448 -146.217 211.71
-0.147446 -173.529 263.492
-23.5917 -149.265 220.342
2.42944 -9.6502 0.00934133
20.7676 -76.848 103.745
2.13082 -9.72037 0.00819314
188.495 -8.02298 435.896
-11.8007 -160.884 435.896
159.706 -66.2145 435.896
173.048 -59.7329 302.291
48.5457 175 306.597
72.8037 133.276 224.652
118.515 160.753 435.896
174.842 63.1035 435.896
172.269 -84.9095 414.347
161.134 -80.9516 306.594
-165.815 82.3855 435.896
-50.7265 160.398 435.896
-35.1095 -186.901 306.616
-55.944 -119.723 190.121
-188.806 40.6678 349.707
-172.324 6.67578 267.797
-191.168 6.87976 371.25
-23.5669 76.8372 103.749
-3.01947 9.48249 -0.01161
-32.9472 76.9753 108.071
-183.497 52.1822 414.347
-179.978 71.4998 384.181
-140.129 133.866 405.728
130.91 17.835 190.118
136.77 54.4732 211.713
-0.0159039 125.745 181.48
-1.56339 76.2906 99.4228
-15.0506 80.3545 108.063
-36.3659 193.919 384.185
-5.80626 194.63 388.491
-93.8701 170.237 431.586
-108.689 164.188 418.658
-122.734 90.7844 216.04
-66.0934 51.3555 108.071
-74.7604 37.8705 108.072
75.0703 38.9237 112.383
9.91784 0.918146 0.0381344
9.94143 0.612582 0.0382251
11.7808 -75.3088 99.4225
13.7319 -80.8373 108.064
1.40932 -76.0762 99.4219
131.863 67.098 216.023
178.671 48.7075 306.605
186.412 -9.141 306.608
160.259 43.6741 259.162
91.9741 -74.369 164.218
193.329 11.7059 418.657
194.622 -35.1636 405.73
177.52 -73.4483 422.967
120.707 -125.049 435.896
8.77515 4.70766 0.0337408
8.9161 4.43546 0.0342827
8.62587 4.9754 0.0331668
-179.759 10.5241 435.896
-145.83 -114.106 435.896
-161.007 92.3997 297.989
-185.986 51.6468 341.089
-145.465 68.3233 233.298
-78.8349 28.5757 108.072
-84.463 16.4861 112.389
9.04859 4.15904 0.0347922
9.1725 3.87869 0.0352686
-65.3768 182.442 345.399
124.179 138.823 315.224
104.518 97.5704 211.697
-9.91784 0.918147 -0.0381344
-83.3496 7.3607 108.071
-9.88483 1.22284 -0.0380075
-3.21246 4.84651 -0.012357
7.94848 5.99669 0.0305622
-152.418 99.9015 435.896
-118.677 131.13 435.896
3.31034 9.38509 0.0127284
-3.0318 6.08597 -0.0116617
-3.40459 6.337 -0.013095
4.43966 8.90755 0.0170707
62.3125 134.775 220.333
22.5924 188.367 431.586
85.503 173.242 362.634
-175.077 -53.988 306.6
-186.376 -50.6892 362.634
-176.546 -47.2533 310.908
-86.0126 -128.078 237.584
156.821 -84.9349 297.972
101.86 80.5056 190.11
146.135 86.339 263.481
-1.56756 -76.2903 99.4228
0.306732 -9.94602 0.00117938
0.61316 -9.93187 0.00235765
-66.0727 -51.3819 108.071
-118.86 -97.6106 228.969
-125.868 -67.3206 207.388
-84.5434 -16.0668 112.389
-83.3793 -7.02507 108.071
-78.4992 -18.0586 103.75
-100.479 132.052 259.162
-127.732 134.103 315.222
9.79073 1.82846 0.0376456
9.88483 1.22284 0.0380075
-66.8781 177.065 315.23
-152.807 102.91 302.294
11.2283 189.322 431.586
-71.1645 175.435 431.586
74.2276 165.331 306.596
20.7926 79.7839 108.066
11.7772 75.3094 99.4225
13.7277 80.8379 108.064
-182.705 -40.2598 431.586
177.159 71.5402 388.488
142.866 128.669 354.014
150.865 114.742 405.726
-151.472 -12.2241 220.345
-144.723 20.7651 216.017
43.8415 72.4688 112.383
75.0463 113.776 198.751
72.9983 -162.29 435.896
32.7202 -189.298 435.896
104.49 -172.362 405.733
-57.4311 -92.3334 142.641
182.145 43.1866 435.896
20.7972 -79.7825 108.066
-23.6717 -76.8063 103.749
-15.1659 -80.3322 108.063
-87.824 -153.199 293.659
-153.156 -62.0504 259.16
-110.789 -160.573 379.873
-185.73 -18.0844 414.345
-1.224 9.87532 -0.00470634
-74.7868 -37.8187 108.072
-2.99458 4.51799 -0.0115192
-3.18936 4.50416 -0.0122682
52.4319 62.5423 108.062
7.1506 6.92708 0.0274944
6.93369 7.14378 0.0266603
-39.9107 73.1286 108.069
25.9517 78.1113 108.065
53.7728 120.688 190.117
-3.33185 185.704 435.896
-99.0348 146.507 435.896
-118.953 144.927 431.586
-50.1526 -159.648 435.896
138.372 126.537 319.535
3.59805 9.2788 0.0138347
4.16299 9.03991 0.0160069
9.94143 -0.612588 0.0382251
9.65949 2.42714 0.037141
9.72972 2.12881 0.0374111
7.36074 6.7038 0.0283023
-32.9302 -76.9824 108.071
4.43966 -8.90756 0.0170707
3.59806 -9.2788 0.0138347
4.98013 -8.61761 0.0191488
138.201 130.038 431.586
-93.0423 -94.3132 190.119
-78.7949 -28.6857 108.072
-9.1725 -3.87869 -0.0352686
-9.65949 -2.42714 -0.037141
-77.3561 -23.1778 103.75
-9.72972 -2.12881 -0.0374111
-6.24432 -7.75246 -0.0240097
-6.0024 -7.94089 -0.0230795
25.9491 -78.1116 108.065
98.6466 -103.99 211.698
6.0024 -7.94089 0.0230795
-3.30232 -5.7174 -0.0127022
-3.15437 -5.46144 -0.0121334
-96.6707 -164.416 332.468
-100.093 -168.652 388.492
-75.9583 -165.261 306.597
118.163 -153.386 422.967
145.241 -106.429 306.593
-173.777 -95.3156 401.421
-1.52782 9.83298 -0.00587455
6.71019 -7.35372 0.025801
52.5098 -62.4725 108.062
6.48034 -7.55666 0.0249172
1.4105 76.0762 99.4219
-167.091 -68.1686 435.896
158.808 87.1378 302.287
41.0575 67.5943 103.743
48.4089 65.7316 108.062
1.52782 9.83298 0.00587454
2.42944 9.6502 0.00934132
-4.03988 5.34735 -0.0155383
-3.8936 4.8368 -0.014976
-4.23334 4.93916 -0.0162822
9.84245 -1.52637 0.0378445
9.88483 -1.22284 0.0380075
20.8373 76.8274 103.745
-3.30504 7.80307 -0.0127106
-3.34351 7.89378 -0.0128584
-0.919015 9.90829 -0.00353367
-3.20369 5.54676 -0.012323
-3.30233 5.7174 -0.0127022
-3.54462 6.59737 -0.0136332
-3.5913 6.68415 -0.0138126
0.919014 9.90829 0.00353366
-2.72575 -9.57088 -0.0104807
-2.42944 -9.6502 -0.00934133
-3.89426 -6.74114 -0.0149774
-3.69151 -7.4087 -0.0141971
-3.82472 -7.11807 -0.0147096
-4.84731 -7.30992 -0.0186407
-4.68376 -7.06362 -0.0180123
-4.43708 -7.67944 -0.0170631
110.501 -159.198 358.326
116.444 -143.13 302.295
81.1169 -161.112 306.594
-9.9556 -0.306434 -0.0382796
-9.94143 -0.612583 -0.0382251
-80.0258 -9.36656 103.75
-3.07421 7.25877 -0.0118237
-5.7644 -7.62661 -0.0221654
-5.75477 -8.12179 -0.0221274
-5.9429 -7.86232 -0.022851
-80.444 4.43665 103.75
-3.38361 -6.79145 -0.0130139
1.224 -9.87532 0.00470634
41.0806 -67.5791 103.743
4.71213 -8.76674 0.0181184
7.94848 -5.99669 0.0305622
5.5017 -8.29498 0.0211543
5.75478 -8.12178 0.0221274
-1.8302 -9.78131 -0.00703719
-1.52781 -9.83298 -0.00587453
48.3929 -65.7441 108.062
44.3362 -72.1539 112.383
-106.334 -148.688 310.908
-58.9949 -177.401 392.795
1.83019 9.78131 0.00703718
-2.72575 9.57088 -0.0104807
-3.84386 9.073 -0.0147801
-3.88236 9.1637 -0.0149279
-6.48034 7.55666 -0.0249172
-4.98013 8.61761 -0.0191489
-4.71213 8.76674 -0.0181184
-7.06925 4.68102 -0.0271839
-6.29501 4.75093 -0.0242078
-9.58009 2.72317 -0.0368358
1.22399 9.87532 0.00470634
-2.88564 4.35373 -0.0111003
9.28771 3.59465 0.0357116
9.39411 3.3072 0.0361207
9.4916 3.01662 0.0364955
-3.24634 4.58458 -0.0124873
9.65949 -2.42714 0.037141
-4.43966 -8.90756 -0.0170707
-4.16299 -9.03991 -0.0160069
-5.61573 4.80874 -0.0215966
-5.0963 4.93931 -0.0195998
-5.46592 4.68058 -0.0210207
0.613161 9.93187 0.00235764
-2.99458 -4.518 -0.0115192
7.56389 6.47417 0.0290835
-4.01149 7.46519 -0.0154272
-3.77952 7.58504 -0.0145352
-3.99294 6.91174 -0.0153566
-3.68988 8.71017 -0.0141888
-9.04859 -4.15904 -0.0347922
-3.64754 7.32051 -0.0140281
-3.53592 8.34734 -0.0135975
-3.01947 -9.48249 -0.01161
-3.31032 -9.38509 -0.0127284
-3.45029 -5.97335 -0.013271
-3.26457 -6.07664 -0.0125568
-1.22399 -9.87532 -0.00470633
0.919014 -9.90829 0.00353367
-3.77951 -7.58504 -0.0145352
-4.67118 -6.59465 -0.0179645
-5.25423 -6.52506 -0.020206
-4.7533 -6.29063 -0.0182805
3.31033 -9.38509 0.0127284
8.9161 -4.43546 0.0342827
9.0486 -4.15904 0.0347922
7.75986 -6.23839 0.029837
7.5639 -6.47416 0.0290835
7.36074 -6.7038 0.0283024
-2.13082 9.72037 -0.00819315
-2.42944 9.6502 -0.00934133
-4.16299 9.03991 -0.0160069
-3.91152 7.84956 -0.0150423
8.46842 5.23842 0.0325614
-3.06158 -4.94302 -0.0117768
9.58009 2.72317 0.0368358
9.84244 1.52637 0.0378445
-3.1135 5.02679 -0.0119764
-3.56438 4.71842 -0.0137102
9.9556 -0.306427 0.0382796
9.91783 -0.918151 0.0381344
9.17251 -3.87868 0.0352686
9.72972 -2.12881 0.0374111
9.79073 -1.82845 0.0376457
4.71213 8.76674 0.0181184
7.75987 6.23839 0.029837
-3.45029 5.97334 -0.013271
8.30293 5.49647 0.0319251
-9.88483 -1.22284 -0.0380075
-9.81963 -0.909072 -0.0377569
-7.75986 -6.23839 -0.029837
-7.56389 -6.47416 -0.0290835
9.4916 -3.01662 0.0364955
-0.919009 -9.90829 -0.00353365
-8.62587 -4.9754 -0.0331668
-8.46841 -5.23843 -0.0325614
-4.35162 -8.73123 -0.0167327
-3.84386 -9.073 -0.0147801
-3.88236 -9.1637 -0.0149279
6.24432 -7.75246 0.0240097
-2.13082 -9.72037 -0.00819314
-3.05574 -5.29081 -0.0117542
6.93368 -7.14379 0.0266603
5.2434 -8.46031 0.0201612
1.52782 -9.83298 0.00587455
-3.8924 -6.28316 -0.0149707
-3.84047 -6.1994 -0.0147711
-3.40459 -6.337 -0.013095
-3.59806 9.2788 -0.0138347
-3.31034 9.38509 -0.0127284
-1.83019 9.78131 -0.00703718
-4.7756 7.70677 -0.0183644
-4.73326 8.19119 -0.0182008
-4.38511 8.15938 -0.0168625
-9.1725 3.87869 -0.0352686
-4.43966 8.90755 -0.0170708
4.98013 8.61761 0.0191488
6.24433 7.75245 0.0240097
5.2434 8.46031 0.0201611
6.0024 7.94089 0.0230795
-3.00643 5.20549 -0.0115646
3.88236 9.1637 0.0149279
2.13082 9.72037 0.00819314
-4.48644 7.76473 -0.0172527
-9.84245 -1.52637 -0.0378445
-9.79073 -1.82846 -0.0376456
-6.29501 -4.75093 -0.0242078
-9.58009 -2.72317 -0.0368358
-9.94143 0.612581 -0.0382251
-3.62381 -4.79704 -0.0139387
-3.58822 -5.06706 -0.0138018
-3.80211 -5.0329 -0.0146242
-78.4969 18.069 103.75
-80.0253 9.37045 103.75
-5.0963 -4.93931 -0.0195998
-4.66697 -4.81089 -0.0179493
-4.51647 -4.95219 -0.0173707
-9.81963 0.90907 -0.0377569
-5.37957 5.21357 -0.0206887
-5.18104 5.6801 -0.0199253
-4.88308 6.06469 -0.0187796
-4.69752 5.83448 -0.0180664
-7.14192 -6.50488 -0.0274617
-7.41399 -6.3461 -0.0285076
-6.6546 -6.44741 -0.0255888
-4.41188 -7.12061 -0.016967
-5.5017 -8.29498 -0.0211543
-5.2434 -8.46031 -0.0201611
-5.19141 -8.37659 -0.0199615
-4.71213 -8.76674 -0.0181184
-4.3851 -8.15938 -0.0168625
-3.99787 -8.68201 -0.0153729
-5.12734 -7.23771 -0.0197173
-5.43985 -6.75522 -0.0209192
-4.29169 -7.98584 -0.0165037
-4.53579 -7.85003 -0.0174423
-6.4161 -7.48191 -0.0246705
-6.31118 -6.91721 -0.0242682
-3.64828 -5.50351 -0.0140326
-3.3731 -5.4456 -0.0129745
-0.613155 -9.93187 -0.00235763
-2.40533 -9.55467 -0.00924882
-5.41251 -7.63958 -0.0208128
-5.46955 -7.71996 -0.0210319
-0.306732 -9.94602 -0.00117938
3.88236 -9.1637 0.0149279
-4.95627 -6.99657 -0.01906
-4.14094 -5.1438 -0.0159269
-4.09932 -5.42596 -0.0157668
-5.06865 -6.29488 -0.0194928
-5.5597 -5.73012 -0.0213809
-5.06769 -5.91159 -0.0194894
-3.10352 -4.68225 -0.0119381
-3.75726 5.66775 -0.0144515
-3.84047 6.1994 -0.0147711
-3.63274 5.86439 -0.0139726
-3.73135 6.9445 -0.0143508
-3.64829 5.50351 -0.0140326
6.71019 7.35372 0.025801
6.48034 7.55667 0.0249172
-3.24634 -4.58458 -0.0124873
-3.54894 6.14397 -0.0136502
3.01947 9.48249 0.01161
0.306726 9.94602 0.00117938
-4.34961e-07 9.95074 -1.6737e-09
-3.55955 7.14416 -0.01369
-3.79559 6.57052 -0.0145982
-3.51557 7.05598 -0.013521
-3.43036 5.17502 -0.0131948
-4.84874 5.31616 -0.018648
-5.07897 5.23518 -0.0195331
-4.78521 -6.75542 -0.0184027
-4.52022 -6.81732 -0.0173839
-4.15876 -5.50458 -0.0159953
-4.04414 -5.7103 -0.0155545
-4.45601 -5.89762 -0.0171379
-3.5913 -6.68415 -0.0138126
-8.77515 -4.70766 -0.0337408
-8.21675 -5.08303 -0.0315943
-5.61573 -4.80874 -0.0215966
-5.10035 -4.64746 -0.0196154
-3.32141 5.01077 -0.0127759
-9.72972 2.12881 -0.0374111
-9.84245 1.52637 -0.0378445
-9.79073 1.82846 -0.0376456
-77.3628 23.1551 103.75
-8.46841 5.23842 -0.0325614
-8.62587 4.9754 -0.0331668
-8.9161 -4.43546 -0.0342827
-5.39261 -8.13082 -0.0207354
8.46842 -5.23842 0.0325614
8.62587 -4.9754 0.0331668
9.28772 -3.59464 0.0357116
9.39411 -3.30721 0.0361207
-5.52645 -7.31229 -0.0212513
-2.98952 -9.38862 -0.0114951
-7.94848 -5.99669 -0.0305622
-4.04352 -8.11408 -0.0155494
-3.91532 -8.50305 -0.0150559
-3.72836 -8.80089 -0.0143366
-4.87954 -7.87423 -0.0187637
-4.61869 -8.59321 -0.0177596
1.18661e-07 -9.95074 4.56602e-10
7.1506 -6.92708 0.0274944
-2.69871 9.47613 -0.0103769
-9.9556 0.306435 -0.0382796
-6.86497 7.07312 -0.0263964
-6.7102 7.35371 -0.025801
-6.4161 7.48191 -0.0246705
-4.35162 8.73123 -0.0167327
-3.9566 8.59253 -0.0152144
-3.58446 -4.45302 -0.0137874
5.5017 8.29498 0.0211543
5.75478 8.12178 0.0221274
8.12956 5.74931 0.0312585
2.72575 9.57088 0.0104807
-4.41121 6.6531 -0.016965
-4.25602 6.86938 -0.0163681
-5.75644 -5.24463 -0.0221374
-6.14013 -5.25724 -0.0236123
-9.96032 -8.70759e-07 -0.0382977
-5.37957 -5.21357 -0.0206887
-6.33973 -5.77534 -0.0243792
-6.60673 -5.31274 -0.0254058
-4.18423 -4.58819 -0.0160934
-4.18423 4.58818 -0.0160934
-3.86623 -5.83199 -0.0148704
-4.20277 -5.22054 -0.0161646
-4.29751 -5.01397 -0.0165289
-9.28771 3.59465 -0.0357116
-8.77515 4.70766 -0.0337408
-8.13286 5.03123 -0.0312719
-8.19866 4.72942 -0.031525
-9.0486 4.15904 -0.0347922
-9.4916 -3.01661 -0.0364955
-9.39411 -3.30721 -0.0361207
-4.78263 -8.27647 -0.0183904
-5.03547 -8.12541 -0.0193626
-4.98013 -8.61761 -0.0191488
8.77515 -4.70766 0.0337408
-3.53592 -8.34734 -0.0135975
1.8302 -9.78131 0.00703719
3.01947 -9.48249 0.0116101
-4.25601 -6.86939 -0.0163681
-5.71281 -6.26233 -0.021969
-5.38867 -6.28554 -0.020723
-8.30293 -5.49647 -0.0319251
-7.07974 -6.85856 -0.0272222
-6.7102 -7.35371 -0.025801
-6.48034 -7.55666 -0.0249172
-5.83811 -6.809 -0.02245
4.16299 -9.03991 0.0160069
-6.85019 6.23961 -0.0263408
-6.44206 6.24181 -0.0247721
-6.63141 6.04065 -0.0255001
-5.75478 8.12178 -0.0221274
-6.0024 7.94089 -0.0230795
-0.306727 9.94602 -0.00117938
-4.84731 7.30992 -0.0186407
-4.38773 7.59414 -0.0168735
-4.68376 7.06362 -0.0180123
-5.39261 8.13082 -0.0207354
-5.5017 8.29498 -0.0211543
-3.62381 4.79704 -0.0139387
-4.38829 -5.45078 -0.0168778
-4.51647 4.95219 -0.0173707
-4.64937 5.09778 -0.0178816
-4.81305 4.66503 -0.0185109
-4.66697 4.81089 -0.0179493
-3.40097 5.88803 -0.0130814
-4.04824 6.5344 -0.0155696
-4.13871 6.24256 -0.0159177
-4.7533 6.29062 -0.0182805
-4.10017 -6.61816 -0.0157692
-6.21629 4.69159 -0.0239052
-6.44206 -6.24181 -0.0247721
-6.04052 -6.22498 -0.0232287
-5.91225 -6.48063 -0.0227354
-5.94619 -5.76201 -0.0228665
-6.1587 -5.96765 -0.0236832
-4.31712 -4.73379 -0.0166043
-4.64937 -5.09778 -0.0178816
-5.07897 -5.23518 -0.0195331
-4.31712 4.73379 -0.0166043
-6.60673 5.31274 -0.0254058
-8.9161 4.43546 -0.0342827
-7.71223 -5.81878 -0.0296545
-4.66541 -8.67998 -0.017939
-6.51068 -7.13547 -0.0250346
-6.79625 -7.00245 -0.0261324
-3.59806 -9.2788 -0.0138347
-6.81447 -5.83377 -0.0262039
-7.64633 -5.40816 -0.0294016
-6.66461 -5.70566 -0.025628
-3.73135 -6.94451 -0.0143508
-3.11267 -7.34949 -0.0119715
-3.51557 -7.05598 -0.013521
-5.13943 8.29286 -0.0197619
-7.71223 5.81878 -0.0296545
-7.60609 6.115 -0.0292462
-7.52921 6.05329 -0.0289508
-5.8834 7.78375 -0.0226225
-4.2917 7.98583 -0.0165037
-5.8111 7.21552 -0.0223456
-6.09498 7.10809 -0.0234369
-6.12054 7.59905 -0.0235343
-6.24433 7.75245 -0.0240097
-5.2434 8.46031 -0.0201611
-3.8936 -4.8368 -0.014976
-3.54894 -6.14397 -0.0136502
-4.2477 -6.40678 -0.0163366
-4.3567 -6.571 -0.0167555
-5.29844 -7.47884 -0.0203746
-6.59012 -6.79043 -0.0253405
-7.36074 -6.7038 -0.0283024
-9.91784 -0.918149 -0.0381344
-4.23334 -4.93916 -0.0162822
-4.87513 -5.6872 -0.0187493
-5.18104 -5.6801 -0.0199253
-5.0035 -5.83679 -0.0192427
-5.75644 5.24463 -0.0221374
-6.14557 4.94237 -0.0236333
-6.93369 7.14378 -0.0266603
-7.15061 6.92708 -0.0274944
-5.5597 5.73012 -0.0213809
-6.66461 5.70566 -0.025628
-7.72687 5.46502 -0.0297111
-6.81447 5.83377 -0.0262039
-9.39411 3.30721 -0.0361207
-9.4916 3.01661 -0.0364955
-9.65949 2.42714 -0.037141
-8.45498 4.87701 -0.0325101
-6.85019 -6.23961 -0.0263408
-7.03928 -6.02591 -0.0270678
-7.15061 -6.92708 -0.0274944
-5.90232 -6.88378 -0.0226967
-3.14619 -8.92058 -0.0120982
-3.5744 -8.43805 -0.0137453
-3.21184 -9.10639 -0.0123503
-3.96479 -7.37841 -0.0152478
-8.12956 -5.7493 -0.0312585
-7.79098 -5.87809 -0.0299571
2.72575 -9.57088 0.0104807
-4.04353 8.11407 -0.0155494
-5.9429 7.86232 -0.022851
-4.245 7.89906 -0.0163243
-5.06865 6.29488 -0.0194928
-6.59012 6.79043 -0.0253405
-6.51068 7.13547 -0.0250346
-3.20769 -6.43872 -0.0123378
-3.64521 5.14746 -0.0140209
-3.58822 5.06705 -0.0138018
-4.42586 5.16359 -0.0170223
-4.45014 5.52752 -0.0171155
-7.24369 -5.12382 -0.0278542
-9.28771 -3.59465 -0.0357116
-5.97182 -6.15429 -0.0229647
-5.76576 -5.94221 -0.0221728
-4.50015 -6.35347 -0.0173072
-6.21629 -4.69159 -0.0239052
-7.97392 5.27907 -0.0306608
-7.55474 -5.70016 -0.0290493
-8.13286 -5.03124 -0.0312719
-6.14557 -4.94237 -0.0236333
-3.2775 -9.29219 -0.0126024
-7.52921 -6.05329 -0.0289508
-4.87955 7.87423 -0.0187637
-5.17447 7.80247 -0.0198975
-4.89925 6.91619 -0.0188409
-5.62546 6.98538 -0.0216324
-4.95627 6.99657 -0.01906
-4.99116 6.60501 -0.0191946
-7.36074 6.7038 -0.0283024
-5.91225 6.48063 -0.0227354
-6.11171 6.69893 -0.0235018
-5.7739 6.73422 -0.0222033
-6.29928 5.06583 -0.0242241
-4.04414 5.71029 -0.0155545
-5.03547 8.12542 -0.0193626
-5.12735 7.23771 -0.0197173
-4.41188 7.12061 -0.016967
-0.613162 9.93187 -0.00235764
-4.63567 -5.75774 -0.0178287
-6.11171 -6.69893 -0.0235018
-6.2466 -6.43704 -0.0240206
-4.81305 -4.66503 -0.0185109
-6.14014 5.25724 -0.0236123
-6.76046 5.43618 -0.0259966
-5.24141 7.39846 -0.0201555
-5.41251 7.63958 -0.0208128
-3.9436 6.82644 -0.015167
-5.35367 5.51801 -0.020589
-5.38867 6.28554 -0.020723
-4.63568 5.75774 -0.0178287
-4.57492 6.05482 -0.0175949
-6.93369 -7.14378 -0.0266603
-6.63141 -6.04065 -0.0255001
-6.1587 5.96765 -0.0236832
-7.55474 5.70016 -0.0290493
-7.56389 6.47416 -0.0290835
-7.75987 6.23839 -0.029837
-5.70492 7.54802 -0.0219369
-7.5658 5.3513 -0.0290921
-7.03928 6.02591 -0.0270678
-5.31397 5.82566 -0.0204362
-6.6546 6.44741 -0.0255888
-4.20277 5.22055 -0.0161646
-7.14192 6.50488 -0.0274617
-7.94848 5.99669 -0.0305622
-8.12956 5.7493 -0.0312585
-7.41399 6.3461 -0.0285076
-5.18438 7.31809 -0.0199364
-5.71281 6.26233 -0.021969
-5.76576 5.94221 -0.0221728
-5.46955 7.71996 -0.0210319
-5.94619 5.76201 -0.0228665
-4.09932 5.42596 -0.0157668
-8.30293 5.49647 -0.0319251
-4.45602 5.89761 -0.0171379
-4.51547 5.97622 -0.0173664
-7.07974 6.85856 -0.0272222
-6.33973 5.77534 -0.0243792
-4.21821 5.58319 -0.0162238
-5.97182 6.15429 -0.0229647
-6.04052 6.22498 -0.0232287
-6.79625 7.00245 -0.0261324
-5.52659 7.80033 -0.021251
-5.45287 6.36032 -0.0209697
3  0 1 2
3  0 3 4
3  5 6 7
3  8 9 10
3  11 12 13
3  0 14 15
3  16 17 18
3  19 20 21
3  22 23 24
3  25 26 27
3  28 29 30
3  31 32 33
3  15 14 34
3  24 35 36
3  37 31 38
3  39 40 34
3  41 37 42
3  43 44 27
3  45 46 47
3  48 49 50
3  45 51 52
3  53 5 7
3  54 17 55
3  56 57 58
3  24 59 60
3  6 61 62
3  63 64 65
3  17 66 55
3  67 17 68
3  69 70 71
3  17 14 2
3  14 0 2
3  55 66 72
3  73 74 75
3  0 76 3
3  74 77 78
3  79 33 80
3  81 82 83
3  32 84 85
3  31 37 32
3  5 86 87
3  88 89 90
3  87 86 88
3  91 17 92
3  88 86 63
3  51 6 52
3  59 24 93
3  94 95 36
3  96 97 98
3  99 100 82
3  61 101 102
3  41 51 84
3  103 104 105
3  106 104 103
3  22 24 107
3  108 37 109
3  110 111 112
3  43 113 44
3  114 40 21
3  66 115 72
3  14 17 54
3  74 54 75
3  14 54 74
3  116 73 55
3  25 27 117
3  117 118 119
3  120 121 122
3  123 124 125
3  77 31 78
3  78 79 39
3  6 51 41
3  6 5 52
3  47 46 111
3  110 12 111
3  126 63 127
3  67 128 129
3  46 87 88
3  46 45 87
3  24 23 130
3  86 131 63
3  63 131 127
3  86 5 131
3  132 59 133
3  59 132 60
3  23 22 56
3  22 57 56
3  109 94 134
3  135 136 137
3  61 59 93
3  62 61 93
3  84 51 138
3  32 37 41
3  94 36 134
3  139 140 141
3  142 143 97
3  144 36 145
3  74 78 34
3  146 32 147
3  148 147 9
3  44 149 27
3  38 31 150
3  38 139 141
3  78 39 34
3  74 73 77
3  75 54 55
3  73 75 55
3  124 142 97
3  113 12 121
3  25 151 20
3  152 117 153
3  113 43 154
3  110 142 155
3  13 12 156
3  31 79 78
3  47 11 157
3  51 45 47
3  130 23 126
3  57 158 48
3  46 142 110
3  159 120 122
3  99 160 161
3  162 163 164
3  88 63 65
3  64 63 165
3  63 23 165
3  57 48 58
3  5 87 52
3  87 45 52
3  130 5 62
3  5 53 62
3  126 23 63
3  131 5 127
3  166 135 167
3  24 60 109
3  42 37 168
3  59 61 133
3  6 62 7
3  62 53 7
3  42 168 169
3  41 42 169
3  61 6 170
3  61 170 101
3  13 147 171
3  32 41 84
3  116 94 172
3  94 140 172
3  37 94 109
3  115 66 162
3  103 173 174
3  95 115 162
3  17 2 175
3  128 68 18
3  176 17 177
3  163 178 164
3  40 114 34
3  15 114 21
3  152 149 179
3  180 181 182
3  25 19 26
3  19 8 10
3  73 139 77
3  31 77 150
3  140 37 141
3  37 38 183
3  31 33 79
3  33 32 146
3  116 55 72
3  135 22 167
3  120 184 121
3  185 159 122
3  159 185 186
3  142 185 122
3  187 188 189
3  149 190 191
3  20 151 192
3  20 76 193
3  0 15 76
3  194 195 196
3  20 15 21
3  19 25 20
3  113 149 44
3  26 43 27
3  12 197 198
3  197 154 199
3  147 85 171
3  85 13 171
3  148 200 147
3  200 146 147
3  148 21 39
3  40 39 201
3  51 157 138
3  51 47 157
3  142 46 143
3  46 88 143
3  12 11 202
3  11 47 111
3  48 158 203
3  204 205 206
3  48 23 58
3  23 56 58
3  24 130 93
3  130 62 93
3  5 130 127
3  130 126 127
3  132 108 60
3  144 166 167
3  37 108 168
3  108 132 168
3  136 207 137
3  22 135 137
3  168 61 169
3  41 169 101
3  84 11 208
3  11 13 85
3  37 140 94
3  140 139 209
3  139 73 209
3  73 116 209
3  210 144 211
3  94 116 95
3  212 213 105
3  214 215 216
3  68 16 18
3  2 217 218
3  162 178 163
3  135 166 219
3  220 221 222
3  104 223 224
3  166 106 174
3  225 226 227
3  149 152 27
3  152 228 229
3  230 231 232
3  233 234 235
3  148 8 236
3  237 236 238
3  77 139 150
3  139 38 150
3  37 183 141
3  183 38 141
3  115 95 72
3  95 116 72
3  12 155 121
3  155 142 122
3  121 155 122
3  124 239 240
3  125 124 241
3  227 226 242
3  243 244 245
3  124 97 246
3  25 117 70
3  118 247 248
3  249 180 250
3  20 192 249
3  191 190 244
3  76 251 3
3  249 252 253
3  152 254 255
3  20 256 76
3  249 256 257
3  113 154 258
3  154 197 258
3  197 43 198
3  13 198 259
3  198 43 259
3  13 259 147
3  33 146 80
3  32 85 147
3  147 259 9
3  259 43 9
3  79 200 39
3  200 148 39
3  157 11 138
3  11 84 138
3  143 90 97
3  143 88 90
3  111 46 112
3  46 110 112
3  11 111 202
3  111 12 202
3  135 219 260
3  261 262 263
3  64 165 264
3  265 165 266
3  267 268 269
3  89 88 65
3  61 168 133
3  168 132 133
3  136 212 270
3  136 135 212
3  207 57 137
3  57 22 137
3  170 6 101
3  6 41 101
3  11 85 208
3  85 84 208
3  60 108 109
3  35 24 109
3  140 209 172
3  209 116 172
3  36 144 167
3  167 22 107
3  176 271 160
3  272 273 274
3  175 217 18
3  176 128 271
3  275 99 161
3  17 16 68
3  2 1 276
3  149 277 278
3  166 144 210
3  279 280 281
3  57 207 282
3  106 103 174
3  18 217 283
3  178 162 284
3  92 274 82
3  273 17 274
3  285 286 287
3  261 288 262
3  19 21 237
3  19 237 238
3  14 74 34
3  114 15 34
3  120 149 184
3  149 113 184
3  184 113 121
3  12 110 155
3  185 142 123
3  142 124 123
3  159 186 289
3  149 191 244
3  286 290 287
3  288 261 291
3  152 179 292
3  228 292 293
3  117 27 153
3  27 152 153
3  294 195 295
3  117 152 296
3  69 297 248
3  296 298 231
3  249 192 180
3  299 300 301
3  192 29 302
3  192 151 29
3  271 18 283
3  0 303 304
3  251 76 305
3  217 276 283
3  76 256 205
3  306 76 307
3  154 43 199
3  43 197 199
3  197 12 258
3  12 113 258
3  12 198 156
3  198 13 156
3  146 200 80
3  200 79 80
3  26 19 10
3  8 148 9
3  39 21 201
3  21 40 201
3  48 308 309
3  310 50 263
3  165 23 50
3  23 48 50
3  308 203 221
3  291 286 311
3  101 169 102
3  169 61 102
3  35 109 134
3  36 35 134
3  36 95 145
3  95 162 145
3  100 312 82
3  251 306 313
3  91 92 82
3  17 176 314
3  17 128 177
3  128 176 177
3  128 17 315
3  17 67 129
3  178 100 316
3  271 128 18
3  92 272 274
3  128 67 68
3  317 99 275
3  17 175 318
3  217 175 218
3  2 218 319
3  304 303 320
3  2 321 322
3  144 145 211
3  145 162 211
3  166 210 106
3  210 323 106
3  166 173 103
3  207 136 282
3  274 176 82
3  162 66 324
3  105 104 325
3  66 312 326
3  237 21 236
3  21 148 236
3  291 308 221
3  225 212 105
3  327 239 328
3  120 329 330
3  1 331 276
3  1 0 331
3  297 118 248
3  76 205 307
3  117 296 332
3  159 333 334
3  335 336 337
3  228 152 292
3  205 338 206
3  152 339 254
3  340 341 196
3  70 117 71
3  206 194 196
3  252 249 342
3  181 192 302
3  151 69 343
3  69 151 70
3  151 25 70
3  3 251 4
3  344 345 346
3  76 15 193
3  15 20 193
3  256 20 257
3  20 249 257
3  283 276 313
3  306 341 340
3  9 43 10
3  43 26 10
3  347 348 263
3  48 203 349
3  350 351 352
3  89 65 353
3  265 266 354
3  165 50 266
3  24 36 107
3  36 167 107
3  92 17 272
3  17 273 272
3  100 99 316
3  176 99 82
3  17 314 274
3  314 176 274
3  17 129 315
3  129 128 315
3  17 318 18
3  318 175 18
3  218 175 319
3  175 2 319
3  217 321 276
3  321 2 276
3  321 217 322
3  217 2 322
3  323 210 355
3  356 355 357
3  210 211 358
3  211 162 356
3  359 178 316
3  173 166 360
3  212 260 213
3  219 166 103
3  260 219 361
3  212 135 260
3  350 352 362
3  221 203 222
3  355 356 223
3  104 355 223
3  236 8 238
3  8 19 238
3  241 363 364
3  365 366 189
3  97 96 367
3  368 369 370
3  97 371 372
3  373 374 375
3  97 90 371
3  268 376 98
3  279 268 377
3  378 379 380
3  381 382 383
3  235 234 384
3  149 385 386
3  385 387 388
3  335 389 390
3  300 391 392
3  235 393 394
3  243 395 396
3  228 339 229
3  339 152 229
3  195 397 398
3  118 399 231
3  254 339 255
3  298 255 400
3  243 401 402
3  117 399 403
3  192 181 404
3  234 233 405
3  406 370 407
3  408 409 410
3  195 398 196
3  256 249 194
3  283 313 411
3  313 306 340
3  412 413 414
3  290 415 287
3  203 308 349
3  308 48 349
3  347 50 348
3  50 49 348
3  348 49 261
3  49 48 261
3  81 66 82
3  66 81 83
3  178 284 324
3  284 162 324
3  368 313 369
3  214 412 416
3  178 359 164
3  417 164 418
3  356 164 223
3  164 359 223
3  104 106 355
3  106 323 355
3  173 360 174
3  360 166 174
3  178 324 100
3  324 66 100
3  66 17 82
3  17 91 82
3  271 283 419
3  99 176 160
3  420 225 105
3  213 421 105
3  57 282 422
3  220 423 424
3  415 226 425
3  423 422 426
3  421 103 105
3  359 427 223
3  377 428 429
3  420 105 325
3  124 363 241
3  125 241 364
3  234 430 431
3  185 188 366
3  185 123 188
3  123 125 188
3  432 433 434
3  230 344 435
3  334 436 437
3  438 439 373
3  426 226 415
3  427 316 440
3  441 442 443
3  371 444 441
3  371 90 444
3  90 89 444
3  65 445 446
3  65 64 445
3  447 289 436
3  436 289 437
3  244 190 395
3  243 448 244
3  277 388 278
3  277 149 388
3  251 303 449
3  0 449 450
3  303 313 320
3  0 451 452
3  243 453 401
3  228 293 454
3  448 387 244
3  120 455 329
3  456 457 393
3  336 457 458
3  448 401 459
3  389 460 459
3  296 399 332
3  399 117 332
3  399 118 461
3  118 117 461
3  194 182 195
3  194 253 182
3  253 252 182
3  194 249 253
3  205 204 341
3  256 194 338
3  76 306 305
3  306 251 305
3  306 307 462
3  307 205 462
3  291 261 463
3  50 347 263
3  279 464 376
3  465 466 467
3  348 261 263
3  468 262 469
3  308 261 309
3  261 48 309
3  317 419 470
3  419 313 368
3  0 304 320
3  303 251 313
3  162 417 418
3  417 162 164
3  355 210 357
3  357 471 472
3  312 100 326
3  100 66 473
3  82 312 83
3  312 66 83
3  219 213 361
3  213 260 361
3  213 219 474
3  219 103 421
3  136 270 227
3  270 212 227
3  287 475 476
3  423 57 422
3  226 426 242
3  212 225 227
3  477 409 478
3  364 363 189
3  124 246 479
3  246 97 479
3  279 439 438
3  479 97 464
3  477 365 480
3  478 481 482
3  225 420 413
3  483 484 215
3  433 397 485
3  406 486 487
3  239 279 438
3  89 353 488
3  65 446 489
3  490 491 492
3  327 365 189
3  185 493 494
3  495 460 496
3  387 448 460
3  385 388 386
3  149 386 497
3  389 457 390
3  405 233 391
3  251 449 4
3  449 0 4
3  449 303 450
3  303 0 498
3  313 276 320
3  276 331 320
3  451 331 452
3  331 0 452
3  292 179 293
3  388 335 337
3  457 389 393
3  456 298 499
3  29 151 500
3  302 29 501
3  298 502 231
3  399 296 231
3  298 296 255
3  296 152 255
3  255 339 400
3  339 228 400
3  300 503 504
3  120 334 505
3  506 395 507
3  149 507 508
3  234 502 384
3  393 389 394
3  453 509 391
3  233 394 459
3  399 461 403
3  461 117 403
3  192 404 510
3  404 181 510
3  252 342 182
3  342 249 182
3  341 204 206
3  205 256 338
3  205 341 462
3  341 306 462
3  511 512 513
3  165 514 515
3  423 220 516
3  351 354 468
3  220 424 290
3  57 423 516
3  517 518 519
3  520 514 521
3  50 310 354
3  266 50 354
3  160 271 161
3  419 317 275
3  317 368 522
3  432 523 407
3  338 194 206
3  344 434 485
3  313 419 411
3  419 283 411
3  331 451 320
3  451 0 320
3  164 356 418
3  356 162 418
3  524 280 525
3  526 280 527
3  325 104 528
3  215 484 216
3  317 427 440
3  427 359 316
3  210 471 357
3  471 210 472
3  211 356 358
3  210 358 472
3  100 473 326
3  473 66 326
3  219 421 474
3  421 213 474
3  426 422 242
3  282 136 227
3  413 475 529
3  475 530 531
3  97 367 464
3  239 124 479
3  353 491 488
3  446 445 489
3  397 369 398
3  230 502 532
3  159 447 436
3  448 243 402
3  125 364 189
3  363 124 327
3  367 96 464
3  268 279 533
3  534 535 536
3  537 409 538
3  527 539 374
3  280 526 439
3  540 523 541
3  216 484 542
3  64 264 466
3  267 488 543
3  97 442 98
3  444 89 269
3  65 544 492
3  544 489 492
3  545 334 437
3  447 159 289
3  460 448 496
3  460 335 546
3  547 395 548
3  547 548 396
3  388 387 546
3  453 243 396
3  386 388 497
3  388 149 497
3  336 293 337
3  460 495 459
3  303 498 450
3  498 0 450
3  179 337 549
3  179 149 337
3  298 400 499
3  293 336 458
3  439 374 373
3  432 397 433
3  506 382 381
3  120 159 334
3  550 551 552
3  329 382 330
3  235 298 393
3  298 456 393
3  300 405 391
3  233 235 394
3  181 180 510
3  180 192 510
3  180 182 250
3  182 249 250
3  343 69 248
3  500 151 343
3  553 230 435
3  554 555 435
3  540 373 375
3  181 302 28
3  265 354 556
3  557 558 559
3  514 520 560
3  488 491 543
3  561 518 362
3  518 286 285
3  261 308 463
3  308 291 463
3  424 415 290
3  286 291 221
3  562 563 564
3  165 515 565
3  514 165 521
3  165 265 566
3  354 262 468
3  354 351 556
3  262 354 263
3  354 310 263
3  271 419 161
3  419 275 161
3  419 368 470
3  368 317 470
3  484 483 539
3  369 397 370
3  325 427 416
3  368 215 522
3  316 99 440
3  99 317 440
3  358 356 472
3  356 357 472
3  424 426 415
3  424 423 426
3  279 239 464
3  239 479 464
3  483 215 567
3  215 368 567
3  345 568 346
3  569 502 570
3  459 401 571
3  401 453 571
3  572 381 383
3  506 573 382
3  239 327 574
3  327 124 574
3  328 239 438
3  365 327 328
3  494 366 482
3  185 366 493
3  539 483 575
3  526 527 374
3  480 576 577
3  576 578 577
3  401 448 402
3  480 438 373
3  579 268 580
3  280 279 377
3  581 466 582
3  64 581 582
3  543 583 579
3  584 585 586
3  267 269 587
3  89 587 588
3  269 441 589
3  269 268 441
3  590 490 492
3  544 65 489
3  591 545 592
3  493 366 494
3  387 385 244
3  385 149 244
3  387 460 546
3  389 335 460
3  120 573 593
3  573 506 593
3  395 506 548
3  396 509 594
3  395 547 396
3  396 572 383
3  335 388 546
3  477 480 409
3  388 337 278
3  337 149 278
3  337 293 549
3  293 179 549
3  228 454 595
3  457 456 596
3  457 336 390
3  336 335 390
3  457 596 597
3  456 499 596
3  235 384 598
3  384 502 598
3  234 405 430
3  405 300 430
3  231 502 232
3  502 230 232
3  334 333 436
3  333 159 436
3  329 455 599
3  455 120 599
3  329 599 600
3  382 329 600
3  297 69 119
3  118 297 119
3  247 118 554
3  118 231 554
3  555 231 435
3  231 230 553
3  302 501 601
3  501 29 601
3  29 500 30
3  500 28 30
3  262 288 469
3  291 311 602
3  603 514 560
3  265 520 521
3  286 518 311
3  518 561 604
3  378 605 379
3  563 606 607
3  203 158 222
3  158 57 222
3  515 264 565
3  264 165 565
3  414 325 416
3  427 317 522
3  247 435 608
3  568 397 294
3  369 313 398
3  341 206 196
3  412 414 416
3  215 609 610
3  542 527 524
3  611 428 612
3  223 427 224
3  104 224 528
3  422 282 242
3  282 227 242
3  286 221 290
3  221 220 290
3  376 464 98
3  464 96 98
3  523 540 487
3  567 368 370
3  394 389 459
3  391 233 459
3  239 574 240
3  574 124 240
3  366 188 187
3  363 327 189
3  188 125 189
3  366 187 189
3  366 478 482
3  613 289 614
3  615 538 616
3  366 365 478
3  569 570 617
3  300 504 408
3  280 439 281
3  439 279 281
3  480 365 438
3  328 438 618
3  615 535 538
3  503 409 504
3  567 370 406
3  406 407 486
3  491 490 543
3  489 590 492
3  466 264 467
3  581 64 466
3  267 587 488
3  587 89 488
3  587 269 588
3  269 89 588
3  442 97 443
3  97 372 443
3  441 444 589
3  444 269 589
3  489 445 590
3  490 590 619
3  545 620 592
3  437 289 621
3  551 613 552
3  365 477 622
3  506 572 548
3  548 572 396
3  457 454 623
3  454 293 623
3  499 400 596
3  454 596 595
3  502 298 598
3  298 235 598
3  620 551 592
3  591 534 383
3  334 599 505
3  599 120 505
3  599 334 600
3  334 545 600
3  545 591 624
3  591 382 624
3  382 591 383
3  572 506 381
3  382 573 330
3  573 120 330
3  69 71 119
3  71 117 119
3  247 500 248
3  500 343 248
3  231 553 435
3  554 231 555
3  29 28 601
3  28 302 601
3  352 468 469
3  352 351 468
3  561 602 604
3  352 561 362
3  351 625 626
3  520 265 556
3  519 475 627
3  351 350 625
3  628 629 630
3  64 582 631
3  165 566 521
3  566 265 521
3  475 413 530
3  632 633 634
3  226 225 425
3  225 413 425
3  268 267 635
3  530 413 636
3  637 351 626
3  517 629 638
3  639 285 287
3  639 518 285
3  220 222 640
3  222 57 640
3  609 427 610
3  215 214 609
3  570 299 301
3  435 344 346
3  398 313 196
3  313 340 196
3  413 412 636
3  412 214 636
3  413 420 414
3  420 325 414
3  484 539 542
3  486 523 487
3  428 377 378
3  605 531 379
3  224 427 528
3  427 325 528
3  279 376 533
3  376 268 533
3  442 441 98
3  441 268 98
3  370 397 407
3  397 432 407
3  434 433 485
3  344 230 532
3  434 344 569
3  578 576 641
3  181 28 608
3  182 181 295
3  247 554 435
3  568 295 346
3  391 509 392
3  509 300 392
3  642 383 643
3  509 396 642
3  576 523 641
3  523 432 434
3  523 576 541
3  576 480 541
3  483 567 575
3  526 374 644
3  407 523 486
3  374 539 375
3  372 371 443
3  371 441 443
3  491 353 492
3  353 65 492
3  365 622 478
3  622 477 478
3  502 234 431
3  430 300 299
3  578 409 577
3  409 480 577
3  244 395 245
3  395 243 245
3  507 395 508
3  506 507 593
3  448 459 496
3  459 495 496
3  453 391 571
3  391 459 571
3  300 509 536
3  536 509 642
3  509 453 594
3  453 396 594
3  457 623 458
3  623 293 458
3  596 400 595
3  400 228 595
3  596 454 597
3  454 457 597
3  536 535 615
3  545 551 620
3  289 186 614
3  186 185 614
3  382 600 624
3  600 545 624
3  561 469 602
3  561 352 469
3  518 517 362
3  517 350 362
3  469 288 602
3  288 291 602
3  520 556 637
3  556 351 637
3  603 560 467
3  515 514 603
3  475 425 529
3  425 413 529
3  583 377 579
3  377 268 579
3  267 543 635
3  579 635 645
3  475 531 630
3  584 543 646
3  518 639 519
3  639 475 519
3  350 517 647
3  647 628 648
3  287 415 649
3  415 425 649
3  220 640 516
3  640 57 516
3  427 522 610
3  522 215 610
3  427 609 416
3  609 214 416
3  539 527 542
3  611 524 525
3  527 280 524
3  379 531 380
3  428 280 429
3  280 377 429
3  378 377 650
3  605 583 651
3  612 428 652
3  531 530 653
3  567 406 575
3  375 539 575
3  397 568 485
3  485 568 345
3  397 195 294
3  195 182 295
3  487 540 375
3  500 247 608
3  344 532 569
3  532 502 569
3  578 641 301
3  300 408 301
3  523 434 641
3  504 409 408
3  374 439 644
3  439 526 644
3  540 541 373
3  541 480 373
3  438 365 618
3  365 328 618
3  120 593 654
3  593 507 654
3  395 190 508
3  190 149 508
3  534 655 538
3  503 300 536
3  289 613 621
3  551 545 437
3  550 552 655
3  534 591 655
3  613 482 552
3  614 185 494
3  552 481 655
3  551 550 592
3  613 614 482
3  614 494 482
3  481 478 537
3  478 409 537
3  602 311 604
3  311 518 604
3  268 635 580
3  635 579 580
3  635 543 645
3  543 579 645
3  512 656 513
3  511 557 559
3  657 585 557
3  64 658 659
3  562 560 660
3  517 519 629
3  584 490 661
3  657 662 586
3  378 583 663
3  511 664 512
3  475 639 476
3  639 287 476
3  425 475 649
3  475 287 649
3  214 216 665
3  216 611 665
3  611 216 524
3  216 542 524
3  377 583 650
3  583 378 650
3  295 181 608
3  344 485 345
3  28 500 608
3  568 294 295
3  406 487 575
3  487 375 575
3  409 578 410
3  578 408 410
3  507 149 654
3  149 120 654
3  396 383 642
3  536 642 643
3  613 551 621
3  551 437 621
3  482 481 552
3  535 534 538
3  591 592 655
3  592 550 655
3  538 409 616
3  503 536 615
3  590 445 619
3  490 619 585
3  582 466 465
3  606 664 666
3  64 659 667
3  520 637 626
3  659 658 668
3  668 658 669
3  647 517 670
3  515 603 467
3  671 583 672
3  648 560 673
3  543 490 646
3  490 584 646
3  511 662 557
3  662 657 557
3  671 632 651
3  656 583 674
3  475 630 627
3  562 628 563
3  583 671 651
3  633 606 563
3  636 214 675
3  665 611 612
3  583 605 663
3  605 378 663
3  280 428 525
3  428 611 525
3  435 346 608
3  346 295 608
3  502 299 570
3  408 578 301
3  430 299 431
3  299 502 431
3  641 434 301
3  434 569 301
3  383 534 643
3  534 536 643
3  655 481 538
3  481 537 538
3  619 445 585
3  445 668 557
3  664 669 666
3  264 515 467
3  585 445 557
3  64 668 676
3  625 350 626
3  350 647 626
3  585 657 586
3  583 656 672
3  668 558 557
3  558 668 669
3  628 630 634
3  531 605 630
3  677 380 678
3  530 636 677
3  428 380 652
3  677 636 652
3  428 378 380
3  380 677 652
3  214 665 675
3  665 612 675
3  570 301 617
3  301 569 617
3  409 503 616
3  503 615 616
3  490 585 661
3  585 584 661
3  628 633 563
3  511 669 664
3  669 631 679
3  582 465 631
3  628 562 648
3  606 633 664
3  659 668 667
3  668 64 667
3  668 445 676
3  445 64 676
3  656 680 513
3  664 632 512
3  636 675 681
3  675 612 681
3  558 669 559
3  669 511 559
3  633 632 664
3  632 682 683
3  669 658 631
3  658 64 631
3  467 563 607
3  563 467 564
3  520 626 648
3  626 647 648
3  680 584 513
3  584 586 513
3  682 656 683
3  632 671 682
3  583 543 674
3  543 584 680
3  380 653 678
3  380 531 653
3  636 681 652
3  681 612 652
3  631 465 679
3  606 679 684
3  679 465 684
3  465 467 684
3  467 560 564
3  560 562 564
3  629 628 638
3  517 638 670
3  606 684 607
3  684 467 607
3  560 648 660
3  648 562 660
3  560 520 685
3  560 685 673
3  630 629 627
3  629 519 627
3  633 628 634
3  630 605 651
3  656 682 672
3  682 671 672
3  656 512 683
3  512 632 683
3  586 662 513
3  662 511 513
3  543 680 674
3  680 656 674
3  653 530 678
3  530 677 678
3  669 679 666
3  679 606 666
3  638 628 670
3  628 647 670
3  685 520 673
3  520 648 673
3  632 634 686
3  634 630 686
3  630 651 686
3  651 632 686
