OFF
476 948 0
187.186 -141.466 341.163
207.733 -84.7845 311.003
231.185 -50.3725 345.473
60.5774 185.904 224.816
83.8354 228.366 311.055
112.262 121.987 185.953
169.393 -149.282 298.096
94.3857 -202.847 311.002
-231.7 36.7795 362.69
-232.143 -6.19389 336.853
-236.391 -36.8962 367.002
2.38912 234.571 328.248
-113.743 -161.974 435.896
-9.77897 200.16 435.896
-84.8351 227.557 435.896
109.8 -148.091 211.862
144.863 -90.8031 203.191
84.5371 -23.9886 90.8712
154.17 -28.9138 181.61
83.2825 -51.8483 103.839
215.873 71.0032 431.589
174.136 129.077 431.588
111.323 202.407 435.896
-77.6579 -226.439 431.59
-161.704 -174.523 410.058
-71.1809 -235.706 362.708
-110.958 -207.875 345.47
12.4592 -233.599 418.669
154.982 139.918 435.896
224.054 -14.4009 435.896
78.6514 -72.1759 112.491
76.1647 -43.4399 90.8701
-190.765 178.059 349.825
-232.03 50.7852 427.284
-224.382 59.063 435.896
197.561 122.837 311.027
166.128 156.23 345.455
201.034 -105.716 418.667
234.977 16.3099 319.641
187.69 -25.0692 233.4
178.171 19.9501 190.323
76.498 -213.767 405.748
88.4248 -213.671 379.909
134.484 -180.426 435.896
-166.728 72.7308 198.943
-86.3971 18.4847 90.8738
-103.7 -21.9956 112.49
21.4485 191.677 435.896
81.2514 213.927 435.896
-96.9207 216.138 315.343
17.5971 -233.026 298.117
160.869 -167.7 431.589
183.834 -125.704 431.588
-201.615 -113.679 427.283
-216.16 -33.1405 435.896
-84.3248 156.996 207.529
-39.3637 235.164 354.085
30.7942 227.677 427.282
139.869 139.871 242.043
-13.4019 176.567 216.131
234.226 52.5196 388.531
-5.64083 -6.584 -0.0106007
-4.30481 -6.95252 -0.00809011
-4.28813 -7.98554 -0.00805855
99.2076 39.9456 112.492
228.375 -42.5345 375.605
-11.9084 -104.981 103.883
30.082 -82.0381 90.868
14.8012 -160.77 190.239
-88.6667 142.618 190.266
-132.745 183.452 435.896
-228.17 -15.7878 422.975
116.659 -181.342 435.896
-51.3812 -203.975 435.896
-220.905 74.8976 354.076
-8.29498 5.49644 -0.0155878
-8.4603 5.23839 -0.0158985
30.3577 81.9343 90.868
5.49645 8.29496 0.0103289
-13.0648 155.643 177.302
-71.1879 75.3332 112.476
-8.39538 105.332 103.883
168.91 158.083 414.363
149.198 87.6566 207.507
68.7143 53.6662 90.8666
83.5386 51.4184 103.839
9.16371 3.87866 0.0172203
9.27881 3.59462 0.0174366
-100.848 -86.6508 142.758
-7.3537 -6.70377 -0.013819
-7.14377 -6.92705 -0.0134245
9.3851 3.30718 0.0176364
9.48249 3.01659 0.0178194
9.16371 -3.87865 0.0172203
59.0879 -224.038 354.075
-92.2262 -163.485 224.785
-69.6046 -158.443 207.506
179.204 -113.626 435.896
27.6707 -140.993 168.636
-199.451 -56.2154 435.896
-215.885 -92.7163 336.858
-180.165 -125.862 319.604
-194.033 -98.8061 293.767
-116.05 -134.202 207.53
-133.774 -185.348 422.975
-151.807 -43.7179 185.918
-159.816 -15.9772 190.234
-7.14377 6.92705 -0.0134245
-6.92706 7.14375 -0.0130173
-226.885 26.2011 336.846
38.4386 219.684 435.896
-30.5305 159.675 190.243
2.72316 -9.57087 0.00511731
-4.97538 8.61759 -0.00934969
-5.2384 8.46029 -0.00984395
206.026 94.9082 418.667
-9.65022 2.42712 -0.0181346
-9.57089 2.72315 -0.0179855
1.18661e-07 -9.95074 2.23024e-10
-0.306442 -9.94602 -0.000575833
9.83299 1.52636 0.018478
9.87533 1.22283 0.0185576
9.95076 0 0.0186993
-5.2384 -8.46029 -0.00984394
-4.97537 -8.61759 -0.00934969
6.31433 -239.356 362.698
6.50768 -229.856 431.589
5.08959 -204.501 435.896
-216.125 -97.9249 388.529
-222.911 -74.6862 345.47
-198.684 70.5892 272.216
4.43543 8.90754 0.00833502
4.15902 9.0399 0.00781559
9.57089 2.72315 0.0179855
9.72038 2.12879 0.0182664
9.78133 1.82844 0.0183809
0.918141 9.90829 0.00172536
1.22283 9.87532 0.00229794
1.82845 9.78131 0.003436
8.12178 5.74928 0.0152624
76.0015 43.7141 90.8701
8.29498 5.49644 0.0155878
-28.3063 -174.413 216.132
-187.892 12.9043 229.091
-175.489 55.5307 211.857
-85.3393 60.7999 112.483
6.47415 -7.55663 0.0121661
6.70378 -7.35369 0.0125977
6.47414 7.55664 0.0121661
6.23837 7.75243 0.0117231
-8.12178 -5.74927 -0.0152624
-8.76674 -4.70763 -0.0164744
-8.29277 -5.13466 -0.0155838
-6.70378 7.35368 -0.0125977
7.94087 5.99666 0.0149224
85.1904 -20.6216 90.87
7.3537 -6.70377 0.013819
7.55666 -6.47412 0.0142004
9.90831 0.918139 0.0186196
5.23841 -8.46028 0.00984395
5.49645 -8.29496 0.0103289
-6.98487 -5.6207 -0.0131263
-7.46914 -5.64042 -0.0140362
-7.39805 -5.23697 -0.0139027
-80.0163 -36.6174 90.8716
-8.4603 -5.23839 -0.0158985
-134.389 -136.635 435.896
-218.705 -40.1749 431.589
7.3537 6.70377 0.013819
7.55665 6.47413 0.0142004
-8.12178 5.74927 -0.0152624
-7.13527 6.50465 -0.0134087
7.14377 6.92705 0.0134245
-6.23837 7.75243 -0.0117231
-6.47415 7.55664 -0.0121661
1.52636 9.83298 0.00286833
-4.69046 6.21117 -0.0088149
-5.37364 6.67783 -0.0100986
-4.03941 6.99646 -0.00759136
-8.29498 -5.49644 -0.0155878
-86.4186 -18.384 90.8738
8.76674 4.70763 0.0164744
8.4603 5.23839 0.0158985
8.61761 4.97537 0.0161941
9.65021 2.42712 0.0181346
9.83299 -1.52636 0.0184781
9.72038 -2.12879 0.0182664
9.78133 -1.82844 0.018381
3.0166 -9.48248 0.00566879
-6.44993 3.99363 -0.0121213
-6.70123 4.14922 -0.0125935
-5.53656 4.74343 -0.010405
5.74928 -8.12176 0.010804
5.99667 -7.94086 0.0112689
6.23836 -7.75243 0.0117231
-5.9373 7.86223 -0.0111574
9.93188 0.612576 0.0186639
9.94604 0.306434 0.0186905
-9.3851 -3.30718 -0.0176364
-5.99667 7.94086 -0.0112689
-2.42713 9.6502 -0.00456103
-2.72315 9.57088 -0.00511733
4.70764 8.76672 0.00884655
-3.59463 -9.27879 -0.00675498
-3.30717 -9.38509 -0.00621484
-1.52636 9.83298 -0.00286833
-3.78841 8.23436 -0.00711942
3.87866 9.16369 0.00728875
3.59463 9.27879 0.00675499
-9.4825 3.01659 -0.0178194
-149.73 -56.2587 190.232
7.75244 6.23835 0.0145683
-4.42797 8.24593 -0.00832122
-4.48276 7.76437 -0.0084243
2.42713 9.6502 0.00456103
3.0166 9.48248 0.00566876
-3.5787 5.7798 -0.00672578
-3.15637 4.76344 -0.0059322
9.27881 -3.59462 0.0174366
9.5709 -2.72314 0.0179855
9.48249 -3.0166 0.0178194
9.94604 -0.306422 0.0186905
9.93188 -0.612579 0.0186639
1.22284 -9.87532 0.00229794
1.52636 -9.83298 0.00286834
0.306443 -9.94602 0.000575833
2.42713 -9.6502 0.00456102
-1.52635 -9.83298 -0.00286833
-1.22283 -9.87532 -0.00229793
-1.21071 -9.77754 -0.00227521
4.15903 -9.03989 0.00781559
4.43543 -8.90754 0.00833503
-4.03735 -5.34633 -0.00758773
-3.73429 -6.0311 -0.00701815
-4.26926 -6.03102 -0.00802346
-6.47415 -7.55663 -0.0121661
-6.23836 -7.75243 -0.0117231
-6.65518 -3.84237 -0.012507
-6.98092 -4.62572 -0.013119
-7.87636 -3.6237 -0.0148016
-7.3537 6.70377 -0.013819
-3.60104 7.23186 -0.00676754
0.306434 9.94602 0.000575848
-5.49645 8.29496 -0.0103289
-5.74929 8.12176 -0.010804
-9.3851 3.30718 -0.0176364
-8.90755 4.43543 -0.016739
-8.6819 3.9943 -0.0163151
5.2384 8.46029 0.00984394
-3.68243 5.94733 -0.00692069
-9.90831 0.91814 -0.0186196
-9.93188 0.612576 -0.0186639
-0.612578 9.93187 -0.00115115
-0.918142 9.90829 -0.00172536
-8.76674 4.70763 -0.0164744
-8.33274 4.47458 -0.015659
-6.15364 7.18255 -0.0115641
-9.2788 3.59462 -0.0174366
-9.55467 -2.40309 -0.0179551
-8.82757 -3.11071 -0.0165889
-9.16371 -3.87866 -0.0172203
-9.03992 -4.15901 -0.0169877
-8.61761 -4.97537 -0.0161941
-6.64865 -6.44695 -0.0124944
-7.80012 -5.52159 -0.0146581
8.46031 -5.23838 0.0158985
8.12177 -5.74928 0.0152624
9.90831 -0.918141 0.0186196
9.87533 -1.22283 0.0185576
9.3851 -3.30719 0.0176364
1.82845 -9.78131 0.003436
2.1288 -9.72036 0.00400041
0.61258 -9.93187 0.00115116
0.918141 -9.90829 0.00172537
-4.08867 7.08178 -0.00768391
-7.89874 -4.24153 -0.0148436
3.59463 -9.27879 0.00675498
3.87866 -9.16369 0.00728875
4.70764 -8.76672 0.00884656
4.97538 -8.61759 0.00934969
-3.94176 6.36616 -0.00740796
-6.92706 -7.14375 -0.0130173
-6.70378 -7.35369 -0.0125977
-4.70764 8.76672 -0.00884655
-4.43543 8.90754 -0.00833503
-1.22283 9.87532 -0.00229794
5.74929 8.12176 0.010804
-8.33274 -4.47458 -0.015659
0.612577 9.93187 0.00115115
-4.34961e-07 9.95074 -8.17507e-10
-5.69236 8.04135 -0.0106971
-5.03093 8.12523 -0.00945424
-7.94087 5.99666 -0.0149224
-8.61761 4.97537 -0.0161941
-9.16371 3.87866 -0.0172203
-8.82757 3.11071 -0.0165889
-9.55467 2.40309 -0.0179551
-9.78133 -1.82845 -0.018381
-9.833 -1.52636 -0.018478
-9.73521 -0.600445 -0.0182944
-9.93188 -0.612577 -0.0186639
-9.90831 -0.918142 -0.0186196
-9.2788 -3.59463 -0.0174366
-9.95076 -8.69923e-07 -0.0186993
-9.94604 0.306433 -0.0186905
-8.90755 -4.43543 -0.016739
9.03992 4.15901 0.0169877
8.90755 4.43543 0.016739
7.94088 -5.99666 0.0149224
8.76674 -4.70763 0.0164744
8.61761 -4.97537 0.0161941
-5.9913 -7.4454 -0.011259
-0.918136 -9.90829 -0.00172536
-0.612575 -9.93187 -0.00115115
-9.87533 1.22283 -0.0185576
-9.833 1.52636 -0.018478
-9.78133 1.82845 -0.018381
-2.40308 -9.55465 -0.00451591
-3.01659 -9.48248 -0.00566878
-6.40718 -5.84091 -0.0120408
-4.15903 -9.0399 -0.00781559
-4.43543 -8.90754 -0.00833503
-3.87866 -9.16369 -0.00728874
3.30717 -9.38508 0.00621485
-6.9974 -5.28419 -0.0131499
-9.72038 -2.1288 -0.0182664
-5.41819 -5.58769 -0.0101825
-7.75244 6.23835 -0.0145683
-3.30719 9.38508 -0.00621482
-3.59463 9.27879 -0.00675499
-5.35082 7.55887 -0.0100555
6.92706 7.14375 0.0130173
6.70378 7.35369 0.0125977
2.72315 9.57088 0.00511733
-7.55666 6.47413 -0.0142004
-9.03992 4.15901 -0.0169877
-7.87636 3.62369 -0.0148016
-7.53328 2.91841 -0.014157
-7.99263 3.09636 -0.0150201
-9.94604 -0.306432 -0.0186905
-9.81021 0.909047 -0.0184353
-3.58242 -4.45189 -0.00673287
6.92706 -7.14376 0.0130173
7.14377 -6.92705 0.0134245
8.29497 -5.49644 0.0155878
9.03992 -4.15901 0.0169877
8.90755 -4.43543 0.016739
9.65022 -2.42712 0.0181346
-3.53731 -5.33835 -0.00664805
-3.30049 -5.71663 -0.00620297
-2.42713 -9.6502 -0.00456102
-2.1288 -9.72036 -0.00400041
-3.87866 9.16369 -0.00728875
-6.14054 4.94128 -0.0115399
-7.55666 -6.47413 -0.0142004
-7.94087 -5.99666 -0.0149224
-3.0166 9.48248 -0.00566876
-1.82845 9.78131 -0.003436
-2.1288 9.72036 -0.00400042
-8.6819 -3.9943 -0.0163151
5.99667 7.94086 0.0112689
4.97538 8.61759 0.00934969
-9.72038 2.12879 -0.0182664
-4.56391 3.91013 -0.00857728
-4.458 4.59747 -0.00837824
-3.91012 4.56392 -0.00734868
-4.15902 9.0399 -0.00781559
-4.70764 -8.76672 -0.00884657
-2.72316 -9.57087 -0.00511731
-1.82845 -9.78131 -0.003436
-5.89751 -5.3763 -0.0110832
-7.75244 -6.23835 -0.0145683
-6.94395 3.72881 -0.0130496
-5.52159 7.80011 -0.0103763
-0.306435 9.94602 -0.000575849
-4.32083 -4.45601 -0.00812048
-4.63873 -3.97422 -0.00871787
3.30718 9.38508 0.00621482
-4.21584 -8.46658 -0.00792258
-5.74928 -8.12176 -0.010804
-5.49645 -8.29496 -0.0103289
-5.13465 -8.29276 -0.0096491
-3.68886 -7.40825 -0.00693257
-7.80012 5.52159 -0.0146581
-9.65021 -2.42712 -0.0181346
-9.4825 -3.01659 -0.0178194
-7.53328 -2.91841 -0.014157
-6.61452 -3.29363 -0.0124306
7.75243 -6.23836 0.0145683
-5.35082 -7.55887 -0.0100555
-3.41666 -8.81945 -0.00642074
-6.93157 -6.7213 -0.0130259
-5.34357 7.07601 -0.010042
-3.84026 9.07296 -0.00721662
-3.42847 5.17409 -0.00644352
-3.74049 4.95321 -0.00702989
-3.58242 4.45189 -0.00673286
-3.27359 4.06811 -0.0061525
-3.71694 4.07729 -0.00698566
-3.33322 3.89055 -0.00626456
-3.89125 -4.83567 -0.00731321
-5.41819 5.58769 -0.0101825
-4.33422 5.73944 -0.00814555
-4.20008 5.21946 -0.00789353
-5.68247 7.06162 -0.0106788
2.1288 9.72036 0.00400042
-9.44357 -1.46591 -0.0177464
-8.71603 -1.62931 -0.0163794
-8.54385 -3.3099 -0.0160558
-5.42495 -4.09673 -0.0101953
-6.14054 -4.94128 -0.0115399
-9.57089 -2.72315 -0.0179855
-9.87533 -1.22283 -0.0185576
-5.99667 -7.94086 -0.0112689
-3.24169 9.19924 -0.00609182
-8.54385 3.3099 -0.0160558
-3.88989 -6.2824 -0.00731052
-5.7519 -5.24354 -0.0108096
-8.62328 -2.45353 -0.0162051
-9.07694 -2.28294 -0.0170575
-8.62328 2.45353 -0.0162051
-6.28474 5.38443 -0.0118108
-6.58401 5.64083 -0.0123731
-6.08281 5.89828 -0.0114313
-7.46914 5.64042 -0.0140362
-6.36842 4.8092 -0.0119681
-6.9974 5.28419 -0.0131499
-7.84923 3.90845 -0.0147506
-8.02561 3.99628 -0.015082
-9.81021 -0.909048 -0.0184353
-8.29277 5.13466 -0.0155838
-7.39805 5.23697 -0.0139027
-4.09735 -6.61746 -0.00770032
-5.7519 5.24354 -0.0108096
-3.8708 5.46812 -0.00727473
-3.71782 4.33946 -0.00698731
-7.03292 -6.02543 -0.0132165
-7.99263 -3.09636 -0.0150201
-9.07694 2.28294 -0.0170575
-9.44357 1.46591 -0.0177464
-5.42495 4.09673 -0.0101953
-5.52851 3.42311 -0.0103899
-6.33635 3.40255 -0.0119079
-6.16275 -3.30933 -0.0115817
-9.73521 0.600443 -0.0182944
-7.03292 6.02543 -0.0132165
-6.57792 6.37837 -0.0123615
-5.96687 6.15353 -0.0112134
-6.77035 3.6356 -0.0127234
-8.4255 -1.575 -0.0158335
-8.4081 -2.11472 -0.0158008
-5.69236 -8.04135 -0.0106971
-5.46174 -4.67933 -0.0102644
-4.458 -4.59747 -0.00837824
-6.68291 -5.04669 -0.012559
-4.73257 4.31431 -0.00889421
-5.74899 3.80942 -0.0108042
-5.52851 -3.42311 -0.0103899
-8.86701 -7.75179e-07 -0.0166631
-8.70203 -1.07754 -0.0163531
-9.35962 -8.18244e-07 -0.0175887
-9.4178 0.872687 -0.017698
-6.59675 3.54238 -0.0123972
-8.4081 2.11472 -0.0158008
-6.98092 4.62572 -0.013119
-3.79986 -5.03184 -0.00714146
-4.01478 -4.98919 -0.00754534
-4.18982 -3.58962 -0.00787429
-3.71694 -4.07729 -0.00698566
-8.4255 1.57499 -0.0158335
-8.70203 1.07754 -0.0163531
-6.98487 5.6207 -0.0131263
-6.11594 -5.57542 -0.0114936
-8.07883 -7.06274e-07 -0.0151821
-6.40718 5.84091 -0.0120408
-9.4178 -0.872689 -0.017698
3  0 1 2
3  3 4 5
3  6 0 7
3  8 9 10
3  3 11 4
3  12 13 14
3  15 16 6
3  17 18 19
3  20 21 22
3  23 24 25
3  24 26 25
3  23 25 27
3  28 29 20
3  19 30 31
3  32 33 34
3  35 4 36
3  37 0 2
3  38 39 40
3  39 38 2
3  41 42 43
3  27 41 43
3  44 45 46
3  14 47 48
3  49 32 14
3  50 15 7
3  51 37 52
3  23 12 53
3  12 34 54
3  55 32 49
3  56 14 57
3  4 58 5
3  11 3 59
3  60 29 2
3  56 49 14
3  61 62 63
3  64 5 40
3  16 30 19
3  39 16 40
3  16 1 6
3  16 18 40
3  65 29 37
3  1 39 2
3  15 66 67
3  16 15 30
3  68 15 50
3  32 69 44
3  34 14 70
3  54 33 71
3  37 29 52
3  29 13 12
3  72 12 73
3  34 33 54
3  15 6 7
3  66 68 50
3  33 32 74
3  44 75 76
3  77 5 78
3  32 55 69
3  59 3 79
3  49 11 59
3  44 69 80
3  69 55 81
3  82 60 35
3  35 40 83
3  13 29 28
3  20 82 21
3  40 5 83
3  60 38 35
3  3 5 77
3  84 5 85
3  1 0 6
3  16 39 1
3  86 64 87
3  18 17 40
3  88 89 90
3  18 16 19
3  91 40 92
3  17 31 93
3  0 51 42
3  7 42 94
3  72 73 43
3  95 66 96
3  51 52 97
3  15 68 98
3  13 28 47
3  54 53 99
3  47 28 48
3  14 13 47
3  51 0 37
3  38 60 2
3  29 12 72
3  33 8 10
3  25 26 95
3  12 23 73
3  24 100 101
3  102 88 103
3  23 53 104
3  46 105 106
3  8 33 74
3  107 80 108
3  44 46 106
3  8 74 109
3  11 49 56
3  57 14 110
3  55 111 79
3  3 81 79
3  67 66 112
3  69 113 114
3  58 4 35
3  38 40 35
3  29 60 20
3  20 60 115
3  29 65 2
3  65 37 2
3  116 45 117
3  118 66 119
3  120 121 122
3  30 15 67
3  66 88 123
3  66 123 124
3  42 27 125
3  26 103 95
3  103 88 95
3  73 126 127
3  68 66 98
3  66 15 98
3  12 14 34
3  14 32 70
3  11 56 57
3  4 11 57
3  52 29 97
3  29 72 97
3  23 126 73
3  42 51 43
3  50 25 95
3  27 25 125
3  53 71 128
3  9 100 129
3  103 26 101
3  88 66 95
3  74 32 130
3  32 44 130
3  46 88 105
3  77 131 132
3  55 49 111
3  81 55 79
3  21 82 22
3  82 4 22
3  60 82 115
3  82 20 115
3  5 58 83
3  58 35 83
3  133 134 135
3  81 3 77
3  136 137 138
3  5 64 85
3  92 133 87
3  139 140 141
3  33 10 71
3  32 34 70
3  94 42 125
3  42 41 27
3  66 50 142
3  142 50 95
3  0 42 7
3  50 7 94
3  126 27 43
3  126 23 27
3  51 97 43
3  97 72 43
3  26 24 101
3  71 10 128
3  53 24 104
3  24 23 104
3  102 100 143
3  74 130 109
3  100 9 143
3  44 143 144
3  111 49 79
3  49 59 79
3  69 81 113
3  44 80 145
3  30 146 147
3  5 148 149
3  150 151 152
3  80 153 108
3  4 82 36
3  82 35 36
3  139 141 154
3  84 140 154
3  40 17 155
3  134 40 135
3  30 156 157
3  91 92 87
3  121 40 158
3  17 19 31
3  30 159 160
3  30 67 159
3  161 162 163
3  88 164 165
3  53 12 166
3  12 54 99
3  10 9 129
3  54 71 167
3  25 50 125
3  50 94 125
3  126 43 127
3  43 73 127
3  100 24 128
3  24 53 128
3  9 130 143
3  168 84 169
3  100 102 101
3  102 103 101
3  130 9 109
3  9 8 109
3  80 107 145
3  170 108 171
3  84 168 172
3  80 173 174
3  81 175 137
3  176 177 178
3  179 165 150
3  164 46 180
3  64 140 85
3  140 84 85
3  140 64 181
3  141 182 183
3  44 145 170
3  134 133 184
3  40 155 185
3  17 186 187
3  67 112 188
3  189 190 191
3  159 146 192
3  30 193 194
3  75 170 76
3  108 173 195
3  88 46 164
3  153 173 108
3  4 48 22
3  4 57 48
3  12 99 166
3  99 53 166
3  71 53 167
3  53 54 167
3  66 142 96
3  142 95 96
3  100 128 129
3  128 10 129
3  122 196 197
3  164 180 198
3  173 80 199
3  80 69 199
3  81 200 201
3  77 202 131
3  66 203 204
3  201 205 206
3  77 207 208
3  45 44 209
3  105 88 210
3  105 102 143
3  88 179 150
3  148 168 211
3  212 206 213
3  214 215 216
3  140 139 154
3  148 141 217
3  17 93 218
3  219 220 218
3  221 40 222
3  121 158 122
3  66 223 224
3  223 225 226
3  66 227 228
3  227 229 225
3  146 159 230
3  67 230 231
3  30 160 192
3  160 159 192
3  193 146 194
3  146 30 194
3  232 233 234
3  88 235 236
3  14 48 110
3  48 57 110
3  48 28 22
3  28 20 22
3  237 238 239
3  107 108 240
3  173 153 174
3  153 80 174
3  136 241 242
3  69 243 244
3  141 148 211
3  245 246 247
3  248 208 132
3  138 214 249
3  45 250 251
3  81 252 253
3  173 199 195
3  247 254 255
3  256 108 195
3  44 257 245
3  108 256 171
3  198 258 259
3  164 260 261
3  262 164 151
3  40 133 92
3  263 264 162
3  133 40 184
3  40 134 184
3  141 140 182
3  135 86 87
3  135 40 120
3  40 121 120
3  146 93 265
3  31 30 266
3  267 40 268
3  219 93 186
3  40 196 158
3  17 269 220
3  40 221 122
3  158 196 122
3  66 270 271
3  270 223 271
3  66 272 273
3  272 225 273
3  213 274 177
3  76 170 254
3  77 78 248
3  238 275 239
3  272 66 225
3  66 118 225
3  112 230 276
3  67 276 277
3  230 159 278
3  67 278 279
3  146 193 192
3  193 30 192
3  241 136 280
3  264 263 150
3  88 281 282
3  264 152 163
3  283 81 284
3  253 252 285
3  113 243 114
3  243 69 114
3  243 199 244
3  199 69 244
3  78 286 248
3  168 148 172
3  152 151 287
3  131 202 132
3  81 288 242
3  241 285 289
3  81 253 285
3  290 243 291
3  145 292 170
3  44 293 254
3  44 294 257
3  245 295 296
3  46 45 180
3  297 180 298
3  299 300 251
3  297 301 300
3  261 260 302
3  303 45 304
3  305 261 302
3  305 164 261
3  88 102 210
3  102 105 210
3  64 86 306
3  133 135 87
3  168 169 211
3  169 84 211
3  140 181 183
3  181 307 183
3  156 146 308
3  146 265 308
3  309 31 310
3  31 265 310
3  236 281 311
3  135 120 122
3  122 267 268
3  40 267 222
3  223 270 224
3  270 66 224
3  225 112 226
3  112 66 226
3  225 223 273
3  223 66 273
3  227 225 312
3  225 118 313
3  314 315 316
3  204 317 318
3  263 161 319
3  320 321 322
3  112 276 188
3  67 188 323
3  276 230 277
3  230 67 277
3  230 278 231
3  278 67 231
3  278 159 279
3  159 67 279
3  324 161 163
3  179 88 165
3  180 45 303
3  325 180 297
3  62 326 234
3  292 145 327
3  199 243 195
3  81 328 329
3  256 195 330
3  113 81 283
3  84 331 332
3  331 172 332
3  214 216 249
3  78 5 286
3  248 148 216
3  202 248 132
3  81 137 136
3  81 333 214
3  170 292 327
3  108 334 240
3  334 108 170
3  257 335 246
3  336 337 338
3  116 117 245
3  180 303 339
3  340 251 316
3  93 146 341
3  122 93 341
3  105 143 106
3  143 44 106
3  143 130 144
3  130 44 144
3  64 40 87
3  40 91 87
3  182 140 183
3  181 64 307
3  141 211 154
3  211 84 154
3  86 183 306
3  86 141 183
3  30 342 343
3  342 146 343
3  265 93 310
3  265 31 344
3  93 31 345
3  31 309 346
3  196 40 197
3  40 122 197
3  267 122 222
3  122 221 222
3  40 185 268
3  17 219 347
3  223 226 271
3  226 66 271
3  66 313 119
3  313 118 119
3  66 228 312
3  228 227 312
3  339 303 304
3  66 321 320
3  348 146 349
3  66 350 351
3  161 324 319
3  264 150 152
3  212 284 352
3  190 353 191
3  341 146 348
3  349 230 233
3  188 276 323
3  276 67 323
3  164 305 151
3  165 164 262
3  150 281 354
3  88 150 355
3  328 356 329
3  212 201 206
3  81 357 358
3  81 205 357
3  198 305 302
3  177 274 178
3  66 320 322
3  151 305 359
3  335 44 246
3  75 44 170
3  172 148 332
3  331 84 172
3  148 5 332
3  5 84 332
3  5 149 360
3  149 148 360
3  286 148 248
3  202 77 361
3  288 136 242
3  288 81 136
3  334 145 240
3  145 107 240
3  145 334 327
3  334 170 327
3  257 294 335
3  294 44 335
3  251 250 316
3  295 245 247
3  45 116 362
3  250 45 314
3  45 209 117
3  293 76 254
3  86 135 217
3  363 364 365
3  183 307 306
3  307 64 306
3  146 342 147
3  342 30 147
3  146 156 343
3  156 30 343
3  308 265 344
3  266 30 308
3  310 93 345
3  346 309 310
3  93 122 186
3  122 268 186
3  225 313 312
3  313 66 312
3  81 352 366
3  321 66 367
3  321 367 204
3  321 204 322
3  229 227 317
3  350 66 368
3  317 227 318
3  227 66 369
3  326 61 370
3  281 236 282
3  150 165 151
3  165 262 151
3  88 371 354
3  371 150 354
3  81 201 356
3  243 113 284
3  330 212 213
3  372 337 336
3  195 243 290
3  212 330 291
3  373 290 291
3  356 201 329
3  274 205 285
3  205 81 285
3  357 205 358
3  205 201 358
3  81 289 374
3  289 285 374
3  375 376 363
3  215 77 377
3  141 86 217
3  204 367 378
3  88 379 380
3  195 290 373
3  124 380 381
3  229 317 382
3  148 286 360
3  286 5 360
3  137 175 138
3  175 81 138
3  170 171 383
3  293 44 76
3  258 198 384
3  198 180 385
3  198 259 359
3  237 386 387
3  45 315 314
3  250 314 316
3  117 209 245
3  209 44 245
3  156 308 157
3  30 157 388
3  31 266 344
3  266 308 344
3  31 346 345
3  346 310 345
3  93 219 218
3  219 17 220
3  186 268 187
3  268 185 187
3  63 378 389
3  367 66 124
3  227 351 318
3  351 350 318
3  66 204 318
3  204 390 317
3  227 369 351
3  369 66 351
3  89 281 90
3  281 88 90
3  281 150 391
3  150 263 391
3  150 371 355
3  371 88 355
3  281 89 354
3  89 88 354
3  205 274 206
3  206 274 213
3  113 283 284
3  328 81 356
3  392 330 213
3  392 213 177
3  330 373 291
3  212 352 393
3  201 200 358
3  200 81 358
3  241 289 242
3  289 81 242
3  285 252 374
3  252 81 374
3  202 361 248
3  361 77 248
3  394 217 395
3  396 217 397
3  214 333 215
3  398 397 399
3  348 349 233
3  375 341 400
3  401 402 403
3  215 208 216
3  330 195 373
3  390 204 378
3  256 330 404
3  330 392 404
3  136 138 280
3  81 214 405
3  401 177 176
3  245 257 246
3  275 287 359
3  406 299 407
3  239 275 408
3  237 409 410
3  260 164 302
3  164 198 302
3  411 180 384
3  385 411 384
3  297 298 412
3  298 180 412
3  180 339 300
3  301 180 300
3  157 308 388
3  308 30 388
3  220 269 218
3  269 17 218
3  219 186 347
3  186 17 347
3  185 155 187
3  155 17 187
3  88 236 413
3  379 413 380
3  204 203 322
3  203 66 322
3  352 414 393
3  326 232 234
3  350 368 318
3  368 66 318
3  398 363 365
3  336 338 415
3  233 112 416
3  146 230 349
3  152 275 163
3  417 326 370
3  208 215 377
3  217 135 397
3  418 419 407
3  415 338 420
3  421 422 423
3  383 171 424
3  333 81 215
3  81 77 215
3  214 138 405
3  138 81 405
3  362 116 316
3  297 299 406
3  353 190 425
3  426 427 428
3  418 259 419
3  297 258 384
3  180 411 385
3  198 385 384
3  180 301 412
3  301 297 412
3  300 304 251
3  297 300 429
3  304 45 251
3  300 339 304
3  430 431 255
3  246 44 254
3  236 235 282
3  235 88 282
3  281 391 311
3  391 263 311
3  413 236 380
3  61 63 389
3  326 62 61
3  324 410 370
3  62 234 432
3  416 225 382
3  433 421 423
3  367 124 381
3  191 353 433
3  403 402 434
3  243 284 291
3  284 212 291
3  201 352 329
3  352 81 329
3  352 201 414
3  201 212 414
3  352 284 366
3  284 81 366
3  396 435 365
3  341 398 399
3  275 324 163
3  263 162 436
3  305 198 359
3  275 152 287
3  275 359 408
3  287 151 359
3  324 275 238
3  386 239 437
3  316 438 439
3  409 440 363
3  440 409 441
3  337 442 443
3  435 396 398
3  376 409 363
3  444 340 316
3  116 245 296
3  422 445 446
3  256 177 447
3  404 392 177
3  256 404 177
3  280 249 402
3  77 208 377
3  217 396 395
3  208 248 216
3  372 189 448
3  386 337 443
3  259 258 419
3  258 297 419
3  449 386 450
3  386 237 239
3  180 325 384
3  325 297 384
3  300 299 429
3  299 297 429
3  299 251 444
3  116 296 316
3  246 254 247
3  431 383 424
3  317 390 63
3  162 264 163
3  236 311 451
3  451 311 381
3  236 451 380
3  379 88 413
3  414 212 393
3  311 263 61
3  417 410 452
3  232 452 453
3  230 112 233
3  326 417 452
3  162 161 436
3  161 263 436
3  324 238 454
3  238 237 410
3  440 191 455
3  409 376 375
3  442 441 443
3  440 441 456
3  409 237 443
3  409 443 457
3  442 189 191
3  440 442 191
3  395 403 434
3  148 217 394
3  458 449 459
3  460 444 461
3  401 191 433
3  442 337 462
3  447 401 423
3  445 171 446
3  208 207 132
3  207 77 132
3  337 448 462
3  337 372 448
3  299 444 460
3  419 297 406
3  359 259 408
3  259 418 408
3  239 408 437
3  408 418 437
3  337 463 338
3  251 340 444
3  170 383 430
3  383 431 430
3  190 336 464
3  171 445 424
3  124 123 380
3  123 88 380
3  410 417 370
3  61 263 319
3  341 465 400
3  341 348 465
3  466 465 232
3  465 348 232
3  112 225 416
3  232 348 233
3  380 451 381
3  63 390 378
3  378 367 381
3  311 61 389
3  225 229 382
3  381 311 389
3  375 466 453
3  410 409 452
3  238 410 454
3  410 324 454
3  375 467 468
3  375 363 467
3  441 442 456
3  442 440 456
3  216 148 394
3  435 398 365
3  469 458 470
3  419 406 407
3  395 365 403
3  189 372 190
3  461 444 439
3  280 138 249
3  386 443 387
3  443 237 387
3  443 441 457
3  441 409 457
3  448 189 462
3  189 442 462
3  463 469 470
3  463 460 461
3  315 45 316
3  45 362 316
3  177 401 447
3  431 426 428
3  254 430 255
3  254 170 430
3  336 427 464
3  190 372 336
3  445 422 471
3  422 353 426
3  61 319 472
3  319 324 472
3  465 466 400
3  466 375 400
3  466 232 453
3  232 326 452
3  317 63 382
3  63 62 382
3  378 381 389
3  401 433 423
3  402 249 434
3  191 401 403
3  353 422 421
3  353 421 433
3  241 280 178
3  401 176 402
3  396 397 398
3  397 135 399
3  467 363 468
3  363 398 468
3  135 122 399
3  122 341 399
3  364 191 403
3  394 395 434
3  418 407 450
3  407 449 450
3  463 337 469
3  386 449 473
3  280 402 178
3  402 176 178
3  316 296 438
3  296 295 438
3  463 470 460
3  470 458 460
3  431 424 471
3  424 445 471
3  171 256 446
3  256 447 446
3  295 415 420
3  427 336 428
3  247 255 428
3  255 431 428
3  427 426 464
3  190 464 425
3  61 472 370
3  472 324 370
3  452 409 453
3  409 375 453
3  233 416 234
3  234 416 432
3  422 474 423
3  474 447 423
3  274 285 178
3  285 241 178
3  398 341 468
3  341 375 468
3  395 396 365
3  191 364 455
3  449 407 459
3  299 460 475
3  458 469 449
3  449 469 473
3  469 337 473
3  337 386 473
3  365 364 403
3  444 316 439
3  438 295 420
3  463 461 420
3  422 426 471
3  426 431 471
3  422 446 474
3  446 447 474
3  338 463 420
3  295 247 415
3  336 415 428
3  415 247 428
3  464 426 425
3  426 353 425
3  416 382 432
3  382 62 432
3  364 363 455
3  363 440 455
3  460 407 475
3  407 299 475
3  386 437 450
3  437 418 450
3  407 460 459
3  460 458 459
3  249 216 434
3  216 394 434
3  438 420 439
3  420 461 439
