OFF
471 938 0
-211.234 -187.414 427.293
-324.764 18.9847 405.82
-263.137 -133.817 298.335
-147.08 126.478 186.106
-205.899 149.201 293.884
-116.62 190.15 220.646
52.8668 -209.837 207.715
-42.9002 -235.036 237.923
25.0417 -198.801 190.437
222.12 -31.1929 203.471
219.974 -92.7895 229.327
99.0941 -56.1788 95.3409
-149.833 -31.0284 129.978
-218.811 -8.68321 190.546
-113.786 9.10262 91.0448
-108.376 -192.915 212.044
-41.511 -123.111 104.048
-220.475 -156.31 268.157
-187.75 -216.761 315.491
4.9744 8.61759 -0.00903354
5.23737 8.46028 -0.0095111
5.18553 8.37651 -0.009417
-111.774 -68.1982 112.638
-109.196 -90.1987 121.308
-236.447 50.4999 250.823
-283.204 67.1513 349.89
-274.498 74.8686 435.896
-262.341 -52.4954 435.896
265.832 -120.905 431.595
272.222 -113.187 397.191
278.493 -49.5662 431.594
-224.579 177.328 427.293
-197.81 157.46 435.896
-5.99549 -7.94086 0.0108878
-5.74816 -8.12176 0.0104387
128.573 -257.117 306.895
60.9309 -104.927 95.3964
271.291 -2.95008 435.896
-103.408 39.8448 91.0199
-9.38325 3.30717 0.01704
-83.7123 -285.673 349.907
66.954 87.7561 86.7222
143.548 158.604 177.639
98.5116 79.1865 99.7272
-193.091 215.342 401.486
-254.273 113.599 349.86
-248.831 144.523 414.389
-121.701 249.158 405.779
-95.4529 259.275 379.967
-154.667 226.233 367.053
250.125 88.0243 431.592
273.603 51.1083 418.687
-161.264 -200.541 435.896
170.334 -280.125 427.303
204.231 -158.676 302.492
106.959 264.399 328.376
72.7774 298.822 431.597
131.812 259.742 358.49
44.5655 142.913 112.787
200.259 227.439 362.812
211.078 185.793 431.594
245.751 156.369 414.392
-55.2311 110.4 95.4095
-32.4974 214.465 203.419
298.176 108.042 358.548
272.701 -43.2024 336.951
161.804 -173.995 237.908
-93.2252 -83.4261 104.008
-8.76501 -4.70762 0.0159173
-8.61591 -4.97536 0.0156465
101.691 -297.59 401.513
-14.5438 -287.354 319.792
-57.9619 -104.603 99.6771
-9.03814 -4.15901 0.0164133
-202.198 62.5999 211.988
-206.893 93.6295 242.161
-233.307 120.807 311.11
60.3863 260.995 435.896
181.148 170.466 435.896
-20.1411 272.459 435.896
-18.4694 288.818 345.583
13.62 282.148 324.067
88.9582 226.735 250.836
6.1525 7.18249 -0.0111732
6.98834 6.37183 -0.0126911
6.57673 6.37827 -0.0119437
8.67824 4.661 -0.0157598
9.1619 3.87865 -0.0166381
8.33114 4.47451 -0.0151296
115.02 -0.267189 91.0535
241.643 79.0642 246.597
47.4588 201.398 190.476
178.594 145.61 212.098
208.305 186.342 315.465
-3.63507 -139.226 112.705
-179.697 -215.139 405.781
-80.4792 -254.3 431.592
217.903 -118.001 435.896
-51.4857 -274.213 418.687
-7.55517 -6.47412 0.0137202
-7.35225 -6.70376 0.0133517
-84.2633 264.725 401.477
-39.1402 -250.22 435.896
-100.951 225.277 435.896
286.403 95.1009 392.903
105.765 -149.089 173.135
7.48038 6.41001 -0.0135845
7.54633 5.69972 -0.0137044
153.626 104.615 164.563
-6.70247 -7.35368 0.0121717
-6.23713 -7.75243 0.0113266
0.306374 9.94602 -0.000556377
0.612457 9.93186 -0.00111222
0.917961 9.90829 -0.00166703
1.52607 9.83298 -0.00277135
2.12838 9.72036 -0.00386516
183.784 -171.269 435.896
-8.9058 4.43542 0.016173
-9.03814 4.15901 0.0164133
6.70247 7.35368 -0.0121717
-178.045 185.182 311.089
-0.612458 9.93186 0.00111223
-0.306375 9.94602 0.000556379
3.59393 9.27878 -0.00652659
3.87791 9.16369 -0.0070423
7.75091 -6.23836 -0.0140757
35.4135 -116.666 95.4011
4.15822 -9.03989 -0.00755136
-7.93931 -5.99665 0.0144178
7.14237 6.92704 -0.0129706
7.75092 6.23835 -0.0140757
-8.29335 5.49643 0.0150608
-8.45864 5.23839 0.0153609
-1.82809 9.78131 0.00331982
-2.12838 9.72036 0.00386516
7.35225 6.70376 -0.0133517
-6.70247 7.35368 0.0121717
-6.47288 7.55663 0.0117548
-5.99549 7.94086 0.0108878
-4.15821 9.03989 0.00755134
-4.43456 8.90754 0.00805318
-101.047 68.2428 103.986
77.379 -239.372 435.896
-90.6244 -237.267 435.896
15.9664 -263.551 431.592
-6.47288 -7.55663 0.0117548
-4.70671 -8.76672 0.00854739
-8.45864 -5.23839 0.0153609
-8.29335 -5.49643 0.0150608
-9.27698 -3.59462 0.016847
-9.38325 -3.30718 0.01704
-9.56901 -2.72315 0.0173773
-9.71847 -2.12879 0.0176488
-9.7794 -1.82845 0.0177594
9.38325 -3.30718 -0.01704
9.27698 -3.59462 -0.016847
9.1619 -3.87865 -0.0166381
-6.23714 7.75242 0.0113267
-9.48063 -3.01659 0.0172169
7.70497 4.77148 -0.0139926
8.29116 5.13462 -0.0150569
-7.35226 6.70376 0.0133517
-7.55517 6.47412 0.0137202
4.70672 8.76672 -0.00854743
4.43457 8.90753 -0.0080532
5.58006 7.39043 -0.0101337
5.92844 7.36858 -0.0107663
7.93932 5.99665 -0.0144178
8.12018 5.74927 -0.0147463
104.312 -232.955 435.896
-2.42666 -9.65019 0.00440685
-2.12838 -9.72036 0.00386515
-7.14237 -6.92704 0.0129706
-6.9257 -7.14375 0.0125771
-8.9058 -4.43543 0.016173
3.38389 -4.48125 -0.00614592
-7.75092 -6.23835 0.0140757
-9.90636 0.918138 0.01799
-9.92993 0.612574 0.0180328
-9.71847 2.12879 0.0176488
-9.7794 1.82844 0.0177594
-9.92993 -0.612575 0.0180328
-9.90636 -0.918139 0.01799
1.22259 9.87532 -0.00222023
-9.56901 2.72315 0.0173773
3.39693 3.96513 -0.0061696
5.52058 -7.80005 -0.0100256
6.11367 -7.59888 -0.0111026
5.57748 -7.88048 -0.0101289
-7.93931 5.99665 0.0144178
9.03814 4.15901 -0.0164133
6.47288 7.55663 -0.0117548
6.9257 7.14375 -0.0125771
8.5332 0.790831 -0.0154967
8.76676 0 -0.0159208
8.5332 -0.79083 -0.0154967
7.93932 -5.99665 -0.0144178
-3.87791 9.16369 0.0070423
6.76914 -3.63536 -0.0122934
7.61987 -3.22564 -0.0138382
7.08052 -4.08846 -0.0128588
3.41503 4.82461 -0.00620245
4.39067 8.81933 -0.00797352
7.55517 6.47413 -0.0137202
-9.16191 -3.87865 0.0166381
-8.12018 -5.74926 0.0147463
-9.64831 2.42712 0.0175214
-9.83106 -1.52635 0.0178532
-9.83106 1.52635 0.0178532
-9.64831 -2.42712 0.0175214
-4.34961e-07 9.95074 7.90011e-10
3.46883 6.96718 -0.00629992
1.82809 9.78131 -0.00331982
2.72262 9.57087 -0.0049443
2.42665 9.65019 -0.00440683
6.4088 7.4818 -0.0116385
5.74816 8.12176 -0.0104387
6.23714 7.75242 -0.0113267
3.01601 9.48248 -0.0054771
5.63988 6.58387 -0.0102425
6.03442 6.22412 -0.010959
5.96585 6.15338 -0.0108345
8.29335 5.49643 -0.0150608
8.9058 4.43542 -0.016173
8.76501 4.70762 -0.0159173
8.61592 4.97536 -0.0156465
8.32229 3.82949 -0.0151136
6.95128 4.30462 -0.0126241
6.23713 -7.75243 -0.0113266
6.47288 -7.55663 -0.0117548
-1.22259 9.87532 0.00222023
-1.52607 9.83298 0.00277135
4.07603 5.06572 -0.00740283
4.04105 5.70917 -0.00733924
4.39299 5.81786 -0.00797835
0.612461 -9.93186 -0.00111223
0.917965 -9.90829 -0.00166702
8.33738 2.37254 -0.0151411
7.99111 3.09622 -0.0145123
9.56901 2.72314 -0.0173773
9.64831 2.42712 -0.0175214
9.48063 3.01659 -0.0172169
-72.9171 81.9198 91.0107
-9.48063 3.01659 0.0172169
-9.9488 -8.69752e-07 0.0180671
-9.94408 -0.306431 0.0180585
-9.87339 1.22282 0.0179301
-9.94408 0.306432 0.0180585
1.51096 9.73562 -0.00274394
3.45848 7.51825 -0.00628103
3.30654 9.38508 -0.0060047
3.80114 8.98222 -0.00690297
3.62313 7.87628 -0.00657996
4.10105 7.63825 -0.00744789
4.18656 7.25232 -0.00760325
5.9955 7.94085 -0.0108878
3.83952 9.07295 -0.00697263
4.15821 9.0399 -0.00755132
3.69959 5.22668 -0.00671919
3.25087 5.63114 -0.00590426
3.57827 5.77963 -0.00649882
4.45539 4.32056 -0.00809177
3.97372 4.63849 -0.00721705
8.45864 5.23838 -0.0153609
5.81711 4.39334 -0.0105646
5.5813 4.21521 -0.0101364
5.76008 4.93549 -0.010461
5.49538 8.29496 -0.00997964
3.49711 6.05776 -0.0063514
-3.01601 9.48248 0.0054771
-3.30654 9.38508 0.00600471
-0.917962 9.90829 0.00166703
5.0058 7.55573 -0.00909086
-6.9257 7.14375 0.0125771
4.33885 3.71754 -0.00788014
4.11454 4.24355 -0.00747279
-8.61591 4.97536 0.0156465
-9.27698 3.59462 0.016847
4.43457 -8.90753 -0.00805319
9.38326 3.30717 -0.01704
9.27698 3.59462 -0.016847
-8.76501 4.70762 0.0159173
-9.16191 3.87865 0.0166381
6.20887 5.32013 -0.0112759
6.59993 5.31169 -0.011986
6.36733 4.80899 -0.0115637
4.28504 7.42298 -0.00778205
9.92993 -0.612577 -0.0180328
9.94408 -0.306419 -0.0180585
5.66593 -3.75472 -0.0102901
6.9849 -2.95679 -0.0126852
-2.42666 9.65019 0.00440683
-2.72262 9.57087 0.0049443
-3.59393 9.27878 0.0065266
3.87032 5.46792 -0.00702922
-7.14237 6.92704 0.0129706
9.17069 2.30692 -0.0166542
9.63498 0.594373 -0.0174973
8.85769 1.37518 -0.0160859
4.61013 -6.51333 -0.00837258
4.87878 -6.0636 -0.00886051
5.57451 -6.11577 -0.0101239
6.9849 2.95679 -0.0126852
6.19757 3.83777 -0.0112555
6.87785 3.42516 -0.0124908
3.91126 8.50284 -0.00710305
4.08341 8.20194 -0.00741573
5.86965 -5.69233 -0.0106599
5.60539 -5.11056 -0.0101801
6.06278 -4.87928 -0.0110107
4.70671 -8.76672 -0.0085474
4.43277 7.67896 -0.00805026
7.33944 -2.58662 -0.013329
3.46103 -4.03994 -0.00628601
-9.87339 -1.22282 0.0179301
-4.70672 8.76672 0.00854743
-4.9744 8.61759 0.00903353
-5.23737 8.46029 0.00951108
-5.49538 8.29495 0.00997964
6.76034 5.10589 -0.0122773
4.32025 -4.45575 -0.00784637
9.63638 1.49612 -0.0174998
-3.016 -9.48248 0.00547706
-2.72263 -9.57087 0.00494434
-1.8281 -9.78131 0.00331986
-1.52605 -9.83298 0.0027713
-0.306385 -9.94602 0.000556432
1.18661e-07 -9.95074 -2.15522e-10
3.01601 -9.48248 -0.00547707
3.30652 -9.38508 -0.00600463
5.23738 -8.46028 -0.00951113
5.9955 -7.94085 -0.0108879
3.59393 -9.27878 -0.00652661
6.85714 -7.073 -0.0124527
2.97926 -8.45583 -0.00541061
1.8281 -9.78131 -0.00331986
0.306386 -9.94602 -0.000556433
4.03781 -4.71331 -0.00733344
-8.12018 5.74926 0.0147463
3.84184 6.65504 -0.00697736
7.14388 -4.73439 -0.0129738
8.36135 -2.94687 -0.0151846
8.32229 -3.82949 -0.0151136
8.11378 1.00484 -0.0147351
-5.74817 8.12175 0.0104387
9.90636 0.918137 -0.01799
9.87339 1.22283 -0.0179301
7.35225 -6.70376 -0.0133517
7.55518 -6.47412 -0.0137203
8.61592 -4.97536 -0.0156465
8.76501 -4.70763 -0.0159173
4.67866 5.46151 -0.00849716
-4.43457 -8.90753 0.00805319
-4.15822 -9.03989 0.00755136
-3.30652 -9.38509 0.00600463
3.69411 -6.39906 -0.00670914
3.25087 -5.63114 -0.00590427
4.69354 -5.83331 -0.00852415
4.43941 -6.27208 -0.0080626
-1.21048 -9.77754 0.00219819
-0.91796 -9.90829 0.00166701
2.12838 -9.72036 -0.00386515
2.42666 -9.65019 -0.00440685
8.81116 -1.64734 -0.0160014
9.17069 -2.30691 -0.0166542
9.56901 -2.72313 -0.0173774
6.83014 -5.497 -0.012404
8.29335 -5.49643 -0.0150608
8.9058 -4.43542 -0.016173
9.77941 -1.82843 -0.0177594
9.83106 -1.52636 -0.0178532
6.57673 -6.37826 -0.0119437
7.14237 -6.92704 -0.0129706
5.49538 -8.29496 -0.00997963
6.37723 -6.57781 -0.0115814
-7.75092 6.23835 0.0140757
4.40739 6.65225 -0.00800438
4.34678 8.73113 -0.00789385
7.00096 6.78984 -0.0127139
6.55163 5.97352 -0.0118982
3.49532 6.50981 -0.00634809
9.92993 0.612575 -0.0180328
9.9488 0 -0.0180671
9.94408 0.306433 -0.0180585
9.71847 2.12879 -0.0176488
8.45426 -2.97962 -0.0153533
5.72823 5.55515 -0.0104031
7.61987 3.22565 -0.0138382
6.90991 3.98994 -0.012549
9.63498 -0.594382 -0.0174973
8.11378 -1.00483 -0.0147351
3.84921 4.22266 -0.00699095
3.70311 3.81917 -0.00672563
3.78146 4.41403 -0.00686791
-5.23738 -8.46028 0.00951112
-4.9744 -8.61759 0.00903353
-5.49537 -8.29496 0.00997963
3.75651 -5.30709 -0.00682256
3.4825 -5.25602 -0.00632495
-1.22259 -9.87532 0.00222023
3.86809 -7.20423 -0.00702495
4.33429 -7.50831 -0.00787148
1.22259 -9.87532 -0.00222024
1.52605 -9.83298 -0.0027713
4.39068 -8.81933 -0.00797356
3.8779 -9.16369 -0.00704229
4.77081 -7.70632 -0.00866413
2.72263 -9.57087 -0.00494434
8.45864 -5.23838 -0.0153609
9.87339 -1.22283 -0.0179301
9.64832 -2.42711 -0.0175214
9.90636 -0.918137 -0.01799
9.83161 -0.606517 -0.0178543
6.70246 -7.35368 -0.0121717
6.9257 -7.14375 -0.0125771
7.29053 -5.86767 -0.0132399
4.9744 -8.61759 -0.00903353
7.31629 -5.17991 -0.0132868
7.87902 -5.57845 -0.0143085
7.31054 -5.52156 -0.0132763
3.86808 7.20423 -0.00702491
5.8768 7.78359 -0.0106724
7.38914 5.58095 -0.013419
6.6972 6.10629 -0.0121625
7.29053 5.86767 -0.0132399
9.83106 1.52636 -0.0178532
9.7794 1.82844 -0.0177594
5.50816 6.04295 -0.0100034
4.72393 6.67418 -0.00857919
4.32304 -5.37275 -0.00785138
3.75454 -5.66667 -0.00681895
7.83331 -1.97041 -0.0142258
4.64553 -5.09638 -0.00843703
-3.8779 -9.16369 0.00704229
-3.59392 -9.27879 0.0065266
3.99563 -8.02554 -0.00725639
3.8701 -8.41333 -0.00702834
8.12018 -5.74927 -0.0147463
8.33114 -4.47451 -0.0151296
9.75179 0 -0.0177094
9.71847 -2.12879 -0.0176488
9.48063 -3.01659 -0.0172168
4.4394 6.27209 -0.00806257
3.94123 6.36601 -0.00715789
3.30934 8.5438 -0.00600999
3.90782 7.84914 -0.00709695
4.7338 7.14505 -0.00859702
4.83774 6.83501 -0.00878583
3.98414 -5.62875 -0.00723591
7.37659 3.96169 -0.0133964
4.5117 5.97512 -0.00819391
4.59453 4.73867 -0.00834443
-0.612456 -9.93187 0.00111222
9.52603 -2.08661 -0.0172994
8.05316 -2.29163 -0.014625
8.67824 -4.661 -0.0157598
5.96027 6.958 -0.0108242
3.63013 -5.8634 -0.006593
4.51281 4.95075 -0.00819602
4.5706 6.89865 -0.00830071
4.25901 -8.55473 -0.00773453
4.03474 -8.77137 -0.00732722
9.03814 -4.159 -0.0164133
5.74816 -8.12176 -0.0104387
4.26868 6.03083 -0.00775258
4.13731 7.167 -0.00751383
4.87091 5.68598 -0.00884625
7.54633 -5.69972 -0.0137044
8.82358 -2.80745 -0.0160239
4.77824 5.242 -0.00867801
3.83753 6.19847 -0.00696959
3  0 1 2
3  3 4 5
3  6 7 8
3  9 10 11
3  12 13 14
3  7 15 16
3  2 17 18
3  19 20 21
3  12 22 23
3  24 1 25
3  26 1 27
3  28 29 30
3  31 26 32
3  16 33 34
3  1 0 27
3  35 6 36
3  37 26 27
3  11 10 36
3  14 38 39
3  40 18 15
3  1 13 2
3  41 42 43
3  44 45 46
3  47 48 44
3  49 5 44
3  50 37 51
3  27 0 52
3  29 53 54
3  55 56 57
3  58 42 41
3  59 60 61
3  62 5 63
3  64 29 65
3  54 53 66
3  2 13 12
3  67 68 69
3  70 40 71
3  2 12 23
3  35 53 70
3  72 67 33
3  16 15 67
3  18 17 15
3  68 73 69
3  74 24 75
3  4 75 76
3  13 1 24
3  77 37 78
3  77 56 79
3  1 26 31
3  44 4 45
3  56 60 59
3  37 60 78
3  9 64 65
3  53 29 28
3  80 81 63
3  55 42 82
3  83 84 85
3  86 87 88
3  89 43 90
3  42 55 59
3  81 55 82
3  42 58 91
3  92 42 93
3  9 89 90
3  15 23 67
3  94 7 16
3  40 7 71
3  7 6 71
3  0 95 96
3  0 2 18
3  28 37 97
3  40 98 95
3  10 66 36
3  53 35 66
3  67 99 100
3  7 40 15
3  15 17 23
3  17 2 23
3  49 80 5
3  5 80 63
3  101 80 48
3  45 4 76
3  37 27 102
3  102 27 52
3  56 101 79
3  26 37 77
3  79 31 103
3  101 47 79
3  56 80 101
3  80 49 48
3  79 47 31
3  60 37 50
3  104 64 61
3  64 59 61
3  104 37 30
3  37 28 30
3  66 35 105
3  10 29 54
3  29 10 65
3  10 9 65
3  106 107 84
3  43 42 108
3  109 100 110
3  42 59 93
3  111 58 112
3  113 114 115
3  64 9 90
3  9 11 89
3  14 13 38
3  13 3 38
3  53 98 70
3  98 40 70
3  95 98 96
3  37 102 116
3  0 18 95
3  18 40 95
3  7 94 8
3  94 6 8
3  67 22 68
3  23 22 67
3  16 72 33
3  72 16 67
3  38 117 118
3  41 43 119
3  3 13 74
3  13 24 74
3  4 3 75
3  3 74 75
3  58 62 63
3  81 91 63
3  24 25 76
3  25 45 76
3  60 56 78
3  56 77 78
3  44 5 120
3  26 77 79
3  31 47 44
3  47 101 48
3  104 61 50
3  61 60 50
3  56 59 57
3  59 55 57
3  92 64 90
3  42 92 90
3  29 64 30
3  64 104 30
3  80 56 81
3  56 55 81
3  42 91 82
3  91 81 82
3  121 58 122
3  123 58 124
3  11 36 125
3  10 54 66
3  36 126 127
3  99 128 110
3  129 130 106
3  38 131 132
3  26 79 32
3  62 133 134
3  129 43 135
3  136 137 138
3  62 139 140
3  38 141 131
3  6 35 71
3  35 70 71
3  102 53 142
3  53 28 116
3  102 52 143
3  52 0 96
3  98 53 144
3  53 102 144
3  36 6 126
3  67 109 145
3  33 110 146
3  67 147 148
3  149 12 150
3  151 152 153
3  62 3 5
3  91 58 63
3  48 49 44
3  75 24 76
3  59 64 93
3  64 92 93
3  149 150 151
3  154 155 156
3  128 147 110
3  62 157 137
3  150 158 151
3  159 107 160
3  62 161 162
3  58 163 164
3  4 44 120
3  5 4 120
3  165 166 83
3  167 43 168
3  38 3 141
3  3 62 141
3  37 116 97
3  116 28 97
3  53 116 169
3  116 102 169
3  98 144 96
3  144 102 96
3  6 94 126
3  16 170 171
3  100 99 110
3  172 100 173
3  68 22 174
3  149 151 69
3  175 110 69
3  67 128 176
3  14 177 178
3  14 179 180
3  14 181 182
3  12 158 150
3  37 104 51
3  104 50 51
3  114 113 183
3  161 136 138
3  165 21 166
3  175 184 185
3  35 36 105
3  36 66 105
3  186 187 188
3  161 189 162
3  43 87 190
3  129 191 192
3  193 194 195
3  11 125 196
3  62 197 139
3  198 199 200
3  184 201 185
3  164 163 202
3  42 90 108
3  90 43 108
3  43 130 203
3  130 129 203
3  130 167 168
3  130 43 167
3  53 169 142
3  169 102 142
3  52 96 143
3  96 102 143
3  67 145 110
3  145 109 110
3  67 172 173
3  172 67 100
3  22 12 73
3  149 73 204
3  67 148 205
3  148 147 205
3  128 99 176
3  99 67 176
3  158 12 151
3  14 184 206
3  179 184 180
3  184 207 208
3  209 152 151
3  12 209 151
3  184 175 151
3  12 152 209
3  45 25 46
3  25 1 46
3  31 32 103
3  32 79 103
3  210 113 211
3  111 113 210
3  114 58 212
3  58 213 214
3  215 216 217
3  191 215 217
3  213 58 218
3  219 220 221
3  222 223 86
3  43 224 225
3  113 115 214
3  130 168 106
3  159 226 227
3  36 228 229
3  62 230 231
3  232 233 234
3  139 197 140
3  201 161 138
3  43 203 135
3  203 129 135
3  43 222 168
3  168 222 106
3  126 235 236
3  33 67 110
3  226 237 238
3  239 240 241
3  151 175 69
3  73 149 69
3  100 109 173
3  109 67 173
3  110 147 69
3  147 67 69
3  22 73 174
3  73 68 174
3  73 12 204
3  12 149 204
3  147 128 205
3  128 67 205
3  141 242 189
3  14 39 243
3  184 151 207
3  14 244 245
3  177 246 178
3  208 207 245
3  178 208 247
3  177 14 246
3  1 31 46
3  31 44 46
3  184 161 201
3  248 214 249
3  250 251 218
3  252 253 254
3  191 119 192
3  191 41 119
3  215 21 216
3  58 41 255
3  124 164 256
3  257 58 164
3  258 259 260
3  261 262 232
3  43 190 223
3  190 87 223
3  43 225 263
3  225 224 263
3  264 265 266
3  267 58 216
3  129 106 215
3  163 19 21
3  197 268 260
3  62 269 270
3  62 58 230
3  58 121 271
3  251 165 272
3  62 136 273
3  115 58 214
3  261 274 275
3  161 184 276
3  118 276 277
3  161 132 189
3  141 62 242
3  159 88 226
3  36 127 278
3  43 279 280
3  87 279 241
3  14 207 153
3  207 151 153
3  38 276 281
3  276 184 277
3  38 282 277
3  276 118 281
3  39 184 243
3  184 14 243
3  184 179 206
3  179 14 206
3  14 178 247
3  208 245 247
3  178 246 208
3  246 14 208
3  122 58 210
3  58 111 210
3  58 113 112
3  113 111 112
3  113 58 183
3  58 114 183
3  214 252 249
3  58 123 250
3  119 43 192
3  43 129 192
3  124 257 164
3  58 257 124
3  163 58 19
3  41 191 217
3  283 284 285
3  253 286 254
3  222 224 223
3  224 43 223
3  224 222 263
3  222 43 263
3  106 222 107
3  107 222 160
3  223 87 86
3  160 86 88
3  89 287 288
3  198 289 290
3  62 291 292
3  291 197 292
3  62 270 293
3  270 269 293
3  232 258 294
3  136 62 137
3  137 157 138
3  157 62 138
3  136 161 273
3  161 62 295
3  88 87 226
3  296 297 298
3  197 291 268
3  299 300 301
3  302 303 304
3  305 251 306
3  126 94 235
3  307 308 309
3  36 278 310
3  311 251 272
3  89 240 239
3  198 290 312
3  274 261 265
3  175 185 313
3  279 87 280
3  87 43 280
3  14 182 314
3  182 181 314
3  152 12 153
3  12 14 153
3  282 118 277
3  282 38 118
3  161 276 132
3  276 38 132
3  207 181 245
3  181 14 245
3  184 208 180
3  208 14 180
3  58 115 212
3  115 114 212
3  123 124 250
3  202 251 256
3  289 274 265
3  89 239 241
3  222 86 160
3  159 160 88
3  133 291 134
3  291 62 134
3  259 138 260
3  201 138 259
3  197 269 292
3  269 62 292
3  269 197 293
3  197 62 293
3  62 315 316
3  62 317 318
3  161 295 273
3  295 62 273
3  159 319 284
3  289 308 320
3  296 240 321
3  302 290 303
3  16 322 323
3  16 324 325
3  94 326 327
3  126 328 329
3  278 127 310
3  330 188 331
3  89 155 154
3  89 11 155
3  329 328 332
3  331 187 333
3  334 335 336
3  175 320 337
3  181 207 314
3  207 14 314
3  118 117 281
3  117 38 281
3  184 39 277
3  39 38 277
3  141 189 338
3  189 132 338
3  245 244 247
3  244 14 247
3  121 122 230
3  249 339 211
3  19 58 20
3  58 267 20
3  340 341 342
3  343 193 195
3  240 296 241
3  296 87 241
3  197 138 140
3  140 138 316
3  317 138 318
3  138 62 344
3  290 289 303
3  89 345 346
3  36 347 348
3  11 349 350
3  351 232 234
3  303 289 265
3  16 352 353
3  110 354 146
3  355 354 356
3  355 357 358
3  359 360 325
3  171 354 325
3  126 329 332
3  126 335 361
3  126 361 362
3  361 335 362
3  341 363 364
3  154 156 365
3  307 340 366
3  290 302 312
3  350 367 368
3  89 369 370
3  187 371 333
3  36 372 347
3  36 330 373
3  188 187 331
3  301 371 374
3  307 371 301
3  229 331 333
3  347 372 348
3  189 242 375
3  189 375 162
3  132 131 338
3  131 141 338
3  254 286 376
3  113 214 248
3  251 202 377
3  164 202 256
3  106 84 378
3  85 379 220
3  58 255 216
3  191 129 215
3  268 380 339
3  166 215 83
3  89 381 345
3  89 382 383
3  381 382 345
3  240 384 321
3  315 140 316
3  315 62 140
3  138 344 318
3  344 62 318
3  237 296 298
3  156 342 385
3  386 283 285
3  319 227 285
3  237 226 296
3  226 87 296
3  387 302 388
3  237 302 387
3  389 363 195
3  312 343 390
3  303 388 304
3  185 391 392
3  201 262 393
3  262 391 393
3  16 394 395
3  394 396 395
3  170 322 171
3  322 16 354
3  354 110 356
3  397 356 398
3  322 354 171
3  360 399 325
3  354 355 359
3  359 355 336
3  400 299 401
3  126 402 403
3  127 332 404
3  127 126 405
3  299 406 401
3  335 334 407
3  367 350 408
3  11 367 408
3  343 237 193
3  307 309 340
3  308 289 309
3  289 198 309
3  11 350 368
3  89 370 409
3  89 365 410
3  411 389 412
3  348 372 333
3  36 413 414
3  348 333 415
3  333 371 415
3  127 330 310
3  330 36 416
3  402 236 336
3  299 400 358
3  406 186 404
3  332 407 404
3  417 418 419
3  186 406 301
3  375 242 162
3  242 62 162
3  58 271 230
3  271 121 230
3  249 420 339
3  251 311 306
3  58 250 218
3  251 305 214
3  251 250 256
3  250 124 256
3  202 21 377
3  202 163 21
3  21 165 377
3  165 251 377
3  215 166 421
3  215 84 83
3  21 20 216
3  20 267 216
3  84 215 378
3  215 106 378
3  159 284 422
3  423 84 424
3  287 382 288
3  382 89 288
3  89 425 426
3  384 426 346
3  382 381 383
3  381 89 383
3  138 317 316
3  317 62 316
3  308 300 357
3  219 427 428
3  268 133 380
3  397 429 430
3  431 312 390
3  302 237 343
3  319 159 227
3  284 319 285
3  279 43 241
3  43 89 241
3  363 341 195
3  300 299 358
3  357 300 358
3  382 297 321
3  274 391 275
3  391 274 320
3  274 289 320
3  320 308 432
3  122 210 211
3  291 133 268
3  396 33 395
3  394 16 396
3  354 352 146
3  352 16 146
3  352 354 433
3  16 433 434
3  407 435 436
3  324 171 325
3  322 170 323
3  170 16 323
3  400 334 336
3  402 126 236
3  402 335 403
3  335 126 403
3  127 405 332
3  405 126 332
3  11 196 437
3  196 125 437
3  125 348 437
3  125 36 348
3  155 11 156
3  417 438 418
3  350 349 408
3  349 11 408
3  199 341 200
3  200 341 340
3  389 297 439
3  156 364 365
3  438 417 340
3  342 341 385
3  365 389 440
3  441 89 154
3  372 413 229
3  413 36 229
3  413 372 414
3  372 36 414
3  330 416 310
3  416 36 310
3  335 402 336
3  355 400 336
3  300 308 301
3  305 306 253
3  406 299 301
3  187 186 301
3  372 229 333
3  186 188 404
3  133 231 380
3  133 62 231
3  165 219 272
3  311 286 253
3  339 376 442
3  84 423 85
3  268 339 443
3  339 231 211
3  252 214 444
3  214 305 445
3  286 446 447
3  113 248 249
3  251 214 218
3  214 213 218
3  166 21 421
3  21 215 421
3  216 255 217
3  255 41 217
3  303 285 388
3  379 424 422
3  379 423 424
3  423 379 85
3  384 345 321
3  240 89 384
3  334 400 435
3  400 355 358
3  355 429 357
3  429 308 357
3  430 429 448
3  175 397 398
3  201 258 232
3  283 386 221
3  303 264 285
3  303 265 264
3  388 302 304
3  226 387 449
3  345 382 321
3  297 296 321
3  175 313 320
3  313 392 320
3  391 185 393
3  185 201 393
3  391 262 275
3  262 261 275
3  113 249 211
3  429 397 320
3  284 283 221
3  427 386 450
3  265 261 451
3  262 201 232
3  33 396 34
3  396 16 34
3  33 146 395
3  146 16 395
3  352 433 353
3  433 16 353
3  433 354 434
3  354 16 434
3  236 235 336
3  235 94 336
3  94 360 452
3  324 16 171
3  332 328 407
3  328 126 407
3  188 330 404
3  330 127 404
3  348 367 437
3  367 11 437
3  365 364 453
3  89 441 365
3  194 389 195
3  341 199 454
3  454 431 195
3  341 454 195
3  297 382 439
3  382 389 439
3  156 368 455
3  340 417 366
3  309 200 340
3  309 198 200
3  229 228 331
3  228 36 331
3  306 311 253
3  308 307 301
3  219 165 456
3  165 83 456
3  214 445 444
3  445 252 444
3  219 456 220
3  456 85 220
3  84 107 424
3  284 379 422
3  345 384 346
3  384 89 426
3  426 425 346
3  425 89 346
3  401 406 435
3  400 401 435
3  397 430 457
3  430 355 457
3  356 110 398
3  110 175 398
3  297 193 298
3  193 237 298
3  193 297 194
3  297 389 194
3  261 232 458
3  138 197 260
3  285 264 266
3  386 285 266
3  237 387 238
3  387 226 238
3  285 227 388
3  227 387 388
3  387 227 449
3  227 226 449
3  392 391 320
3  313 185 392
3  380 231 339
3  272 219 446
3  447 376 459
3  258 201 259
3  339 450 443
3  258 260 294
3  359 336 360
3  336 94 327
3  335 407 362
3  407 126 362
3  406 404 460
3  407 460 461
3  454 199 431
3  302 343 312
3  368 367 455
3  367 348 418
3  367 418 455
3  11 368 462
3  156 438 342
3  438 340 342
3  363 389 364
3  441 154 365
3  36 373 463
3  373 330 463
3  371 187 374
3  187 301 374
3  252 445 253
3  445 305 253
3  220 379 221
3  456 83 85
3  450 464 443
3  339 465 376
3  379 284 221
3  446 219 447
3  424 107 422
3  107 159 422
3  435 406 436
3  407 334 435
3  429 355 448
3  355 430 448
3  355 356 457
3  356 397 457
3  308 429 432
3  429 320 432
3  320 397 337
3  397 175 337
3  351 450 466
3  465 254 376
3  286 311 446
3  311 272 446
3  360 336 452
3  336 327 452
3  460 404 461
3  404 407 461
3  431 199 312
3  199 198 312
3  419 418 467
3  371 307 366
3  415 371 419
3  418 348 467
3  418 438 455
3  438 156 455
3  368 156 462
3  156 11 462
3  370 440 409
3  440 389 411
3  341 364 385
3  385 364 468
3  330 331 463
3  331 36 463
3  339 420 465
3  249 252 254
3  386 427 221
3  427 219 221
3  406 460 436
3  460 407 436
3  386 266 351
3  458 351 469
3  231 230 211
3  230 122 211
3  233 260 470
3  260 268 470
3  260 233 294
3  233 232 294
3  354 359 325
3  360 94 399
3  327 326 452
3  326 94 452
3  343 195 390
3  195 431 390
3  371 366 419
3  366 417 419
3  364 389 453
3  389 365 453
3  370 369 440
3  369 89 440
3  364 156 468
3  156 385 468
3  450 339 442
3  447 219 428
3  232 351 458
3  265 458 469
3  450 386 466
3  386 351 466
3  233 450 234
3  450 351 234
3  450 233 464
3  233 470 464
3  420 249 465
3  249 254 465
3  399 94 325
3  94 16 325
3  348 415 467
3  415 419 467
3  365 440 410
3  440 89 410
3  382 287 411
3  287 89 411
3  261 458 451
3  458 265 451
3  351 266 469
3  266 265 469
3  464 470 443
3  470 268 443
3  440 411 409
3  411 89 409
3  389 382 412
3  382 411 412
3  376 286 459
3  286 447 459
3  427 376 428
3  376 447 428
3  376 427 442
3  427 450 442
