OFF
1053 2102 0
-136.662 45.4537 362.582
-142.27 45.4211 422.959
-133 64.2349 414.334
-123.653 -66.283 435.896
-144.95 -35.9386 422.959
-133.987 -62.1282 414.334
-5.28768 6.99785 -0.0182332
-5.83714 6.8089 -0.0201274
-5.68639 7.062 -0.0196075
-6.47913 -7.55666 -0.0223392
-48.6617 -52.391 120.951
-6.70895 -7.35371 -0.0231316
-145.73 -17.0007 435.896
99.8867 107.09 435.896
-12.4851 148.327 435.896
0.613048 9.93187 0.00211372
-3.59085 6.68403 -0.0123837
0.306669 9.94602 0.00105736
-44.3628 -79.6105 168.434
-61.0053 -80.7162 194.33
-49.6552 -74.0417 164.117
53.1127 -113.042 267.686
32.7383 -101.064 207.278
54.0675 -83.8174 190.015
3.88164 9.1637 0.0133834
26.1421 65.3245 116.636
30.1396 61.2613 112.318
9.28598 3.59464 0.0320168
-2.99429 4.51781 -0.0103276
9.0469 4.15904 0.0311925
-3.41907 -8.81954 -0.0117893
-3.99889 -8.02584 -0.0137892
-3.45842 -8.16587 -0.0119257
58.3925 -13.8387 95.0472
9.5783 -2.72316 0.0330247
56.375 -12.5915 90.7288
-3.26892 -5.27791 -0.0112744
-3.05544 -5.29065 -0.0105383
-3.42465 -5.52919 -0.0118113
-33.1023 66.1491 125.27
-43.5367 59.7268 125.269
-44.3346 79.6264 168.434
36.871 -143.897 401.397
-8.83169 -148.204 414.334
30.1185 -144.657 392.771
-117.507 -71.7742 435.896
118.839 -71.9964 319.454
110.269 -83.098 323.765
85.6676 -89.398 263.371
55.5645 -137.66 435.896
54.2324 83.7111 190.015
32.5718 101.118 207.278
56.0549 111.604 267.686
-79.604 7.81267 142.533
-93.4326 11.4395 177.065
-73.1222 16.725 129.584
-98.6755 -95.438 435.896
-71.6284 129.638 427.271
-107.404 103.107 405.709
-116.536 87.9657 431.583
-20.6222 -136.632 315.141
-32.926 -114.268 250.427
-26.0296 -104.723 211.594
-105.221 -101.328 431.583
-116.018 -91.2073 401.396
-140.155 -50.7012 410.022
-3.38573 4.48234 -0.0116773
-3.52225 -4.37605 -0.012148
-3.52225 4.37605 -0.012148
67.0701 -14.0157 112.319
66.1992 -8.02865 108.002
87.2949 0 151.177
2.72525 -9.57088 0.00939633
-3.35753 -6.25008 -0.0115795
3.30972 -9.38509 0.0114115
77.4273 -101.517 272.002
65.9655 -129.207 362.584
54.3243 -114.542 276.313
39.2692 60.861 120.954
50.3888 71.8278 159.801
18.7863 -65.6013 112.318
3.01892 -9.48248 0.0104089
24.3445 68.2985 120.954
18.7859 65.6014 112.318
134.841 55.3964 362.584
154.666 0 379.839
154.201 0 375.527
-6.86593 -6.65294 -0.0236736
-6.57599 -7.20819 -0.0226736
-6.8637 -7.0731 -0.0236654
-4.41123 7.1205 -0.0152117
-3.96423 7.37832 -0.0136704
-4.09105 7.08224 -0.0141079
-139.951 18.0216 349.643
-121.146 30.5502 263.373
-98.6714 33.7534 202.961
-99.1961 31.5208 202.961
-52.7906 -51.6205 125.269
-74.28 -68.9207 194.33
-60.0873 -45.4016 129.585
-147.052 -26.0864 410.022
-2.37295 -143.937 358.27
-32.3382 -145.406 397.084
-140.743 -10.4056 349.643
-120.793 -31.9242 263.373
-55.4215 -121.653 310.822
-74.7394 -106.895 289.256
-35.641 -127.367 297.883
9.4236 -137.754 319.453
-123.218 -0.207533 263.37
-102.74 -1.42843 198.646
-105.398 -11.8477 207.277
-135.975 -60.5637 405.709
-125.343 -67.361 345.331
-23.9707 -146.889 435.896
-103.618 -50.2365 233.17
-87.222 -89.2091 263.373
-109.454 -54.4405 259.056
-86.9823 -121.026 397.084
-84.9107 -115.48 353.957
-65.5016 -121.008 328.077
-12.4691 -141.077 435.896
-6.15769 5.9675 -0.021233
-6.01606 5.83039 -0.0207449
-6.55738 5.9742 -0.0226107
-74.8085 -1.33729 129.583
-74.8084 1.32955 129.583
-3.73616 6.03174 -0.0128851
-4.04364 5.71011 -0.0139454
-3.89192 6.28301 -0.013422
4.9792 8.61761 0.0171677
4.43884 8.90755 0.0153046
-3.20748 -4.24647 -0.0110627
-33.0995 -66.1506 125.27
-23.9915 -65.5308 116.634
-21.8321 -70.7192 125.27
25.0587 -142.418 358.27
117.432 74.5871 435.896
140.078 -30.5744 435.896
157.584 0 435.896
157.429 0 422.96
136.697 54.7121 388.459
157.515 0 427.272
126.474 0 250.441
123.323 50.7076 293.572
127.864 0 254.756
114.941 95.0126 414.334
118.682 72.2557 319.454
112.535 93.7197 392.771
152.603 0 362.59
153.169 0 366.902
125.25 73.6567 422.958
123.495 -50.2853 293.572
85.989 -58.1217 202.96
90.9251 -37.2934 185.699
-4.44955 5.52732 -0.0153449
-4.87229 5.02281 -0.0168024
-4.61778 5.38779 -0.0159249
-43.221 -100.565 215.909
-68.9159 -82.0816 211.592
-6.04711 5.50981 -0.0208521
-5.62752 5.80064 -0.0194056
-5.662 5.4876 -0.0195246
7.14927 6.92707 0.0246498
51.0267 49.0725 116.637
7.35937 6.7038 0.0253742
-26.9319 104.493 211.594
-24.1838 136.045 315.141
7.65677 125.726 271.999
-3.84443 6.6557 -0.013258
-102.734 1.73149 198.646
-141.732 37.8492 435.896
-83.8443 103.979 435.896
-95.8119 98.1616 435.896
88.5101 86.5867 263.371
81.2045 98.5236 272.002
-147.468 -17.4861 427.271
-148.362 -7.57881 427.271
-105.449 11.3639 207.277
1.73259 74.0335 125.27
-8.19139 92.4995 172.75
2.14718 92.9569 172.75
-2.42899 -9.6502 -0.00837487
-13.3352 -66.3158 112.316
-2.72525 -9.57088 -0.00939633
-26.9291 -88.8644 172.75
-33.5401 -77.1235 151.168
-49.2234 -57.1471 129.585
-63.6502 -69.9179 177.066
49.9174 -124.843 310.823
27.1797 -119.497 254.745
-108.128 -99.9036 401.396
-107.422 -75.1418 297.881
-83.3774 54.3381 190.014
-82.1072 66.4794 207.276
-80.9263 60.4391 194.33
-81.1912 -35.9711 164.116
-98.7278 -33.5902 202.961
-68.3277 -120.443 435.896
-105.41 -87.8983 435.896
-92.8929 -99.9578 306.514
-108.543 -93.9971 366.894
-6.41492 7.48189 -0.0221181
-6.05756 7.52231 -0.0208863
-5.87197 7.29216 -0.0202469
-4.90105 7.39192 -0.0169
-4.84151 6.83567 -0.0166953
12.2889 0.291442 4.35346
9.95374 0.306436 0.0343192
12.2758 0.582669 4.35342
109.635 -101.073 414.334
98.7142 -108.178 435.896
101.524 -109.478 418.647
67.7011 122.685 435.896
9.7889 -1.82845 0.0337508
9.95846 0 0.0343354
9.93957 -0.612583 0.0342703
61.5162 -134.204 392.771
-3.2666 4.92846 -0.0112665
-3.53893 5.33909 -0.0122054
-3.42465 5.52919 -0.0118113
45.1431 77.2969 164.118
32.6795 81.5389 159.801
-3.5804 5.78047 -0.0123482
-144.07 3.72152 384.145
103.186 31.9407 211.594
90.8105 37.5712 185.699
9.7889 1.82846 0.0337508
12.1361 1.7411 4.35291
9.8406 1.52637 0.0339291
-6.60882 4.9881 -0.0227885
-6.60563 5.31257 -0.0227774
-6.29827 5.06563 -0.021718
-8.46684 5.23842 -0.0291926
-60.5582 42.0763 125.269
-8.30138 5.49647 -0.0286221
18.1518 147.453 401.397
4.77703 144.986 362.584
1.82985 9.78131 0.00630911
1.22377 9.87532 0.00421942
1.52753 9.83298 0.00526676
-13.3377 66.3152 112.316
-10.4222 69.119 116.634
-1.82985 9.78131 -0.00630911
-122.803 74.5264 366.894
-115.674 91.0489 401.396
-110.712 89.4247 345.331
-8.77351 4.70766 -0.0302499
-64.7269 29.5042 120.949
-62.2872 133.073 431.583
-21.5444 146.872 414.334
-26.868 88.8831 172.75
-42.9918 100.664 215.909
-10.424 -69.1187 116.634
11.8482 -125.416 271.999
6.69994 -123.106 263.37
8.45963 -96.0457 181.383
0.037092 -99.7243 190.015
2.11758 -92.9575 172.75
-82.5486 -65.9348 207.276
-43.5331 -59.7295 125.269
17.1145 -106.633 211.594
-74.4851 -126.645 431.583
-62.8659 -134.08 427.271
-91.5804 -28.6348 181.381
-93.4391 -11.3838 177.065
-128.2 -65.7475 362.582
-8.12805 5.7493 -0.0280245
-8.62426 4.9754 -0.0297354
-7.47466 5.64076 -0.0257726
-7.03804 6.02581 -0.0242674
-7.14356 5.74466 -0.0246313
-4.48572 7.76466 -0.0154678
-3.99889 8.02584 -0.0137892
-52.791 51.6201 125.269
-49.2166 57.1532 129.585
-3.69101 7.40861 -0.0127284
-3.82295 7.67314 -0.013183
-3.91092 7.84949 -0.0134861
-3.30197 5.71725 -0.0113882
6.47913 7.55666 0.0223392
6.9324 7.14378 0.023902
-9.56205 2.40314 -0.0329688
-7.20896 4.46111 -0.0248573
-6.73919 4.46329 -0.023238
-5.00279 5.8366 -0.017252
-5.0474 5.53432 -0.0174059
-5.52039 5.35048 -0.0190365
-6.24317 -7.75245 -0.0215257
-3.81572 -5.38849 -0.0131597
-4.01678 -4.99008 -0.013853
-3.47388 -4.90603 -0.0119812
32.1147 -64.9687 120.954
45.1458 -77.2953 164.118
32.684 -81.5371 159.801
54.7241 -44.8046 116.637
79.0275 -55.5014 181.383
73.6658 -54.0375 168.434
7.31869 -72.1815 120.954
5.95027 -70.0912 116.636
1.22377 -9.87532 0.00421943
9.28598 -3.59464 0.0320168
-10.1075 -73.3471 125.27
1.48352 -67.9362 112.317
1.73618 -74.0334 125.27
0.30667 -9.94602 0.00105736
0.613051 -9.93187 0.00211373
60.1419 -71.116 172.751
51.0272 -49.0719 116.637
65.4187 -61.3121 164.118
86.0533 -110.389 332.392
140.076 -40.2846 362.584
157.307 0 418.648
66.9747 64.4805 172.75
-34.1164 145.001 397.084
80.22 123.864 392.771
124.748 -77.0478 401.396
130.968 -60.0898 422.958
64.6844 23.4068 112.32
64.7776 15.7087 108.002
62.61 22.7296 108.002
79.1415 55.339 181.383
85.9466 58.1844 202.96
-3.05544 5.29065 -0.0105383
-3.11319 5.02662 -0.0107375
65.6646 20.1976 112.32
66.4547 17.064 112.319
56.3749 12.5917 90.7288
56.8017 10.8533 90.729
9.65768 2.42714 0.0332984
57.7124 16.1885 95.047
36.9027 57.6899 112.319
45.7356 56.0997 120.953
44.5438 51.9915 112.319
-64.7258 -29.5068 120.949
-73.1229 -16.7215 129.584
-9.48983 -3.01661 -0.0327197
-6.17715 6.77159 -0.0212994
-6.37015 6.17314 -0.0219652
-6.38291 6.57831 -0.0220088
-7.14927 6.92707 -0.0246498
-6.93239 7.14378 -0.023902
45.4043 137.264 358.27
47.7932 139.764 392.771
-103.757 49.9498 233.17
-2.42899 9.6502 -0.00837487
-2.13043 9.72037 -0.00734548
-10.1027 73.3478 125.27
-17.9838 87.5305 164.117
-85.2626 108.983 435.896
-75.0031 113.958 306.514
-65.3971 133.904 397.084
8.34475 96.0555 181.383
0.0655346 99.7244 190.015
16.0412 70.738 120.954
-6.1813 -7.67573 -0.0213126
-6.00128 -7.94088 -0.0206917
-36.4686 -59.3253 116.634
-95.9045 -54.0256 220.223
-83.2879 -54.4762 190.014
-4.18971 -7.25285 -0.0144479
-4.19763 -7.81222 -0.0144746
-5.06951 -7.15723 -0.017481
-8.22868 -92.4961 172.75
-24.2413 -94.9228 185.698
-17.9611 -87.5353 164.117
-72.5324 -68.2854 190.014
-5.5369 5.04536 -0.0190935
-5.52993 4.44818 -0.0190695
-5.68359 4.57168 -0.0195992
-9.39236 3.3072 -0.0323836
-9.48983 3.01661 -0.0327197
-5.06952 7.15723 -0.017481
-8.38297 5.18661 -0.0289036
-7.72547 5.46495 -0.0266372
-4.0477 6.53426 -0.0139589
-4.32856 6.11212 -0.0149275
-4.20349 6.78551 -0.0144958
-6.70895 7.35371 -0.0231316
-21.8355 70.7181 125.27
-4.81207 6.36906 -0.0165942
-4.75262 6.29046 -0.0163893
-3.73086 6.94439 -0.0128662
5.50068 8.29498 0.0189657
5.24242 8.46031 0.0180753
27.0925 119.517 254.745
32.117 64.9676 120.954
-5.00279 -5.83661 -0.017252
-5.04739 -5.53432 -0.0174059
-4.69688 -5.83429 -0.0161974
-4.71126 -8.76674 -0.0162439
6.70894 -7.35371 0.0231316
44.5443 -51.9911 112.319
6.47913 -7.55666 0.0223392
66.8811 -64.5772 172.75
79.4759 -68.3239 207.275
39.2731 -60.8586 120.954
8.77351 -4.70765 0.0302499
7.14928 -6.92707 0.0246498
6.9324 -7.14378 0.023902
50.3347 -71.8655 159.801
25.4368 -87.5956 168.434
16.2598 -98.5452 190.015
16.0352 -70.7393 120.954
-5.93763 -75.3896 129.586
-2.99429 -4.51781 -0.0103276
9.04691 -4.15903 0.0311925
8.91443 -4.43545 0.0307358
36.9047 -57.6887 112.319
6.00129 -7.94088 0.0206917
39.1769 140.316 427.271
-10.1424 148.078 435.896
47.8435 133.459 431.583
57.8337 132.281 418.646
54.3895 122.952 310.823
156.477 0 401.4
6.70894 7.35371 0.0231316
54.4928 37.9199 108.001
53.214 43.4048 112.319
57.0691 38.0831 112.319
63.9858 92.9308 228.853
95.5516 22.8351 185.699
91.9099 34.8672 185.699
103.013 -32.4945 211.594
9.48983 -3.01661 0.0327197
9.39236 -3.3072 0.0323836
59.9635 28.8573 108.002
58.3924 13.8389 95.0472
79.7321 68.0211 207.275
60.1444 71.1139 172.751
8.91443 4.43545 0.0307358
88.3005 108.594 332.392
25.774 147.046 418.647
-3.91204 4.56487 -0.0134919
-3.91204 -4.56487 -0.0134919
-4.16865 -4.86413 -0.0143766
8.62426 4.9754 0.0297353
58.958 -11.4987 95.0474
57.1672 -9.08486 90.7292
59.4128 -9.17298 95.0476
53.5819 0.667814 82.0929
51.3626 0 77.7745
51.3577 0.314994 77.7745
-68.174 -31.6766 129.585
-9.17079 -3.87868 -0.0316197
-9.07997 -3.84033 -0.0313067
-8.62426 -4.97539 -0.0297354
-77.3312 -27.0423 146.85
-78.5218 -29.0267 151.167
-9.88298 -1.22284 -0.0340752
-9.91598 -0.918146 -0.034189
-88.1863 88.2595 263.373
-110.198 71.0431 297.881
-93.1786 89.9516 284.942
-9.88298 1.22283 -0.0340752
-5.83725 4.69518 -0.0201289
-5.99092 4.81867 -0.0206586
-9.7889 1.82846 -0.0337508
-9.8406 1.52637 -0.0339291
-7.96366 4.92754 -0.0274585
-9.07997 3.84033 -0.0313067
-107.888 57.4885 259.056
-6.37656 6.9899 -0.0219865
-6.57599 7.20819 -0.0226736
-5.93206 75.3901 129.586
-24.233 94.925 185.698
-3.17233 6.8922 -0.0109405
0.918844 9.90829 0.00316807
1.4831 67.9362 112.317
-23.9902 65.5313 116.634
26.5068 99.4477 198.646
25.4091 87.6036 168.434
-4.95556 7.47402 -0.0170878
-4.63375 8.02056 -0.0159778
-33.5187 77.1329 151.168
-3.01891 9.48248 -0.0104089
-3.59739 9.2788 -0.0124034
-3.30972 9.38509 -0.0114115
-0.918845 9.90829 -0.00316807
-128.213 57.0986 435.896
-75.1459 109.967 435.896
16.3137 68.4424 116.636
7.3196 72.1815 120.954
16.2494 98.5469 190.015
-88.5462 117.942 401.396
-101.738 100.901 353.957
-33.5539 114.085 250.427
-5.50068 8.29498 -0.0189657
-36.4695 59.3247 116.634
-5.24242 8.46031 -0.0180753
-4.39484 -8.81938 -0.0151531
-5.13849 -8.29285 -0.0177173
-0.613046 -9.93187 -0.00211371
-0.918842 -9.90829 -0.00316806
-80.9815 -60.3647 194.33
-1.22376 -9.87532 -0.00421941
-3.2661 -7.71229 -0.0112631
-0.30667 -9.94602 -0.00105736
-43.7018 -81.8141 172.75
-48.704 -116.513 280.624
-5.51254 6.04383 -0.0190091
-5.76485 5.94204 -0.0198789
-4.71125 8.76674 -0.0162439
-3.41996 8.07516 -0.0117932
3.30972 9.38509 0.0114115
-3.1311 6.80271 -0.0107984
3.01891 9.48248 0.0104089
-3.1194 6.26223 -0.0107584
-2.98752 5.99766 -0.0103038
-3.49921 6.05851 -0.0120681
-5.50083 6.83183 -0.0189681
-5.71191 6.26218 -0.0196962
-5.45203 6.36017 -0.0188003
-4.26407 5.29708 -0.0147055
-4.58231 5.02476 -0.0158027
5.75371 8.12178 0.0198381
6.24317 7.75245 0.0215257
6.00128 7.94088 0.0206917
4.71126 8.76674 0.0162439
0.918847 -9.90829 0.00316808
-4.26407 -5.29708 -0.0147055
-4.61778 -5.38779 -0.0159249
-4.58231 -5.02476 -0.0158027
-3.69101 -7.40861 -0.0127284
-5.24243 -8.46031 -0.0180753
-5.19046 -8.37658 -0.0178963
-3.48446 -5.25696 -0.0120176
-3.81129 -5.7497 -0.0131443
-5.83725 -4.69518 -0.0201289
-9.78512 -1.21075 -0.0337379
-9.95374 -0.306434 -0.0343192
-7.75842 -6.23838 -0.0267501
-7.56248 -6.47416 -0.0260745
-3.30197 -5.71725 -0.0113882
-3.54852 -6.14383 -0.0122381
-3.76951 4.68307 -0.0130005
-3.56399 4.71821 -0.0122919
14.5357 -1.25466 8.67223
57.4689 -7.29341 90.7293
14.4954 -1.50475 8.67207
52.4691 -76.6134 172.75
45.7346 -56.1005 120.953
59.9637 -28.857 108.002
57.1524 -33.942 108.001
148.499 0 336.714
147.699 0 332.401
141.188 0 302.209
140.13 0 297.896
124.081 -79.0998 388.459
157.567 0 431.584
12.9089 -93.8208 177.066
-3.59085 -6.68403 -0.0123837
-3.84443 -6.6557 -0.013258
-4.13816 -6.2424 -0.014271
26.5235 -99.4433 198.646
16.3106 -68.4431 116.636
70.9495 0 116.638
66.1991 8.02949 108.002
73.0535 0 120.956
1.82985 -9.78131 0.00630912
-3.17233 -6.8922 -0.0109405
2.13043 -9.72037 0.00734548
-3.25129 -6.52679 -0.011213
60.1013 -136.61 418.646
111.376 -95.0943 392.771
124.091 78.0973 401.396
52.1416 115.544 276.313
-1.34023 138.044 319.452
60.2898 32.6037 112.319
57.1515 33.9436 108.001
63.1335 31.3729 116.636
65.4445 61.2846 164.118
73.6902 54.0044 168.434
88.613 22.4461 168.434
100.566 0 181.394
65.664 -20.1994 112.32
98.7354 0 177.078
133.132 0 272.013
131.859 0 267.699
62.347 -1.8579 99.366
62.2466 -3.75249 99.3659
60.1531 -2.28029 95.0478
66.4556 -17.0602 112.319
93.1105 0 164.128
95.0073 0 168.445
9.5783 2.72317 0.0330247
12.1841 -1.45289 4.35308
12.2233 -1.16361 4.35323
81.2441 28.5327 155.485
65.4688 12.0329 108.002
67.0701 14.0159 112.319
77.1079 42.0791 159.801
65.1012 26.8391 116.636
54.7225 44.8065 116.637
57.9633 40.4009 116.637
56.9148 18.5411 95.0467
9.39236 3.3072 0.0323836
8.30138 5.49647 0.0286221
9.17079 3.87868 0.0316197
9.7279 2.12881 0.0335405
58.958 11.4984 95.0474
57.4689 7.29335 90.7293
57.1672 9.08462 90.7292
59.4129 9.17285 95.0476
-9.8406 -1.52637 -0.0339291
-6.14459 -4.94215 -0.0211883
-6.1082 -6.29554 -0.0210622
-6.24555 -6.43693 -0.0215355
-6.37015 -6.17314 -0.0219652
-9.95374 0.306435 -0.0343192
-9.93957 0.612581 -0.0342703
-77.3376 27.0235 146.85
-68.1709 31.6834 129.585
-7.947 5.99669 -0.0274003
-5.82844 5.31077 -0.0200984
-6.14459 4.94215 -0.0211883
-123.176 3.43038 263.37
-6.8133 5.83364 -0.0234929
-3.88164 9.1637 -0.0133835
-4.34961e-07 9.95074 -1.50059e-09
5.951 70.0912 116.636
-7.45098 5.99154 -0.0256907
12.8507 93.8287 177.066
17.7576 106.529 211.594
3.59739 9.2788 0.0124034
-68.9943 -129.262 397.083
-6.86593 6.65294 -0.0236736
-4.98263 8.04164 -0.0171804
-6.24317 7.75245 -0.0215257
-5.69668 8.04141 -0.0196417
-5.82286 7.70514 -0.0200771
-5.4686 7.7199 -0.018856
-5.75371 8.12178 -0.0198381
-5.04987 6.68346 -0.0174137
-4.43884 8.90755 -0.0153046
-3.57383 8.43801 -0.0123233
-3.20515 8.26841 -0.0110524
-0.613049 9.93187 -0.00211372
2.42899 9.6502 0.00837487
2.13043 9.72037 0.00734548
-3.97996 5.26854 -0.013726
-5.31528 6.60164 -0.0183287
-4.69688 5.83429 -0.0161974
-4.51958 6.81718 -0.0155855
-4.61352 6.5141 -0.0159096
-5.97775 6.55328 -0.0206123
-6.43876 5.51332 -0.0222021
4.16222 -9.03991 0.0143508
-3.1194 -6.26223 -0.0107584
1.18661e-07 -9.95074 4.09376e-10
-3.59739 -9.2788 -0.0124034
-4.43884 -8.90755 -0.0153046
-4.16222 -9.03991 -0.0143508
-3.56399 -4.71821 -0.0122919
-3.18904 -4.50397 -0.0109991
-3.33923 -6.70315 -0.0115161
-4.0477 -6.53426 -0.0139589
-4.20349 -6.78551 -0.0144958
-4.46508 -6.73507 -0.0153977
-6.04711 -5.50981 -0.0208521
-5.662 -5.4876 -0.0195246
-5.62752 -5.80064 -0.0194056
-5.68359 -4.57168 -0.0195992
-4.81207 -6.36906 -0.0165942
-5.31826 4.84629 -0.0183398
26.1403 -65.3252 116.636
24.3466 -68.2977 120.954
3.88164 -9.1637 0.0133835
30.1392 -61.2615 112.318
8.46684 -5.23841 0.0291926
7.56248 -6.47416 0.0260745
54.4924 -37.9205 108.001
7.947 -5.99669 0.0274003
8.12804 -5.7493 0.0280245
149.266 0 341.027
150.701 0 349.652
150 0 345.34
156.737 0 405.712
77.131 -42.037 159.801
1.52753 -9.83298 0.00526677
3.59739 -9.2788 0.0124034
124.226 -62.745 435.896
134.796 -47.4497 431.583
18.1904 148.183 418.646
125.055 0 246.127
137.92 0 289.269
139.041 0 293.582
134.374 0 276.327
56.8018 -10.8531 90.729
12.0794 -2.02801 4.3527
59.7613 -6.8626 95.0477
7.56248 6.47416 0.0260745
16.9567 -0.196461 12.9917
14.6235 -0.251226 8.6726
16.9597 0 12.9917
55.7888 1.19974 86.4113
58.0103 0 90.7296
55.8063 0 86.4113
9.48983 3.01661 0.0327197
-60.5561 -42.0795 125.269
-71.9893 -55.2922 168.433
-79.606 -7.78939 142.533
-9.91598 0.918145 -0.034189
-7.08108 5.34412 -0.0244162
-6.92042 4.89613 -0.0238626
-6.53011 4.92875 -0.0225172
-91.5808 28.6337 181.381
-73.8552 46.7342 159.8
-9.17079 3.87868 -0.0316197
-68.6034 82.341 211.592
-60.7829 80.8847 194.33
-9.0469 4.15904 -0.0311925
-8.91443 4.43545 -0.0307358
-9.28598 3.59464 -0.0320168
-1.22377 9.87532 -0.00421942
-3.56172 9.18695 -0.0122806
-4.16222 9.03991 -0.0143508
-1.52754 9.83298 -0.00526677
-2.72524 9.57088 -0.00939633
-114.435 76.6044 435.896
-7.41263 6.34607 -0.0255582
-7.75842 6.23838 -0.0267501
-6.00129 7.94088 -0.0206917
-4.5151 7.28799 -0.0155696
-4.9792 8.61761 -0.0171677
-5.29756 7.47876 -0.0182667
2.72524 9.57088 0.00939632
-5.02675 4.58085 -0.0173349
-4.52905 4.66921 -0.0156191
-4.5743 6.05465 -0.0157747
-4.94422 6.14124 -0.0170499
4.16221 9.03991 0.0143508
-4.9792 -8.61761 -0.0171677
-5.75371 -8.12178 -0.0198381
-5.5369 -5.04536 -0.0190935
-5.99092 -4.81867 -0.0206586
-4.15824 -5.50438 -0.0143406
-3.88164 -9.1637 -0.0133834
-3.01891 -9.48248 -0.0104089
-3.91092 -7.84949 -0.0134861
-3.73498 -7.49679 -0.0128799
-1.82985 -9.78131 -0.00630912
-2.13043 -9.72037 -0.00734548
-3.41996 -8.07516 -0.0117932
-8.12805 -5.7493 -0.0280245
-8.46683 -5.23842 -0.0291926
-7.947 -5.99669 -0.0274003
-6.84899 -6.23953 -0.0236156
-4.81239 -4.66478 -0.0165959
-4.87229 -5.02281 -0.0168024
-6.55738 -5.9742 -0.0226107
-7.08108 -5.34412 -0.0244162
-6.60563 -5.31257 -0.0227774
-3.73086 -6.9444 -0.0128662
-5.31318 -5.82548 -0.018322
-5.51254 -6.04383 -0.0190091
-9.28598 -3.59465 -0.0320168
-3.47388 4.90603 -0.0119812
-4.01678 4.99008 -0.013853
-4.39176 -4.52776 -0.0151458
60.29 -32.6035 112.319
53.2139 -43.4049 112.319
8.30137 -5.49647 0.0286221
129.225 0 259.07
9.17079 -3.87868 0.0316197
62.6105 -22.7284 108.002
152.002 0 358.277
151.368 0 353.965
145.102 0 319.462
146 0 323.775
156.184 0 397.088
155.856 0 392.776
155.493 0 388.463
157.152 0 414.336
156.961 0 410.024
53.5155 -1.98803 82.0928
53.5569 -1.33186 82.0929
55.7365 -2.39435 86.4112
55.7888 -1.1997 86.4113
63.1334 -31.3731 116.636
65.1028 -26.8353 116.636
114.705 -80.2213 435.896
135.587 0 280.641
136.769 0 284.955
130.557 0 263.385
142.214 0 306.523
143.209 0 310.836
144.171 0 315.149
62.2466 3.7527 99.3659
60.007 4.56599 95.0478
62.0714 5.71961 99.3659
64.6846 -23.4064 112.32
91.8663 -34.9819 185.699
64.7778 -15.7079 108.002
85.3161 0 146.86
65.4689 -12.0326 108.002
60.7612 35.9074 116.637
8.77351 4.70766 0.0302499
12.0794 2.02801 4.3527
57.8744 3.66255 90.7295
57.705 5.48458 90.7294
-7.47913 4.95276 -0.0257884
-9.65768 2.42714 -0.0332984
-9.5783 2.72317 -0.0330247
-9.7279 2.12881 -0.0335405
-81.1951 35.9622 164.116
-78.5161 29.0425 151.167
-9.48345 2.69624 -0.0326978
-74.3667 68.8266 194.33
-43.6768 81.8276 172.75
-0.30667 9.94602 -0.00105736
-7.0076 6.79001 -0.0241617
-7.35937 6.70379 -0.0253742
-7.56248 6.47416 -0.0260745
-7.14927 -6.92707 -0.0246498
-6.93239 -7.14378 -0.023902
-3.30971 -9.38509 -0.0114115
-3.80467 -8.98229 -0.0131184
-4.30684 -8.64305 -0.01485
-3.7662 -8.89157 -0.0129859
-1.52753 -9.83298 -0.00526675
-4.23281 -4.93894 -0.0145978
-9.78889 -1.82846 -0.0337508
-7.72547 -5.46495 -0.0266372
-7.56446 -5.35121 -0.0260823
-4.43107 -8.24611 -0.0152788
-4.53506 -7.84996 -0.0156378
-5.29756 -7.47876 -0.0182667
-4.98263 -8.04165 -0.0171804
-5.52993 -4.44819 -0.0190695
-5.82844 -5.31077 -0.0200984
-5.52039 -5.35048 -0.0190365
-3.96423 -7.37832 -0.0136704
-4.04172 -6.99693 -0.0139379
-4.39176 4.52776 -0.0151458
-9.65768 -2.42714 -0.0332984
-9.56205 -2.40314 -0.0329688
-5.1469 -5.30567 -0.017749
-3.76951 -4.68307 -0.0130005
-3.81572 5.38849 -0.0131597
8.62427 -4.97539 0.0297354
57.0691 -38.0832 112.319
7.75842 -6.23838 0.0267501
7.35937 -6.70379 0.0253742
57.9642 -40.3997 116.637
60.7624 -35.9055 116.637
95.5205 -22.9647 185.699
107.655 0 198.659
119.102 0 228.867
117.545 0 224.552
88.6304 -22.3776 168.434
81.2391 -28.5471 155.485
109.366 0 202.974
153.702 0 371.215
55.3787 5.89657 86.4109
30.8903 0 38.9059
14.5357 1.25466 8.67223
16.9567 0.196466 12.9917
16.9477 0.39298 12.9917
19.2876 0.138269 17.3108
60.2016 0 95.0478
62.347 1.85823 99.366
62.3797 0 99.366
55.6501 -3.57884 86.4112
55.5303 -4.74803 86.4111
40.0717 0 56.1814
57.7124 -16.1886 95.047
52.5245 76.5756 172.75
110.946 93.7713 384.145
104.158 0 190.027
56.9148 -18.5412 95.0467
91.1926 0 159.811
8.46684 5.23842 0.0291926
16.9327 0.589585 12.9916
14.5687 1.00418 8.67237
16.9117 0.786329 12.9915
59.7612 6.86266 95.0477
-73.8777 -46.6982 159.8
-6.47913 7.55666 -0.0223392
-68.1248 35.5293 133.901
-60.0849 45.4048 129.585
-71.9393 55.3579 168.433
-7.18787 6.15392 -0.0247837
-4.30684 8.64304 -0.01485
-4.39484 8.81938 -0.0151531
-6.41492 -7.48189 -0.0221181
-6.01606 -5.83039 -0.0207449
-6.43876 -5.51332 -0.0222021
-4.23281 4.93894 -0.0145978
-5.31528 -6.60164 -0.0183287
-4.8985 -6.91607 -0.0168917
-7.55338 -5.70009 -0.0260439
-6.8133 -5.83364 -0.0234929
-5.50067 -8.29498 -0.0189657
-6.37656 -6.9899 -0.0219865
-6.28651 -7.33235 -0.0216757
-5.52552 -7.31221 -0.0190527
-4.5743 -6.05465 -0.0157747
-4.75262 -6.29046 -0.0163893
-4.33654 -5.74022 -0.0149552
-4.99041 -6.60487 -0.0172088
-4.52446 -8.41965 -0.0156005
-8.30138 -5.49647 -0.0286221
-7.06804 -4.68085 -0.0243715
-6.92042 -4.89614 -0.0238626
-9.39236 -3.3072 -0.0323836
-9.93957 -0.612583 -0.0342703
-4.66634 -4.81065 -0.0160924
-4.52905 -4.66921 -0.0156191
123.609 0 241.812
122.134 0 237.497
146.866 0 328.088
155.097 0 384.151
44.6164 0 64.8188
42.3484 0 60.5001
60.007 -4.5662 95.0478
62.0715 -5.71884 99.3659
57.9763 -1.83341 90.7296
53.5155 1.988 82.0928
46.8751 0 69.1374
12.2932 0 4.35348
12.2889 -0.291436 4.35346
14.6235 0.251232 8.6726
14.6126 0.502389 8.67255
53.5569 1.33191 82.0929
55.7365 2.39439 86.4112
55.3787 -5.89662 86.4109
96.8824 0 172.761
8.12804 5.7493 0.0280245
7.947 5.99669 0.0274003
64.5345 -0.784079 103.684
66.6942 0 108.002
68.8295 0 112.32
81.3008 0 138.226
83.3179 0 142.543
-68.1196 -35.5397 133.901
-63.7018 69.8705 177.066
-48.6586 52.3939 120.951
-4.52446 8.41965 -0.0156005
2.42899 -9.6502 0.00837487
-5.31826 -4.84629 -0.0183398
-8.91443 -4.43545 -0.0307358
-8.77351 -4.70766 -0.0302499
-5.44615 -8.21289 -0.0187779
-4.41123 -7.1205 -0.0152117
-5.77295 -6.73412 -0.0199062
-5.68639 -7.062 -0.0196075
-5.83714 -6.8089 -0.0201274
-4.90105 -7.39192 -0.0169
-4.63375 -8.02056 -0.0159778
-4.14038 -7.16755 -0.0142779
-9.5783 -2.72317 -0.0330247
-9.48345 -2.69624 -0.0326978
-9.95846 -8.70596e-07 -0.0343354
-7.62823 -4.72026 -0.0263024
-9.7279 -2.12881 -0.0335405
-6.45195 -5.18911 -0.0222477
4.9792 -8.61761 0.0171677
4.71126 -8.76674 0.0162439
114.351 0 215.921
112.715 0 211.606
105.918 0 194.343
89.2539 0 155.494
57.705 -5.48441 90.7294
35.4948 0 47.5437
64.5082 -1.46617 103.684
12.1361 -1.7411 4.35291
9.91598 -0.918146 0.034189
9.88298 -1.22284 0.0340752
12.2539 -0.873465 4.35334
14.4954 1.50476 8.67207
9.88298 1.22284 0.0340752
9.93957 0.612581 0.0342703
57.8744 -3.66292 90.7295
53.5819 -0.667884 82.0929
9.7279 -2.1288 0.0335405
9.65768 -2.42714 0.0332984
7.75842 6.23838 0.0267501
60.1531 2.28047 95.0478
77.212 0 129.591
79.2653 0 133.908
-72.5684 68.2469 190.014
-5.38785 -6.28538 -0.0185791
-4.94422 -6.14125 -0.0170499
-5.87197 -7.29216 -0.0202469
-5.52562 -7.80028 -0.0190524
-6.17715 -6.77159 -0.0212994
-7.72579 -5.11589 -0.0266385
-8.59972 -4.61454 -0.029651
5.75371 -8.12178 0.0198381
5.24243 -8.4603 0.0180753
5.50067 -8.29498 0.0189657
120.631 0 233.182
115.961 0 220.237
111.053 0 207.29
102.374 0 185.71
55.6501 3.5787 86.4112
55.5303 4.74805 86.4111
49.1202 -0.120505 73.456
49.1241 0 73.456
64.5345 0.784207 103.684
9.8406 -1.52637 0.0339291
12.2539 0.873465 4.35334
14.5943 0.753397 8.67248
9.91598 0.918145 0.034189
12.1841 1.4529 4.35308
53.5902 0 82.0929
64.5082 1.46698 103.684
57.9763 1.83331 90.7296
75.1412 0 125.273
-49.6673 74.0335 164.117
-5.76339 -7.62656 -0.0198722
-9.0469 -4.15904 -0.0311925
-5.28768 -6.99785 -0.0182332
-7.03804 -6.02581 -0.0242674
-6.53011 -4.92875 -0.0225172
-6.60882 -4.9881 -0.0227885
4.43884 -8.90755 0.0153046
6.24317 -7.75245 0.0215257
33.1957 0 43.2249
49.1202 0.120493 73.456
51.3577 -0.314943 77.7745
64.5441 0 103.684
14.6272 0 8.67261
21.618 0 21.6299
23.9425 0 25.949
21.6156 -0.08603 21.6299
14.5687 -1.00418 8.67237
12.2233 1.16361 4.35323
26.2631 0 30.268
23.9401 0.0458325 25.9489
19.2799 0.276653 17.3108
-6.05756 -7.52231 -0.0208863
-5.76485 -5.94205 -0.0198789
-7.35937 -6.70379 -0.0253742
37.787 0 51.8626
9.95374 -0.306431 0.0343192
12.2758 -0.582669 4.35342
14.6126 -0.502394 8.67255
19.2876 -0.138267 17.3108
16.9477 -0.392981 12.9917
-7.41263 -6.34607 -0.0255582
14.5943 -0.753403 8.67248
16.9327 -0.589584 12.9916
21.6156 0.0860347 21.6299
-7.45098 -5.99154 -0.0256907
19.2902 0 17.3108
19.2799 -0.276653 17.3108
-6.29827 -5.06563 -0.021718
-7.18787 -6.15392 -0.0247837
16.9117 -0.786333 12.9915
28.5793 0 34.587
23.9401 -0.0458292 25.9489
3  0 1 2
3  3 4 5
3  6 7 8
3  9 10 11
3  12 13 14
3  15 16 17
3  18 19 20
3  21 22 23
3  24 25 26
3  27 28 29
3  30 31 32
3  33 34 35
3  36 37 38
3  39 40 41
3  42 43 44
3  45 12 3
3  46 47 48
3  13 12 49
3  50 51 52
3  53 54 55
3  45 3 56
3  57 58 59
3  60 61 62
3  63 5 64
3  4 65 5
3  49 12 45
3  66 67 68
3  69 70 71
3  72 73 74
3  75 76 77
3  78 50 79
3  80 72 81
3  82 25 83
3  84 85 86
3  87 88 89
3  90 91 92
3  93 0 94
3  94 95 96
3  97 98 99
3  100 65 4
3  101 43 102
3  100 103 104
3  105 106 107
3  101 60 108
3  104 103 109
3  109 110 111
3  64 5 112
3  65 100 113
3  43 49 114
3  115 116 117
3  118 119 120
3  49 45 121
3  122 123 124
3  125 110 126
3  127 128 129
3  130 24 131
3  132 66 28
3  133 134 135
3  49 43 42
3  136 42 44
3  137 138 139
3  140 141 142
3  143 144 145
3  146 147 148
3  149 84 150
3  151 13 137
3  152 153 154
3  155 156 157
3  104 109 111
3  158 116 159
3  160 161 162
3  163 164 165
3  166 167 168
3  16 129 169
3  1 59 2
3  126 110 170
3  171 172 173
3  174 175 147
3  3 12 4
3  176 12 177
3  110 109 178
3  179 180 181
3  182 183 184
3  119 106 120
3  60 101 102
3  136 101 108
3  185 158 186
3  97 187 188
3  76 189 77
3  22 21 190
3  191 63 64
3  113 117 192
3  193 194 195
3  196 115 197
3  56 63 198
3  3 63 199
3  60 102 120
3  119 118 200
3  201 113 200
3  49 121 114
3  202 203 204
3  205 90 206
3  43 101 44
3  101 136 44
3  207 208 209
3  75 21 23
3  210 211 212
3  136 189 76
3  14 13 213
3  214 215 216
3  13 49 138
3  42 76 217
3  218 219 220
3  50 221 222
3  128 127 223
3  103 224 93
3  144 225 226
3  227 228 229
3  230 231 232
3  233 234 235
3  14 236 237
3  238 239 240
3  241 242 243
3  244 245 246
3  234 247 248
3  4 12 176
3  100 4 176
3  59 1 171
3  12 14 172
3  57 59 249
3  250 14 237
3  166 251 252
3  158 19 18
3  19 158 159
3  100 104 113
3  104 115 117
3  135 183 253
3  134 183 135
3  191 201 118
3  121 198 114
3  60 254 108
3  254 255 190
3  256 257 258
3  257 255 62
3  98 116 259
3  97 260 187
3  255 261 190
3  254 60 255
3  136 108 190
3  42 136 76
3  116 106 200
3  262 118 263
3  264 196 197
3  111 110 265
3  121 56 198
3  121 45 56
3  113 64 266
3  63 3 5
3  116 158 106
3  114 262 263
3  233 267 268
3  269 270 271
3  90 272 273
3  40 274 275
3  276 91 277
3  278 91 273
3  279 24 280
3  281 163 165
3  282 283 284
3  285 286 287
3  9 11 288
3  289 290 291
3  292 293 294
3  295 296 297
3  298 299 300
3  301 214 34
3  261 22 190
3  302 303 304
3  299 305 306
3  307 308 309
3  310 75 47
3  47 75 48
3  75 310 76
3  211 49 212
3  140 311 312
3  174 313 175
3  314 250 237
3  13 146 315
3  151 139 141
3  210 316 317
3  13 138 137
3  151 137 139
3  318 319 320
3  321 174 322
3  323 324 218
3  319 325 326
3  327 328 329
3  319 330 320
3  331 332 333
3  163 281 164
3  334 335 336
3  115 104 197
3  337 338 339
3  202 340 341
3  315 342 343
3  174 147 322
3  126 54 53
3  344 95 94
3  345 241 346
3  180 347 348
3  100 176 177
3  249 59 349
3  167 252 350
3  103 100 224
3  12 171 177
3  171 1 177
3  57 249 351
3  249 14 314
3  352 181 353
3  82 83 354
3  59 58 245
3  249 314 351
3  288 355 356
3  133 260 357
3  116 115 259
3  358 115 359
3  360 361 362
3  302 135 253
3  363 62 364
3  133 135 186
3  158 185 62
3  363 257 62
3  61 158 62
3  302 363 365
3  260 18 20
3  260 133 18
3  159 116 98
3  97 188 366
3  63 56 199
3  56 3 199
3  198 63 262
3  102 43 114
3  60 120 107
3  120 105 107
3  367 368 369
3  370 371 248
3  372 205 206
3  373 374 268
3  375 376 377
3  341 274 378
3  242 241 379
3  91 90 273
3  380 376 381
3  92 276 382
3  128 376 129
3  91 276 92
3  331 383 384
3  219 128 223
3  52 51 385
3  221 78 386
3  387 388 389
3  133 357 390
3  391 392 393
3  46 48 153
3  309 296 394
3  296 395 394
3  147 144 322
3  46 152 311
3  108 254 190
3  293 292 396
3  255 257 261
3  397 398 399
3  298 303 299
3  303 298 304
3  307 400 396
3  401 402 403
3  257 363 258
3  302 304 404
3  405 406 37
3  397 406 407
3  81 72 74
3  392 408 409
3  310 47 210
3  316 139 317
3  410 411 412
3  13 151 146
3  413 315 343
3  175 52 414
3  139 138 211
3  84 141 415
3  281 280 416
3  417 418 419
3  420 175 50
3  175 420 52
3  225 421 422
3  84 144 147
3  152 423 143
3  34 424 425
3  426 318 320
3  427 328 327
3  321 313 428
3  313 429 175
3  430 426 29
3  431 414 342
3  313 174 428
3  432 410 343
3  281 324 323
3  433 434 435
3  323 218 220
3  323 220 280
3  27 227 28
3  324 281 436
3  437 438 439
3  440 441 442
3  335 334 443
3  444 445 446
3  264 447 448
3  111 264 197
3  449 125 450
3  451 452 453
3  454 126 55
3  367 455 456
3  55 457 458
3  459 460 268
3  0 452 461
3  202 462 463
3  347 180 464
3  166 180 465
3  466 467 239
3  347 468 242
3  469 39 379
3  470 51 471
3  472 473 205
3  39 474 379
3  475 476 477
3  242 468 478
3  0 2 244
3  2 59 245
3  12 172 171
3  14 249 349
3  59 171 479
3  172 14 480
3  344 461 451
3  314 167 351
3  481 482 354
3  470 471 483
3  147 175 431
3  25 82 386
3  58 484 485
3  166 252 486
3  484 350 485
3  487 488 489
3  181 180 353
3  58 57 484
3  260 19 188
3  19 159 98
3  260 288 356
3  260 97 10
3  490 390 491
3  492 303 493
3  111 265 264
3  494 259 359
3  117 116 192
3  113 104 117
3  118 201 200
3  106 119 200
3  113 201 64
3  201 191 64
3  62 185 364
3  135 185 186
3  495 496 497
3  303 302 253
3  133 186 498
3  186 158 498
3  63 118 262
3  63 191 118
3  19 260 20
3  255 60 62
3  494 98 259
3  259 358 359
3  106 105 120
3  158 107 499
3  158 61 107
3  61 60 107
3  337 462 7
3  500 161 501
3  39 502 488
3  285 380 381
3  7 462 8
3  6 372 206
3  272 473 273
3  503 276 277
3  83 25 504
3  332 164 333
3  466 238 505
3  83 504 506
3  471 82 354
3  279 507 508
3  155 376 128
3  507 509 16
3  7 6 510
3  511 512 500
3  285 155 286
3  155 513 514
3  161 285 287
3  123 161 160
3  281 323 280
3  24 130 515
3  516 280 517
3  331 130 518
3  26 25 386
3  83 481 354
3  300 299 519
3  520 521 522
3  496 495 523
3  390 524 525
3  36 526 291
3  67 66 132
3  289 38 527
3  528 529 530
3  97 531 532
3  533 73 534
3  66 535 536
3  156 155 514
3  537 538 539
3  152 46 153
3  307 23 540
3  307 75 23
3  37 399 393
3  307 396 541
3  296 153 395
3  153 48 395
3  397 542 543
3  153 296 154
3  544 311 545
3  546 152 547
3  46 311 548
3  139 548 549
3  189 21 77
3  21 75 77
3  21 189 190
3  189 136 190
3  298 402 550
3  402 261 256
3  551 552 553
3  551 496 523
3  261 402 554
3  298 555 403
3  304 363 404
3  363 302 404
3  405 214 301
3  556 557 558
3  526 289 291
3  526 36 38
3  22 554 401
3  554 402 401
3  559 560 561
3  72 560 562
3  138 49 211
3  76 310 212
3  49 563 212
3  49 42 563
3  210 47 564
3  210 564 548
3  84 146 565
3  84 565 141
3  13 410 213
3  14 213 411
3  414 52 566
3  168 167 567
3  565 146 141
3  146 151 141
3  377 92 169
3  420 50 52
3  568 426 569
3  570 318 426
3  164 429 571
3  571 321 572
3  422 421 573
3  574 575 576
3  311 152 545
3  577 152 578
3  579 580 581
3  582 583 584
3  327 329 585
3  537 586 587
3  573 318 588
3  589 319 590
3  321 226 591
3  318 570 592
3  416 280 333
3  593 594 418
3  595 330 596
3  66 218 28
3  279 220 223
3  220 279 280
3  567 167 237
3  436 281 597
3  598 426 320
3  593 572 594
3  328 599 329
3  218 324 28
3  328 427 600
3  601 602 603
3  604 529 605
3  606 607 608
3  196 264 448
3  104 111 197
3  248 371 55
3  609 126 610
3  456 455 284
3  611 612 55
3  613 373 268
3  614 367 615
3  193 344 194
3  110 178 170
3  612 234 248
3  612 248 55
3  109 103 616
3  93 94 616
3  224 1 93
3  1 0 93
3  124 617 271
3  482 179 181
3  482 468 179
3  468 347 179
3  476 475 618
3  180 348 465
3  619 468 620
3  468 482 620
3  347 242 379
3  251 465 379
3  465 348 379
3  241 469 379
3  0 244 452
3  2 245 244
3  1 224 177
3  224 100 177
3  172 480 173
3  480 14 173
3  245 58 246
3  484 57 351
3  567 237 342
3  314 14 250
3  621 270 269
3  622 482 352
3  252 251 474
3  474 251 379
3  623 168 385
3  624 24 504
3  484 351 350
3  351 167 350
3  252 167 486
3  167 166 486
3  187 260 188
3  19 98 188
3  113 192 200
3  192 116 200
3  5 65 112
3  65 113 112
3  158 18 498
3  18 133 498
3  118 625 263
3  114 198 262
3  185 135 364
3  363 364 365
3  115 358 259
3  265 335 264
3  118 120 625
3  120 102 625
3  107 106 499
3  106 158 499
3  338 122 124
3  234 233 268
3  40 39 488
3  337 626 462
3  285 161 500
3  502 473 627
3  469 476 618
3  202 628 629
3  372 6 205
3  630 629 631
3  628 632 629
3  206 380 633
3  202 629 630
3  512 7 510
3  502 634 618
3  277 278 635
3  636 276 503
3  632 487 489
3  276 478 637
3  223 127 16
3  467 620 239
3  620 482 239
3  505 638 504
3  639 481 83
3  507 24 508
3  24 279 508
3  169 92 382
3  276 619 16
3  220 219 223
3  155 128 640
3  16 127 129
3  512 641 380
3  376 155 642
3  155 285 642
3  90 643 206
3  377 376 644
3  338 645 511
3  367 614 287
3  231 646 160
3  646 123 160
3  280 24 515
3  174 321 428
3  383 130 384
3  130 331 384
3  331 518 26
3  518 131 26
3  623 51 470
3  482 181 352
3  647 73 648
3  649 496 551
3  306 560 519
3  560 306 551
3  490 650 651
3  650 652 651
3  303 253 493
3  183 134 184
3  67 291 653
3  132 405 654
3  308 391 399
3  609 455 528
3  560 551 655
3  656 657 658
3  659 660 661
3  528 369 662
3  663 553 658
3  367 156 664
3  80 665 666
3  665 292 666
3  23 293 396
3  667 647 668
3  397 669 670
3  671 672 673
3  75 307 394
3  307 309 394
3  398 308 399
3  308 307 541
3  544 84 674
3  84 675 676
3  677 311 415
3  141 677 415
3  316 210 548
3  139 316 548
3  261 257 256
3  298 256 258
3  666 292 294
3  22 261 554
3  214 405 215
3  215 405 28
3  538 438 539
3  154 296 678
3  38 533 534
3  37 36 291
3  408 292 668
3  665 667 668
3  555 559 561
3  555 298 679
3  292 665 668
3  680 665 74
3  139 211 681
3  139 682 317
3  310 210 212
3  563 42 217
3  410 13 413
3  13 315 413
3  432 236 683
3  411 410 432
3  82 471 222
3  82 222 386
3  376 375 129
3  51 50 222
3  175 429 50
3  221 50 78
3  143 423 684
3  590 319 326
3  315 146 431
3  146 84 147
3  152 685 686
3  577 144 687
3  438 688 689
3  70 439 690
3  330 595 320
3  319 427 330
3  144 226 322
3  226 321 322
3  318 226 422
3  226 225 422
3  405 132 28
3  426 598 29
3  227 215 28
3  324 436 28
3  691 165 418
3  691 281 165
3  692 693 694
3  695 696 697
3  330 698 596
3  596 698 585
3  98 699 99
3  699 97 99
3  699 98 700
3  98 494 700
3  699 700 359
3  700 494 359
3  110 125 265
3  335 265 701
3  126 53 55
3  455 609 702
3  613 621 373
3  703 374 269
3  371 460 704
3  230 615 705
3  178 706 54
3  193 234 707
3  178 94 96
3  103 93 616
3  371 370 708
3  54 706 55
3  709 252 710
3  708 711 712
3  708 248 711
3  370 248 713
3  166 168 353
3  623 352 353
3  180 179 464
3  179 347 464
3  703 269 271
3  168 623 353
3  348 347 379
3  251 166 465
3  478 468 637
3  276 636 714
3  475 635 715
3  634 39 716
3  717 242 714
3  243 242 717
3  346 475 718
3  503 277 635
3  461 452 451
3  244 246 452
3  59 173 349
3  173 14 349
3  171 173 719
3  173 59 719
3  64 112 266
3  112 113 266
3  364 135 365
3  135 302 365
3  625 102 263
3  102 114 263
3  460 708 268
3  268 708 712
3  626 338 270
3  617 703 271
3  338 626 339
3  626 337 339
3  621 613 720
3  613 234 721
3  40 488 632
3  161 123 501
3  645 338 7
3  338 337 7
3  645 7 511
3  7 512 511
3  488 487 632
3  452 246 453
3  203 630 204
3  722 628 40
3  473 272 205
3  90 205 723
3  502 724 488
3  725 8 631
3  620 467 15
3  467 466 15
3  481 238 240
3  238 466 239
3  638 726 504
3  238 638 505
3  471 51 222
3  222 221 386
3  25 624 504
3  25 24 624
3  620 15 17
3  15 466 16
3  509 507 223
3  507 279 223
3  727 156 728
3  513 155 640
3  509 223 16
3  376 380 644
3  643 380 206
3  380 641 633
3  376 642 729
3  642 285 729
3  512 380 500
3  380 285 730
3  286 156 287
3  156 367 287
3  646 231 124
3  614 160 162
3  614 615 160
3  231 160 232
3  130 383 515
3  383 331 515
3  130 131 518
3  24 26 731
3  78 331 386
3  331 26 386
3  390 357 732
3  357 260 733
3  734 605 735
3  289 527 736
3  134 652 737
3  134 133 652
3  184 134 738
3  739 740 32
3  741 183 742
3  743 495 32
3  303 497 649
3  497 496 649
3  132 654 291
3  405 37 291
3  10 97 11
3  744 745 746
3  607 87 747
3  699 446 745
3  727 748 749
3  750 751 752
3  753 551 523
3  360 753 523
3  604 335 449
3  455 367 369
3  661 754 755
3  444 334 756
3  156 286 157
3  286 155 157
3  219 757 758
3  664 156 727
3  727 759 748
3  368 367 664
3  67 535 68
3  535 66 68
3  219 218 757
3  218 66 757
3  293 23 294
3  23 22 294
3  402 298 403
3  555 80 403
3  400 23 396
3  396 292 408
3  543 542 760
3  295 308 761
3  762 669 543
3  399 391 393
3  309 308 295
3  762 672 670
3  395 48 394
3  48 75 394
3  225 144 143
3  144 763 145
3  764 301 765
3  423 152 154
3  149 311 766
3  84 766 767
3  152 768 769
3  768 144 769
3  415 311 770
3  84 771 772
3  141 773 774
3  141 139 549
3  564 47 548
3  47 46 548
3  402 256 550
3  256 298 550
3  363 304 258
3  304 298 258
3  775 776 777
3  696 778 697
3  154 779 780
3  406 405 301
3  80 555 561
3  679 298 300
3  73 647 74
3  647 680 74
3  665 680 667
3  680 647 667
3  682 681 781
3  211 210 317
3  317 682 781
3  682 139 681
3  563 217 212
3  217 76 212
3  167 314 237
3  315 431 342
3  411 213 412
3  213 410 412
3  175 414 431
3  236 14 683
3  78 429 332
3  429 164 332
3  429 313 571
3  313 321 571
3  164 416 333
3  164 281 416
3  516 517 333
3  517 331 333
3  51 623 385
3  168 567 385
3  152 782 783
3  152 763 784
3  546 144 785
3  152 786 787
3  319 318 325
3  788 789 790
3  318 573 325
3  154 791 792
3  154 780 791
3  69 582 793
3  70 794 71
3  70 69 795
3  226 570 591
3  594 796 419
3  570 226 592
3  226 318 592
3  426 797 569
3  591 570 796
3  599 227 585
3  27 595 596
3  29 436 797
3  598 27 29
3  164 571 593
3  281 691 597
3  595 27 320
3  27 598 320
3  328 602 798
3  589 590 557
3  70 556 558
3  789 799 800
3  698 330 585
3  427 327 585
3  334 699 443
3  359 115 196
3  335 447 264
3  447 335 443
3  265 125 701
3  125 335 701
3  126 702 610
3  702 609 610
3  706 611 55
3  702 126 454
3  455 702 284
3  615 367 456
3  459 374 703
3  801 460 459
3  230 283 704
3  283 371 704
3  282 284 458
3  802 282 458
3  371 803 55
3  804 55 802
3  178 54 170
3  54 126 170
3  284 283 705
3  706 95 805
3  95 706 96
3  706 178 96
3  454 55 458
3  612 611 806
3  193 612 805
3  611 706 806
3  460 801 704
3  282 371 807
3  350 252 709
3  709 710 808
3  41 252 809
3  711 248 712
3  374 459 268
3  344 94 461
3  94 178 616
3  178 109 616
3  270 124 271
3  180 166 353
3  637 468 810
3  468 619 810
3  478 276 714
3  242 478 714
3  475 346 635
3  273 473 715
3  171 719 479
3  719 59 479
3  471 354 483
3  482 622 483
3  354 482 483
3  623 470 483
3  188 98 366
3  98 97 366
3  270 338 124
3  123 646 124
3  340 811 812
3  374 621 269
3  721 813 812
3  613 721 720
3  205 6 725
3  462 626 463
3  6 641 510
3  641 512 510
3  380 730 500
3  730 285 500
3  39 634 502
3  716 469 618
3  205 272 723
3  272 90 723
3  6 8 725
3  629 632 489
3  241 243 346
3  278 273 635
3  39 469 716
3  634 716 618
3  475 469 718
3  469 241 718
3  239 482 240
3  482 481 240
3  507 16 505
3  16 466 505
3  638 238 639
3  238 481 639
3  726 638 83
3  638 639 83
3  24 507 504
3  507 505 504
3  643 90 377
3  375 377 169
3  16 619 17
3  619 620 17
3  90 92 377
3  129 375 169
3  376 729 381
3  729 285 381
3  641 6 633
3  6 206 633
3  338 511 122
3  511 123 122
3  161 287 162
3  287 614 162
3  280 515 517
3  515 331 517
3  26 131 731
3  131 24 731
3  665 80 74
3  80 81 74
3  260 10 9
3  97 814 815
3  134 650 816
3  650 490 817
3  490 818 817
3  652 133 651
3  133 390 651
3  390 490 651
3  652 650 737
3  650 134 737
3  817 819 738
3  183 182 742
3  741 495 820
3  253 183 741
3  495 497 492
3  497 303 492
3  305 299 649
3  299 303 649
3  821 520 522
3  526 38 289
3  335 604 822
3  751 823 824
3  31 825 826
3  827 362 828
3  369 368 829
3  455 369 528
3  527 553 736
3  660 830 831
3  360 523 832
3  657 360 658
3  552 656 553
3  552 833 657
3  834 821 759
3  835 822 836
3  837 734 749
3  838 67 653
3  640 128 839
3  520 821 736
3  757 535 758
3  640 219 758
3  535 757 536
3  757 66 536
3  666 294 401
3  294 22 401
3  23 400 540
3  400 307 540
3  396 408 541
3  408 392 541
3  397 840 669
3  761 671 841
3  672 842 670
3  761 308 843
3  671 762 543
3  671 543 841
3  844 841 845
3  296 295 844
3  296 309 297
3  309 295 297
3  308 392 391
3  647 38 409
3  763 152 145
3  152 143 145
3  423 846 847
3  225 848 849
3  850 851 791
3  225 852 847
3  85 311 86
3  84 853 150
3  766 311 767
3  84 149 766
3  675 311 676
3  311 544 674
3  144 84 545
3  84 544 545
3  771 311 772
3  311 771 770
3  548 311 549
3  141 549 142
3  773 311 774
3  311 773 312
3  854 855 856
3  857 858 859
3  215 208 207
3  860 861 862
3  557 556 788
3  863 864 865
3  425 424 866
3  301 34 425
3  542 406 764
3  406 301 764
3  753 552 551
3  299 306 519
3  681 211 781
3  211 317 781
3  237 236 342
3  410 413 343
3  14 411 683
3  411 432 683
3  429 79 867
3  429 78 79
3  280 516 333
3  331 78 332
3  52 385 566
3  385 414 566
3  431 148 868
3  431 146 148
3  763 144 784
3  152 784 578
3  782 144 783
3  144 782 687
3  685 144 686
3  152 686 547
3  786 144 787
3  144 786 785
3  573 421 869
3  846 850 869
3  318 422 588
3  422 573 588
3  791 542 765
3  870 866 765
3  33 437 793
3  437 439 793
3  583 582 871
3  69 793 795
3  28 436 29
3  430 29 797
3  797 436 569
3  872 436 597
3  873 874 875
3  876 789 800
3  329 599 585
3  330 427 585
3  699 359 877
3  359 196 443
3  615 284 705
3  615 456 284
3  621 374 373
3  247 234 268
3  231 801 703
3  801 459 703
3  160 615 232
3  615 230 232
3  801 231 704
3  231 230 704
3  55 803 802
3  457 804 458
3  40 628 878
3  721 274 813
3  193 707 879
3  707 234 879
3  804 457 55
3  350 709 451
3  283 230 705
3  804 802 458
3  95 344 805
3  344 193 805
3  371 283 807
3  283 282 807
3  708 370 713
3  248 708 713
3  627 473 631
3  502 627 489
3  721 234 274
3  234 808 880
3  234 613 267
3  94 0 461
3  619 276 810
3  276 637 810
3  636 243 714
3  243 717 714
3  91 278 277
3  346 243 635
3  881 195 808
3  194 344 451
3  246 485 453
3  246 58 485
3  231 703 124
3  703 617 124
3  621 720 882
3  720 626 882
3  811 626 812
3  340 202 463
3  628 722 632
3  722 40 632
3  472 205 631
3  631 8 204
3  123 511 501
3  511 500 501
3  635 273 715
3  618 883 884
3  473 883 618
3  502 618 884
3  243 636 635
3  636 503 635
3  476 469 477
3  469 475 477
3  241 345 718
3  345 346 718
3  504 726 506
3  726 83 506
3  380 643 644
3  643 377 644
3  306 305 551
3  305 649 551
3  551 73 562
3  73 72 562
3  555 679 559
3  679 300 559
3  73 551 534
3  38 647 533
3  11 815 885
3  659 886 887
3  182 184 738
3  650 817 738
3  819 825 31
3  361 31 826
3  819 30 738
3  30 741 742
3  495 253 820
3  253 741 820
3  253 495 493
3  495 492 493
3  551 553 534
3  734 837 388
3  821 888 435
3  535 67 838
3  362 889 890
3  891 751 892
3  357 733 893
3  894 895 88
3  524 893 525
3  815 814 885
3  827 828 896
3  387 897 898
3  899 553 897
3  663 890 900
3  901 491 828
3  362 361 826
3  495 743 523
3  523 743 740
3  361 360 31
3  741 30 32
3  552 753 833
3  656 552 657
3  744 699 902
3  734 528 829
3  445 903 904
3  822 604 836
3  336 835 836
3  444 905 336
3  335 125 449
3  604 449 450
3  529 604 450
3  125 530 906
3  830 734 831
3  528 734 735
3  749 907 522
3  368 664 727
3  907 748 908
3  834 727 728
3  535 838 434
3  821 834 888
3  128 219 839
3  219 640 839
3  80 666 403
3  666 401 403
3  38 37 393
3  392 308 541
3  406 542 407
3  542 397 407
3  844 761 841
3  844 295 761
3  671 761 672
3  761 842 672
3  842 761 670
3  761 843 670
3  669 840 543
3  840 397 543
3  779 542 791
3  793 791 765
3  37 406 399
3  406 397 399
3  848 423 849
3  225 909 910
3  851 850 792
3  583 326 584
3  590 326 871
3  852 423 847
3  853 311 150
3  311 149 150
3  311 853 86
3  853 84 86
3  311 675 767
3  675 84 767
3  311 674 676
3  674 84 676
3  144 545 911
3  545 152 911
3  771 84 770
3  84 415 770
3  311 85 912
3  85 84 912
3  549 311 142
3  311 140 142
3  773 141 312
3  141 140 312
3  311 677 774
3  677 141 774
3  913 775 863
3  913 863 914
3  690 915 916
3  917 860 581
3  601 854 856
3  913 918 919
3  215 920 921
3  857 922 923
3  695 924 925
3  863 775 777
3  924 440 442
3  864 538 926
3  870 425 866
3  870 301 425
3  560 559 519
3  559 300 519
3  414 385 342
3  385 567 342
3  79 50 867
3  50 429 867
3  796 568 569
3  593 571 572
3  572 321 594
3  796 570 568
3  165 164 418
3  164 593 418
3  148 147 868
3  147 431 868
3  784 144 578
3  144 577 578
3  782 152 687
3  152 577 687
3  144 685 783
3  685 152 783
3  686 144 547
3  144 546 547
3  786 152 785
3  152 546 785
3  144 768 787
3  768 152 787
3  326 583 871
3  582 69 871
3  424 34 866
3  34 33 866
3  582 927 575
3  780 779 791
3  866 793 765
3  542 764 765
3  438 437 688
3  437 33 688
3  439 438 538
3  538 537 926
3  301 870 765
3  866 33 793
3  436 872 569
3  426 430 797
3  417 597 928
3  597 691 929
3  917 778 696
3  930 931 932
3  70 933 934
3  933 557 934
3  227 27 585
3  27 596 585
3  447 443 448
3  443 196 448
3  699 877 935
3  877 359 935
3  40 936 710
3  710 936 808
3  234 612 879
3  612 193 879
3  267 613 268
3  460 371 708
3  706 805 806
3  805 612 806
3  193 195 881
3  451 709 808
3  340 274 341
3  274 40 937
3  202 341 378
3  274 937 378
3  813 274 812
3  274 340 812
3  234 267 235
3  267 233 235
3  623 483 352
3  483 622 352
3  626 270 882
3  270 621 882
3  340 463 811
3  463 626 811
3  473 472 631
3  205 725 631
3  883 473 938
3  473 502 938
3  473 618 715
3  618 475 715
3  883 938 884
3  938 502 884
3  276 16 382
3  16 169 382
3  551 562 655
3  562 560 655
3  560 72 939
3  72 80 939
3  73 533 648
3  533 647 648
3  886 606 750
3  11 97 815
3  740 743 32
3  495 741 32
3  30 742 738
3  742 182 738
3  818 825 817
3  825 819 817
3  825 818 901
3  818 490 901
3  31 739 32
3  30 819 31
3  553 527 534
3  527 38 534
3  829 368 727
3  521 520 736
3  899 521 736
3  734 829 940
3  290 838 291
3  434 838 290
3  444 446 941
3  446 699 942
3  699 744 746
3  891 446 823
3  357 893 524
3  893 355 943
3  831 734 388
3  660 831 388
3  521 388 749
3  553 899 736
3  360 362 944
3  945 606 889
3  362 827 896
3  362 946 947
3  362 948 949
3  825 901 949
3  739 31 832
3  31 360 832
3  833 753 950
3  753 360 950
3  369 829 662
3  829 528 662
3  388 837 749
3  291 838 653
3  905 334 336
3  335 951 336
3  903 952 836
3  952 336 836
3  125 126 953
3  126 609 953
3  125 953 530
3  529 450 530
3  605 830 659
3  445 904 954
3  952 903 336
3  335 955 835
3  734 830 605
3  659 752 956
3  513 888 514
3  888 834 514
3  888 513 758
3  513 640 758
3  888 433 435
3  535 434 433
3  647 409 957
3  408 958 957
3  308 398 843
3  669 762 670
3  760 779 845
3  779 678 845
3  672 762 673
3  762 671 673
3  841 543 845
3  779 154 678
3  909 423 910
3  423 909 684
3  225 959 960
3  959 423 960
3  574 850 575
3  791 851 792
3  421 847 961
3  850 846 792
3  326 325 927
3  325 573 574
3  69 962 871
3  962 590 871
3  144 911 769
3  911 152 769
3  311 912 772
3  912 84 772
3  915 690 963
3  864 926 964
3  580 579 965
3  860 579 581
3  864 863 963
3  439 538 690
3  214 966 689
3  966 438 689
3  216 967 968
3  967 216 969
3  602 601 970
3  923 207 209
3  227 971 972
3  922 207 923
3  602 328 600
3  427 319 600
3  557 876 603
3  876 601 603
3  924 695 440
3  924 918 925
3  915 963 973
3  778 776 974
3  342 236 343
3  236 432 343
3  594 321 796
3  321 591 796
3  34 975 976
3  688 33 35
3  975 688 976
3  34 214 975
3  793 439 795
3  439 70 795
3  691 418 977
3  418 417 929
3  789 788 978
3  557 788 790
3  556 965 932
3  580 915 581
3  70 979 980
3  979 557 980
3  590 962 71
3  962 69 71
3  359 443 935
3  443 699 935
3  803 371 802
3  371 282 802
3  284 702 458
3  702 454 458
3  234 881 808
3  39 41 809
3  274 808 981
3  234 193 881
3  937 878 378
3  937 40 878
3  626 720 812
3  720 721 812
3  488 724 489
3  724 502 489
3  630 631 204
3  203 202 630
3  560 939 561
3  939 80 561
3  885 895 355
3  11 885 288
3  288 885 355
3  946 894 947
3  901 828 949
3  901 490 491
3  650 738 816
3  738 134 816
3  67 132 291
3  654 405 291
3  748 907 749
3  829 727 749
3  727 834 759
3  521 749 522
3  97 699 531
3  745 891 746
3  699 334 942
3  446 942 941
3  891 892 750
3  886 750 887
3  663 889 982
3  387 663 983
3  946 896 984
3  828 985 896
3  357 524 732
3  524 390 732
3  521 899 388
3  388 899 389
3  821 290 736
3  290 289 736
3  897 553 898
3  360 944 658
3  833 950 657
3  950 360 657
3  663 658 890
3  553 656 658
3  362 826 948
3  828 362 949
3  739 832 740
3  832 523 740
3  446 891 745
3  947 894 986
3  156 514 728
3  514 834 728
3  334 905 756
3  905 444 756
3  903 445 336
3  445 444 336
3  955 822 835
3  955 335 822
3  953 609 530
3  609 528 530
3  892 751 750
3  607 606 947
3  445 751 987
3  751 891 823
3  987 751 824
3  446 445 988
3  751 954 752
3  830 660 659
3  605 529 735
3  529 528 735
3  888 758 433
3  758 535 433
3  408 668 958
3  957 989 990
3  409 408 989
3  408 991 989
3  843 398 670
3  398 397 670
3  542 779 760
3  543 760 845
3  678 296 845
3  296 844 845
3  909 225 684
3  225 143 684
3  225 910 992
3  910 423 992
3  225 849 993
3  849 423 993
3  225 960 994
3  960 423 994
3  573 869 995
3  869 850 995
3  325 574 576
3  850 791 575
3  601 876 800
3  996 865 997
3  799 996 800
3  913 996 918
3  998 919 999
3  918 924 919
3  556 580 965
3  556 70 580
3  579 862 930
3  931 1000 932
3  438 966 539
3  537 539 586
3  688 975 689
3  975 214 689
3  586 968 587
3  214 216 968
3  539 966 586
3  968 586 1001
3  857 923 858
3  209 1002 1003
3  209 972 1002
3  972 1004 1002
3  228 970 1005
3  602 970 228
3  600 319 603
3  602 600 603
3  319 589 603
3  589 557 603
3  974 441 1006
3  974 1006 697
3  776 778 777
3  778 917 777
3  570 426 568
3  418 594 419
3  688 35 976
3  35 34 976
3  963 863 973
3  70 690 916
3  791 793 575
3  793 582 575
3  846 423 792
3  423 154 792
3  597 929 928
3  929 417 928
3  418 929 977
3  929 691 977
3  1007 1000 861
3  788 556 1007
3  789 876 790
3  876 557 790
3  860 978 861
3  799 978 1008
3  557 979 1009
3  979 70 1009
3  557 933 980
3  933 70 980
3  557 794 934
3  794 70 934
3  794 557 71
3  557 590 71
3  485 350 453
3  350 451 453
3  274 936 275
3  936 40 275
3  252 41 710
3  40 710 1010
3  252 474 809
3  474 39 809
3  248 247 712
3  247 268 712
3  195 194 808
3  194 451 808
3  878 628 378
3  628 202 378
3  629 489 631
3  489 627 631
3  355 893 356
3  260 9 288
3  895 894 984
3  896 985 1011
3  606 945 947
3  985 943 1011
3  893 491 525
3  491 390 525
3  985 491 943
3  491 893 943
3  491 985 828
3  895 885 88
3  434 290 435
3  290 821 435
3  942 334 941
3  444 941 1012
3  889 606 982
3  886 659 661
3  945 889 947
3  889 362 1013
3  607 947 986
3  608 747 1014
3  899 897 389
3  897 387 389
3  661 660 754
3  754 663 755
3  748 759 908
3  907 908 522
3  336 951 835
3  951 335 835
3  604 605 836
3  903 836 1015
3  530 450 906
3  450 125 906
3  891 750 1014
3  750 606 608
3  446 988 987
3  988 445 987
3  954 904 752
3  751 445 954
3  836 605 1015
3  903 1015 1016
3  958 668 1017
3  668 647 1017
3  392 409 1018
3  409 38 393
3  408 957 990
3  409 989 957
3  423 848 992
3  848 225 992
3  423 959 993
3  959 225 993
3  423 852 994
3  852 225 994
3  847 846 961
3  421 225 847
3  850 574 995
3  574 573 995
3  326 927 584
3  927 582 584
3  575 927 576
3  927 325 576
3  926 1019 964
3  863 865 914
3  968 967 587
3  1019 854 964
3  789 978 799
3  918 996 925
3  996 799 925
3  924 1020 919
3  776 775 919
3  775 913 919
3  441 974 1021
3  1020 924 442
3  917 581 973
3  581 915 973
3  965 579 930
3  965 930 932
3  579 860 862
3  1000 931 1022
3  922 1023 920
3  1024 1025 1026
3  587 969 1027
3  214 968 1001
3  923 209 1003
3  874 1002 1028
3  873 1029 1030
3  858 1031 859
3  228 227 798
3  602 228 798
3  854 1019 855
3  1005 856 1028
3  776 919 998
3  998 999 1021
3  978 860 1008
3  860 917 696
3  872 597 569
3  597 417 569
3  690 538 963
3  538 864 963
3  915 580 916
3  580 70 916
3  978 788 861
3  788 1007 861
3  557 1009 558
3  1009 70 558
3  710 41 1010
3  41 40 1010
3  808 936 981
3  936 274 981
3  808 274 880
3  274 234 880
3  8 462 204
3  462 202 204
3  893 733 356
3  733 260 356
3  943 355 1011
3  984 1011 1032
3  948 826 949
3  826 825 949
3  829 749 940
3  749 734 940
3  908 759 522
3  759 821 522
3  744 902 745
3  902 699 745
3  941 334 1012
3  334 444 1012
3  1015 605 1016
3  752 1016 956
3  660 388 754
3  388 387 754
3  606 886 1033
3  886 661 1033
3  362 896 946
3  894 946 984
3  894 88 87
3  1034 87 89
3  88 885 89
3  885 814 89
3  553 663 898
3  663 387 898
3  889 663 900
3  890 889 900
3  608 607 747
3  750 608 1014
3  823 446 824
3  446 987 824
3  409 393 1018
3  393 392 1018
3  958 1017 957
3  1017 647 957
3  846 869 961
3  869 421 961
3  865 996 914
3  996 913 914
3  865 1035 997
3  865 864 1035
3  1019 926 855
3  926 537 855
3  695 925 1008
3  925 799 1008
3  919 1020 999
3  974 776 1021
3  1020 442 999
3  442 441 999
3  863 777 973
3  777 917 973
3  861 1000 862
3  1000 1022 862
3  216 1036 1037
3  692 1038 693
3  693 1038 921
3  216 215 1036
3  920 693 921
3  693 1023 694
3  586 966 1001
3  966 214 1001
3  209 208 972
3  971 1004 972
3  692 1039 1040
3  1002 874 1003
3  227 599 798
3  599 328 798
3  971 1005 1028
3  228 1005 229
3  601 800 997
3  800 996 997
3  441 440 1006
3  778 974 697
3  796 569 419
3  569 417 419
3  896 1011 984
3  895 984 1032
3  747 87 1014
3  531 699 746
3  750 752 887
3  752 659 887
3  752 904 1016
3  904 903 1016
3  663 754 983
3  754 387 983
3  606 1033 755
3  1033 661 755
3  889 1013 947
3  1013 362 947
3  814 1034 89
3  814 97 1034
3  658 944 890
3  944 362 890
3  87 1034 1041
3  1034 531 1041
3  989 991 990
3  991 408 990
3  1035 964 997
3  1035 864 964
3  1027 1042 1043
3  1031 1044 859
3  1044 1030 1025
3  746 891 1045
3  1005 970 856
3  970 601 856
3  860 696 1008
3  696 695 1008
3  999 441 1021
3  776 998 1021
3  862 1022 930
3  1022 931 930
3  1000 1007 932
3  1007 556 932
3  967 969 587
3  537 587 1027
3  857 859 1046
3  969 1037 1042
3  1038 1037 921
3  1023 693 920
3  208 215 972
3  215 227 972
3  856 874 1028
3  1026 1047 1039
3  1031 858 873
3  874 873 1003
3  1005 971 229
3  971 227 229
3  1002 1004 1028
3  1004 971 1028
3  964 854 997
3  854 601 997
3  1006 440 697
3  440 695 697
3  1011 355 1032
3  355 895 1032
3  659 956 1048
3  956 1016 1048
3  606 755 982
3  755 663 982
3  894 87 986
3  87 607 986
3  531 1034 532
3  1034 97 532
3  531 746 1041
3  1049 1041 1045
3  891 1014 1045
3  1014 87 1049
3  859 1044 1024
3  859 1024 1046
3  1037 1036 921
3  873 875 1029
3  1041 746 1045
3  1036 215 921
3  874 856 875
3  1039 1047 1040
3  1031 873 1030
3  1043 1029 1050
3  692 1046 1039
3  969 216 1037
3  1037 1038 1042
3  1051 537 1050
3  215 207 920
3  207 922 920
3  873 858 1003
3  858 923 1003
3  1016 605 1048
3  605 659 1048
3  87 1041 1049
3  1014 1049 1045
3  1023 922 694
3  922 857 694
3  1027 1043 1050
3  1030 1029 1025
3  1029 1052 1025
3  1027 969 1042
3  1029 875 1051
3  875 856 1051
3  537 1027 1050
3  1029 1051 1050
3  692 694 1046
3  694 857 1046
3  1025 1052 1026
3  1044 1031 1030
3  856 855 1051
3  855 537 1051
3  1046 1024 1039
3  1024 1044 1025
3  1052 1047 1026
3  1024 1026 1039
3  1047 1052 1043
3  1052 1029 1043
3  1047 1043 1040
3  1043 1042 1040
3  1042 1038 1040
3  1038 692 1040
