OFF
793 1582 0
43.3957 -133.013 215.996
45.7893 -111.761 181.462
70.3774 -125.961 220.319
116.251 -33.8427 181.463
73.321 -18.9184 103.727
74.8747 -10.3735 103.727
2.42994 -9.6502 0.0101169
21.3392 -81.9488 116.691
2.13127 -9.72037 0.00887336
61.7179 -20.8098 86.4492
63.0071 -25.3267 90.7694
9.39607 -3.30721 0.0391196
109.149 139.981 293.662
40.4962 134.262 211.689
39.0203 169.118 297.962
-66.6191 156.732 293.645
-35.2719 186.706 354.011
-28.472 169.736 293.649
-59.2597 -128.633 216.002
-25.7744 -158.309 263.456
-41.68 -172.438 306.588
2.72632 -9.57088 0.0113508
-114.027 119.359 267.777
-153.72 109.364 341.082
-117.245 144.639 345.387
-46.7864 -59.9013 103.729
-56.271 -50.9258 103.728
-6.93513 -7.14379 -0.0288738
52.2819 112.016 185.779
66.2558 104.432 185.779
39.9159 77.0991 121.009
-99.1019 -158.16 341.079
-36.8806 -181.318 349.695
-7.15209 -6.92708 -0.0297771
-116.214 -89.9966 435.896
-170.35 79.9749 435.896
-161.174 -73.0209 435.896
-1.79712 144.204 220.318
-90.5958 164.127 422.966
-137.714 122.239 418.655
-154.03 -104.939 418.655
-136.516 -118.044 315.212
-141.665 28.0345 220.319
-149.506 20.5703 233.266
-151.251 47.6037 263.455
-153.537 84.1679 306.583
-129.673 95.7722 263.458
15.2886 117.867 172.838
-5.13137 6.37178 -0.0213683
-4.88385 6.06488 -0.0203384
-5.32537 6.21093 -0.022176
-24.6773 95.6663 138.291
-2.72631 9.57088 -0.0113508
-3.0201 9.48249 -0.012574
122.378 -7.83424 185.775
-1.24107 -140.842 215.999
5.85571 -83.9716 116.689
-156.991 -45.1632 263.464
-132.58 -43.0476 211.686
-134.494 -70.9405 233.27
24.81 -174.35 427.274
-25.1261 -184.533 414.345
20.9065 -178.424 341.068
73.8903 -53.6096 125.335
73.3732 -54.3585 125.336
8.13125 -5.74932 0.0338537
-173.789 42.0173 336.757
-178.423 52.7481 401.415
3.0201 9.48249 0.0125739
-3.29609 6.6152 -0.0137279
2.13126 9.72037 0.00887336
-11.1959 -179.332 306.593
-187.571 3.20587 431.586
-178.797 13.4199 435.896
-62.5503 47.0955 108.047
-110.711 93.2665 216.012
-56.2964 50.8979 103.728
-5.6845 -5.17852 -0.0236715
-5.16794 -5.00814 -0.0215215
-5.38046 -5.21381 -0.022406
-181.758 5.78229 354
70.5917 0 95.0891
62.6012 -1.48408 82.1302
67.952 0 90.7696
73.3431 54.4069 125.336
73.8373 53.706 125.336
8.13125 5.74932 0.0338537
64.8435 -7.51921 86.4499
63.5725 -14.579 86.4496
12.6307 -1.70248 4.36164
-28.7607 174.647 435.896
167.347 78.6189 435.896
64.5129 154.706 435.896
115.567 86.4484 216.011
56.2877 67.5229 121.013
96.0376 118.029 237.579
124.917 -72.8722 216.012
-9.88689 -1.22284 -0.041163
-78.203 -8.75158 108.049
-9.9199 -0.918149 -0.0413005
1.83057 -9.78131 0.00762144
1.52813 -9.83298 0.00636227
-86.0733 -137.292 263.46
-110.943 -133.843 302.271
-122.007 -78.0824 216.013
-152.124 -97.1763 306.594
22.769 -177.191 306.591
24.9839 -145.923 237.565
77.9202 -164.056 418.654
70.3202 -160.858 302.275
58.2766 -132.302 224.628
-88.7747 149.503 435.896
-93.115 145.949 435.896
8.53784 -165.557 435.896
18.1239 -170.981 435.896
113.319 -135.237 306.586
141.261 -81.7553 263.463
135.932 -111.802 310.895
-37.4732 66.1353 103.729
-36.4817 66.5961 103.729
-5.90582 75.7264 103.729
5.64156 83.9835 116.689
-73.1718 29.5491 108.05
-100.663 17.5239 142.613
-57.0855 134.975 233.252
-80.5444 118.377 220.315
-27.3569 142.073 224.629
-56.1924 125.553 211.68
-80.0702 170.754 358.319
-46.771 59.9133 103.729
9.95767 0.306437 0.0414577
-2.75038 4.44061 -0.011457
9.9435 0.612583 0.0413987
-3.11384 5.02698 -0.0129703
-3.10386 4.68246 -0.0129288
-3.41768 4.82604 -0.0142354
-18.6529 183.27 341.075
30.9325 69.1545 103.728
4.16385 9.03992 0.0173359
-9.8445 -1.52637 -0.0409865
131.746 58.9855 216.011
120.815 38.0842 185.793
9.28965 -3.59465 0.0386765
9.17442 -3.87868 0.0381967
9.49358 -3.01663 0.0395255
139.732 -104.131 435.896
129.155 96.9042 250.534
-105.496 -154.667 431.586
-53.53 -170.495 431.585
-64.0659 -164.974 435.896
43.0067 187.622 431.586
-30.7899 186.316 362.629
-5.6845 5.17852 -0.0236715
-5.16794 5.00814 -0.0215215
-5.91641 5.06527 -0.0246368
-177.187 -13.76 297.971
-172.021 19.6986 302.27
1.22425 -9.87532 0.00509708
-24.4658 -95.7201 138.291
-15.8242 -142.09 220.314
57.242 0 73.4905
59.9408 0 77.8104
24.5705 -81.0245 116.691
-170.563 -74.5672 405.725
-148.004 -91.8854 435.896
-174.305 -53.3714 418.654
175.13 -0.0910812 319.512
162.673 60.9869 302.271
176.549 46.9435 379.861
-7.95014 5.9967 -0.0330996
-8.13125 5.74931 -0.0338537
9.9435 -0.612587 0.0413987
12.7659 -0.56949 4.36225
12.7447 -0.853765 4.36216
-142.234 -13.2858 216.006
-2.13126 9.72037 -0.00887337
-2.42994 9.6502 -0.0101169
-9.8445 1.52638 -0.0409865
-9.79277 1.82846 -0.0407711
-9.73175 2.12881 -0.0405171
-88.7257 -50.8587 142.613
-47.0407 66.4903 112.369
-99.0741 103.811 216.008
-44.3272 71.2761 116.688
-76.8378 -16.6584 108.049
-159.881 -91.504 379.863
-177.731 -56.2044 349.697
-3.65207 8.6195 -0.0152066
-3.72909 8.80091 -0.0155268
2.40136 -73.1137 99.4084
-0.306794 -9.94602 -0.0012773
1.18661e-07 -9.95074 4.94475e-10
-5.75598 8.12179 -0.0239645
-0.919204 9.90829 -0.00382704
-0.613288 9.93187 -0.00255338
-3.50325 7.6083 -0.014589
-1.52813 9.83298 -0.00636227
-1.22425 9.87532 -0.00509708
2.38821 73.1141 99.4084
96.9039 -143.156 435.896
119.703 -134.893 418.654
7.36227 -6.70381 0.0306521
7.15209 -6.92708 0.0297771
7.76147 -6.2384 0.0323142
7.95013 -5.9967 0.0330996
54.5301 0 69.1704
62.6012 1.48398 82.1302
78.4089 0 108.047
24.5826 81.019 116.691
-4.45066 4.87965 -0.0185358
-4.65006 5.09803 -0.0193658
-4.26521 5.29752 -0.0177637
176.844 -18.3419 315.207
98.6039 -150.55 358.308
130.749 -128.972 336.765
169.968 15.3178 306.574
156.134 101.701 354.007
126.276 149.452 427.277
186.586 0 418.655
186.402 0 414.345
183.039 41.8038 418.656
39.4536 -77.3221 121.009
56.2786 -67.5271 121.013
8.62767 -4.9754 0.0359204
-3.00999 -4.85945 -0.0125379
9.6615 -2.42714 0.0402246
-186.312 -32.3346 405.727
127.532 -131.703 401.413
72.2761 -163.684 427.275
104.128 -99.2579 216.009
86.2414 -136.39 263.458
-70.3153 -169.918 354.003
30.8868 -69.175 103.728
4.16385 -9.03991 0.0173359
-148.82 111.13 410.035
-184.445 -10.8733 384.175
-80.5048 -116.897 220.312
-44.9352 -70.8851 116.688
-5.84485 -75.731 103.728
-1.22425 -9.87532 -0.00509706
0.613289 -9.93187 0.00255339
0.306794 -9.94602 0.0012773
0.919204 -9.90829 0.00382705
-5.9729 -6.15446 -0.0248711
-6.17905 -6.36649 -0.0257288
-6.41383 -5.84184 -0.0267065
-6.58502 -6.37898 -0.0274183
-7.26556 -6.21809 -0.0302506
-7.19059 -6.15407 -0.0299387
-9.58208 2.72318 -0.039894
-9.49358 3.01662 -0.0395255
-9.39607 3.30721 -0.0391196
-73.1741 -29.5435 108.05
-9.58208 -2.72318 -0.039894
-67.6005 34.5475 103.729
-6.93513 7.14379 -0.0288738
-60.3893 105.035 181.464
-3.34892 8.63589 -0.0139446
-3.79219 8.23466 -0.0157907
-3.83348 8.32414 -0.0159624
35.6015 180.855 349.694
-2.67221 9.38139 -0.011126
171.378 -79.8093 349.701
159.372 -76.4868 306.587
174.009 -71.7551 345.391
174.438 -38.8421 297.973
15.5987 -0.230021 8.68315
12.7786 -0.284827 4.36231
15.6021 0 8.68317
-2.89157 5.38244 -0.0120446
5.50284 8.29499 0.0229106
6.48168 7.55667 0.0269859
49.07 0 60.5302
62.5284 2.93793 82.1301
51.8058 0 64.8504
32.4518 0 34.6076
15.5186 -1.14973 8.68272
139.83 34.5049 220.318
140.297 -2.88988 215.997
150.872 -103.167 392.792
147.369 -100.904 422.964
75.8208 0 103.728
64.8435 7.51935 86.4499
6.93512 7.14379 0.0288738
72.2044 128.747 233.256
186.729 0 422.965
-44.4468 177.255 405.723
45.3906 187.281 431.586
-3.53975 -5.33947 -0.0147435
-3.11385 -5.02697 -0.0129703
-3.10541 -5.3763 -0.012935
12.7828 0 4.36233
9.58209 -2.72317 0.039894
8.91796 -4.43547 0.037129
9.05048 -4.15904 0.0376808
-0.613284 -9.93187 -0.00255337
-7.45383 5.99166 -0.0310344
-7.60765 6.11503 -0.0316743
-164.369 -60.0458 297.965
-47.0844 -66.4588 112.369
-99.974 -100.535 220.311
-37.4325 -66.1582 103.729
63.0076 25.3253 90.7694
8.91796 4.43546 0.037129
-5.38046 5.21381 -0.022406
-5.28585 5.44754 -0.0220121
-171.725 -21.5296 435.896
-9.79277 -1.82847 -0.0407711
-77.7775 -11.8077 108.049
-5.83035 -5.3112 -0.0242785
-6.99241 -5.62148 -0.0291146
-6.89074 -5.89793 -0.0286912
-7.22311 -5.80658 -0.0300745
-5.50283 -8.29499 -0.0229106
-4.98116 -8.61762 -0.0207387
-5.24449 -8.46031 -0.021835
-5.19325 -6.4485 -0.0216258
-4.88386 -6.06488 -0.0203384
-4.38679 -6.19287 -0.0182692
8.30465 -5.49648 0.0345756
-3.38407 -6.79157 -0.014094
-78.4492 -2.21722 108.048
-9.9624 -8.70941e-07 -0.0414774
-9.28965 -3.59466 -0.0386765
-3.5988 9.2788 -0.0149833
-3.88317 9.16371 -0.0161673
6.71159 7.35372 0.0279431
7.36227 6.70381 0.0306521
-8.77697 4.70767 -0.0365421
-9.28965 3.59466 -0.0386765
-9.17441 3.87869 -0.0381967
-7.76148 6.23839 -0.0323142
-6.35316 7.40718 -0.0264515
-6.86638 7.07314 -0.0285879
-39.3296 61.6787 99.4084
-5.50284 8.29499 -0.0229106
-1.83057 9.78131 -0.00762143
-3.6385 6.77107 -0.0151533
-3.60408 7.23244 -0.0150094
-3.42808 6.87974 -0.0142771
5.24449 8.46031 0.021835
21.2605 81.9696 116.691
1.22425 9.87532 0.00509707
2.42994 9.6502 0.0101169
-0.306789 9.94602 -0.0012773
3.88316 9.16371 0.0161673
3.5988 9.2788 0.0149833
8.77697 4.70767 0.0365421
8.62767 4.97541 0.0359204
61.7182 20.8089 86.4492
63.5724 14.5793 86.4496
9.58208 2.72317 0.039894
9.8445 -1.52637 0.0409865
-3.01877 -4.26313 -0.0125745
43.5663 0 51.8896
46.3232 0 56.2099
40.8 0 47.5692
15.5987 0.23003 8.68315
18.4195 0 13.004
65.2966 0 86.4499
73.2149 0 99.4085
-3.62707 7.87675 -0.015104
-3.73611 7.49696 -0.0155586
-3.54511 6.5975 -0.0147647
9.49358 3.01662 0.0395255
164.917 -72.6724 422.964
127.196 118.342 297.962
82.9768 -94.0154 185.788
-4.39296 -4.52828 -0.0182956
-4.18481 -4.58845 -0.0174291
-4.07965 -5.06729 -0.0169913
5.75597 -8.12179 0.0239645
5.50284 -8.29499 0.0229106
7.56547 -6.47417 0.0314981
-2.95744 -5.12034 -0.012319
148 -107.962 341.073
-4.45079 -5.52774 -0.0185361
-4.74748 -5.53783 -0.0197711
-4.91596 -5.38919 -0.0204725
3.59881 -9.2788 0.0149833
3.0201 -9.48249 0.012574
-7.56546 -6.47417 -0.0314981
-39.3257 -61.6812 99.4084
-6.00364 -7.94089 -0.0249957
-5.75597 -8.12179 -0.0239645
6.00364 7.94089 0.0249957
6.24562 7.75246 0.0260031
-8.62767 -4.97541 -0.0359204
-8.77697 -4.70767 -0.0365421
-4.04424 -8.11414 -0.0168402
-3.78012 -7.58513 -0.0157417
-3.62707 -7.87675 -0.015104
-3.64875 -5.50371 -0.0151972
-3.35206 -5.80288 -0.0139617
-9.39607 -3.30721 -0.0391196
-8.30465 -5.49648 -0.0345756
-8.47017 -5.23843 -0.0352647
-6.06978 -4.88088 -0.0252752
-5.91641 -5.06527 -0.0246368
-6.22354 -5.00433 -0.0259151
-8.47017 5.23843 -0.0352648
-8.30465 5.49648 -0.0345756
-4.16385 9.03992 -0.0173359
-5.33914 8.04877 -0.02223
-5.24448 8.46032 -0.021835
-5.19248 8.3766 -0.0216188
37.4675 59.504 95.088
4.98116 8.61762 0.0207387
7.76148 6.23839 0.0323142
7.95013 5.9967 0.0330996
12.6307 1.70248 4.36164
12.6771 1.42046 4.36185
74.8808 10.3294 103.727
38.025 0 43.2487
35.242 0 38.9282
15.5487 -0.919923 8.68288
12.7152 -1.13749 4.36202
15.4817 -1.37945 8.68253
62.4119 4.33261 82.1299
62.6259 0 82.1302
62.5284 -2.93785 82.1301
62.4119 -4.3326 82.1299
3.31102 9.38509 0.0137852
-3.64875 5.50371 -0.0151972
-4.04042 5.34758 -0.0168279
-3.75775 5.66794 -0.0156509
9.79277 1.82846 0.0407711
-5.71382 6.26249 -0.0237927
-5.83919 6.80912 -0.0243137
-5.58226 6.51004 -0.0232448
1.52813 9.83298 0.00636227
182.327 0 371.24
186.832 0 427.276
4.98116 -8.61762 0.0207387
4.7131 -8.76674 0.0196226
5.24449 -8.46031 0.021835
37.462 -59.5074 95.088
6.93512 -7.14379 0.0288738
6.71158 -7.35372 0.0279431
6.48168 -7.55667 0.0269859
6.24562 -7.75246 0.0260031
9.73175 -2.12881 0.0405171
-3.18972 4.50438 -0.0132863
-3.26761 -4.32553 -0.0136106
-1.52813 -9.83298 -0.00636225
-4.10556 4.7898 -0.0170992
-3.25566 -7.07138 -0.013559
-36.4262 -66.6263 103.729
-3.5988 -9.2788 -0.0149833
-3.88316 -9.16371 -0.0161672
-3.31101 -9.3851 -0.0137852
-9.88689 1.22284 -0.041163
-3.35206 5.80288 -0.0139617
-3.45073 5.97351 -0.0143724
-9.95767 0.306435 -0.0414577
-9.9435 0.612583 -0.0413987
-9.9199 0.918148 -0.0413005
-3.25339 -5.63225 -0.013551
-3.26498 -6.07678 -0.0135989
-3.5918 -6.68429 -0.014959
-5.6265 -6.98549 -0.0234282
-5.52749 -7.31238 -0.0230155
-6.16041 -7.18292 -0.0256498
-9.49358 -3.01662 -0.0395255
-4.00022 8.02597 -0.0166571
-5.08846 8.20917 -0.0211863
-4.98116 8.61762 -0.0207387
-4.47939 8.33296 -0.018651
-5.49194 5.65964 -0.0228698
11.8723 171.878 435.896
80.9785 0 112.366
185.912 0 405.724
180.111 -42.3459 422.965
185.606 0 401.414
15.5186 1.14974 8.68272
15.4817 1.37945 8.68253
15.5721 -0.69001 8.68301
9.6615 2.42714 0.0402246
0.306789 9.94602 0.00127729
-4.34961e-07 9.95074 -1.81253e-09
-4.08479 6.16062 -0.017012
-3.79613 6.57066 -0.0158098
-3.97577 5.9964 -0.0165583
15.5887 -0.460043 8.6831
5.75597 8.12179 0.0239645
7.56546 6.47417 0.0314981
-4.07965 5.06729 -0.0169913
9.88689 1.22284 0.041163
12.7152 1.13749 4.36202
9.9199 0.918148 0.0413005
165.626 -67.4208 431.585
186.913 0 435.896
184.872 0 392.793
186.893 0 431.586
174.286 -6.39407 435.896
4.44058 -8.90756 0.018488
3.88317 -9.1637 0.0161673
7.15209 6.92708 0.0297771
6.00364 -7.94089 0.0249957
9.79277 -1.82845 0.0407712
29.6552 0 30.2869
8.47018 -5.23843 0.0352648
8.77697 -4.70767 0.0365421
-3.35835 6.25036 -0.0139875
-3.16412 6.35066 -0.0131787
-4.79362 -7.22793 -0.0199612
-5.11097 -6.76234 -0.0212829
-4.63001 -6.98165 -0.0192806
-6.48168 -7.55667 -0.0269859
-6.71159 -7.35372 -0.0279431
-6.72677 -6.51603 -0.028008
-7.01031 -6.79008 -0.0291874
-7.14336 -6.50493 -0.0297416
-4.46642 -6.73536 -0.0186
-4.20471 -6.78579 -0.0175105
-6.22465 -7.25768 -0.025917
-5.82506 -7.70522 -0.0242531
-6.41742 -7.48193 -0.0267187
-6.92448 6.30603 -0.0288311
-7.26556 6.21809 -0.0302506
-5.61668 4.809 -0.0233893
-5.51803 -6.43527 -0.0229776
-5.71382 -6.26249 -0.0237927
-5.38959 -6.28571 -0.0224432
-5.6265 6.98549 -0.0234282
-5.46798 7.23381 -0.022768
-5.12827 7.23781 -0.0213541
-2.40582 -9.55467 -0.0100167
-1.83057 -9.78131 -0.00762145
-2.42994 -9.6502 -0.0101169
-4.33911 -7.50894 -0.0180688
-4.10557 -7.63883 -0.0170964
-4.09988 -5.42619 -0.0170754
-4.27275 -6.03209 -0.0177946
-3.41768 -4.82604 -0.0142354
-3.15834 -4.76459 -0.0131556
-3.26731 -4.92885 -0.0136093
-4.72448 -7.62312 -0.0196727
-4.51655 -7.2882 -0.0188078
-5.94724 -5.7622 -0.0247647
-5.62935 -5.80102 -0.0234416
-5.83547 -6.01309 -0.0242993
-7.95014 -5.9967 -0.0330996
-7.76148 -6.2384 -0.0323142
-7.60765 -6.11503 -0.0316743
-9.05048 -4.15905 -0.0376807
-9.17441 -3.87869 -0.0381967
-8.91796 -4.43547 -0.037129
-6.44328 -6.24194 -0.0268286
-4.88462 -4.73387 -0.0203422
-9.6615 -2.42715 -0.0402246
-9.73175 -2.12882 -0.0405171
-6.3773 5.12778 -0.026555
-6.22354 5.00433 -0.0259151
-4.61962 8.59323 -0.019234
-4.44058 8.90756 -0.018488
-3.03216 6.08611 -0.0126295
-4.72448 7.62312 -0.0196727
-5.18532 7.31819 -0.0215914
-5.24237 7.39855 -0.0218287
-3.31102 9.38509 -0.0137852
-3.78013 7.58513 -0.0157417
83.529 0 116.685
86.0597 0 121.004
88.57 0 125.322
9.95767 -0.306429 0.0414577
18.4168 -0.16149 13.004
21.2319 -0.0971688 17.3248
18.4089 -0.32307 13.0039
91.0592 0 129.641
15.5887 0.460039 8.6831
12.7659 0.569492 4.36225
15.5721 0.690009 8.68301
18.4089 0.323064 13.0039
-3.2144 6.98189 -0.0133873
-3.13189 6.80291 -0.013044
4.71311 8.76674 0.0196226
0.919204 9.90829 0.00382704
0.613287 9.93187 0.00255338
-3.33818 7.25036 -0.0139023
-3.77042 -4.68354 -0.015704
-3.50537 -4.64003 -0.0146005
-3.62426 4.79727 -0.0150955
8.30465 5.49648 0.0345756
9.39607 3.30721 0.0391196
9.28965 3.59465 0.0386765
3.31101 -9.3851 0.0137852
12.6771 -1.42044 4.36185
9.88689 -1.22284 0.041163
-3.50325 -7.6083 -0.014589
-3.56008 -7.14427 -0.0148263
-4.29246 -7.98591 -0.0178737
-6.86638 -7.07314 -0.0285879
-5.28946 -6.99809 -0.0220254
-5.24238 -7.39855 -0.0218287
-5.29943 -7.47892 -0.022066
-5.28457 -7.96669 -0.0220031
-5.23001 -7.88462 -0.0217762
-4.68478 -8.10595 -0.0195064
-4.04042 -5.34758 -0.0168279
-5.0118 -7.55629 -0.0208687
-6.45395 -6.64918 -0.0268724
-6.71159 7.35372 -0.0279431
-7.32564 5.18083 -0.0305018
-7.0049 5.2851 -0.0291669
-3.31323 -8.54404 -0.0137962
-3.38461 -8.72774 -0.014093
-0.919199 -9.90829 -0.00382703
-2.89157 -5.38244 -0.0120446
9.05048 4.15905 0.0376807
-7.79258 -5.87812 -0.0324442
-6.99744 -6.37233 -0.0291346
-7.32564 -5.18084 -0.0305018
-6.68484 -5.37465 -0.0278348
-5.49194 -5.65964 -0.0228698
-6.3773 -5.12778 -0.026555
-7.08399 -5.01024 -0.0294962
-5.80553 5.62512 -0.024175
-5.94724 5.7622 -0.0247647
-4.61908 -5.38824 -0.0192367
-4.65006 -5.09804 -0.0193658
-5.61668 -4.809 -0.0233893
-5.3919 4.61677 -0.0224537
-6.48168 7.55667 -0.0269859
-6.24562 7.75246 -0.0260031
-6.00364 7.94089 -0.0249957
-5.76555 7.62665 -0.0240056
-5.64182 7.96108 -0.0234899
-5.28457 7.96669 -0.0220031
8.47018 5.23843 0.0352648
-3.84549 6.65597 -0.0160152
-4.43266 8.24619 -0.0184567
-4.08828 8.20229 -0.0170233
-4.48724 7.76481 -0.0186849
-3.96544 7.37851 -0.0165135
-4.05886 7.55205 -0.0169021
9.9199 -0.918152 0.0413005
24.0434 -0.0486982 21.6455
18.3956 -0.484824 13.0038
12.7786 0.28484 4.36231
9.9624 0 0.0414774
26.8529 0 25.9663
21.2343 0 17.3248
93.5268 0 133.959
24.0457 0 21.6455
-3.54941 6.14413 -0.0147831
-2.9949 -4.5182 -0.0124751
-2.9442 5.90973 -0.0122634
-2.13127 -9.72037 -0.00887336
-6.24562 -7.75246 -0.0260031
-4.191 -7.25307 -0.0174527
-4.80503 -4.95259 -0.0200109
-4.26521 -5.29753 -0.0177637
-1.51295 -9.73563 -0.00629923
-5.83919 -6.80912 -0.0243137
-5.5646 -6.90878 -0.0231707
-9.6615 2.42714 -0.0402246
-5.45381 6.36049 -0.0227104
-7.23512 4.78994 -0.0301253
-8.91796 4.43546 -0.037129
-9.05048 4.15905 -0.0376807
-6.51596 5.57772 -0.0271318
-6.99241 5.62148 -0.0291146
-5.83035 5.3112 -0.0242785
-5.90328 5.37754 -0.024582
-5.91604 4.75741 -0.0246353
-6.41383 5.84183 -0.0267065
-6.26795 5.70919 -0.0260995
-4.01214 -7.46529 -0.0167078
-3.26761 4.32553 -0.0136106
-5.97621 -5.44387 -0.0248855
-7.48191 -4.95303 -0.0311523
-5.18188 -5.68032 -0.0215792
-4.63638 -5.75796 -0.0193085
-5.90328 -5.37754 -0.024582
-5.58082 -6.11696 -0.0232393
-8.13125 -5.74931 -0.0338537
-6.26795 -5.70919 -0.0260995
-5.3919 -4.61677 -0.0224537
-5.28585 -5.44754 -0.0220121
-9.95767 -0.306434 -0.0414577
-4.35738 6.57115 -0.0181463
-4.44382 6.27325 -0.0185065
-4.992 6.60516 -0.0207879
-4.68478 8.10595 -0.0195064
-4.191 7.25307 -0.0174527
12.7447 0.853771 4.36216
15.5487 0.919916 8.68288
-6.12208 5.57653 -0.0254925
-4.15275 6.70204 -0.0172943
182.916 0 375.551
186.178 0 410.034
21.2319 0.0971858 17.3248
24.0434 0.0487113 21.6455
-3.77042 4.68354 -0.015704
9.73175 2.12881 0.0405171
9.8445 1.52638 0.0409865
1.83056 9.78131 0.00762143
2.72631 9.57088 0.0113508
-3.25339 5.63225 -0.013551
-6.64505 -7.28098 -0.0276664
-7.36227 -6.70381 -0.0306521
-4.04138 -4.71498 -0.016832
-3.02009 -9.48249 -0.012574
-2.72632 -9.57088 -0.0113508
-6.31241 -6.91729 -0.0262829
-6.44546 -7.06277 -0.0268363
-4.93175 -8.53234 -0.0205333
-5.14045 -8.29289 -0.0214025
-8.62767 4.97541 -0.0359204
-6.79764 7.00249 -0.028302
-6.31241 6.91729 -0.0262829
-6.72677 6.51603 -0.028008
-4.91596 5.38919 -0.0204725
-3.72908 -8.80091 -0.0155268
-8.22237 -5.44214 -0.0342333
-8.05068 -5.69248 -0.0335185
-5.80553 -5.62512 -0.024175
-9.9435 -0.612585 -0.0413987
-6.16041 7.18292 -0.0256498
-4.71311 8.76674 -0.0196226
-3.94419 6.82657 -0.0164259
-4.25668 6.86952 -0.0177267
-4.51655 7.2882 -0.0188078
-4.33911 7.50894 -0.0180688
-4.63001 6.98165 -0.0192806
-5.11098 6.76234 -0.0212829
-5.17047 6.84092 -0.0215304
-4.63638 5.75795 -0.0193085
-5.18188 5.68032 -0.0215792
185.259 0 397.103
183.466 0 379.861
18.4168 0.161487 13.004
18.3956 0.484821 13.0038
-3.26498 6.07678 -0.0135989
-3.10541 5.3763 -0.012935
-4.15872 5.87129 -0.01732
-3.64566 -5.14767 -0.0151845
-4.80503 4.95259 -0.0200109
4.44058 8.90756 0.018488
-4.82198 -5.98815 -0.0200809
-4.88235 -8.44707 -0.0203279
-3.43077 5.17522 -0.0142898
-3.53976 5.33947 -0.0147435
-3.97577 -5.9964 -0.0165583
-5.24837 -5.7531 -0.0218559
-5.05148 -6.68375 -0.0210354
-4.15275 -6.70204 -0.0172943
-3.64809 -6.31475 -0.0151938
-3.84549 -6.65597 -0.0160152
-3.93068 -5.5497 -0.0163709
-5.17545 -7.80254 -0.0215493
-4.16385 -9.03991 -0.0173359
-6.89074 5.89793 -0.0286912
-6.44328 6.24194 -0.0268286
-7.14336 6.50493 -0.0297416
-7.01031 6.79008 -0.0291874
-7.56546 6.47417 -0.0314981
-7.15209 6.92708 -0.0297771
-4.28973 7.42365 -0.0178634
-7.36227 6.7038 -0.0306521
-6.41742 7.48193 -0.0267187
-6.55972 -5.97447 -0.0273135
-4.21574 5.95169 -0.0175573
-4.27276 6.03208 -0.0177946
183.975 0 384.172
184.443 0 388.482
-4.32977 -6.11248 -0.0180319
-3.64566 5.14767 -0.0151845
-5.5027 6.83207 -0.0229132
-4.15935 5.50479 -0.0173229
-4.45079 5.52775 -0.0185361
-3.35835 -6.25036 -0.0139875
9.17441 3.87869 0.0381967
-3.69209 -7.40879 -0.0153755
-3.7319 -6.94463 -0.0155419
-5.69889 8.04144 -0.0237272
-5.9729 6.15445 -0.0248711
-6.53107 5.25121 -0.0271949
-6.44546 7.06277 -0.0268363
-6.04162 6.22514 -0.025157
-6.58502 6.37898 -0.0274183
-4.08124 -8.86098 -0.0169925
-3.8026 -5.03313 -0.0158379
-4.7131 -8.76674 -0.0196226
-5.83547 6.01309 -0.0242993
-6.24778 6.43717 -0.0260147
-4.61908 5.38824 -0.0192367
-4.74748 5.53783 -0.0197711
-4.93246 7.95801 -0.0205376
-4.79362 7.22793 -0.0199612
-5.62935 5.80102 -0.0234416
-4.44058 -8.90756 -0.018488
3  0 1 2
3  3 4 5
3  6 7 8
3  9 10 11
3  12 13 14
3  15 16 17
3  18 19 20
3  21 6 8
3  22 23 24
3  25 26 27
3  10 9 4
3  28 29 30
3  31 20 32
3  27 26 33
3  34 35 36
3  14 37 17
3  38 24 39
3  31 40 41
3  42 43 44
3  45 23 46
3  47 37 13
3  48 49 50
3  51 52 53
3  3 5 54
3  55 56 7
3  57 58 59
3  60 61 62
3  63 64 65
3  23 66 67
3  68 69 70
3  19 71 20
3  35 72 73
3  74 75 76
3  77 78 79
3  75 23 22
3  15 22 24
3  45 42 44
3  72 67 80
3  81 82 83
3  84 85 86
3  87 88 89
3  90 91 92
3  93 94 95
3  96 10 4
3  97 98 99
3  100 7 101
3  102 31 103
3  104 105 59
3  106 107 0
3  60 62 108
3  109 106 110
3  106 109 108
3  35 111 112
3  35 38 39
3  113 34 36
3  111 34 113
3  61 60 114
3  115 116 117
3  118 51 119
3  120 51 121
3  45 75 42
3  75 122 123
3  15 124 125
3  124 126 127
3  15 24 128
3  24 38 128
3  35 23 67
3  23 45 66
3  23 75 46
3  75 45 46
3  126 51 127
3  76 75 129
3  130 131 132
3  133 134 135
3  14 17 136
3  137 30 138
3  97 99 139
3  9 88 4
3  85 140 141
3  142 143 144
3  113 36 114
3  91 114 145
3  51 47 121
3  93 95 146
3  147 148 149
3  150 16 151
3  148 61 114
3  152 153 154
3  43 155 156
3  61 148 147
3  55 7 0
3  7 56 157
3  71 55 106
3  158 55 159
3  82 160 161
3  0 7 162
3  36 163 40
3  34 111 35
3  149 36 164
3  163 36 165
3  166 167 168
3  111 113 91
3  44 43 156
3  61 71 106
3  74 169 170
3  171 172 173
3  42 75 123
3  155 43 174
3  51 175 176
3  177 178 179
3  180 104 58
3  155 66 156
3  47 51 37
3  181 182 183
3  37 51 126
3  13 37 14
3  182 181 129
3  22 15 125
3  58 174 184
3  185 163 186
3  53 187 188
3  118 181 183
3  189 190 191
3  129 181 192
3  94 93 84
3  193 120 194
3  195 196 197
3  120 121 198
3  145 199 200
3  201 64 202
3  96 64 63
3  64 203 204
3  160 205 206
3  5 87 207
3  47 13 208
3  209 210 211
3  84 93 85
3  167 166 212
3  213 109 214
3  215 167 212
3  28 13 29
3  94 29 95
3  216 12 217
3  218 219 220
3  221 222 2
3  1 0 162
3  143 223 224
3  225 144 224
3  56 55 158
3  18 158 159
3  226 155 186
3  20 31 102
3  213 227 108
3  114 60 228
3  55 107 106
3  229 230 2
3  55 71 159
3  32 61 231
3  64 96 229
3  110 0 2
3  232 162 233
3  110 106 0
3  111 38 112
3  38 35 112
3  24 23 39
3  35 39 234
3  67 66 80
3  72 35 67
3  80 155 235
3  36 72 226
3  145 114 199
3  91 113 114
3  61 106 62
3  107 55 0
3  18 236 237
3  238 158 239
3  240 241 242
3  189 56 238
3  243 244 245
3  246 247 248
3  58 104 59
3  43 42 123
3  249 250 251
3  252 184 253
3  122 75 254
3  75 74 254
3  74 76 169
3  76 129 255
3  125 124 127
3  124 15 126
3  75 22 182
3  22 125 182
3  38 16 128
3  16 15 128
3  182 256 183
3  182 125 256
3  75 182 129
3  257 258 259
3  208 13 30
3  13 28 30
3  136 16 260
3  17 16 136
3  193 195 197
3  257 53 261
3  262 263 264
3  263 116 265
3  266 267 268
3  269 270 271
3  272 273 274
3  96 3 265
3  275 87 276
3  277 265 278
3  227 279 280
3  281 282 207
3  93 140 85
3  94 84 283
3  29 13 95
3  12 95 284
3  285 218 220
3  16 38 286
3  216 167 146
3  12 287 217
3  230 109 2
3  288 289 290
3  267 291 268
3  88 9 292
3  293 143 294
3  10 96 63
3  190 295 191
3  296 170 297
3  71 19 159
3  19 18 159
3  61 147 231
3  18 20 102
3  36 40 164
3  31 147 40
3  155 298 186
3  40 105 41
3  104 299 300
3  299 301 237
3  199 228 108
3  109 213 108
3  96 116 229
3  222 64 229
3  85 302 303
3  153 304 305
3  39 23 234
3  23 35 234
3  36 73 306
3  36 35 73
3  36 226 165
3  226 163 165
3  307 308 139
3  77 79 309
3  310 311 312
3  236 299 237
3  313 314 315
3  316 317 318
3  319 65 204
3  8 157 320
3  321 123 322
3  180 252 323
3  43 123 174
3  163 226 186
3  51 324 325
3  269 326 327
3  328 329 330
3  170 169 331
3  37 126 17
3  126 15 17
3  51 256 127
3  256 125 127
3  256 51 183
3  51 118 183
3  255 332 333
3  334 118 335
3  175 51 336
3  337 338 339
3  29 94 30
3  94 270 340
3  121 341 342
3  121 47 341
3  70 341 343
3  120 198 344
3  47 208 341
3  208 345 346
3  141 140 277
3  3 96 4
3  347 303 348
3  116 96 265
3  349 350 351
3  171 352 353
3  354 282 355
3  354 87 356
3  141 282 350
3  268 357 358
3  83 359 206
3  81 273 360
3  109 115 214
3  116 115 229
3  361 195 362
3  363 337 339
3  140 167 277
3  131 133 364
3  95 13 284
3  13 12 284
3  228 60 108
3  199 114 228
3  263 265 264
3  279 262 365
3  167 140 146
3  140 93 146
3  167 215 265
3  167 265 277
3  95 12 146
3  216 146 366
3  222 229 367
3  222 367 2
3  368 369 370
3  371 222 372
3  11 10 142
3  10 143 142
3  9 11 144
3  11 142 144
3  223 373 374
3  64 201 373
3  241 56 189
3  56 158 238
3  20 71 32
3  71 61 32
3  102 104 300
3  236 18 102
3  148 114 149
3  114 36 149
3  262 214 375
3  214 115 117
3  376 377 378
3  21 379 380
3  56 241 240
3  241 157 242
3  73 72 306
3  72 36 306
3  66 155 80
3  155 226 235
3  66 45 156
3  45 44 156
3  104 180 26
3  180 381 26
3  301 158 237
3  158 18 237
3  313 301 382
3  383 313 384
3  385 94 386
3  387 180 388
3  389 390 391
3  392 288 393
3  388 323 394
3  395 180 396
3  397 398 399
3  308 174 98
3  251 329 328
3  400 254 401
3  287 12 260
3  260 16 150
3  51 402 119
3  402 118 119
3  52 51 176
3  403 404 405
3  192 181 335
3  181 118 334
3  335 118 404
3  53 52 176
3  51 196 336
3  196 175 336
3  208 30 137
3  208 137 138
3  30 94 406
3  406 94 407
3  12 14 260
3  14 136 260
3  38 111 90
3  111 91 90
3  408 84 409
3  410 282 411
3  4 88 5
3  88 87 5
3  207 282 412
3  87 281 207
3  282 413 414
3  275 282 414
3  173 415 416
3  276 87 417
3  273 282 360
3  418 272 355
3  141 350 349
3  302 85 141
3  419 161 206
3  420 272 274
3  420 87 421
3  359 82 419
3  68 208 422
3  94 271 386
3  423 424 425
3  426 350 410
3  427 428 429
3  70 69 430
3  279 365 280
3  214 262 227
3  212 166 431
3  432 285 220
3  91 217 92
3  91 216 217
3  146 12 366
3  12 216 366
3  7 100 8
3  221 162 232
3  433 434 435
3  436 221 433
3  437 222 438
3  439 222 440
3  229 115 230
3  115 109 230
3  109 110 2
3  367 229 2
3  225 352 441
3  442 353 443
3  223 143 293
3  203 64 373
3  204 203 373
3  65 64 204
3  239 158 444
3  190 189 238
3  147 31 231
3  31 32 231
3  105 104 41
3  104 102 41
3  299 236 300
3  236 102 300
3  40 147 164
3  147 149 164
3  105 40 185
3  40 163 185
3  116 263 117
3  263 262 117
3  368 445 369
3  100 157 8
3  157 56 242
3  56 240 242
3  226 72 235
3  72 80 235
3  298 155 57
3  174 308 184
3  174 123 98
3  123 321 98
3  298 105 186
3  105 185 186
3  299 104 25
3  104 26 25
3  352 225 224
3  446 241 191
3  158 301 447
3  448 449 450
3  301 299 382
3  299 313 382
3  308 98 97
3  451 123 177
3  452 423 453
3  454 455 456
3  320 157 446
3  190 238 295
3  393 457 458
3  320 446 459
3  396 387 388
3  460 461 462
3  394 463 253
3  180 387 396
3  175 196 361
3  258 361 464
3  402 51 325
3  465 466 467
3  361 196 195
3  49 468 50
3  257 361 258
3  181 334 335
3  90 92 469
3  287 260 150
3  217 287 92
3  150 90 469
3  207 412 470
3  412 141 470
3  281 87 360
3  282 281 360
3  264 265 471
3  472 262 264
3  471 265 473
3  265 215 212
3  282 474 475
3  173 172 476
3  413 87 414
3  87 275 414
3  87 413 356
3  282 273 418
3  273 81 206
3  82 81 420
3  265 3 278
3  278 3 54
3  160 82 205
3  82 420 205
3  273 272 418
3  282 418 355
3  426 131 477
3  457 379 458
3  198 121 478
3  478 338 479
3  480 481 482
3  476 172 483
3  346 345 138
3  30 406 407
3  386 270 484
3  94 283 326
3  485 84 408
3  486 445 209
3  302 141 349
3  487 488 489
3  62 106 108
3  213 214 227
3  262 279 227
3  280 145 200
3  262 472 365
3  280 365 490
3  490 472 491
3  265 212 492
3  491 472 493
3  91 145 494
3  1 162 2
3  162 221 2
3  162 7 21
3  7 6 21
3  233 379 495
3  233 162 496
3  379 434 495
3  221 232 233
3  283 84 497
3  372 439 440
3  222 436 433
3  222 221 436
3  64 222 437
3  222 439 438
3  222 498 440
3  222 371 498
3  441 352 499
3  225 88 292
3  84 86 409
3  275 500 474
3  319 223 501
3  63 65 319
3  10 63 293
3  293 63 502
3  503 504 453
3  223 319 204
3  505 506 507
3  223 204 373
3  31 41 103
3  41 102 103
3  214 117 375
3  117 262 375
3  84 327 497
3  224 223 374
3  7 157 101
3  157 100 101
3  252 180 184
3  180 58 184
3  155 174 57
3  174 58 57
3  508 25 509
3  510 511 512
3  21 8 320
3  157 241 446
3  507 513 514
3  515 516 517
3  518 296 519
3  520 322 456
3  521 522 523
3  524 525 526
3  527 528 529
3  389 530 531
3  376 532 533
3  534 535 536
3  537 505 538
3  539 540 541
3  180 542 543
3  544 512 543
3  388 545 546
3  463 252 253
3  547 180 545
3  545 180 546
3  252 463 394
3  323 252 394
3  246 311 548
3  180 547 388
3  152 304 153
3  153 549 78
3  253 550 551
3  550 184 551
3  304 468 305
3  249 552 553
3  467 466 554
3  118 402 555
3  68 556 504
3  557 558 559
3  324 51 560
3  51 53 560
3  53 176 261
3  175 361 257
3  344 338 194
3  561 361 362
3  38 90 286
3  90 150 286
3  92 287 469
3  287 150 469
3  282 141 412
3  562 141 563
3  141 564 563
3  141 562 470
3  87 420 360
3  420 81 360
3  82 161 419
3  82 359 83
3  472 264 432
3  264 219 218
3  415 276 416
3  275 276 500
3  172 171 565
3  131 426 132
3  566 567 568
3  131 130 565
3  87 355 421
3  87 354 355
3  413 282 356
3  282 354 356
3  564 141 569
3  141 277 278
3  570 571 572
3  573 570 572
3  351 350 477
3  349 351 364
3  282 275 474
3  350 282 410
3  273 205 274
3  205 420 274
3  338 344 479
3  574 342 575
3  346 576 556
3  85 347 348
3  121 577 578
3  338 478 579
3  131 565 353
3  534 580 581
3  327 409 133
3  580 582 581
3  409 86 583
3  584 364 585
3  365 472 490
3  199 108 200
3  91 494 491
3  145 280 490
3  380 379 586
3  162 21 380
3  162 379 496
3  379 233 496
3  434 221 495
3  221 233 495
3  221 434 433
3  434 372 435
3  498 371 440
3  371 372 440
3  439 201 438
3  438 201 202
3  352 89 499
3  88 225 441
3  9 144 292
3  144 225 292
3  89 352 587
3  587 352 588
3  223 63 501
3  63 319 501
3  143 10 294
3  10 293 294
3  63 223 502
3  223 293 502
3  446 589 590
3  530 389 591
3  105 298 59
3  298 57 59
3  509 27 592
3  593 594 595
3  409 348 133
3  373 201 374
3  596 597 598
3  392 532 599
3  594 593 600
3  510 246 601
3  249 123 250
3  122 329 251
3  254 74 401
3  332 255 602
3  455 123 456
3  251 603 604
3  605 527 606
3  295 607 589
3  608 372 457
3  133 348 609
3  312 247 610
3  512 247 611
3  310 612 613
3  539 614 540
3  547 545 388
3  184 550 253
3  312 311 246
3  395 396 388
3  394 615 616
3  612 388 394
3  184 308 307
3  615 394 253
3  468 617 618
3  249 553 179
3  619 378 620
3  553 552 154
3  322 520 621
3  153 78 622
3  456 553 154
3  123 451 456
3  123 178 177
3  456 177 179
3  623 624 625
3  623 129 624
3  626 627 628
3  624 129 625
3  629 85 348
3  337 363 630
3  631 632 633
3  560 53 188
3  561 362 634
3  187 53 257
3  196 51 197
3  120 344 194
3  188 187 259
3  187 257 259
3  195 338 362
3  561 634 635
3  16 286 151
3  286 150 151
3  562 5 470
3  5 207 470
3  564 5 563
3  5 562 563
3  205 273 206
3  81 83 206
3  359 419 206
3  161 160 206
3  166 168 220
3  168 167 220
3  494 145 491
3  145 490 491
3  417 87 587
3  87 89 587
3  173 416 636
3  416 587 588
3  565 171 353
3  637 638 568
3  639 291 640
3  415 638 641
3  638 637 641
3  566 642 567
3  355 272 421
3  272 420 421
3  54 5 569
3  5 564 569
3  141 643 569
3  141 278 643
3  426 487 132
3  488 487 411
3  637 567 644
3  639 130 571
3  482 481 645
3  345 208 138
3  565 130 640
3  172 565 267
3  352 224 646
3  144 143 224
3  348 303 609
3  302 349 584
3  342 69 575
3  69 574 575
3  69 342 430
3  68 70 343
3  30 407 576
3  576 647 556
3  574 579 577
3  478 121 578
3  344 198 479
3  198 478 479
3  85 303 347
3  269 327 133
3  108 227 200
3  227 280 200
3  379 162 586
3  162 380 586
3  372 222 435
3  222 433 435
3  64 437 202
3  437 438 202
3  89 88 499
3  88 441 499
3  241 189 191
3  528 648 529
3  505 507 538
3  505 537 593
3  27 33 592
3  25 27 509
3  313 299 384
3  508 383 649
3  530 538 650
3  253 551 397
3  78 651 620
3  376 619 620
3  652 370 599
3  376 652 532
3  528 158 648
3  513 318 514
3  589 607 653
3  537 530 591
3  654 521 655
3  461 515 462
3  178 123 179
3  123 249 656
3  250 123 251
3  123 122 251
3  427 657 50
3  658 251 604
3  122 254 659
3  660 328 330
3  400 401 170
3  401 74 170
3  661 604 662
3  468 663 664
3  520 665 154
3  661 666 667
3  389 531 668
3  158 449 448
3  295 238 607
3  238 239 607
3  582 669 443
3  445 580 369
3  247 544 610
3  511 381 512
3  521 244 522
3  670 539 613
3  615 670 613
3  616 613 671
3  245 310 613
3  616 615 613
3  672 378 673
3  615 674 670
3  541 675 523
3  316 521 523
3  180 323 546
3  323 388 546
3  311 310 245
3  388 612 312
3  512 381 543
3  542 180 676
3  539 541 677
3  394 616 671
3  551 99 397
3  253 397 399
3  615 398 309
3  78 77 398
3  520 456 665
3  322 454 456
3  78 398 397
3  621 622 678
3  78 679 79
3  322 99 680
3  621 520 622
3  520 153 622
3  322 123 454
3  123 455 454
3  451 177 456
3  553 456 179
3  118 466 404
3  188 632 631
3  681 682 683
3  467 631 684
3  635 634 685
3  634 338 685
3  69 504 503
3  68 346 556
3  686 687 572
3  664 661 688
3  324 560 325
3  560 188 325
3  176 175 261
3  175 257 261
3  338 195 194
3  195 193 194
3  51 120 197
3  120 193 197
3  632 464 633
3  632 188 259
3  480 689 630
3  362 338 634
3  471 473 220
3  690 431 220
3  219 264 691
3  264 471 691
3  167 216 220
3  472 432 493
3  416 276 587
3  276 417 587
3  352 171 588
3  416 588 636
3  266 566 483
3  567 637 568
3  639 357 268
3  266 268 358
3  357 639 570
3  692 573 693
3  638 415 476
3  415 173 476
3  643 278 569
3  278 54 569
3  276 415 500
3  415 641 500
3  408 409 327
3  131 134 133
3  134 131 442
3  669 582 442
3  582 694 486
3  582 580 694
3  130 639 640
3  291 639 268
3  291 267 640
3  267 565 640
3  426 477 695
3  477 131 364
3  487 426 696
3  426 410 696
3  641 637 644
3  474 488 411
3  342 341 430
3  70 430 697
3  68 343 698
3  343 341 698
3  208 346 422
3  346 68 422
3  407 94 340
3  647 699 452
3  121 342 577
3  342 574 577
3  629 348 583
3  348 409 583
3  508 509 517
3  517 509 700
3  26 381 701
3  26 701 33
3  701 381 33
3  381 180 543
3  460 593 595
3  516 515 461
3  299 25 384
3  25 383 384
3  383 25 649
3  25 508 649
3  398 77 309
3  376 378 619
3  679 378 672
3  675 540 523
3  434 379 457
3  532 652 599
3  580 370 702
3  288 392 599
3  703 158 450
3  704 158 703
3  705 515 706
3  515 592 706
3  460 654 655
3  707 314 708
3  658 552 251
3  552 249 251
3  604 603 662
3  603 251 328
3  660 122 659
3  254 400 709
3  297 170 331
3  400 170 296
3  404 466 405
3  710 711 712
3  270 269 647
3  153 713 210
3  468 304 663
3  304 152 663
3  389 703 714
3  383 596 708
3  531 530 668
3  158 528 444
3  388 312 715
3  612 310 312
3  180 395 676
3  610 676 716
3  244 521 654
3  521 316 506
3  674 614 670
3  539 670 717
3  522 541 523
3  522 243 541
3  244 243 522
3  540 675 541
3  613 612 671
3  612 394 671
3  99 621 397
3  679 614 79
3  99 718 680
3  98 718 99
3  153 520 154
3  665 456 154
3  674 615 309
3  621 78 397
3  622 78 678
3  78 621 678
3  711 719 525
3  525 719 626
3  402 466 555
3  118 555 720
3  632 259 464
3  259 258 464
3  685 721 722
3  723 557 724
3  725 726 727
3  428 711 524
3  338 337 721
3  574 69 339
3  728 713 49
3  468 729 305
3  525 626 559
3  729 468 49
3  473 265 730
3  431 166 220
3  212 690 731
3  730 492 220
3  491 493 220
3  493 432 220
3  264 218 285
3  216 91 220
3  588 171 636
3  171 173 636
3  357 732 358
3  732 642 358
3  567 642 644
3  638 476 568
3  642 732 692
3  571 132 686
3  641 733 687
3  130 132 571
3  568 476 483
3  566 568 483
3  94 326 271
3  326 269 271
3  84 485 327
3  485 408 327
3  556 453 734
3  647 269 699
3  269 133 735
3  576 270 647
3  353 352 646
3  224 374 289
3  289 374 290
3  535 224 536
3  694 445 486
3  480 482 736
3  370 652 620
3  370 737 599
3  445 368 209
3  651 738 209
3  364 133 609
3  351 477 364
3  487 696 411
3  696 410 411
3  430 341 697
3  341 70 697
3  341 208 698
3  208 68 698
3  346 138 739
3  138 30 739
3  270 576 340
3  576 407 340
3  577 579 578
3  579 478 578
3  317 740 318
3  708 598 741
3  530 537 538
3  288 457 393
3  534 581 443
3  581 582 443
3  580 445 694
3  368 651 209
3  699 742 743
3  423 425 453
3  86 85 583
3  85 629 583
3  532 744 533
3  446 590 459
3  295 589 191
3  589 446 191
3  745 614 672
3  527 605 391
3  444 528 653
3  607 444 653
3  316 746 506
3  506 746 507
3  747 748 749
3  532 750 744
3  516 383 517
3  383 508 517
3  381 511 33
3  33 511 592
3  515 517 592
3  510 705 706
3  383 516 596
3  595 594 600
3  516 461 595
3  596 516 595
3  679 78 378
3  78 549 651
3  651 368 620
3  378 78 620
3  584 349 364
3  374 201 608
3  751 537 598
3  752 707 741
3  515 705 462
3  705 460 462
3  663 552 664
3  666 661 662
3  753 754 666
3  400 753 662
3  254 709 328
3  709 400 328
3  518 519 755
3  756 757 758
3  518 753 296
3  753 400 296
3  635 759 724
3  685 338 721
3  757 760 758
3  625 332 761
3  729 713 305
3  713 153 305
3  651 549 738
3  549 153 738
3  711 428 712
3  48 50 683
3  158 447 449
3  537 591 598
3  740 673 318
3  607 239 444
3  158 704 529
3  648 158 529
3  390 528 391
3  528 527 391
3  544 247 512
3  510 512 611
3  542 676 543
3  676 544 543
3  245 244 548
3  244 654 601
3  460 705 654
3  246 244 601
3  243 245 541
3  541 245 677
3  244 246 548
3  311 245 762
3  670 614 717
3  614 539 717
3  544 676 610
3  312 610 715
3  245 613 677
3  613 539 677
3  308 97 139
3  551 184 307
3  718 98 680
3  322 621 99
3  98 321 680
3  321 322 680
3  552 663 154
3  663 152 154
3  123 656 179
3  656 249 179
3  129 192 625
3  192 335 625
3  555 466 720
3  466 118 720
3  464 361 635
3  361 561 635
3  763 728 764
3  759 635 685
3  480 763 764
3  681 689 682
3  337 630 721
3  69 363 339
3  363 481 630
3  481 480 630
3  338 579 339
3  579 574 339
3  265 492 730
3  690 220 731
3  473 730 220
3  690 212 431
3  212 765 766
3  765 220 766
3  91 491 220
3  432 264 285
3  642 566 358
3  566 266 358
3  686 488 687
3  488 474 687
3  732 573 692
3  644 692 693
3  571 686 572
3  639 571 570
3  733 573 572
3  132 487 489
3  172 267 483
3  267 266 483
3  271 270 386
3  385 386 484
3  327 326 497
3  326 283 497
3  131 353 442
3  669 442 443
3  363 69 645
3  673 533 767
3  582 486 768
3  769 524 526
3  224 535 646
3  353 646 443
3  534 288 737
3  737 288 599
3  201 439 608
3  439 372 608
3  424 211 770
3  211 771 770
3  477 350 695
3  350 426 695
3  474 411 475
3  411 282 475
3  30 576 739
3  576 346 739
3  745 740 317
3  750 392 744
3  320 459 748
3  744 318 767
3  372 434 457
3  21 320 772
3  646 535 443
3  535 534 443
3  303 302 609
3  364 609 773
3  134 442 135
3  442 582 135
3  699 423 452
3  424 482 425
3  523 745 317
3  458 379 772
3  527 703 606
3  703 389 606
3  593 537 600
3  461 460 595
3  746 318 513
3  589 390 774
3  614 679 672
3  744 748 318
3  540 614 523
3  614 745 523
3  595 751 597
3  590 774 775
3  368 370 620
3  652 376 620
3  79 614 309
3  614 674 309
3  625 404 776
3  428 427 777
3  552 604 778
3  552 658 604
3  329 122 330
3  122 660 330
3  254 328 659
3  328 660 659
3  757 76 760
3  332 779 710
3  332 711 779
3  757 756 755
3  297 331 755
3  296 297 519
3  428 777 780
3  753 518 781
3  626 628 559
3  332 625 626
3  633 464 724
3  623 625 761
3  255 129 602
3  129 623 602
3  738 210 209
3  738 153 210
3  753 666 662
3  617 468 664
3  664 688 618
3  604 661 778
3  704 703 529
3  703 527 529
3  714 450 782
3  449 447 752
3  390 668 774
3  390 389 668
3  528 390 653
3  390 589 653
3  605 606 391
3  606 389 391
3  247 246 611
3  246 510 611
3  247 312 248
3  312 246 248
3  311 762 548
3  762 245 548
3  654 705 601
3  705 510 601
3  676 395 715
3  395 388 715
3  99 551 139
3  551 307 139
3  403 627 404
3  467 402 631
3  464 635 724
3  711 332 719
3  402 325 631
3  325 188 631
3  466 402 554
3  402 467 554
3  49 48 683
3  682 49 683
3  713 729 49
3  50 657 683
3  630 689 721
3  689 681 722
3  728 49 682
3  721 689 722
3  689 480 682
3  687 733 572
3  219 691 220
3  691 471 220
3  220 765 731
3  765 212 731
3  642 692 644
3  641 644 693
3  573 732 570
3  732 357 570
3  132 489 686
3  489 488 686
3  270 94 484
3  94 385 484
3  424 486 211
3  771 728 736
3  533 744 767
3  133 135 742
3  699 133 742
3  645 503 453
3  374 608 290
3  288 534 536
3  737 370 783
3  580 534 737
3  748 393 458
3  320 748 772
3  486 209 211
3  424 423 768
3  370 369 702
3  369 580 702
3  744 392 748
3  532 392 750
3  318 747 514
3  316 523 317
3  609 302 773
3  302 584 585
3  505 593 506
3  521 506 655
3  740 672 673
3  740 745 672
3  592 511 706
3  511 510 706
3  509 592 700
3  592 517 700
3  774 668 514
3  596 595 597
3  537 751 600
3  751 595 600
3  447 301 752
3  301 314 784
3  754 777 666
3  777 427 785
3  777 785 666
3  466 465 405
3  760 76 758
3  76 255 758
3  519 297 755
3  331 757 755
3  518 755 712
3  779 711 710
3  169 76 331
3  76 757 331
3  780 754 786
3  428 780 786
3  754 753 781
3  465 684 628
3  627 625 776
3  625 335 404
3  332 602 761
3  602 623 761
3  210 713 787
3  728 771 788
3  688 661 618
3  617 664 618
3  449 752 450
3  158 448 450
3  747 749 514
3  590 589 774
3  676 715 716
3  715 610 716
3  711 525 524
3  628 684 789
3  719 332 626
3  723 725 790
3  627 403 628
3  631 557 684
3  725 681 683
3  657 427 429
3  657 726 683
3  625 627 626
3  685 725 723
3  657 769 727
3  220 492 766
3  492 212 766
3  573 733 693
3  733 641 693
3  474 500 687
3  500 641 687
3  726 657 727
3  481 363 645
3  133 699 735
3  699 269 735
3  135 768 742
3  486 424 768
3  288 536 289
3  536 224 289
3  370 580 783
3  580 737 783
3  392 393 748
3  748 459 749
3  608 457 290
3  457 288 290
3  302 585 773
3  585 364 773
3  506 593 655
3  593 460 655
3  318 673 767
3  376 533 673
3  398 615 399
3  615 253 399
3  468 618 791
3  785 427 50
3  666 785 667
3  618 785 791
3  777 754 780
3  404 627 776
3  756 758 333
3  758 255 333
3  755 756 712
3  756 710 712
3  480 736 763
3  736 728 763
3  210 771 211
3  771 736 770
3  713 771 787
3  771 210 787
3  771 713 788
3  713 728 788
3  603 328 662
3  328 400 662
3  661 664 778
3  664 552 778
3  785 618 667
3  618 661 667
3  450 752 782
3  591 389 714
3  752 314 707
3  597 751 598
3  726 725 683
3  405 465 628
3  403 405 628
3  465 467 684
3  759 723 724
3  557 631 633
3  681 725 722
3  725 685 722
3  429 428 769
3  557 723 790
3  557 633 724
3  759 685 723
3  425 482 645
3  69 68 504
3  645 69 503
3  647 452 453
3  742 768 743
3  135 582 768
3  379 21 772
3  748 458 772
3  748 747 318
3  707 708 741
3  378 377 673
3  377 376 673
3  785 50 791
3  50 468 791
3  781 428 786
3  754 781 786
3  756 333 710
3  333 332 710
3  736 482 770
3  482 424 770
3  591 714 782
3  714 703 450
3  314 752 792
3  752 301 792
3  314 301 315
3  301 313 315
3  598 782 741
3  596 598 708
3  790 725 727
3  557 790 526
3  428 524 769
3  727 769 526
3  425 645 453
3  556 647 453
3  768 423 743
3  423 699 743
3  749 459 775
3  459 590 775
3  668 650 514
3  538 507 650
3  650 507 514
3  668 530 650
3  507 746 513
3  746 316 318
3  749 775 514
3  775 774 514
3  428 781 712
3  781 518 712
3  728 682 764
3  682 480 764
3  782 752 741
3  598 591 782
3  314 792 784
3  792 301 784
3  314 313 708
3  313 383 708
3  684 557 789
3  557 628 789
3  558 525 559
3  628 557 559
3  558 557 526
3  657 429 769
3  525 558 526
3  790 727 526
3  453 504 734
3  504 556 734
