OFF
612 1220 0
158.343 87.9399 267.822
152.274 31.8613 220.357
132.646 44.1055 194.453
-95.5711 -183.266 371.267
-116.935 -144.241 267.835
-103.522 -163.934 315.239
-193.281 -1.54955 310.93
-207.825 -3.10139 349.729
-190.443 13.2685 306.618
-161.61 -17.8521 233.304
-189.732 -31.0044 302.312
81.3043 -3.01177 103.753
81.3029 3.02586 103.753
139.822 3.29978 190.147
118.876 -57.2075 181.501
109.688 -113.216 216.057
80.2123 -38.1134 108.095
28.7246 -193.925 435.896
11.7841 -207.04 341.113
120.04 -167.367 414.352
-57.4203 72.703 112.42
-99.6734 53.4687 142.66
-105.568 90.8599 190.145
179.05 -86.5016 345.407
152.969 -117.852 315.238
175.813 -59.0408 289.372
-4.47281 -89.8224 108.101
-2.69178 -147.828 207.407
-27.4017 -129.751 181.504
-34.9241 -202.591 418.661
-177.473 -89.9637 405.731
-130.498 -150.79 435.896
-182.2 -72.5763 427.277
-178.238 119.682 431.588
-194.698 56.074 431.587
-177.668 68.4541 435.896
-39.2949 181.625 435.896
165.377 104.444 435.896
134.808 135.553 306.618
178.135 96.4294 362.645
167.198 97.1265 319.546
-189.869 -55.1248 435.896
-110.811 149.057 297.989
-79.3909 130.348 207.424
-158.893 115.849 310.938
115.373 113.586 216.074
59.1984 59.4582 103.765
37.6903 81.2607 108.099
139.323 -13.1711 190.147
155.891 -13.3015 216.054
9.84008 1.52637 0.0339273
80.2612 38.0063 108.095
9.88245 1.22284 0.0340734
9.28549 3.59464 0.0320151
9.39186 3.3072 0.0323819
131.385 -69.9271 216.025
58.096 -161.554 233.336
37.9081 -81.157 108.099
-2.9055 4.69151 -0.0100214
-3.07503 4.34308 -0.010606
-3.13199 4.4235 -0.0108024
52.9724 -185.739 306.622
118.079 -156.375 302.321
-163.275 -111.605 298.019
-182.68 -51.4355 293.69
-128.879 -55.2056 190.149
-121.673 165.6 354.033
-58.1131 201.272 341.117
7.92664 197.415 431.587
-37.1604 198.659 422.969
-176.194 114.255 349.733
-192.627 76.5724 418.661
198.436 -10.477 418.659
194.846 13.0409 431.586
188.204 -50.455 431.586
7.56208 6.47416 0.0260731
7.75801 6.23838 0.0267486
7.35898 6.70379 0.0253728
6.93203 7.14378 0.0239008
7.1489 6.92707 0.0246485
-2.7251 9.57088 -0.00939584
-3.5972 9.2788 -0.0124027
-3.30955 9.38509 -0.0114109
-27.4851 161.281 220.386
-34.0284 79.7646 103.779
59.1596 -59.4986 103.765
200.231 69.2983 401.43
198.305 40.4655 414.351
-153.935 -123.45 341.095
-145.206 29.559 207.407
-145.73 24.4013 207.41
-80.4552 -173.859 310.926
-55.6852 -180.746 297.997
-125.976 -74.7655 203.094
-130.534 -145.083 315.243
-34.1195 -79.7262 103.779
-50.3363 -147.702 220.358
-78.9594 -142.7 229.001
-4.43861 8.90755 -0.0153038
-4.71101 8.76674 -0.016243
-3.82426 196.797 306.631
-88.1306 188.504 384.194
108.002 155.209 302.304
37.9527 173.216 259.195
198.168 50.1902 349.724
15.782 84.6136 103.776
1.2237 9.87532 0.0042192
0.918796 9.90829 0.0031679
-3.41981 8.07514 -0.0117927
-3.38135 7.98442 -0.0116602
-3.70826 8.05557 -0.0127872
28.9681 155.658 224.674
9.93904 0.61258 0.0342685
9.95321 0.306436 0.0343173
9.65717 2.42714 0.0332966
9.72739 2.12881 0.0335387
8.77305 -4.70766 0.0302483
8.62381 -4.97539 0.0297338
8.46639 -5.23841 0.029191
9.93904 -0.612588 0.0342685
9.95321 -0.306425 0.0343173
149.96 -135.372 431.587
165.818 -51.1927 263.492
5.24216 -8.4603 0.0180743
5.50039 -8.29498 0.0189647
6.00097 -7.94088 0.0206906
6.24283 -7.75245 0.0215246
-3.13199 -4.4235 -0.0108024
-3.44505 -4.56091 -0.0118818
-3.32622 4.40366 -0.0114721
15.6158 -84.6459 103.776
3.01875 -9.48248 0.0104083
-84.6234 19.2497 103.779
-134.733 3.75742 181.515
-8.19674 -4.72933 -0.028262
-7.31686 -5.52208 -0.0252288
-7.64457 -5.40806 -0.0263584
-23.7123 -193.827 435.896
190.175 -76.9382 405.734
-192.672 66.6103 379.881
-192.105 74.3394 397.117
-177.058 -90.2784 345.406
-190.041 -24.8479 435.896
-136.505 128.617 435.896
80.1519 163.386 435.896
140.832 136.656 427.277
36.2586 205.595 422.97
-136.627 151.924 405.734
1.82975 9.78131 0.00630878
2.13032 9.72037 0.00734509
1.52746 9.83298 0.00526649
189.109 -3.41617 297.997
-53.1345 68.4082 103.779
-4.97894 8.61761 -0.0171668
-83.8439 33.0396 108.102
-77.2339 39.5213 103.779
-9.04643 4.15904 -0.0311909
-70.9483 174.871 431.586
73.2867 177.537 328.16
-84.6147 -19.2883 103.779
-66.1968 54.5806 103.775
-3.95171 89.8436 108.101
6.24284 7.75245 0.0215245
6.00097 7.94088 0.0206906
-1.2237 9.87532 -0.0042192
-73.4795 45.3123 103.777
87.0666 5.75485 112.394
9.91545 0.918144 0.0341872
9.78838 -1.82845 0.033749
9.88245 -1.22284 0.0340734
9.84008 -1.52637 0.0339273
86.899 -7.44327 112.394
170.548 -95.1293 435.896
-3.33911 -6.70312 -0.0115157
2.72511 -9.57088 0.00939583
1.82976 -9.78131 0.00630879
9.72739 -2.1288 0.0335387
9.28549 -3.59464 0.0320151
-3.21204 -4.84628 -0.0110784
-124.371 -110.382 237.623
-106.124 -93.3147 190.153
-55.6938 -74.0264 112.42
-66.1817 -54.5984 103.775
-7.35898 -6.70379 -0.0253728
-7.1489 -6.92707 -0.0246485
-184.545 -73.1119 414.349
197.491 -20.0593 401.421
177.182 -11.0539 435.896
-199.63 -27.6908 397.114
-79.6744 160.11 435.896
-16.3761 204.268 349.724
-120.201 157.493 422.968
-132.805 48.2383 198.77
120.967 77.3738 198.778
2.42886 9.6502 0.00837443
3.01876 9.48248 0.0104083
-182.836 37.8766 306.607
-53.0986 -68.4359 103.779
-5.24215 -8.4603 -0.0180743
91.7638 176.151 397.112
97.0845 175.72 379.878
-3.40048 -5.88784 -0.0117278
-3.58028 -5.78042 -0.0123478
-3.42454 -5.52915 -0.0118109
-3.88144 9.1637 -0.0133827
-4.162 9.03991 -0.0143501
5.7534 8.12178 0.0198371
4.162 9.03991 0.0143501
3.88144 9.1637 0.0133827
2.7251 9.57088 0.00939583
7.94658 5.99669 0.0273988
8.46639 5.23841 0.029191
8.30094 5.49647 0.0286206
6.4788 -7.55666 0.0223381
6.70859 -7.35371 0.0231304
9.95793 0 0.0343336
5.50039 8.29498 0.0189647
5.24215 8.4603 0.0180743
-3.18895 4.50391 -0.0109988
-3.8312 4.75976 -0.0132132
9.91545 -0.91815 0.0341872
-9.93904 -0.612581 -0.0342685
-9.91545 -0.918148 -0.0341872
-0.613008 -9.93187 -0.0021136
-3.69085 -7.40859 -0.0127279
0.306661 -9.94602 0.0010573
-3.05535 -5.29061 -0.010538
-3.21691 -5.1941 -0.0110951
9.17031 -3.87867 0.031618
-0.391363 -145.383 203.09
1.22371 -9.87532 0.0042192
0.918794 -9.90829 0.00316791
58.891 -177.145 435.896
177.517 -27.7768 435.896
22.2914 206.671 362.652
19.6089 184.983 435.896
64.3959 116.247 181.505
-73.465 -45.3361 103.777
-77.2261 -39.5364 103.779
-3.1131 5.02657 -0.0107372
0.306653 9.94602 0.0010573
-3.33911 6.70312 -0.0115157
-0.918797 9.90829 -0.00316791
6.70859 7.35371 0.0231304
8.62381 4.97539 0.0297338
8.77305 4.70765 0.0302483
8.91397 4.43545 0.0307342
9.04643 4.15904 0.0311909
9.17031 3.87868 0.031618
9.48933 3.01661 0.032718
9.57779 2.72317 0.033023
-7.56208 -6.47416 -0.0260731
-3.01875 -9.48248 -0.0104083
-2.72511 -9.57088 -0.00939583
-4.35062 -8.73121 -0.0150008
-4.4386 -8.90755 -0.0153038
-4.61762 -8.59319 -0.0159214
-4.97894 -8.61761 -0.0171668
-5.50038 -8.29498 -0.0189647
9.78838 1.82845 0.033749
7.35898 -6.70379 0.0253728
-3.53882 -5.33904 -0.012205
9.57779 -2.72315 0.033023
9.65717 -2.42713 0.0332966
8.91396 -4.43545 0.0307342
9.04643 -4.15903 0.0311909
7.56209 -6.47415 0.0260731
-0.918789 -9.90829 -0.0031679
-2.13032 -9.72037 -0.00734509
-181.944 -78.6307 332.481
-6.44066 -6.24166 -0.0222082
-7.26242 -6.21796 -0.0250406
-7.4506 -5.99152 -0.0256894
174.881 99.1877 405.732
-9.57779 2.72317 -0.033023
-9.28549 3.59464 -0.0320152
-7.14991 4.73519 -0.0246537
-3.70826 -8.05557 -0.0127872
-3.86677 -7.7613 -0.013334
-3.16326 -6.35038 -0.0109096
-2.13032 9.72037 -0.0073451
-3.89178 6.28296 -0.0134215
-4.08354 6.16024 -0.0140827
-3.99562 6.45047 -0.0137794
8.12761 5.7493 0.028023
-4.10409 -7.63864 -0.0141523
3.59721 -9.27879 0.0124027
-5.19019 -8.37657 -0.0178954
-5.7534 -8.12178 -0.0198371
-5.33685 -8.04869 -0.0184014
-3.89177 -6.28297 -0.0134215
-3.4974 -6.51042 -0.0120616
-9.95321 0.306435 -0.0343173
-9.95793 -8.7055e-07 -0.0343336
-3.38307 -6.79131 -0.0116672
3.88144 -9.1637 0.0133828
-3.0775 -5.72929 -0.0106142
9.48932 -3.01662 0.032718
9.39186 -3.3072 0.0323819
8.12761 -5.7493 0.028023
7.94658 -5.99669 0.0273988
8.30094 -5.49647 0.0286206
-6.21501 -4.69131 -0.0214311
-9.57779 -2.72317 -0.033023
-1.82976 -9.78131 -0.00630879
-139.761 -96.9304 246.251
146.723 -116.946 435.896
144.969 131.613 397.111
140.839 133.024 341.089
-3.16326 6.35038 -0.0109096
-3.40048 5.88784 -0.0117278
-3.4974 6.51042 -0.0120616
-3.37543 5.09266 -0.0116417
-3.58028 5.78043 -0.0123478
-7.75801 6.23838 -0.0267487
-8.12762 5.74929 -0.028023
-8.30094 5.49646 -0.0286206
-83.2356 -34.5358 108.101
-9.91545 0.918146 -0.0341872
-4.27141 -6.03168 -0.0147305
-4.24697 -6.40659 -0.014646
-4.693 -6.21181 -0.0161838
-3.95573 8.59249 -0.0136397
-4.43086 8.24609 -0.0152781
-4.35062 8.73121 -0.0150008
-2.98883 9.38861 -0.0103053
6.47879 7.55666 0.0223381
-7.94658 5.99669 -0.0273988
-9.78838 1.82846 -0.033749
-9.84008 1.52637 -0.0339273
-3.53519 -8.34729 -0.0121902
-5.77268 -6.73408 -0.0199053
-5.01229 -7.07682 -0.0172838
-5.12629 -7.23759 -0.0176766
-4.711 -8.76674 -0.016243
-4.88024 -8.44702 -0.0168269
-6.00096 -7.94088 -0.0206906
-5.7631 -7.62655 -0.0198712
0.613013 -9.93187 0.00211362
1.18661e-07 -9.95074 4.09376e-10
2.42886 -9.6502 0.00837443
4.16201 -9.03991 0.0143501
4.4386 -8.90755 0.0153038
4.711 -8.76674 0.016243
6.93203 -7.14378 0.0239008
7.1489 -6.92707 0.0246485
7.758 -6.23839 0.0267487
-1.2237 -9.87532 -0.00421919
-1.52745 -9.83298 -0.00526647
-2.40477 -9.55466 -0.00829151
-2.42886 -9.6502 -0.00837443
-9.88246 1.22283 -0.0340734
-6.00097 7.94088 -0.0206906
-6.24284 7.75245 -0.0215245
-3.89301 -4.83652 -0.0134263
-4.26392 -5.29702 -0.014705
-4.46024 -4.59842 -0.0153819
-8.30094 -5.49647 -0.0286206
-3.20326 5.54657 -0.0110479
-3.0775 5.72928 -0.0106142
-9.65717 2.42714 -0.0332966
-8.91396 -4.43545 -0.0307342
-9.95321 -0.306435 -0.0343173
-3.34289 7.8937 -0.0115277
-5.17334 7.8024 -0.0178381
-5.03433 8.12537 -0.0173585
-4.82655 7.79042 -0.0166427
-2.42886 9.6502 -0.00837443
4.43861 8.90755 0.0153038
-3.69086 7.40858 -0.0127279
3.30955 9.38509 0.0114109
-5.61464 -4.80844 -0.0193615
-5.76442 -4.9366 -0.0198778
-3.74214 -4.95401 -0.0129061
-7.31433 -4.84396 -0.0252204
-6.29798 -5.06557 -0.021717
-3.56153 -9.18695 -0.0122799
-4.21863 -8.4667 -0.0145462
-3.24393 -9.19927 -0.011185
-3.61212 -8.52872 -0.0124552
-2.98883 -9.38861 -0.0103053
-4.16201 -9.03991 -0.0143501
-4.10047 -5.79047 -0.0141413
-3.98652 -5.62966 -0.0137485
-8.04711 -5.69243 -0.0277456
-8.13649 -5.38773 -0.0280539
-4.2908 -7.98577 -0.0147956
-4.53485 -7.84994 -0.0156371
-6.2655 -5.7088 -0.0216048
-6.83584 -5.49772 -0.0235708
-8.77305 -4.70766 -0.0302483
-3.68411 -5.94794 -0.0127057
-5.73256 -5.55611 -0.0197678
-5.35265 -5.51775 -0.0184582
-5.00258 -5.83655 -0.0172513
-8.12762 -5.7493 -0.028023
-6.6573 -6.86104 -0.0229543
-7.48716 -6.41011 -0.025815
-4.62836 -6.98137 -0.0159604
-4.9902 -6.60483 -0.0172081
-0.306661 -9.94602 -0.0010573
3.30954 -9.38509 0.0114109
5.75341 -8.12178 0.0198371
4.97894 -8.61761 0.0171668
-2.64404 -9.28663 -0.00911674
-6.47879 7.55666 -0.0223381
-5.69639 8.0414 -0.0196407
-5.1902 8.37657 -0.0178954
-7.56208 6.47415 -0.0260731
-7.35898 6.70379 -0.0253728
-7.1489 6.92707 -0.0246485
-9.48933 -3.01661 -0.032718
-9.17031 -3.87868 -0.031618
-9.04643 -4.15904 -0.0311909
-6.21501 4.69131 -0.0214311
-7.94658 -5.99669 -0.0273988
-9.17031 3.87868 -0.031618
-5.9142 5.06476 -0.0203941
-6.29798 5.06557 -0.021717
-6.28867 5.38514 -0.0216848
-9.72739 2.12881 -0.0335387
-5.02458 4.87043 -0.0173274
-4.6176 5.38773 -0.0159243
-4.80346 4.95203 -0.0165651
-9.93904 0.61258 -0.0342685
-3.24393 9.19927 -0.011185
-1.82975 9.78131 -0.00630878
-1.52746 9.83298 -0.00526649
-3.51498 7.05586 -0.0121218
-3.99224 6.91159 -0.0137674
0.613015 9.93187 0.00211361
-5.87168 7.29214 -0.0202459
-6.30977 6.91711 -0.0217564
-5.9415 7.86229 -0.0204858
-7.48716 6.41011 -0.025815
-7.26242 6.21795 -0.0250406
-4.46024 4.59841 -0.0153819
-4.44928 4.87909 -0.0153441
-5.96524 6.95843 -0.0205688
-5.19509 -6.06095 -0.0179148
-5.69594 -5.87129 -0.0196414
-6.86335 7.0731 -0.0236642
-8.77305 4.70765 -0.0302483
-8.91397 4.43545 -0.0307342
4.71101 8.76674 0.016243
4.97894 8.61761 0.0171668
-4.04269 -8.11401 -0.0139401
-3.4189 -8.81953 -0.0117887
-3.88144 -9.1637 -0.0133827
-3.5972 -9.27879 -0.0124027
-4.12074 -8.95043 -0.014208
-4.18954 -7.25283 -0.0144473
-4.25525 -6.86923 -0.0146742
-5.04719 -5.53426 -0.0174052
-4.81009 -5.61214 -0.0165878
-5.2532 -6.52488 -0.0181148
-5.6452 -6.18935 -0.0194663
-6.65312 -6.44729 -0.0229403
-4.6176 -5.38773 -0.0159243
-8.62381 -4.9754 -0.0297338
-6.4788 -7.55666 -0.0223381
-6.70859 -7.35371 -0.0231304
-6.93203 -7.14378 -0.0239008
-6.24283 -7.75245 -0.0215246
2.13032 -9.72037 0.00734509
-4.66431 8.67996 -0.0160822
-3.86677 7.7613 -0.013334
-4.24413 7.89898 -0.0146348
-6.93203 7.14378 -0.0239008
-5.50039 8.29498 -0.0189647
-5.75341 8.12177 -0.0198371
-7.75801 -6.23838 -0.0267486
-8.45298 4.87697 -0.0291451
-8.62381 4.9754 -0.0297338
-8.46639 5.23842 -0.029191
-9.39186 3.3072 -0.0323819
-6.2862 7.33233 -0.0216746
-3.01876 9.48248 -0.0104083
3.5972 9.2788 0.0124027
-3.98652 5.62966 -0.0137485
-3.92011 5.91389 -0.0135194
-4.33752 7.50874 -0.0149572
-4.72266 7.62294 -0.0162848
-0.306654 9.94602 -0.00105731
-3.37836 7.33965 -0.0116505
-0.613016 9.93187 -0.00211361
-5.02655 4.58077 -0.0173342
-5.02655 -4.58077 -0.0173342
-3.8312 -4.75977 -0.0132132
-5.40635 7.15501 -0.0186421
-4.8413 6.83564 -0.0166946
-5.58014 6.50971 -0.0192418
-4.57412 6.0546 -0.0157741
-4.27696 5.66155 -0.0147498
-5.04719 5.53426 -0.0174052
-4.81009 5.61215 -0.0165878
-5.13092 5.98615 -0.0176936
-5.69594 5.87129 -0.0196414
-5.38761 6.28534 -0.0185783
-5.24215 8.46031 -0.0180743
-5.52526 -7.31219 -0.0190518
-3.30954 -9.38509 -0.0114109
-4.93044 -7.9579 -0.0170006
-4.79184 -7.22768 -0.0165237
-6.30977 -6.91712 -0.0217564
-5.74798 -7.1387 -0.0198197
-4.80345 -4.95203 -0.0165651
-5.46487 4.68027 -0.0188452
-9.30139 -2.95696 -0.0320702
-7.40307 -5.23742 -0.0255261
-5.10909 -6.76203 -0.0176178
-4.95529 -6.99643 -0.0170874
-6.28619 -7.33234 -0.0216746
-5.87168 -7.29214 -0.0202459
1.52745 -9.83298 0.00526649
-3.87323 8.41352 -0.0133555
-4.39461 8.81938 -0.0151523
-8.45298 -4.87697 -0.0291451
-8.7374 -4.34772 -0.0301257
-7.03769 6.02579 -0.0242662
-7.4506 5.99152 -0.0256894
-6.45111 4.86935 -0.0222449
-5.25321 6.52487 -0.0181148
-6.2655 5.70879 -0.0216048
-6.52849 5.25079 -0.0225115
-7.31433 4.84396 -0.0252204
-9.48933 3.01661 -0.0327179
-3.70222 5.5854 -0.0127683
-5.90192 6.0834 -0.0203513
-5.6452 6.18935 -0.0194663
-4.05742 7.55185 -0.0139915
-4.34961e-07 9.95074 -1.50059e-09
-4.26392 5.29702 -0.014705
-3.86098 5.11125 -0.0133158
-5.60652 4.50986 -0.0193335
-5.60955 -5.11165 -0.0193439
-5.37856 -5.21328 -0.0185476
-6.45127 6.64897 -0.0222444
-6.48417 5.90782 -0.0223584
-5.52526 7.31219 -0.0190518
-3.54841 -6.14379 -0.0122377
-5.23696 -5.07615 -0.0180595
-4.09946 -6.61798 -0.0141373
-3.97982 -5.26848 -0.0137255
-9.28549 -3.59465 -0.0320152
-9.88245 -1.22284 -0.0340734
-6.28867 -5.38514 -0.0216848
-6.48417 -5.90782 -0.0223584
-7.07807 -6.85854 -0.0244045
-7.14321 -5.74463 -0.0246301
-5.00259 5.83655 -0.0172513
-4.69299 6.21181 -0.0161838
-3.91448 8.50301 -0.0134976
-4.61762 8.59319 -0.0159214
-8.46638 -5.23842 -0.029191
-8.04711 5.69243 -0.0277456
-4.25525 6.86923 -0.0146742
-4.18954 7.25282 -0.0144473
-4.04157 6.9969 -0.0139374
-4.35911 7.03672 -0.0150321
-3.68411 5.94794 -0.0127057
-3.69634 6.39973 -0.0127476
-3.74214 4.95401 -0.0129061
-3.89301 4.83652 -0.0134263
-5.76442 4.9366 -0.0198778
-5.73256 5.55611 -0.0197678
-5.35265 5.51775 -0.0184582
-5.23696 5.07615 -0.0180595
-5.37856 5.21328 -0.0185476
-5.1467 5.30561 -0.0177483
-6.70859 7.35371 -0.0231304
-5.7781 6.33491 -0.0199243
-5.28234 7.9666 -0.0182136
-5.58014 -6.50971 -0.0192418
-4.68287 -8.10584 -0.016147
-4.51571 -4.95189 -0.0155731
-5.02458 -4.87043 -0.0173274
-3.70222 -5.5854 -0.0127683
-9.78838 -1.82846 -0.033749
-9.72739 -2.12881 -0.0335387
-9.84008 -1.52637 -0.0339273
-6.60532 -5.31253 -0.0227763
-6.06748 -4.88035 -0.0209225
-5.11883 -7.72031 -0.0176503
-4.95533 -7.474 -0.017087
-7.86787 -5.93736 -0.0271276
-4.79184 7.22769 -0.0165237
-6.10792 6.2955 -0.0210612
-7.40307 5.23741 -0.0255261
-6.83584 5.49772 -0.0235708
-7.79555 4.82387 -0.0268791
-8.51238 4.56797 -0.02935
-3.84429 6.65566 -0.0132575
-4.82655 -7.79041 -0.0166427
-9.39186 -3.3072 -0.0323819
-9.65717 -2.42714 -0.0332966
-5.90192 -6.0834 -0.0203513
-5.7781 -6.33491 -0.0199243
-6.41128 -5.84148 -0.0221072
-5.09942 4.64714 -0.0175854
-4.78431 6.75524 -0.0164982
-5.77269 6.73408 -0.0199053
-5.60955 5.11165 -0.0193439
-8.13096 5.03116 -0.0280351
-6.41128 5.84148 -0.0221072
-7.14321 5.74463 -0.0246301
-3.92955 5.54925 -0.0135521
-5.64418 7.46937 -0.0194615
-5.11363 5.60705 -0.0176342
-8.47256 4.21611 -0.0292129
-6.33839 5.77514 -0.021856
-8.7374 4.34771 -0.0301257
3  0 1 2
3  3 4 5
3  6 7 8
3  9 10 6
3  11 12 13
3  14 15 16
3  17 18 19
3  20 21 22
3  23 24 25
3  26 27 28
3  18 17 29
3  30 31 32
3  33 34 35
3  36 17 37
3  38 39 40
3  41 17 36
3  42 43 44
3  45 46 47
3  48 49 16
3  50 51 52
3  53 51 54
3  15 14 55
3  15 56 57
3  58 59 60
3  3 18 29
3  61 62 19
3  63 64 65
3  66 67 42
3  36 68 69
3  33 70 71
3  72 73 74
3  75 76 77
3  78 46 79
3  10 7 6
3  80 81 82
3  43 83 84
3  15 85 16
3  51 1 13
3  72 86 87
3  62 15 24
3  31 30 88
3  9 89 90
3  91 4 92
3  62 61 56
3  63 65 93
3  3 63 94
3  3 91 92
3  95 96 97
3  84 98 99
3  17 41 31
3  7 70 8
3  67 43 42
3  83 67 100
3  67 101 69
3  66 42 44
3  70 33 66
3  38 45 102
3  45 103 102
3  39 104 40
3  72 104 86
3  105 106 107
3  108 109 110
3  83 111 105
3  20 43 84
3  52 112 113
3  114 51 115
3  116 117 118
3  49 14 16
3  49 48 13
3  11 119 120
3  61 18 56
3  17 19 121
3  49 25 122
3  14 49 122
3  57 123 124
3  57 125 126
3  92 4 97
3  127 128 129
3  57 130 131
3  85 15 57
3  3 31 88
3  63 3 88
3  89 132 133
3  134 135 136
3  63 4 94
3  4 3 94
3  4 91 5
3  91 3 5
3  96 92 97
3  30 63 88
3  17 31 137
3  31 3 29
3  18 61 19
3  23 138 121
3  139 7 140
3  9 6 8
3  63 30 141
3  34 41 142
3  41 36 35
3  33 35 143
3  144 37 145
3  37 73 86
3  69 68 146
3  36 37 144
3  67 66 101
3  33 101 147
3  43 67 83
3  148 149 150
3  48 11 13
3  104 151 1
3  45 51 46
3  53 115 58
3  138 72 74
3  138 23 151
3  151 49 1
3  0 104 1
3  152 84 153
3  154 155 156
3  33 36 157
3  102 103 158
3  9 133 159
3  21 20 160
3  152 20 84
3  83 161 84
3  47 162 163
3  108 164 109
3  75 46 76
3  21 160 165
3  52 166 167
3  53 114 115
3  46 51 76
3  168 169 170
3  48 16 171
3  168 120 169
3  51 166 52
3  166 51 13
3  138 172 121
3  173 174 175
3  15 55 25
3  24 15 25
3  176 177 178
3  15 62 56
3  179 63 180
3  133 132 159
3  181 4 180
3  4 63 179
3  182 183 184
3  30 41 185
3  56 18 27
3  18 3 92
3  31 29 137
3  29 17 137
3  104 72 186
3  72 138 186
3  37 172 187
3  37 17 172
3  10 64 7
3  10 9 64
3  34 71 7
3  34 33 71
3  185 41 188
3  41 34 188
3  41 35 142
3  35 34 142
3  35 36 143
3  33 143 189
3  86 104 39
3  37 86 145
3  100 67 190
3  101 33 191
3  101 66 147
3  66 33 147
3  43 22 44
3  43 20 22
3  22 21 44
3  21 89 192
3  45 0 193
3  45 38 0
3  1 49 13
3  12 166 13
3  83 103 111
3  149 194 195
3  49 151 25
3  151 23 25
3  70 89 196
3  70 196 8
3  95 197 198
3  64 9 65
3  199 145 200
3  38 102 200
3  201 202 203
3  160 20 152
3  84 204 205
3  105 148 150
3  111 47 105
3  206 47 163
3  47 207 208
3  105 209 194
3  76 210 211
3  210 212 211
3  52 167 112
3  112 12 113
3  85 213 214
3  12 215 113
3  47 216 217
3  218 129 219
3  171 169 220
3  11 48 171
3  59 115 113
3  12 11 215
3  159 221 222
3  223 224 225
3  226 227 178
3  177 16 228
3  18 92 27
3  27 26 229
3  92 96 27
3  225 230 231
3  31 41 32
3  41 30 32
3  197 182 184
3  197 95 181
3  4 181 97
3  181 95 97
3  138 151 186
3  151 104 186
3  17 121 232
3  19 62 121
3  73 172 74
3  172 138 74
3  187 172 233
3  73 37 187
3  143 36 189
3  36 33 189
3  86 73 87
3  73 72 87
3  103 100 234
3  103 83 100
3  101 191 69
3  36 69 157
3  235 144 146
3  36 144 235
3  89 70 44
3  70 66 44
3  1 51 2
3  51 45 193
3  47 111 236
3  45 47 236
3  149 148 105
3  161 83 105
3  25 55 122
3  55 14 122
3  237 180 238
3  180 65 238
3  132 89 154
3  89 21 154
3  162 77 239
3  76 51 210
3  240 107 241
3  164 161 242
3  78 79 243
3  79 77 162
3  244 51 245
3  239 76 245
3  51 244 211
3  51 246 245
3  246 51 247
3  51 53 248
3  114 249 250
3  51 249 54
3  21 165 155
3  182 251 183
3  166 12 112
3  167 166 112
3  95 252 253
3  254 255 256
3  95 198 257
3  197 258 198
3  115 51 259
3  215 11 120
3  226 260 125
3  202 261 203
3  123 226 125
3  95 26 28
3  171 16 169
3  16 262 263
3  16 264 265
3  85 260 266
3  223 26 267
3  26 95 268
3  7 64 269
3  64 63 269
3  70 7 139
3  7 71 140
3  4 179 180
3  270 271 272
3  62 24 121
3  24 23 121
3  172 73 233
3  73 187 233
3  86 39 273
3  86 273 145
3  104 0 40
3  0 38 40
3  69 191 157
3  191 33 157
3  273 39 145
3  145 199 146
3  234 190 146
3  68 36 235
3  89 44 192
3  44 21 192
3  102 158 200
3  103 234 158
3  51 193 2
3  193 0 2
3  47 209 105
3  216 163 217
3  111 103 236
3  103 45 236
3  89 133 90
3  133 9 90
3  132 154 274
3  274 275 276
3  224 277 278
3  279 174 173
3  84 161 280
3  281 282 283
3  79 46 77
3  46 75 77
3  47 46 162
3  79 162 243
3  77 76 239
3  53 239 245
3  210 51 284
3  212 51 211
3  51 248 247
3  246 247 245
3  249 114 54
3  114 53 54
3  249 51 250
3  51 114 250
3  51 50 259
3  50 52 259
3  224 278 285
3  279 286 174
3  198 258 257
3  287 288 289
3  258 197 288
3  197 181 182
3  120 176 127
3  173 290 291
3  178 128 127
3  132 292 293
3  56 26 130
3  224 290 294
3  57 286 295
3  226 123 296
3  177 176 263
3  176 16 263
3  262 16 297
3  16 177 298
3  16 117 116
3  226 178 266
3  299 16 300
3  16 301 118
3  26 56 229
3  56 27 229
3  27 96 28
3  96 95 28
3  222 302 303
3  26 268 304
3  196 89 8
3  89 9 8
3  30 269 141
3  269 63 141
3  7 269 185
3  269 30 185
3  71 70 140
3  70 139 140
3  65 180 93
3  63 93 305
3  181 180 182
3  180 237 182
3  121 172 306
3  172 17 306
3  145 39 307
3  39 38 308
3  234 146 200
3  144 145 146
3  68 235 146
3  234 100 190
3  146 199 200
3  158 234 200
3  209 47 195
3  309 310 311
3  239 312 313
3  149 105 194
3  165 160 314
3  165 315 316
3  65 159 317
3  65 9 159
3  221 318 222
3  319 320 321
3  322 323 324
3  325 81 80
3  106 150 107
3  106 105 150
3  162 46 326
3  46 78 243
3  194 209 195
3  47 206 216
3  176 178 127
3  239 53 58
3  165 314 327
3  132 328 329
3  247 248 245
3  248 53 245
3  51 212 284
3  212 210 284
3  215 120 113
3  120 59 113
3  224 330 277
3  331 332 333
3  95 334 255
3  334 335 255
3  226 201 203
3  197 336 288
3  289 288 337
3  183 251 184
3  296 123 201
3  226 296 201
3  26 225 338
3  223 225 339
3  57 56 130
3  174 130 340
3  260 213 125
3  85 57 126
3  286 123 341
3  57 342 343
3  16 176 168
3  176 120 168
3  262 298 263
3  298 177 263
3  16 298 297
3  298 262 297
3  85 344 345
3  214 213 345
3  16 346 300
3  264 16 116
3  260 226 266
3  16 85 346
3  347 348 349
3  26 348 347
3  95 253 350
3  253 252 350
3  34 7 188
3  7 185 188
3  93 180 305
3  180 63 305
3  121 306 232
3  306 17 232
3  39 308 307
3  145 307 200
3  190 67 146
3  67 69 146
3  307 308 200
3  308 38 200
3  132 351 318
3  152 352 353
3  354 355 356
3  154 21 155
3  237 238 357
3  65 317 238
3  358 310 359
3  132 274 360
3  238 317 361
3  221 362 293
3  109 363 110
3  364 365 366
3  367 84 280
3  325 367 280
3  207 368 208
3  150 149 241
3  110 363 369
3  370 208 309
3  46 243 326
3  243 162 326
3  162 208 217
3  216 206 163
3  127 129 218
3  58 115 59
3  302 371 372
3  261 354 373
3  107 150 241
3  47 368 207
3  244 245 211
3  245 76 211
3  374 302 375
3  255 335 256
3  376 377 378
3  348 268 349
3  330 349 379
3  252 376 380
3  258 334 257
3  334 95 257
3  254 377 376
3  95 255 381
3  202 382 383
3  230 173 175
3  384 385 272
3  386 377 387
3  388 135 389
3  238 361 390
3  290 382 391
3  392 393 394
3  237 357 395
3  271 396 397
3  178 116 118
3  178 177 116
3  230 225 173
3  320 398 399
3  26 338 231
3  338 225 231
3  225 26 339
3  223 339 400
3  174 286 401
3  286 57 401
3  279 173 291
3  130 174 131
3  123 125 124
3  57 124 402
3  125 213 126
3  213 85 126
3  342 341 343
3  342 57 341
3  341 123 403
3  123 57 403
3  120 119 169
3  11 171 220
3  344 214 345
3  344 85 214
3  301 300 118
3  16 299 301
3  330 224 347
3  26 347 267
3  268 348 304
3  348 26 304
3  330 347 404
3  268 95 350
3  152 353 405
3  365 406 407
3  314 160 408
3  408 409 410
3  303 374 411
3  317 412 413
3  302 414 371
3  397 251 415
3  154 156 416
3  417 418 419
3  132 420 328
3  420 274 328
3  421 422 423
3  318 221 424
3  81 325 425
3  425 325 110
3  164 426 427
3  164 108 426
3  84 367 80
3  367 325 80
3  164 363 109
3  369 428 429
3  240 161 430
3  161 105 107
3  431 432 433
3  314 434 435
3  115 259 113
3  259 52 113
3  239 58 218
3  59 120 127
3  59 127 218
3  436 421 437
3  432 431 438
3  302 318 414
3  392 439 440
3  221 293 424
3  441 405 432
3  155 442 443
3  163 162 217
3  217 208 444
3  47 445 444
3  162 239 359
3  335 334 287
3  334 258 287
3  277 330 446
3  380 376 378
3  268 350 349
3  380 378 447
3  335 377 256
3  377 254 256
3  95 448 449
3  254 376 450
3  381 255 449
3  255 376 449
3  178 227 261
3  436 354 356
3  224 451 452
3  453 454 394
3  382 355 383
3  393 453 394
3  439 455 456
3  396 271 457
3  319 454 458
3  239 218 312
3  390 361 459
3  460 197 461
3  462 396 463
3  197 462 461
3  264 116 265
3  16 265 228
3  230 130 231
3  130 26 231
3  339 26 400
3  26 223 400
3  174 401 131
3  401 57 131
3  174 464 175
3  290 173 294
3  124 125 402
3  125 57 402
3  286 341 295
3  341 57 295
3  341 403 343
3  403 57 343
3  169 16 170
3  16 168 170
3  169 119 220
3  119 11 220
3  213 260 345
3  260 85 345
3  117 16 118
3  301 299 300
3  347 224 267
3  224 223 267
3  465 98 205
3  110 466 467
3  353 352 405
3  441 314 468
3  160 409 408
3  152 469 470
3  159 362 221
3  159 303 411
3  251 182 471
3  182 237 471
3  472 443 473
3  474 155 316
3  318 274 414
3  154 275 475
3  274 420 360
3  420 132 360
3  328 274 329
3  274 318 329
3  432 476 433
3  425 322 324
3  161 426 280
3  325 280 110
3  426 161 427
3  161 164 427
3  81 84 82
3  80 82 477
3  47 208 478
3  195 370 309
3  479 480 313
3  239 358 359
3  466 481 467
3  152 468 410
3  161 107 430
3  107 240 430
3  482 323 467
3  483 484 369
3  240 241 428
3  161 483 485
3  321 399 394
3  371 486 487
3  354 219 488
3  128 178 488
3  241 309 311
3  489 490 491
3  492 493 422
3  422 494 495
3  132 318 424
3  318 302 222
3  496 497 498
3  314 441 434
3  152 153 499
3  218 219 312
3  445 217 444
3  445 47 217
3  288 463 337
3  500 289 337
3  377 386 446
3  277 446 278
3  349 350 380
3  350 252 380
3  347 349 404
3  349 330 404
3  376 252 501
3  252 95 501
3  376 255 450
3  255 254 450
3  448 381 449
3  448 95 381
3  335 289 502
3  398 320 452
3  398 387 503
3  504 331 505
3  319 290 320
3  451 398 452
3  436 356 506
3  371 507 486
3  136 135 272
3  302 374 508
3  134 374 509
3  510 455 511
3  288 336 463
3  396 504 512
3  197 184 462
3  184 251 462
3  504 396 457
3  357 385 384
3  504 500 513
3  396 512 463
3  265 116 228
3  116 177 228
3  130 464 340
3  464 174 340
3  464 130 175
3  130 230 514
3  300 346 266
3  346 85 266
3  84 81 204
3  98 84 205
3  425 110 515
3  516 465 205
3  238 390 459
3  517 361 518
3  361 517 459
3  517 385 459
3  435 519 520
3  155 474 473
3  417 414 521
3  275 443 472
3  490 522 491
3  523 524 525
3  156 275 416
3  275 154 416
3  275 274 475
3  274 154 526
3  318 351 329
3  351 132 329
3  82 84 477
3  84 80 477
3  310 208 359
3  208 162 359
3  208 310 309
3  195 47 370
3  479 313 527
3  528 491 529
3  240 428 484
3  481 466 530
3  483 363 485
3  363 164 485
3  483 161 531
3  161 240 531
3  532 479 533
3  492 479 493
3  414 507 534
3  393 535 536
3  219 129 488
3  129 128 488
3  497 528 529
3  532 437 422
3  362 159 293
3  159 132 293
3  468 314 410
3  314 408 410
3  519 537 538
3  434 537 435
3  482 489 539
3  537 434 432
3  469 406 470
3  406 431 433
3  208 368 444
3  368 47 444
3  446 386 285
3  278 446 285
3  378 377 379
3  349 380 379
3  376 501 449
3  501 95 449
3  130 514 175
3  514 230 175
3  173 225 294
3  225 224 294
3  279 291 201
3  290 201 540
3  398 451 387
3  451 224 285
3  504 270 331
3  374 388 389
3  451 285 387
3  285 386 387
3  399 439 394
3  371 506 541
3  224 452 542
3  452 320 542
3  500 331 333
3  440 439 456
3  319 321 394
3  320 399 321
3  382 202 391
3  290 319 382
3  355 354 543
3  178 261 373
3  134 517 518
3  374 134 544
3  374 544 411
3  222 303 545
3  392 546 375
3  546 374 375
3  270 135 547
3  135 134 509
3  335 287 289
3  287 258 288
3  336 197 463
3  197 460 463
3  396 462 548
3  396 548 397
3  548 462 397
3  462 251 397
3  397 384 272
3  271 397 272
3  385 136 272
3  135 270 549
3  271 270 457
3  270 504 457
3  463 512 513
3  512 504 513
3  300 266 118
3  266 178 118
3  492 550 551
3  425 515 552
3  418 276 419
3  441 468 405
3  153 84 99
3  323 365 553
3  385 517 136
3  517 134 136
3  385 357 459
3  238 459 554
3  314 315 327
3  315 165 327
3  315 314 316
3  316 314 555
3  414 276 521
3  414 274 276
3  274 526 475
3  526 154 475
3  208 370 478
3  370 47 478
3  241 149 309
3  149 195 309
3  556 557 558
3  559 557 556
3  310 560 561
3  533 527 562
3  161 485 242
3  485 164 242
3  59 218 60
3  218 58 60
3  480 560 313
3  560 310 313
3  219 354 563
3  354 436 563
3  414 564 507
3  414 417 564
3  565 497 566
3  567 568 569
3  493 479 422
3  492 422 495
3  293 292 424
3  292 132 424
3  476 405 433
3  468 152 570
3  409 160 410
3  160 152 410
3  491 528 571
3  406 365 572
3  405 476 432
3  434 441 432
3  153 469 499
3  469 152 499
3  377 446 379
3  446 330 379
3  123 286 201
3  286 279 201
3  503 332 511
3  332 331 511
3  331 500 505
3  500 504 505
3  510 331 455
3  456 455 573
3  387 377 574
3  377 335 574
3  355 506 575
3  392 535 393
3  486 506 487
3  506 576 487
3  454 453 458
3  454 319 394
3  320 290 542
3  290 224 542
3  453 506 458
3  506 355 458
3  261 227 203
3  227 226 203
3  354 261 543
3  202 383 577
3  354 488 373
3  488 178 373
3  361 413 544
3  361 317 413
3  374 303 508
3  303 302 508
3  413 412 544
3  412 317 544
3  159 578 579
3  303 578 580
3  374 546 581
3  546 392 388
3  392 375 582
3  375 302 582
3  535 371 541
3  439 392 394
3  564 421 507
3  436 506 486
3  576 371 487
3  576 506 371
3  289 583 502
3  500 333 584
3  462 463 461
3  463 460 461
3  251 471 415
3  471 237 415
3  397 415 585
3  357 384 395
3  557 481 530
3  363 483 369
3  466 110 369
3  467 322 552
3  481 490 586
3  537 432 438
3  406 469 407
3  469 153 407
3  459 357 554
3  357 238 554
3  537 519 435
3  314 435 520
3  587 537 491
3  525 588 589
3  314 520 555
3  155 165 316
3  276 524 419
3  590 275 591
3  241 311 561
3  311 310 561
3  494 569 566
3  479 532 422
3  313 312 527
3  479 492 480
3  532 563 437
3  563 436 437
3  219 563 562
3  563 532 533
3  592 561 283
3  322 425 552
3  421 564 567
3  421 567 569
3  468 570 405
3  570 152 405
3  365 364 572
3  482 364 366
3  378 379 447
3  379 380 447
3  201 291 540
3  291 290 540
3  202 201 391
3  201 290 391
3  332 503 333
3  398 503 511
3  503 387 333
3  583 500 593
3  439 399 455
3  331 510 511
3  506 356 575
3  356 355 575
3  506 453 541
3  535 541 536
3  355 382 458
3  382 319 458
3  261 383 543
3  383 355 543
3  383 261 577
3  261 202 577
3  317 411 594
3  317 159 411
3  361 544 518
3  544 134 518
3  578 159 580
3  303 580 545
3  578 303 579
3  159 579 595
3  270 388 596
3  270 596 597
3  270 547 598
3  547 135 598
3  135 509 389
3  509 374 389
3  546 388 581
3  388 374 581
3  371 535 372
3  535 392 582
3  507 599 486
3  507 421 599
3  463 513 337
3  513 500 337
3  593 500 584
3  289 500 583
3  384 415 395
3  415 237 395
3  135 549 272
3  549 270 272
3  415 384 585
3  384 397 585
3  280 426 110
3  426 108 110
3  600 551 498
3  482 481 586
3  480 281 561
3  560 480 561
3  600 490 556
3  484 428 369
3  483 531 484
3  531 240 484
3  561 281 283
3  282 492 283
3  558 369 429
3  490 559 556
3  537 438 601
3  438 489 601
3  515 110 467
3  602 417 566
3  365 407 553
3  407 153 465
3  204 81 205
3  81 425 205
3  520 519 603
3  316 472 473
3  419 523 565
3  523 528 497
3  538 528 604
3  605 519 538
3  275 156 443
3  156 155 443
3  520 603 555
3  474 316 473
3  276 418 521
3  418 417 521
3  310 358 313
3  358 239 313
3  592 428 561
3  428 241 561
3  281 480 282
3  480 492 282
3  563 533 562
3  479 527 606
3  527 312 562
3  312 219 562
3  556 492 551
3  600 556 551
3  422 437 423
3  437 421 423
3  494 550 495
3  550 492 495
3  568 567 602
3  551 550 496
3  405 352 470
3  352 152 470
3  539 431 607
3  431 406 607
3  365 323 366
3  323 482 366
3  455 399 511
3  399 398 511
3  507 371 534
3  371 414 534
3  535 582 372
3  582 302 372
3  541 453 536
3  453 393 536
3  411 544 594
3  544 317 594
3  580 159 545
3  159 222 545
3  579 303 595
3  303 159 595
3  596 388 440
3  388 392 440
3  596 456 573
3  596 440 456
3  135 388 598
3  388 270 598
3  599 421 486
3  421 436 486
3  593 387 502
3  583 593 502
3  466 369 530
3  369 557 530
3  490 481 559
3  481 557 559
3  490 489 586
3  489 482 586
3  572 364 539
3  364 482 539
3  323 553 324
3  553 516 324
3  568 602 566
3  481 482 467
3  98 465 99
3  465 153 99
3  407 465 553
3  465 516 553
3  603 519 605
3  603 605 588
3  524 523 419
3  417 419 565
3  524 276 525
3  276 275 525
3  417 565 566
3  523 497 565
3  525 590 588
3  587 528 538
3  527 533 606
3  533 479 606
3  567 564 602
3  564 417 602
3  494 422 569
3  422 421 569
3  405 470 433
3  470 406 433
3  455 331 573
3  331 270 573
3  387 574 502
3  574 335 502
3  333 387 584
3  387 593 584
3  557 369 558
3  428 592 429
3  492 556 283
3  592 283 429
3  431 539 438
3  539 489 438
3  406 572 607
3  572 539 607
3  323 322 467
3  515 467 552
3  516 205 324
3  205 425 324
3  566 550 608
3  569 568 566
3  490 600 498
3  551 496 498
3  596 573 597
3  573 270 597
3  283 556 429
3  556 558 429
3  522 490 498
3  491 522 498
3  528 587 571
3  587 491 571
3  525 275 609
3  603 590 591
3  316 555 472
3  555 603 472
3  537 587 538
3  528 610 604
3  590 603 588
3  528 523 610
3  550 566 496
3  566 497 496
3  489 491 601
3  491 537 601
3  550 494 608
3  494 566 608
3  275 590 609
3  590 525 609
3  472 591 611
3  472 603 591
3  443 442 473
3  442 155 473
3  491 498 529
3  498 497 529
3  591 275 611
3  275 472 611
3  605 538 589
3  588 605 589
3  610 523 589
3  523 525 589
3  610 589 604
3  589 538 604
