OFF
1178 2352 0
-0.612916 9.93187 -0.00182692
-1.76156 65.6078 125.243
-0.306603 9.94602 -0.000913895
8.91249 -4.43545 0.0265654
53.6568 -28.1808 112.293
8.7716 -4.70764 0.0261455
-27.0481 -120.681 336.686
-16.6037 -128.508 371.197
-38.5336 -120.51 362.568
28.0508 0 38.8929
15.9555 -0.875198 12.984
26.0526 0 34.5749
-130.739 -5.0794 435.896
-119.551 38.1804 435.896
-122.185 54.3603 435.896
97.542 25.5687 233.139
106.128 25.3838 263.344
110.958 0 250.41
112.907 35.9839 435.896
-123.747 -50.6972 435.896
35.6048 -123.25 435.896
-71.3006 17.0485 146.825
-72.9801 6.37893 146.825
-92.1576 8.65746 207.246
-1.22351 9.87532 -0.00364691
-0.918646 9.90829 -0.00273821
-1.5272 9.83298 -0.00455214
-7.94527 -5.99668 -0.0236824
-8.12627 -5.74929 -0.024222
-7.75673 -6.23838 -0.0231205
-8.46499 -5.23841 -0.0252316
-55.9326 -39.581 133.876
-60.7933 -38.927 142.51
41.5232 82.9887 207.246
46.3965 88.0371 228.824
40.5745 78.9856 194.3
6.93089 7.14377 0.0206589
44.7622 43.317 116.61
7.14772 6.92707 0.0213052
-56.187 -103.718 302.175
-56.2103 -114.53 366.882
-77.5197 -99.6036 345.316
30.4009 -58.6086 125.245
31.5259 -61.805 133.878
26.9611 -63.9982 133.878
-3.56096 -9.18694 -0.0106143
-2.42846 -9.6502 -0.00723853
-2.72465 -9.57088 -0.00812138
-3.309 -9.38509 -0.00986315
-24.4807 -66.6425 138.195
-3.59661 -9.27879 -0.0107204
-35.4615 -62.8891 142.51
-27.7999 -66.6155 142.51
91.6016 38.5092 228.824
87.8476 37.7525 215.878
97.8327 42.9094 254.715
-97.4563 -37.4486 435.896
-4.71023 8.76673 -0.0140398
-4.34993 8.73119 -0.0129661
-4.92879 8.5323 -0.0146914
-115.236 -69.8869 427.27
-117.937 -51.4599 366.883
-1.76109 -65.6078 125.243
4.97334 -67.2246 129.561
-2.02582 -67.4008 129.561
5.24129 -8.4603 0.0156227
4.16132 -9.03991 0.0124036
5.99998 -7.94088 0.0178841
-130.742 5.01838 435.896
-130.502 24.9177 401.391
17.0848 -67.435 133.878
2.12997 -9.72036 0.00634881
19.4218 -60.9653 120.927
87.2109 27.9931 202.931
88.8704 31.1843 211.562
-9.95628 -8.70406e-07 -0.0296766
-9.95156 -0.306434 -0.0296625
-73.0601 -4.45758 146.825
4.97812 8.6176 0.0148383
5.24129 8.4603 0.0156227
4.71023 8.76673 0.0140398
81.2289 -105.262 418.643
52.3933 -118.23 431.583
42.6439 -125.672 422.956
103.461 -66.052 332.372
99.713 -59.7264 297.859
112.784 -44.8412 319.431
56.336 34.8969 125.245
77.857 45.4666 198.615
57.6205 32.5556 125.245
5.99998 7.94088 0.0178841
6.47772 7.55666 0.0193081
-3.20296 5.54643 -0.00954938
0.918645 9.90829 0.00273821
-3.55853 7.14395 -0.0106086
0.612915 9.93187 0.00182692
-2.74952 118.747 306.489
-15.757 107.74 263.345
-26.6913 120.76 336.686
-131.279 -20.4086 401.391
-130.482 23.6543 397.077
-130.863 -21.4335 397.077
22.5662 -98.1147 233.139
47.9024 -106.851 289.235
31.2391 -108.884 280.603
5.84051 -91.3571 202.931
3.1085 -96.8762 220.193
2.60794 -70.8081 138.194
-3.44472 4.56072 -0.0102702
-3.91149 -4.5646 -0.0116615
-3.83081 4.75957 -0.011421
-5.97312 5.44324 -0.0178058
-6.36264 5.44905 -0.0189666
-6.19173 5.6423 -0.0184572
53.6956 -32.1318 116.611
55.3408 -29.0371 116.611
-3.44472 -4.56072 -0.0102702
-3.13171 -4.42333 -0.00933716
-43.4048 -125.441 435.896
-61.7053 -114.49 392.763
-87.0025 -38.4011 215.877
-82.8507 -38.3443 202.931
-85.9535 -43.787 220.192
9.09481 -114.052 284.918
9.06594 -120.943 319.431
-2.83171 -118.745 306.489
0.918647 -9.90829 0.00273822
0.612918 -9.93187 0.00182693
1.22351 -9.87532 0.00364691
-4.10002 -5.79031 -0.0122232
-3.52802 -5.69652 -0.0105183
-3.78754 -6.11532 -0.0112917
1.84309 -111.095 271.974
-7.82164 -104.071 246.084
-9.83845 1.52637 -0.0293254
-3.40373 6.33672 -0.0101476
9.57621 -2.72316 0.0285437
-3.1573 -4.76399 -0.00941342
58.7149 -15.8232 112.294
61.6451 -11.4682 116.611
61.4601 -19.2781 120.928
71.2512 -57.4061 202.931
68.2879 -58.7358 198.615
51.3172 -44.2077 129.561
18.011 -0.335014 17.3024
22.0414 -0.0726007 25.9387
20.0242 -0.233749 21.6205
76.5791 105.89 362.571
83.914 103.126 418.643
106.635 80.9533 410.017
-3.8808 9.1637 -0.0115675
-3.80388 8.98227 -0.0113385
-4.43788 8.90755 -0.013228
112.961 44.3953 319.431
99.8371 49.0592 271.974
106.006 48.318 297.86
60.6281 5.46827 112.294
59.8857 10.7885 112.294
61.6451 11.468 116.611
46.3422 49.6155 129.562
40.734 47.1901 116.61
-30.4793 57.5371 125.242
-35.4573 62.8915 142.51
-24.48 66.6428 138.195
-89.6266 76.8301 435.896
-42.2797 125.821 435.896
-52.4803 87.3997 237.454
-44.7298 78.3439 198.616
-54.2993 83.105 228.823
39.1408 113.93 310.805
22.8945 125.339 349.63
59.6115 117.028 375.511
-3.70148 87.263 189.984
-7.81092 92.5651 207.247
3.05807 96.8777 220.193
-116.041 -43.0802 328.061
-122.497 -10.6653 336.686
-116.022 43.1317 328.061
-122.546 10.091 336.686
118.469 54.3843 427.269
113.941 60.8927 435.896
-97.3187 9.38907 224.508
-94.5616 19.4767 220.193
-94.3181 12.1127 215.877
9.16722 -70.2139 138.194
14.9083 -91.554 207.247
-36.1303 58.3668 133.876
-6.78838 -4.2017 -0.0202356
-9.68515 -1.19865 -0.0288686
-9.7545 -0.300373 -0.0290753
34.8572 -56.0066 125.244
36.3393 -52.9496 120.927
76.3184 -36.282 181.352
58.7758 -30.2282 125.245
81.4162 -35.335 194.3
39.3714 -113.85 310.805
104.535 0 228.834
103.18 0 224.519
22.2524 -116.787 306.489
111.027 69.1592 388.45
117.154 46.0663 353.941
36.4325 -91.2631 224.509
46.4351 -88.0168 228.824
62.2769 -82.4229 241.77
21.8992 -125.515 349.63
-51.4307 -42.3466 129.558
-50.1583 -46.7589 133.876
-55.5198 -46.1585 142.51
10.4419 -101.42 237.454
-97.8968 -22.8368 233.139
-97.3182 -9.39413 224.508
-94.5773 -19.3987 220.193
-44.9427 -49.2838 129.559
-6.93089 -7.14377 -0.0206589
-62.851 -64.4264 198.615
-49.455 -52.6127 142.51
-42.7231 58.2105 142.51
-54.9404 79.4827 220.193
5.55143 -65.3894 125.243
55.4792 -24.5957 112.293
86.3741 25.9911 198.615
96.0637 0 202.941
59.8857 -10.7885 112.294
57.2077 -20.4558 112.294
9.48776 -3.01661 0.0282801
60.9811 -21.0299 120.928
71.6919 0 138.196
73.4413 0 142.513
64.0839 -116.264 379.825
57.3095 -118.166 375.511
123.649 -41.1068 435.896
116.532 -58.7863 392.763
104.502 -83.6981 410.017
111.637 -68.1707 388.45
2.42846 -9.6502 0.00723853
3.01827 -9.48248 0.00899655
43.5305 -52.1998 129.562
75.5161 -106.653 362.571
74.2627 -89.3738 293.546
104.795 77.5486 431.583
91.2575 89.2515 435.896
11.8362 132.926 431.583
-9.69036 132.726 405.704
47.3235 107.108 289.235
74.6462 89.054 293.546
81.6401 57.0246 228.824
71.2371 57.4235 202.931
79.7685 61.61 233.139
53.6957 32.1316 116.611
47.5868 40.4706 116.61
50.978 39.3463 120.928
7.75673 6.23837 0.0231205
53.4924 41.4158 129.561
51.3182 44.2066 129.561
8.7716 4.70765 0.0261455
53.6571 28.1801 112.293
8.91249 4.43544 0.0265654
7.94527 5.99668 0.0236824
8.62238 4.97539 0.0257007
-4.95317 4.80165 -0.0147662
-5.46415 4.68005 -0.0162891
-5.30707 5.14452 -0.0158209
0.306602 9.94602 0.000913892
34.6297 123.532 435.896
44.4567 125.047 422.956
1.58469 111.099 271.974
-5.30583 113.701 284.917
-91.9882 18.4871 211.561
-99.9174 88.524 431.583
-114.366 71.3049 427.27
82.2445 85.6601 306.489
78.1862 69.3146 246.085
86.8566 79.8901 302.175
-111.362 -19.2324 280.602
-102.564 7.29351 241.769
-114.053 0.412451 284.917
-106.724 14.048 259.029
-121.651 -2.97071 328.058
-114.053 -0.170703 284.917
-86.9124 2.75888 189.983
-130.818 4.42372 427.269
-98.0669 84.5438 435.896
-88.8434 95.5904 358.258
-101.487 59.5277 302.174
-103.85 73.2057 358.255
10.4209 -62.8558 120.926
-86.9126 -2.74917 189.983
-92.2775 4.33715 207.246
-37.545 55.2056 129.559
-5.49948 8.29497 -0.0163923
-60.7911 38.9305 142.51
-55.9323 39.5815 133.876
-8.46499 5.23841 -0.0252316
-9.7545 0.300373 -0.0290753
-9.68515 1.19865 -0.0288686
-6.78838 4.2017 -0.0202356
2.47564 -63.651 120.926
-3.55853 -7.14395 -0.0106086
0.306604 -9.94602 0.000913892
-3.41919 -7.42907 -0.0101931
56.3363 -66.8104 189.984
48.2338 -69.4237 181.352
46.3405 -49.6171 129.562
40.7332 -47.1908 116.61
44.7627 -43.3165 116.61
6.47772 -7.55666 0.0193081
7.94527 -5.99668 0.0236824
7.14772 -6.92706 0.0213052
97.2105 82.076 358.255
101.453 76.8522 362.569
117.187 32.6902 319.432
119.938 0 284.926
118.906 0 280.612
57.6205 -32.5558 125.245
56.3355 -34.8976 125.245
31.195 -93.0736 224.508
27.4509 -95.5785 228.824
35.925 -100.497 254.714
-72.9802 -6.37745 146.825
-71.3012 -17.0459 146.825
-92.1567 -8.66799 207.246
-9.88082 1.22283 -0.0294517
-9.72578 2.1288 -0.0289896
-9.59295 1.79228 -0.0285938
-91.975 -32.5008 224.507
-101.84 -26.8037 250.399
-95.922 -24.9375 228.823
-101.297 -7.66353 237.454
-101.294 7.69747 237.454
-42.7246 -58.2093 142.51
-44.791 -78.3089 198.616
-54.9674 -79.4639 220.193
-37.5444 -55.206 129.559
-36.1303 -58.3668 133.876
-83.1477 -51.6048 224.508
-96.2893 -54.5168 271.973
-97.5716 -50.1272 267.658
-39.1203 -112.531 310.803
-3.6904 -7.40851 -0.0110015
-0.612913 -9.93187 -0.00182691
-7.74928 -92.5704 207.247
-12.6998 -94.7341 215.878
-10.9052 -70.0925 138.194
-8.70226 -102.824 241.769
10.3481 -123.737 336.687
9.70572 -93.5934 211.562
-111.08 -67.5546 379.823
-101.781 -59.026 302.174
-103.843 -73.2149 358.255
-3.96356 7.37821 -0.0118157
-4.13969 7.16742 -0.0123408
-6.10703 6.29538 -0.0182045
-6.04304 6.62592 -0.0180136
-5.91016 6.48036 -0.0176177
-9.16879 -3.87867 -0.0273294
-9.48776 -3.01661 -0.0282801
-9.72577 -2.12881 -0.0289896
-3.95441 -4.91308 -0.0117894
-3.64432 -5.14704 -0.0108651
9.95156 0.306435 0.0296625
9.95156 -0.306431 0.0296625
4.97812 -8.61761 0.0148383
4.71024 -8.76673 0.0140398
60.7218 -25.643 125.244
59.8075 -27.9219 125.244
8.29956 -5.49646 0.0247385
8.12627 -5.74929 0.024222
58.5335 -22.3467 116.611
9.65557 -2.42713 0.0287803
9.9374 -0.612582 0.0296203
11.9565 -0.590075 4.34782
9.78676 1.82845 0.0291713
9.91381 0.918143 0.02955
9.9374 0.61258 0.0296203
9.88082 -1.22284 0.0294517
9.91381 -0.918146 0.02955
11.903 -1.17829 4.34766
60.6281 -5.46836 112.294
62.7191 0 116.611
58.993 -2.00845 107.977
60.8824 0 112.294
83.7186 40.3461 207.247
81.424 35.3171 194.3
9.48776 3.01661 0.0282801
58.715 15.8227 112.294
9.5762 2.72316 0.0285437
78.0076 -42.2315 194.3
115.654 0 267.668
116.764 0 271.983
106.111 -25.454 263.344
25.6718 -58.5831 120.927
64.3142 -70.6513 215.878
97.3914 -81.8615 358.255
86.9744 -79.7619 302.175
88.8878 -74.9086 293.546
116.199 59.4405 392.763
80.8787 96.8051 435.896
52.5588 118.157 431.583
56.7943 112.754 435.896
119.229 34.9867 336.687
132.697 0 353.947
132.113 0 349.634
99.8472 59.5004 297.859
89.0213 74.7501 293.546
9.28395 3.59464 0.0276726
9.04493 4.15903 0.0269602
9.16879 3.87867 0.0273294
68.3028 58.7185 198.615
55.4793 24.5956 112.293
58.5335 22.3468 116.611
9.65557 2.42713 0.0287803
60.9811 21.03 120.928
57.2077 20.4557 112.294
11.7564 2.05303 4.3472
9.72578 2.1288 0.0289896
11.6899 2.34165 4.34699
-111.346 19.3243 280.602
-112.373 17.2956 284.917
-3.56096 9.18694 -0.0106143
-3.46041 7.51857 -0.0103159
-3.86625 7.76123 -0.0115254
-64.9077 91.0281 276.288
-78.8401 79.9842 276.289
-56.1117 103.759 302.175
-58.7662 87.6856 250.399
-62.5168 100.998 306.489
-106.296 16.8117 259.029
-101.88 26.6494 250.399
-61.5068 114.597 392.763
-55.0956 115.071 366.882
65.8938 115.249 379.825
19.4214 60.9654 120.927
17.0854 67.4348 133.878
22.1392 65.8869 133.878
10.4218 62.8557 120.926
5.55156 65.3894 125.243
-18.5506 89.3571 202.93
-17.7209 68.7206 138.194
-28.1785 81.1277 185.668
-13.1128 128.897 371.197
-39.2336 120.283 362.568
9.71092 123.789 336.687
-32.4777 125.338 392.763
-9.88082 -1.22283 -0.0294517
-9.83845 -1.52637 -0.0293254
-101.947 -20.8489 246.084
-4.16132 -9.03991 -0.0124036
-3.8808 -9.1637 -0.0115675
-5.12557 7.2375 -0.015279
-5.22726 6.91912 -0.0155823
-5.58388 7.39072 -0.0166447
47.587 -40.4704 116.61
22.9166 -87.2196 198.615
-4.44183 -6.27273 -0.0132418
-4.63299 -6.13306 -0.0138116
-4.75794 -5.91081 -0.0141841
40.4765 -49.7881 120.927
33.6553 -52.2965 116.61
87.857 -37.7308 215.878
87.2152 -27.9797 202.931
77.8562 -45.4679 198.615
138.138 0 435.896
117.184 -32.7027 319.432
117.848 0 276.297
103.121 66.5836 332.372
121.04 48.58 427.269
125.195 36.5031 414.329
62.2777 82.4223 241.77
66.3591 78.7282 241.769
36.4246 91.2663 224.509
91.1382 -89.3738 435.896
57.1169 -112.589 435.896
-60.6359 -68.3735 202.932
-34.7762 -81.5878 194.3
-28.1979 -81.1208 185.668
-78.5908 -80.2281 276.289
-76.9232 -64.53 233.139
-73.995 -74.545 250.399
-65.2867 -51.1136 177.036
-74.1893 -50.6145 198.615
-8.04578 -5.69242 -0.0239822
-0.918642 -9.90829 -0.0027382
-64.797 -91.1064 276.288
-58.8879 -87.6036 250.399
-62.0889 -101.263 306.489
-43.5071 -53.0567 133.876
-6.47772 -7.55666 -0.0193081
-70.5294 -83.9975 267.658
-17.7231 -68.7201 138.194
-14.9701 -93.0417 211.562
-18.5771 -89.3515 202.93
-15.7004 -107.748 263.345
-25.467 -99.8507 241.769
10.9118 -133.006 431.583
-12.5559 -132.484 405.704
11.6261 -133.179 422.957
-3.84385 6.65555 -0.0114593
-3.99516 6.45035 -0.0119104
-7.56083 6.47415 -0.0225366
-7.75673 6.23837 -0.0231205
-51.4305 42.3469 129.558
43.5318 52.1988 129.562
-3.95441 4.91308 -0.0117894
-4.36048 5.0883 -0.0129997
-3.8152 5.38827 -0.0113744
-4.3911 -4.52747 -0.013091
-4.3911 4.52747 -0.013091
9.3903 -3.30719 0.0279896
9.28395 -3.59464 0.0276726
50.9775 -39.3469 120.928
53.0149 -36.4177 120.928
-3.21662 -5.19395 -0.00959018
7.35777 -6.70379 0.0219313
7.56084 -6.47415 0.0225366
-3.47345 -4.90581 -0.0103558
94.5751 0 198.625
86.3814 -25.9668 198.615
100.4 0 215.888
98.9765 0 211.572
9.16879 -3.87867 0.0273294
81.9388 0 164.096
83.5856 0 168.413
91.5351 0 189.994
22.0439 0 25.9387
20.0319 -0.116808 21.6206
20.0344 0 21.6206
9.95628 0 0.0296766
49.4952 -2.02773 86.3891
51.2861 -3.44236 90.7065
37.9599 0 60.4828
11.7564 -2.05303 4.3472
11.6899 -2.34166 4.34699
93.0654 0 194.309
85.214 0 172.729
58.4706 -7.47152 107.976
58.698 -5.79804 107.976
77.7242 48.383 202.931
81.6966 44.1992 207.247
50.3286 -79.448 211.562
35.8205 -59.3407 133.878
125.276 -36.2222 414.329
120.684 -49.458 427.269
37.8105 -83.1861 202.931
40.5937 -78.9758 194.3
48.9351 -46.9468 129.562
7.75673 -6.23837 0.0231205
22.6152 98.1035 233.139
14.9984 91.5394 207.247
10.514 101.412 237.454
12.5712 133.095 422.957
-77.2149 106.275 410.017
56.3591 66.7912 189.984
64.3773 70.594 215.878
82.6261 61.2891 241.77
96.6292 50.5037 263.344
78.0163 42.2155 194.3
76.314 36.2913 181.352
68.4442 52.007 185.668
7.35776 6.70379 0.0219313
-3.21662 5.19395 -0.00959018
-3.64432 5.14704 -0.0108651
83.6974 -40.3901 207.247
97.8435 -42.8847 254.715
81.713 -44.1689 207.247
7.56083 6.47415 0.0225366
9.39031 3.30719 0.0279896
55.3406 29.0375 116.611
8.29957 5.49646 0.0247385
8.46499 5.23841 0.0252316
89.9844 0 185.678
61.4597 19.2793 120.928
13.8522 1.57865 8.66559
51.0692 4.80561 90.7062
-43.5059 53.0577 133.876
-5.99998 7.94087 -0.0178841
-3.87267 8.41349 -0.011544
-3.99815 8.02577 -0.0119183
-83.1118 51.6628 224.508
-82.4127 63.4078 246.084
-76.9261 64.5267 233.139
4.97142 67.2247 129.561
-2.02691 67.4007 129.561
2.61003 70.8081 138.194
-70.5199 84.0053 267.658
-111.244 67.2846 379.823
-118.655 49.7876 366.883
-4.34961e-07 9.95074 -1.29706e-09
2.47575 63.651 120.926
3.59661 9.27879 0.0107204
3.309 9.38509 0.00986316
-9.12166 66.8278 129.561
-8.70801 102.824 241.769
-12.7207 94.7312 215.878
22.9181 87.2192 198.615
25.6714 58.5833 120.927
26.9625 63.9977 133.878
-14.9487 93.0452 211.562
-25.4633 99.8517 241.769
-12.8206 62.0663 120.925
8.66968 114.085 284.918
22.5957 116.721 306.489
-121.664 2.40971 328.058
-106.699 -14.2306 259.029
-98.2988 40.7526 254.714
-97.6286 50.0168 267.658
-65.1602 31.0208 142.51
-68.0865 27.2917 146.825
-82.8646 38.314 202.931
-91.9949 -18.4543 211.561
-91.823 -92.7392 358.258
-87.7903 -74.0036 289.231
-98.2368 -40.9027 254.714
-39.5725 112.374 310.803
-45.3775 98.9059 263.344
-77.7969 54.6242 215.877
-4.75794 5.91082 -0.0141841
-4.88157 6.0643 -0.0145525
-4.63299 6.13305 -0.0138116
-4.9378 5.76158 -0.0147202
22.141 -65.8863 133.878
68.4527 -51.9958 185.668
6.70748 -7.3537 0.019993
108.461 0 241.78
97.5368 -25.5884 233.139
107.176 0 237.465
36.3401 52.949 120.927
30.4014 58.6083 125.245
34.8569 56.0068 125.244
119.346 -34.5841 336.687
123.472 31.6635 362.569
136.307 0 388.453
-32.7244 -125.274 392.763
138.123 0 431.583
138.077 0 427.27
-4.04707 -6.5341 -0.0120651
3.59661 -9.27879 0.0107204
3.309 -9.38509 0.00986316
25.1787 -82.1861 185.668
-84.8066 -25.1587 194.299
-7.64198 5.06139 -0.0227792
-7.06527 5.6828 -0.0210604
-7.00096 5.28462 -0.0208689
-62.8301 64.447 198.615
-55.5198 46.1585 142.51
-61.9886 61.3254 189.984
-6.24181 7.75244 -0.018605
-6.47772 7.55665 -0.0193081
-61.3569 -76.4739 224.508
-7.56083 -6.47415 -0.0225366
-7.14772 -6.92707 -0.0213052
-69.7373 -60.6108 207.246
-45.2001 -98.9874 263.344
-37.6024 -87.5987 215.877
-80.3779 -103.92 410.017
-102.819 -85.1183 431.583
-98.779 -83.713 435.896
-103.138 -82.6163 392.764
-12.8213 -62.0661 120.925
-9.12158 -66.8278 129.561
5.49948 8.29497 0.0163923
4.43788 8.90755 0.013228
-3.49874 6.05834 -0.0104309
-3.52802 5.69652 -0.0105183
4.16131 9.03991 0.0124036
-7.21892 -5.80627 -0.0215182
-7.64198 -5.06139 -0.0227792
-7.00096 -5.28462 -0.0208689
-9.75913 -8.5317e-07 -0.0290891
-30.4797 -57.5369 125.242
24.0501 0 30.2568
22.0414 0.0726045 25.9387
24.0476 0.0386291 30.2568
11.9743 0 4.34788
11.9698 -0.295149 4.34786
9.72578 -2.1288 0.0289896
9.78676 -1.82845 0.0291713
51.0692 -4.80566 90.7062
15.89 -1.31287 12.9838
30.0442 0 43.211
9.04493 -4.15903 0.0269602
8.62238 -4.97539 0.0257007
-3.40373 -6.33672 -0.0101476
-5.75452 -5.24417 -0.0171544
-5.46415 -4.68005 -0.0162891
-5.30707 -5.14452 -0.0158209
15.9261 1.09403 12.9839
15.89 1.31288 12.9838
58.4706 7.47142 107.976
51.1866 4.12606 90.7063
15.9555 0.875195 12.984
13.8017 -1.84002 8.66541
76.8914 0 151.147
75.1746 0 146.83
86.8235 0 177.045
88.4137 0 181.361
78.5913 0 155.463
80.2739 0 159.78
49.543 1.52619 86.3891
43.8181 0.0807978 73.4362
41.876 0 69.1184
51.1866 -4.12615 90.7063
32.0323 0 47.529
88.8807 -31.1548 211.562
78.3029 -69.183 246.085
-5.66099 -5.48737 -0.0168756
107.507 59.671 435.896
123.515 41.5102 435.896
76.8488 49.8191 202.932
71.4291 54.9291 198.615
105.868 0 233.149
8.12627 5.7493 0.024222
58.7762 30.2274 125.245
13.9877 -0.263769 8.66606
13.9916 0 8.66607
16.0078 0 12.9843
13.9568 0.790869 8.66595
11.9565 0.590074 4.34782
11.9342 0.88453 4.34775
59.8078 27.9213 125.244
97.531 0 207.257
13.8017 1.84002 8.66541
9.83845 1.52637 0.0293254
-5.04897 6.68331 -0.0150511
-4.95462 6.99632 -0.0147697
-1.82945 9.78131 -0.00545306
-2.42846 9.6502 -0.00723853
-2.12997 9.72036 -0.00634881
-2.72465 9.57088 -0.00812139
-76.5367 100.366 345.316
-102.531 83.3723 392.764
-3.309 9.38509 -0.00986316
-3.01826 9.48248 -0.00899654
31.5153 108.804 280.603
-123.847 8.44337 345.313
-102.563 -7.31226 241.769
-113.124 -9.719 284.916
-68.0856 -27.294 146.825
-88.6716 20.847 202.93
-88.6748 -20.8332 202.93
-9.9374 0.61258 -0.0296203
-7.88481 5.57864 -0.0235026
-8.77159 4.70765 -0.0261455
-8.77159 -4.70765 -0.0261455
-8.91249 -4.43545 -0.0265654
-9.04493 -4.15903 -0.0269602
-65.1605 -31.0201 142.51
-9.36875 2.35511 -0.0279256
-6.82006 4.51745 -0.02033
-6.98845 5.62107 -0.0208315
-6.2981 6.10444 -0.018774
-6.86449 6.65287 -0.0204615
-6.09268 7.10794 -0.0181612
-6.65209 6.44722 -0.0198287
-6.11433 -4.32689 -0.0182268
-5.75246 8.12177 -0.0171464
-5.66099 5.48737 -0.0168756
-5.21468 5.37613 -0.0155455
-4.4302 8.24605 -0.0132058
-4.87777 7.8741 -0.01454
-4.83014 8.3617 -0.0143976
-3.57316 8.43797 -0.0106513
-4.59929 4.45876 -0.0137115
-4.11669 4.51486 -0.0122731
-4.81126 6.36888 -0.0143428
-4.78368 6.75513 -0.0142604
-4.10391 4.78905 -0.012235
6.24181 -7.75244 0.018605
6.93089 -7.14377 0.0206589
39.8339 -56.6395 133.878
66.4495 -78.6521 241.769
53.4913 -41.4172 129.561
76.8525 -49.8134 202.932
71.4236 -54.9363 198.615
116.82 -46.9122 353.941
104.33 -78.1756 431.583
138.002 0 422.957
96.702 -50.3643 263.344
99.7326 -49.2711 271.974
82.5217 -85.3932 306.489
1.18661e-07 -9.95074 3.53851e-10
1.82946 -9.78131 0.00545307
1.5272 -9.83298 0.00455215
2.72465 -9.57088 0.00812138
-5.32272 -6.2104 -0.0158672
-5.17941 -5.67967 -0.0154403
-5.13026 -5.98599 -0.0152937
-4.43788 -8.90755 -0.013228
-4.97812 -8.61761 -0.0148383
-4.87946 -8.44701 -0.0145445
-64.694 19.7516 133.874
-3.87267 -8.41349 -0.011544
-4.17403 -8.37849 -0.0124422
-4.10439 -70.7793 138.194
40.4768 49.7879 120.927
-3.96356 -7.37821 -0.0118157
-3.47345 4.90581 -0.0103558
2.42846 9.6502 0.00723852
35.8233 59.3391 133.878
39.8344 56.6392 133.878
1.5272 9.83298 0.00455214
3.8808 9.1637 0.0115675
2.12997 9.72036 0.00634881
-4.07802 -5.06658 -0.0121578
-4.38235 -4.80608 -0.0130649
-4.10391 -4.78905 -0.012235
8.46499 -5.2384 0.0252316
4.43788 -8.90755 0.013228
3.8808 -9.1637 0.0115675
-3.49625 -8.25653 -0.0104222
-3.6116 -8.52869 -0.0107658
11.8141 1.76277 4.34738
15.9947 -0.437576 12.9842
18.0194 -0.167457 17.3024
34.0146 0 51.8469
61.8744 -17.5653 120.928
51.5128 0 90.7068
49.6049 0 86.3893
51.5037 0.68971 90.7068
64.5424 0 120.928
49.5773 1.02001 86.3892
47.6661 0.649668 82.0716
51.3677 2.75615 90.7066
49.4952 2.02772 86.3891
51.2861 3.44245 90.7065
81.5662 -57.1302 228.824
79.7237 -61.668 233.139
59.4147 -69.5231 202.931
41.5304 -82.9851 207.246
109.722 0 246.095
112.17 0 254.724
11.863 1.47111 4.34753
11.9698 0.295154 4.34786
60.7221 25.6423 125.244
101.801 0 220.203
-4.45473 5.89722 -0.0132804
-5.13742 8.29282 -0.0153134
-5.4105 7.63946 -0.0161278
-27.7997 66.6156 142.51
-44.0982 93.1749 241.769
-61.3218 76.5022 224.508
-88.0789 73.6614 289.231
-92.2772 -4.3419 207.246
-34.7741 81.5887 194.3
-4.10476 70.7793 138.194
-10.908 70.0921 138.194
27.5004 95.5644 228.824
31.231 93.0616 224.508
26.5653 93.1248 220.193
9.16666 70.2139 138.194
48.936 46.9459 129.562
8.65885 120.973 319.431
-86.344 -45.7849 224.508
-112.337 -17.5287 284.917
-101.935 20.9095 246.084
-97.8996 22.8246 233.139
-84.8143 25.1321 194.299
-113.1 9.99175 284.916
-82.423 -63.3945 246.084
-4.97812 8.6176 -0.0148383
-74.2067 50.5888 198.615
-96.2307 54.6196 271.973
-49.456 52.6118 142.51
-9.16879 3.87867 -0.0273294
-8.33726 4.47478 -0.0248513
-8.50751 3.91217 -0.0253588
-4.23831 7.33804 -0.0126346
-5.99445 7.44554 -0.0178682
-6.05629 7.52227 -0.0180524
-5.55787 5.72971 -0.0165682
-5.17941 5.67967 -0.0154403
-6.64104 7.28093 -0.0197951
-6.65625 6.86099 -0.0198408
-8.91249 4.43544 -0.0265654
-9.48138 2.69623 -0.0282612
-9.20434 3.24176 -0.0274355
-4.55291 5.31273 -0.0135732
-5.9781 -4.51304 -0.0178208
-7.35777 6.70379 -0.0219313
-50.1568 46.7606 133.876
-4.77391 7.70661 -0.0142306
-4.53421 7.84988 -0.0135161
-4.56623 7.37162 -0.0136119
-4.80735 -4.38145 -0.0143316
-6.7581 4.78213 -0.0201453
-5.75452 5.24417 -0.0171544
-5.32273 6.2104 -0.0158672
-5.5152 6.43479 -0.0164407
5.49948 -8.29497 0.0163923
123.319 -32.2539 362.569
135.96 0 384.14
120.943 0 289.24
137.895 0 418.644
101.777 -76.4232 362.569
26.6184 -93.1098 220.193
-4.55291 -5.31273 -0.0135732
-4.03882 -5.34692 -0.0120409
-4.61275 -6.51393 -0.0137511
-4.78368 -6.75513 -0.0142604
-7.23101 -4.78944 -0.0215546
-9.5762 -2.72316 -0.0285437
-9.65557 -2.42713 -0.0287803
-64.694 -19.7515 133.874
-73.0598 4.46214 146.825
-9.78676 1.82845 -0.0291713
-9.5762 2.72316 -0.0285437
-9.65557 2.42713 -0.0287803
-9.91381 0.918144 -0.02955
-6.64103 -7.28093 -0.0197951
-7.07691 -6.85852 -0.0210943
-7.06623 -6.43844 -0.0210628
-6.70749 -7.3537 -0.019993
-43.995 -93.2239 241.769
-52.5735 -87.3434 237.454
-61.994 -61.3199 189.984
-3.69043 -87.2635 189.984
-4.98787 -113.715 284.917
6.24181 7.75244 0.018605
6.70748 7.3537 0.019993
33.6561 52.296 116.61
25.1919 82.1821 185.668
1.82945 9.78131 0.00545306
1.2235 9.87532 0.0036469
-4.189 -7.25273 -0.0124877
-4.5342 -7.84988 -0.0135161
-4.56623 -7.37162 -0.0136119
-4.88157 -6.0643 -0.0145525
-4.81126 -6.36888 -0.0143428
-5.22726 -6.91912 -0.0155823
-1.2235 -9.87532 -0.0036469
15.9261 -1.09402 12.9839
13.8948 -1.3166 8.66574
13.8522 -1.57865 8.66559
-3.01826 -9.48248 -0.00899654
-7.18637 -6.15384 -0.021421
-6.65209 -6.44722 -0.0198287
61.8745 17.5648 120.928
11.9342 -0.884531 4.34775
13.9568 -0.790877 8.66595
13.9297 -1.05396 8.66586
16.0045 -0.218784 12.9842
13.9761 -0.527437 8.66602
9.88082 1.22284 0.0294517
11.903 1.17829 4.34766
15.9784 0.656378 12.9841
13.9297 1.05396 8.66586
15.9947 0.437577 12.9842
9.83845 -1.52636 0.0293254
49.598 -0.510782 86.3892
49.5773 -1.02003 86.3892
47.6816 -0.325604 82.0716
51.4312 -2.06823 90.7067
51.4765 -1.37906 90.7068
58.993 2.00823 107.977
58.8778 3.95942 107.977
51.5037 -0.68967 90.7068
58.698 5.79773 107.976
68.1467 0 129.562
69.9269 0 133.879
113.971 -60.8359 435.896
118.31 -54.7292 427.269
80.1143 54.5811 220.193
113.356 0 259.039
114.518 0 263.354
53.0148 36.4178 120.928
-3.00904 4.85889 -0.00897145
18.0222 0 17.3024
16.0045 0.218785 12.9842
18.0194 0.167461 17.3024
13.9761 0.527435 8.66602
91.565 -38.5959 228.824
-4.16131 9.03991 -0.0124036
-3.59661 9.27879 -0.0107204
-9.95156 0.306434 -0.0296625
-106.33 -16.5891 259.029
-37.6465 87.5796 215.877
50.3475 79.436 211.562
59.3886 69.5453 202.931
48.2357 69.4224 181.352
-95.9286 24.9124 228.823
-7.07691 6.85852 -0.0210943
-86.3914 45.6962 224.508
-60.6198 68.3878 202.932
-85.9831 43.7285 220.192
-9.48776 3.01661 -0.0282801
-9.28395 3.59464 -0.0276726
-70.7408 -48.4367 185.668
-8.12627 5.74929 -0.024222
-7.70918 5.81868 -0.0229791
-70.7385 48.4401 185.668
-7.88481 -5.57864 -0.0235026
-5.13026 5.98599 -0.0152937
-6.41034 5.84135 -0.0191086
-6.21413 -4.69111 -0.0185242
-5.91301 -4.75666 -0.0176268
-5.24129 8.4603 -0.0156227
-6.41354 7.48187 -0.019117
-44.9444 49.2823 129.559
-6.70749 7.3537 -0.019993
-4.82584 7.79036 -0.0143853
-3.68852 8.71012 -0.0109949
-5.17163 -4.71328 -0.0154173
-4.91371 5.38849 -0.0146485
-4.78086 -5.24289 -0.0142526
-5.7638 5.94185 -0.0171818
5.75246 -8.12177 0.0171464
80.0946 -54.61 220.193
77.7057 -48.4127 202.931
80.7283 -96.93 435.896
127.216 0 319.438
128.002 0 323.752
-1.5272 -9.83298 -0.00455213
-4.34993 -8.73119 -0.0129661
-6.88682 -5.89757 -0.0205285
-5.90018 -6.88357 -0.0175877
-5.70768 -6.65918 -0.0170142
-8.62238 -4.97539 -0.0257007
-54.2884 -83.1121 228.823
5.75246 8.12178 0.0171464
3.01826 9.48248 0.00899654
2.72465 9.57088 0.00812138
-5.49948 -8.29498 -0.0163923
-5.24129 -8.4603 -0.0156227
15.9784 -0.656377 12.9841
13.9877 0.263774 8.66606
53.2466 -3.09668 95.0241
51.3677 -2.75613 90.7066
58.8778 -3.95963 107.977
49.543 -1.52613 86.3891
55.2885 0.561055 99.3418
57.1704 0 103.659
55.296 0 99.3418
35.9907 0 56.1649
43.8181 -0.0807899 73.4362
53.2466 3.09673 95.0241
53.3186 2.31057 95.0242
53.3696 1.5345 95.0243
66.3517 0 125.245
82.5709 -61.3634 241.77
133.251 0 358.26
137.759 0 414.331
137.592 0 410.018
13.8948 1.3166 8.66574
18.011 0.335013 17.3024
20.0242 0.233754 21.6205
17.997 -0.502753 17.3023
24.0476 -0.0386275 30.2568
-3.78754 6.11532 -0.0112917
-4.27092 6.03152 -0.0127325
-94.3148 -12.1371 215.877
-73.9249 74.6147 250.399
-87.0138 38.3757 215.877
-8.29957 5.49646 -0.0247385
-77.808 -54.6083 215.877
-65.2792 51.1232 177.036
-7.94527 5.99668 -0.0236824
-9.39031 3.30719 -0.0279896
-7.18637 6.15384 -0.021421
-7.68309 4.43389 -0.0229019
-7.23101 4.78944 -0.0215546
-5.90018 6.88356 -0.0175877
-6.4397 6.24155 -0.0191959
-6.7581 -4.78213 -0.0201453
-5.97312 -5.44324 -0.0178058
-4.47687 -8.33284 -0.0133448
-6.93089 7.14377 -0.0206589
-6.86223 7.07308 -0.0204544
-6.06663 4.88016 -0.0180846
-6.11433 4.32689 -0.0182268
-5.91301 4.75666 -0.0176268
-4.73424 -4.8811 -0.0141137
-4.95317 -4.80165 -0.0147662
-1.82946 -9.78131 -0.00545307
-2.12997 -9.72036 -0.0063488
-4.74535 -5.53716 -0.0141467
-6.4397 -6.24155 -0.0191959
-4.82584 -7.79036 -0.0143853
-5.40556 -7.15492 -0.0161135
-8.33726 -4.47478 -0.0248513
-9.28395 -3.59464 -0.0276726
31.5253 61.8053 133.878
11.863 -1.4711 4.34753
-5.75246 -8.12178 -0.0171464
-5.99998 -7.94088 -0.0178841
-4.95462 -6.99632 -0.0147697
11.8141 -1.76277 4.34738
55.2885 -0.561159 99.3418
53.3999 -0.765514 95.0243
47.6661 -0.649694 82.0716
53.3696 -1.53443 95.0243
53.3186 -2.3106 95.0242
49.598 0.510761 86.3892
51.4765 1.3792 90.7068
59.0327 0 107.977
47.6816 0.325635 82.0716
47.6868 0 82.0716
45.759 0 77.7539
43.8219 0 73.4362
51.4312 2.06817 90.7067
137.396 0 405.705
137.169 0 401.392
130.186 0 336.693
20.0319 0.116809 21.6206
17.997 0.502749 17.3023
-4.25472 6.86912 -0.0126838
5.80881 91.359 202.931
-69.755 60.5902 207.246
-7.14772 6.92707 -0.0213052
-8.62238 4.97539 -0.0257007
-7.68309 -4.43389 -0.0229019
-8.11003 -4.68004 -0.0241741
-6.58728 -5.64128 -0.019636
-9.9374 -0.612582 -0.0296203
-9.91381 -0.918146 -0.02955
-4.45473 -5.89722 -0.0132804
-4.9378 -5.76158 -0.0147202
-6.17997 7.67572 -0.0184208
-3.86058 5.11107 -0.0115097
-4.10002 5.79031 -0.0122232
-0.306604 -9.94602 -0.000913891
-6.24181 -7.75244 -0.018605
-5.5152 -6.4348 -0.0164407
-7.35777 -6.70379 -0.0219313
-9.11135 -3.20905 -0.0271584
-9.39031 -3.30719 -0.0279896
37.8869 83.1517 202.931
-4.30664 -6.95287 -0.0128385
-5.58147 -7.88062 -0.0166371
-6.05629 -7.52227 -0.0180524
-3.84234 -9.07299 -0.011453
39.9218 0 64.8006
45.7547 0.178427 77.7539
45.7547 -0.178461 77.7539
53.3999 0.765447 95.0243
123.797 0 302.183
124.693 0 306.497
-92.0042 32.419 224.507
-7.70735 104.079 246.084
-5.96973 6.15397 -0.0177954
-9.00815 3.48796 -0.0268508
-9.11135 3.20905 -0.0271584
-6.06663 -4.88016 -0.0180846
-9.00815 -3.48797 -0.0268508
-8.59708 -3.95331 -0.0256257
-5.77728 -6.33479 -0.0172218
-5.7638 -5.94185 -0.0171818
-6.21413 4.69111 -0.0185242
-6.10703 -6.29538 -0.0182045
-5.08548 -8.20908 -0.0151587
-8.29957 -5.49646 -0.0247385
-5.94053 -7.86229 -0.0177071
-4.71024 -8.76673 -0.0140398
53.41 0 95.0243
136.911 0 397.079
136.624 0 392.766
131.499 0 345.32
130.857 0 341.007
128.758 0 328.066
129.487 0 332.379
121.921 0 293.555
122.873 0 297.869
125.562 0 310.811
126.403 0 315.125
-9.04493 4.15903 -0.0269602
-8.11003 4.68004 -0.0241741
-9.78676 -1.82846 -0.0291713
-9.48138 -2.69622 -0.0282612
-9.20434 -3.24177 -0.0274355
-5.4105 -7.63946 -0.0161278
135.176 0 375.513
134.739 0 371.2
9.74546 93.5894 211.562
-6.22102 -7.25752 -0.0185435
135.583 0 379.827
134.273 0 366.887
133.777 0 362.574
-3.49874 -6.05834 -0.0104309
-5.23953 -7.39829 -0.0156185
-6.17997 -7.67572 -0.0184208
3  0 1 2
3  3 4 5
3  6 7 8
3  9 10 11
3  12 13 14
3  15 16 17
3  18 19 20
3  21 22 23
3  24 25 26
3  27 28 29
3  30 31 32
3  33 34 35
3  36 37 38
3  39 40 41
3  42 43 44
3  45 46 47
3  48 49 50
3  51 49 52
3  53 54 55
3  18 56 19
3  57 58 59
3  60 19 61
3  62 63 64
3  65 66 67
3  68 14 69
3  70 71 72
3  73 74 15
3  13 12 56
3  75 76 77
3  78 79 80
3  81 82 83
3  84 85 86
3  87 88 89
3  90 91 92
3  93 94 95
3  96 97 98
3  19 12 99
3  100 101 99
3  102 103 104
3  105 106 107
3  108 109 110
3  111 112 113
3  114 4 115
3  116 108 117
3  13 18 14
3  13 56 18
3  40 118 119
3  120 121 122
3  123 124 125
3  126 127 128
3  129 130 131
3  106 132 133
3  56 12 19
3  101 19 99
3  22 21 134
3  94 93 135
3  136 3 137
3  138 139 140
3  141 142 143
3  144 145 146
3  147 148 149
3  150 151 152
3  153 154 155
3  156 157 158
3  159 37 160
3  161 162 163
3  14 164 165
3  166 167 168
3  169 170 171
3  172 173 174
3  175 101 176
3  100 177 178
3  179 149 180
3  181 182 183
3  105 184 185
3  116 117 137
3  162 161 186
3  187 188 189
3  190 42 191
3  192 193 194
3  104 103 195
3  15 196 197
3  123 104 198
3  153 199 200
3  103 201 202
3  103 202 203
3  102 104 123
3  204 123 198
3  205 206 207
3  132 106 208
3  184 105 107
3  209 210 211
3  212 206 213
3  214 207 215
3  167 216 217
3  25 1 0
3  184 63 218
3  108 116 109
3  4 3 219
3  220 73 221
3  139 138 222
3  138 223 224
3  225 138 140
3  226 156 227
3  103 228 229
3  18 20 230
3  231 232 233
3  234 71 235
3  190 191 236
3  237 103 238
3  239 148 240
3  165 241 242
3  243 147 244
3  245 246 247
3  248 87 89
3  239 240 180
3  249 250 251
3  252 250 253
3  254 255 256
3  257 258 256
3  259 260 261
3  95 94 262
3  263 264 241
3  265 97 266
3  21 23 267
3  14 268 269
3  147 270 244
3  271 244 272
3  175 176 273
3  274 275 276
3  176 277 278
3  23 22 279
3  12 14 68
3  69 99 280
3  14 165 281
3  282 283 284
3  285 218 128
3  63 62 218
3  286 287 279
3  288 161 289
3  290 291 292
3  293 294 295
3  127 218 296
3  297 298 299
3  300 301 236
3  70 184 218
3  302 303 304
3  305 306 307
3  204 195 229
3  223 138 225
3  308 199 309
3  147 149 308
3  310 311 312
3  114 313 314
3  201 103 315
3  102 316 317
3  195 103 229
3  82 20 83
3  102 123 208
3  123 132 208
3  318 319 320
3  321 322 323
3  324 325 326
3  327 274 328
3  329 330 331
3  329 332 333
3  334 335 336
3  40 39 337
3  338 299 339
3  340 341 342
3  343 106 133
3  204 7 344
3  185 208 345
3  175 346 61
3  20 19 118
3  175 347 348
3  349 94 350
3  351 352 353
3  354 355 356
3  357 109 358
3  108 359 117
3  117 359 360
3  65 361 362
3  3 306 137
3  225 363 364
3  154 310 55
3  306 365 366
3  367 223 225
3  138 136 368
3  367 225 364
3  313 114 115
3  369 360 370
3  371 372 373
3  374 375 376
3  139 222 377
3  378 379 380
3  381 54 382
3  383 384 385
3  313 192 386
3  387 388 389
3  390 42 44
3  301 300 203
3  302 142 391
3  392 393 394
3  148 239 149
3  395 149 179
3  396 397 398
3  399 400 401
3  14 263 164
3  14 18 263
3  402 154 403
3  403 271 272
3  404 405 406
3  271 246 407
3  255 408 256
3  159 249 37
3  409 406 408
3  405 404 256
3  371 385 410
3  411 412 409
3  413 414 415
3  412 411 384
3  178 416 417
3  151 150 418
3  419 25 0
3  420 419 349
3  421 422 282
3  423 424 425
3  426 416 427
3  162 186 216
3  428 429 282
3  283 177 284
3  147 243 430
3  431 432 433
3  432 434 435
3  436 437 438
3  170 439 242
3  440 439 98
3  96 439 441
3  439 440 442
3  12 68 99
3  100 99 69
3  287 327 328
3  176 101 277
3  318 443 444
3  209 325 445
3  425 421 282
3  263 241 165
3  49 446 447
3  448 449 450
3  451 304 307
3  185 70 452
3  218 126 128
3  453 454 455
3  236 191 456
3  361 191 457
3  458 194 459
3  314 313 460
3  18 230 461
3  311 462 312
3  388 16 463
3  154 153 310
3  153 464 199
3  465 466 395
3  464 402 403
3  464 153 402
3  467 244 468
3  469 243 34
3  388 387 16
3  230 20 470
3  316 103 317
3  103 102 317
3  103 203 238
3  470 20 471
3  104 195 198
3  195 204 198
3  102 208 185
3  208 106 105
3  472 214 215
3  473 49 474
3  475 476 477
3  476 478 207
3  207 478 479
3  30 480 28
3  339 62 481
3  482 483 484
3  127 126 218
3  340 343 341
3  485 212 486
3  63 184 107
3  40 119 41
3  483 482 487
3  488 489 490
3  63 107 64
3  6 337 491
3  337 492 491
3  124 344 125
3  123 204 124
3  20 118 493
3  494 204 495
3  496 135 497
3  498 499 500
3  159 160 501
3  37 36 160
3  502 503 504
3  38 257 91
3  94 496 350
3  109 505 506
3  31 207 32
3  334 32 479
3  224 223 507
3  3 136 508
3  314 509 510
3  4 114 5
3  306 511 137
3  512 306 513
3  117 136 137
3  116 137 514
3  515 221 516
3  517 459 518
3  223 367 519
3  508 223 519
3  139 520 521
3  522 225 140
3  523 524 525
3  359 526 360
3  527 528 529
3  530 222 531
3  54 73 382
3  522 411 532
3  533 521 158
3  377 534 535
3  515 411 220
3  88 536 537
3  237 393 392
3  301 538 539
3  204 229 83
3  231 540 541
3  201 542 543
3  542 44 543
3  143 142 544
3  306 509 545
3  301 203 538
3  542 201 44
3  200 199 395
3  199 149 395
3  148 264 397
3  263 18 240
3  546 547 548
3  242 241 549
3  242 439 442
3  268 165 550
3  159 501 551
3  467 468 552
3  149 199 308
3  245 553 554
3  74 73 54
3  555 381 556
3  246 271 247
3  403 154 554
3  87 250 252
3  557 252 253
3  249 558 38
3  36 38 91
3  92 559 560
3  561 562 563
3  558 249 564
3  37 249 38
3  108 565 371
3  412 384 383
3  566 248 89
3  567 568 258
3  522 569 570
3  565 412 383
3  371 414 413
3  571 157 572
3  573 288 574
3  575 420 576
3  577 578 579
3  580 581 582
3  186 288 216
3  421 424 583
3  416 426 276
3  428 165 429
3  416 177 427
3  275 416 276
3  269 584 585
3  14 269 585
3  586 1 587
3  431 588 589
3  25 24 590
3  97 591 592
3  432 547 593
3  594 433 595
3  596 436 597
3  437 590 598
3  599 170 600
3  243 169 171
3  241 264 549
3  430 243 171
3  100 69 585
3  69 14 585
3  101 601 277
3  101 100 601
3  209 602 210
3  175 273 325
3  603 177 604
3  605 606 607
3  320 319 608
3  181 23 328
3  475 609 610
3  175 325 611
3  164 263 165
3  282 268 550
3  423 429 612
3  429 440 612
3  161 288 186
3  216 288 573
3  424 613 166
3  577 579 614
3  615 616 617
3  293 75 321
3  25 419 420
3  419 94 349
3  108 110 560
3  618 616 615
3  619 72 390
3  361 65 191
3  218 62 296
3  127 298 128
3  141 143 620
3  142 302 544
3  621 303 305
3  511 306 305
3  302 300 236
3  303 302 236
3  194 458 561
3  460 386 563
3  16 310 312
3  622 623 624
3  228 103 237
3  228 237 81
3  625 626 627
3  464 403 308
3  400 628 401
3  629 395 630
3  154 402 155
3  402 153 155
3  271 403 247
3  553 403 554
3  7 118 631
3  7 631 8
3  466 632 633
3  465 461 632
3  70 218 285
3  297 338 634
3  361 42 362
3  235 635 636
3  358 116 514
3  70 72 619
3  637 201 315
3  70 619 452
3  121 324 638
3  639 640 641
3  642 643 644
3  573 645 646
3  472 329 647
3  330 51 52
3  611 120 122
3  648 213 649
3  485 215 212
3  214 476 650
3  337 39 651
3  347 609 348
3  330 473 652
3  651 39 483
3  119 118 653
3  119 609 41
3  118 654 653
3  19 654 655
3  60 346 656
3  346 609 656
3  657 658 488
3  341 489 342
3  489 492 490
3  474 492 652
3  343 133 491
3  132 123 125
3  474 49 488
3  488 658 342
3  631 118 8
3  118 40 8
3  344 7 125
3  124 204 344
3  118 494 493
3  83 20 493
3  90 79 659
3  625 79 78
3  243 467 34
3  660 626 80
3  504 661 662
3  588 663 135
3  664 665 666
3  75 293 667
3  49 668 446
3  332 668 333
3  206 205 648
3  205 207 31
3  669 670 671
3  526 672 673
3  530 674 675
3  676 677 678
3  3 508 679
3  192 313 193
3  3 5 680
3  5 114 680
3  390 72 635
3  511 305 67
3  128 297 681
3  682 683 684
3  460 313 386
3  193 367 364
3  678 685 686
3  157 687 688
3  9 689 685
3  222 530 690
3  377 222 534
3  369 375 675
3  691 692 158
3  140 693 694
3  139 691 695
3  139 695 696
3  697 698 699
3  222 676 700
3  192 194 561
3  572 688 701
3  363 225 194
3  458 459 702
3  300 302 391
3  142 141 703
3  44 43 543
3  201 619 44
3  682 684 704
3  538 202 543
3  705 461 706
3  240 18 705
3  264 263 397
3  263 240 396
3  707 557 708
3  707 87 557
3  15 74 53
3  73 411 382
3  17 389 623
3  709 196 15
3  406 405 408
3  567 257 710
3  558 257 38
3  657 488 46
3  564 249 251
3  257 558 564
3  711 409 408
3  412 565 404
3  712 713 714
3  715 716 717
3  156 158 227
3  694 693 570
3  257 250 710
3  258 254 256
3  411 409 718
3  409 711 718
3  73 518 719
3  411 515 532
3  413 157 720
3  372 371 721
3  722 449 723
3  724 420 725
3  724 725 726
3  727 151 418
3  162 216 167
3  424 423 613
3  423 425 728
3  424 421 425
3  425 282 728
3  282 284 729
3  178 177 416
3  287 23 279
3  277 601 278
3  275 274 278
3  437 436 596
3  730 163 731
3  546 599 732
3  93 95 435
3  586 94 2
3  1 586 2
3  25 420 26
3  420 724 26
3  439 170 441
3  612 97 597
3  264 148 430
3  148 147 430
3  170 169 600
3  600 169 732
3  99 68 280
3  68 69 280
3  584 177 585
3  177 100 585
3  275 601 178
3  100 178 733
3  278 274 734
3  601 275 278
3  602 209 445
3  176 278 735
3  638 319 736
3  121 638 736
3  177 283 604
3  267 182 737
3  319 638 738
3  75 739 321
3  611 325 324
3  740 640 741
3  742 743 744
3  121 745 32
3  165 440 429
3  439 96 98
3  98 97 612
3  440 98 612
3  22 134 321
3  746 747 323
3  748 640 749
3  750 751 752
3  743 745 744
3  753 187 189
3  754 288 289
3  755 756 261
3  757 758 759
3  725 420 760
3  259 506 761
3  110 109 762
3  616 722 763
3  763 722 764
3  506 503 765
3  496 94 135
3  109 116 358
3  128 298 297
3  191 42 457
3  42 361 457
3  305 303 766
3  66 681 130
3  451 302 304
3  306 512 307
3  304 303 767
3  512 451 307
3  190 236 539
3  236 301 768
3  142 703 391
3  703 769 391
3  143 544 509
3  770 314 620
3  458 562 561
3  143 770 620
3  73 15 197
3  620 771 772
3  389 388 463
3  86 628 773
3  147 308 272
3  308 403 272
3  153 200 399
3  200 629 399
3  470 81 774
3  703 393 238
3  466 465 632
3  775 466 633
3  229 228 83
3  495 83 493
3  776 777 394
3  237 238 778
3  184 70 185
3  102 185 452
3  339 299 779
3  298 127 296
3  70 285 780
3  285 781 780
3  781 128 780
3  781 285 128
3  782 72 234
3  72 71 234
3  201 637 619
3  619 637 452
3  103 316 315
3  637 315 452
3  783 784 785
3  786 787 788
3  23 287 328
3  318 320 286
3  21 605 789
3  643 291 290
3  790 45 791
3  332 329 485
3  473 474 652
3  609 347 610
3  347 335 610
3  39 41 484
3  207 206 215
3  215 206 212
3  654 609 653
3  609 119 653
3  654 118 655
3  118 19 655
3  609 346 348
3  346 175 348
3  654 19 60
3  346 60 61
3  340 342 792
3  106 343 340
3  342 658 792
3  658 62 64
3  6 8 337
3  8 40 337
3  492 341 491
3  133 132 491
3  118 7 494
3  7 204 494
3  501 160 793
3  91 257 559
3  552 159 551
3  271 407 552
3  160 90 625
3  501 625 627
3  634 338 794
3  108 560 795
3  588 135 796
3  432 593 433
3  243 244 467
3  501 797 798
3  79 90 662
3  93 799 135
3  663 588 800
3  626 660 663
3  431 796 801
3  135 663 662
3  357 358 802
3  803 505 804
3  330 329 51
3  668 49 51
3  136 117 369
3  117 360 369
3  368 674 531
3  674 530 531
3  223 508 507
3  136 138 224
3  367 219 519
3  508 519 679
3  805 114 365
3  114 805 680
3  362 42 806
3  66 65 362
3  635 66 807
3  619 390 44
3  72 782 235
3  782 234 235
3  446 668 786
3  808 46 809
3  193 313 115
3  219 367 193
3  157 384 158
3  522 140 569
3  413 720 810
3  811 812 144
3  813 700 701
3  360 526 673
3  535 534 528
3  700 676 701
3  139 533 814
3  533 693 814
3  521 520 158
3  691 139 692
3  695 691 158
3  695 158 696
3  139 377 227
3  377 226 227
3  534 700 528
3  815 816 817
3  377 379 818
3  379 378 818
3  393 703 394
3  697 819 820
3  688 813 701
3  821 822 823
3  84 392 394
3  141 824 825
3  562 777 776
3  231 233 773
3  769 203 391
3  391 203 826
3  203 202 538
3  202 201 827
3  240 148 396
3  148 397 396
3  440 165 442
3  165 242 442
3  165 268 281
3  268 14 281
3  264 170 549
3  170 242 549
3  55 381 537
3  554 55 537
3  245 554 537
3  88 555 89
3  74 54 53
3  54 381 55
3  17 623 828
3  310 16 55
3  389 17 829
3  17 16 829
3  255 254 248
3  566 255 248
3  250 257 251
3  257 564 251
3  810 571 830
3  526 359 831
3  414 371 410
3  415 414 410
3  409 412 406
3  412 404 406
3  382 411 832
3  718 711 382
3  515 225 532
3  225 522 532
3  411 73 220
3  623 709 624
3  517 73 833
3  196 709 623
3  73 197 833
3  197 623 459
3  384 157 415
3  157 413 415
3  157 571 720
3  371 413 810
3  720 571 810
3  371 810 721
3  834 615 617
3  835 758 836
3  725 727 437
3  727 725 760
3  151 58 152
3  162 167 837
3  166 613 838
3  422 583 839
3  283 282 840
3  284 584 729
3  282 422 840
3  422 421 583
3  327 287 841
3  318 286 77
3  273 278 602
3  602 278 734
3  96 599 265
3  163 837 842
3  843 172 582
3  843 590 844
3  613 612 597
3  727 730 731
3  599 600 732
3  845 846 847
3  262 586 587
3  547 432 848
3  94 419 2
3  419 0 2
3  159 407 849
3  407 246 253
3  441 170 850
3  170 599 850
3  173 591 174
3  843 844 173
3  334 851 122
3  468 271 552
3  170 264 171
3  264 430 171
3  178 601 733
3  601 100 733
3  278 273 735
3  176 735 852
3  175 611 336
3  851 334 336
3  276 426 853
3  182 181 854
3  606 855 607
3  578 422 579
3  417 416 856
3  416 275 856
3  121 334 122
3  325 209 326
3  121 120 324
3  120 611 324
3  335 334 857
3  611 851 336
3  838 613 597
3  613 423 612
3  161 57 858
3  577 859 290
3  604 283 860
3  643 642 861
3  862 863 864
3  321 134 322
3  420 350 865
3  754 866 867
3  755 868 869
3  870 866 871
3  605 741 872
3  873 862 874
3  259 875 503
3  753 683 876
3  877 498 878
3  288 754 574
3  879 757 880
3  879 880 881
3  58 57 152
3  835 59 759
3  757 151 575
3  420 575 760
3  506 259 503
3  90 92 662
3  761 505 882
3  747 883 884
3  618 756 869
3  722 885 886
3  503 875 504
3  350 496 497
3  303 191 67
3  65 67 887
3  305 307 767
3  307 304 767
3  513 306 545
3  451 512 513
3  191 303 456
3  303 236 456
3  43 42 539
3  42 190 539
3  302 451 544
3  544 451 509
3  314 770 509
3  770 143 509
3  386 561 563
3  771 314 460
3  194 225 459
3  221 459 516
3  389 562 623
3  459 623 702
3  389 463 312
3  463 16 312
3  630 888 889
3  629 200 395
3  149 239 180
3  465 395 179
3  199 464 309
3  464 308 309
3  244 270 272
3  270 147 272
3  462 311 890
3  310 153 399
3  237 232 81
3  81 232 774
3  240 705 706
3  705 18 461
3  775 540 891
3  84 233 892
3  769 703 238
3  203 769 238
3  208 105 345
3  105 185 345
3  102 452 893
3  452 315 893
3  235 71 780
3  71 70 780
3  129 894 895
3  66 235 681
3  783 896 897
3  665 898 666
3  32 745 742
3  899 319 900
3  745 319 901
3  319 899 901
3  75 77 902
3  21 322 903
3  21 904 905
3  321 739 906
3  485 329 215
3  329 472 215
3  907 908 909
3  212 910 486
3  475 647 487
3  329 331 647
3  329 333 51
3  333 668 51
3  330 911 912
3  911 651 912
3  483 39 484
3  41 609 484
3  475 610 857
3  610 335 857
3  476 214 477
3  475 477 647
3  476 207 650
3  214 650 913
3  19 101 61
3  101 175 61
3  609 654 656
3  654 60 656
3  492 489 341
3  489 488 342
3  107 106 914
3  106 340 914
3  658 64 792
3  64 107 792
3  492 474 490
3  474 488 490
3  491 132 915
3  341 343 491
3  90 160 916
3  36 91 917
3  626 78 80
3  625 78 918
3  588 594 800
3  588 431 594
3  796 135 801
3  135 799 801
3  469 433 919
3  469 33 35
3  94 586 262
3  1 25 590
3  434 432 920
3  921 93 435
3  922 923 924
3  783 925 926
3  927 783 897
3  338 928 794
3  10 9 929
3  930 929 931
3  222 138 531
3  138 368 531
3  508 136 507
3  136 224 507
3  519 219 679
3  219 3 679
3  509 306 366
3  306 3 680
3  306 680 365
3  680 805 365
3  42 66 806
3  66 362 806
3  235 66 635
3  390 635 807
3  488 49 932
3  49 48 932
3  933 664 934
3  932 45 47
3  363 194 364
3  194 193 364
3  4 219 115
3  219 193 115
3  533 158 935
3  140 694 569
3  936 937 938
3  939 712 714
3  712 940 673
3  372 941 942
3  943 715 944
3  945 715 943
3  375 374 946
3  929 677 931
3  569 694 570
3  533 139 521
3  693 140 814
3  140 139 814
3  158 692 227
3  692 139 227
3  947 948 949
3  950 948 951
3  156 952 953
3  815 954 816
3  687 156 955
3  952 156 818
3  377 956 957
3  956 156 957
3  157 156 687
3  572 157 688
3  703 825 394
3  703 141 825
3  777 562 462
3  562 389 462
3  470 774 958
3  232 959 958
3  397 263 398
3  263 396 398
3  403 553 247
3  553 245 247
3  554 154 55
3  555 88 537
3  960 707 708
3  246 245 960
3  87 252 557
3  246 557 253
3  88 87 536
3  381 555 537
3  381 382 556
3  382 711 556
3  389 961 962
3  961 16 962
3  248 250 963
3  711 566 89
3  559 257 964
3  248 254 258
3  568 248 258
3  568 567 248
3  250 248 710
3  248 567 710
3  965 966 967
3  716 715 968
3  371 565 385
3  565 383 385
3  255 566 408
3  566 711 408
3  411 718 832
3  718 382 832
3  623 562 969
3  562 458 969
3  623 622 828
3  515 220 221
3  196 623 197
3  462 389 312
3  9 11 689
3  11 669 671
3  757 420 880
3  420 349 350
3  837 167 842
3  597 436 438
3  150 730 418
3  730 727 418
3  57 161 152
3  286 279 902
3  152 161 970
3  150 163 971
3  282 429 728
3  429 423 728
3  578 860 840
3  860 283 840
3  177 584 284
3  584 269 729
3  269 268 729
3  268 282 729
3  165 428 550
3  428 282 550
3  181 328 276
3  328 274 276
3  320 327 841
3  22 972 902
3  638 209 738
3  608 738 211
3  602 327 210
3  327 320 210
3  602 445 973
3  445 325 973
3  274 327 734
3  327 602 734
3  167 838 974
3  150 152 970
3  547 546 593
3  469 919 846
3  169 243 732
3  243 546 732
3  546 243 845
3  919 593 846
3  253 250 849
3  407 253 849
3  599 96 850
3  96 441 850
3  97 96 266
3  96 265 266
3  174 265 548
3  173 844 592
3  467 975 34
3  467 552 976
3  244 271 468
3  975 467 977
3  735 273 852
3  273 176 852
3  854 427 978
3  21 267 737
3  750 498 979
3  422 578 840
3  603 604 980
3  605 21 606
3  642 839 981
3  980 577 982
3  901 899 355
3  862 983 984
3  905 904 983
3  904 21 789
3  275 178 856
3  178 417 856
3  207 479 985
3  334 121 32
3  77 286 902
3  844 596 592
3  740 986 987
3  859 988 290
3  583 424 839
3  216 839 217
3  746 322 873
3  933 480 989
3  868 885 990
3  756 755 869
3  113 112 991
3  112 748 991
3  992 876 993
3  876 683 993
3  573 574 645
3  574 754 645
3  754 289 858
3  289 161 994
3  723 350 764
3  866 754 835
3  866 995 867
3  996 646 997
3  59 58 759
3  448 758 998
3  879 881 723
3  880 420 881
3  575 151 999
3  151 727 999
3  420 757 576
3  757 575 576
3  109 506 762
3  762 506 502
3  110 502 560
3  110 762 502
3  684 683 1000
3  683 753 260
3  618 875 1001
3  884 755 261
3  506 505 761
3  1002 684 1000
3  755 884 111
3  1003 868 749
3  834 875 615
3  875 618 615
3  303 67 766
3  67 305 766
3  67 191 1004
3  191 65 887
3  303 621 767
3  621 305 767
3  509 451 545
3  451 513 545
3  301 539 768
3  539 236 768
3  43 539 543
3  539 538 543
3  509 114 510
3  114 314 510
3  314 771 620
3  141 620 772
3  563 1005 1006
3  776 824 563
3  386 192 561
3  141 772 1005
3  228 81 83
3  471 82 1007
3  959 231 541
3  461 230 541
3  461 465 706
3  465 179 706
3  230 959 541
3  86 462 628
3  774 232 958
3  232 231 959
3  777 462 86
3  462 1008 1009
3  85 84 394
3  777 85 394
3  233 232 392
3  232 237 392
3  315 316 893
3  316 102 893
3  808 928 1010
3  794 790 923
3  1011 786 788
3  922 794 923
3  664 1012 934
3  1013 934 1014
3  745 743 742
3  742 30 1015
3  209 638 326
3  638 324 326
3  319 745 736
3  745 121 736
3  319 318 444
3  76 318 77
3  279 22 902
3  972 75 902
3  22 739 972
3  739 75 972
3  747 746 873
3  322 746 323
3  477 214 647
3  214 472 647
3  492 911 652
3  911 330 652
3  911 492 651
3  492 337 651
3  483 647 1016
3  651 483 912
3  334 476 857
3  476 475 857
3  650 207 913
3  207 214 913
3  107 914 792
3  914 340 792
3  160 91 916
3  91 90 916
3  91 160 917
3  160 36 917
3  79 625 659
3  625 90 1017
3  433 469 595
3  35 975 797
3  160 625 793
3  625 501 793
3  79 663 80
3  663 660 80
3  78 626 918
3  626 625 918
3  797 975 977
3  594 431 433
3  594 626 800
3  626 663 800
3  588 796 1018
3  431 1018 1019
3  432 801 920
3  432 431 801
3  95 262 587
3  434 921 435
3  848 432 435
3  580 1 581
3  434 799 921
3  799 93 921
3  137 511 514
3  511 358 514
3  235 780 681
3  780 128 681
3  49 473 52
3  473 330 52
3  222 690 931
3  370 940 937
3  365 114 366
3  114 509 366
3  635 72 636
3  72 235 636
3  66 42 807
3  42 390 807
3  928 338 339
3  45 790 809
3  48 447 45
3  668 1020 1021
3  668 332 1020
3  213 648 907
3  158 570 935
3  158 384 570
3  369 370 936
3  10 929 930
3  937 811 1022
3  811 940 939
3  939 940 712
3  965 939 714
3  713 672 1023
3  672 526 831
3  158 520 696
3  520 139 696
3  384 411 570
3  411 522 570
3  950 1024 1025
3  534 222 700
3  377 535 1026
3  535 528 1025
3  1024 535 1025
3  1027 950 1025
3  1028 1029 1030
3  378 952 818
3  952 1029 1028
3  700 813 1031
3  1032 1027 699
3  1033 953 1034
3  955 953 1033
3  953 952 1035
3  156 956 1036
3  956 377 1036
3  156 226 957
3  226 377 957
3  156 953 955
3  821 955 1033
3  677 929 678
3  929 9 678
3  688 687 823
3  688 823 1031
3  825 824 1037
3  824 776 1037
3  888 628 1038
3  466 1039 1040
3  233 84 86
3  85 777 86
3  203 300 826
3  300 391 826
3  16 15 55
3  15 53 55
3  246 960 708
3  557 246 708
3  87 707 536
3  707 960 536
3  16 961 829
3  961 389 829
3  16 387 962
3  387 389 962
3  555 556 89
3  556 711 89
3  408 405 256
3  257 567 258
3  250 87 963
3  87 248 963
3  966 945 967
3  685 689 1041
3  359 716 831
3  108 371 373
3  670 1042 1043
3  941 830 942
3  11 1044 1045
3  945 943 1042
3  385 384 410
3  384 415 410
3  518 459 719
3  73 517 518
3  197 459 833
3  459 517 833
3  942 1041 944
3  941 372 721
3  135 1046 497
3  497 1046 1047
3  885 722 990
3  449 722 886
3  881 350 723
3  866 835 836
3  575 999 760
3  999 727 760
3  24 26 590
3  26 724 590
3  838 597 974
3  167 166 838
3  181 276 854
3  854 276 853
3  287 286 841
3  286 320 841
3  320 608 211
3  608 319 738
3  738 209 211
3  210 320 1048
3  325 273 973
3  273 602 973
3  590 437 844
3  848 435 580
3  250 249 849
3  249 159 849
3  626 594 595
3  34 975 35
3  407 159 552
3  851 611 122
3  335 347 336
3  347 175 336
3  23 182 267
3  182 854 737
3  182 23 183
3  23 181 183
3  177 603 427
3  603 980 982
3  427 603 978
3  606 21 855
3  578 577 860
3  577 604 860
3  642 579 1049
3  579 422 1049
3  604 577 980
3  603 982 1050
3  996 573 646
3  291 986 1051
3  478 476 479
3  334 479 1052
3  643 859 1053
3  988 643 290
3  839 216 981
3  216 573 861
3  986 499 498
3  750 979 871
3  986 291 1054
3  605 290 741
3  217 839 168
3  167 217 168
3  605 1055 983
3  605 862 984
3  480 742 989
3  111 883 641
3  30 742 480
3  873 322 983
3  740 987 1056
3  987 986 1056
3  747 1057 1058
3  884 883 111
3  751 1059 752
3  1060 640 752
3  188 187 356
3  753 189 667
3  1061 682 1062
3  923 1063 788
3  996 1064 878
3  499 1054 500
3  994 161 858
3  289 994 858
3  58 151 759
3  57 59 858
3  758 835 759
3  151 757 759
3  1065 1064 870
3  979 1065 871
3  758 448 450
3  879 448 998
3  875 834 504
3  617 497 1047
3  92 560 662
3  562 776 563
3  747 884 1066
3  260 753 1067
3  260 884 261
3  884 260 1068
3  875 261 1001
3  875 259 261
3  261 756 1001
3  756 618 1001
3  803 894 1069
3  1069 1002 1070
3  722 616 990
3  616 618 990
3  868 111 113
3  868 755 111
3  661 135 662
3  504 1046 661
3  560 559 795
3  92 91 559
3  191 887 1004
3  887 67 1004
3  201 543 827
3  543 202 827
3  772 771 1005
3  460 563 1006
3  459 225 516
3  225 515 516
3  623 969 702
3  969 458 702
3  622 15 828
3  15 17 828
3  709 15 624
3  15 622 624
3  20 82 471
3  470 471 1007
3  494 495 493
3  495 204 83
3  632 540 633
3  540 775 633
3  240 706 180
3  706 179 180
3  540 632 541
3  632 461 541
3  959 230 958
3  230 470 958
3  825 1037 394
3  1037 776 394
3  233 392 892
3  392 84 892
3  238 393 778
3  393 237 778
3  922 634 794
3  338 297 299
3  62 658 481
3  46 1071 1072
3  684 1073 784
3  67 66 130
3  1012 1074 934
3  923 1075 1076
3  28 648 29
3  1063 1011 788
3  742 354 1077
3  745 1078 354
3  294 747 295
3  293 321 294
3  739 22 906
3  22 321 906
3  322 134 903
3  134 21 903
3  748 749 991
3  322 21 905
3  330 912 1016
3  912 483 1016
3  609 482 484
3  609 475 482
3  482 475 487
3  647 483 487
3  7 6 125
3  6 491 125
3  625 1017 659
3  1017 90 659
3  627 626 797
3  595 35 1079
3  433 593 919
3  546 845 847
3  588 1018 589
3  1018 431 589
3  1018 796 1019
3  796 431 1019
3  801 799 920
3  799 434 920
3  1 435 587
3  435 95 587
3  634 129 131
3  129 358 130
3  1073 684 1002
3  357 894 803
3  374 1080 946
3  375 936 376
3  49 447 50
3  447 48 50
3  928 658 1010
3  932 48 45
3  1020 332 1081
3  332 485 1082
3  923 927 1083
3  925 454 896
3  940 811 937
3  812 524 144
3  690 530 1084
3  370 937 936
3  670 669 523
3  11 10 1044
3  811 939 812
3  939 965 812
3  672 712 673
3  672 713 712
3  831 716 968
3  966 965 714
3  715 945 968
3  672 831 1023
3  570 693 935
3  693 533 935
3  528 700 1031
3  822 697 699
3  1085 379 1086
3  1087 948 1027
3  1029 379 1085
3  951 1088 1089
3  1090 1091 817
3  952 380 1092
3  813 688 1031
3  1027 527 699
3  948 1087 949
3  948 950 1027
3  951 948 947
3  1093 1094 1095
3  953 1035 1034
3  698 1096 699
3  156 1036 818
3  1036 377 818
3  821 1033 1097
3  1093 819 1090
3  687 955 823
3  955 821 823
3  676 678 701
3  678 572 701
3  1098 231 1099
3  395 1098 1099
3  231 773 888
3  233 86 773
3  311 310 890
3  628 462 1100
3  536 960 537
3  960 245 537
3  404 565 256
3  257 256 964
3  716 359 373
3  359 108 373
3  965 967 525
3  1101 670 523
3  669 145 523
3  145 1045 146
3  459 221 719
3  221 73 719
3  941 721 830
3  721 810 830
3  571 685 1041
3  689 11 1102
3  1023 831 968
3  689 943 944
3  572 678 686
3  678 9 685
3  497 617 1103
3  834 617 1047
3  350 881 865
3  881 420 865
3  449 448 723
3  448 879 723
3  590 726 598
3  590 724 726
3  726 725 598
3  725 437 598
3  438 163 842
3  163 162 837
3  163 437 731
3  437 727 731
3  163 730 971
3  730 150 971
3  161 163 970
3  163 150 970
3  210 1048 211
3  1048 320 211
3  843 173 172
3  848 582 1104
3  845 243 846
3  243 469 846
3  501 627 797
3  33 469 34
3  854 855 737
3  855 21 737
3  643 579 1105
3  579 642 1105
3  422 839 1049
3  839 642 1049
3  605 607 290
3  607 577 290
3  479 32 985
3  32 207 985
3  479 476 1052
3  476 334 1052
3  859 643 988
3  646 645 997
3  579 859 614
3  859 577 614
3  859 579 1053
3  579 643 1053
3  498 500 878
3  861 573 996
3  216 861 981
3  861 642 981
3  877 1106 498
3  1064 1106 878
3  1054 291 500
3  499 986 1054
3  839 424 168
3  424 166 168
3  290 1107 741
3  986 740 292
3  863 862 741
3  740 741 292
3  862 873 983
3  322 905 983
3  639 641 1058
3  747 873 1057
3  1064 645 870
3  498 1064 979
3  449 1059 751
3  640 1060 749
3  885 868 886
3  868 1003 886
3  1060 752 351
3  640 740 1056
3  741 640 639
3  449 886 353
3  986 498 1056
3  498 750 1056
3  30 32 1015
3  32 742 1015
3  354 1078 355
3  1108 1109 1077
3  443 188 356
3  189 75 667
3  1110 1061 1062
3  319 356 900
3  75 443 1111
3  318 1111 1112
3  188 443 189
3  443 75 189
3  454 925 455
3  664 1110 1012
3  505 803 1069
3  882 1069 1000
3  1113 634 453
3  784 1073 1114
3  995 645 1115
3  645 754 1115
3  59 835 858
3  835 754 858
3  498 1106 1064
3  500 643 878
3  645 995 870
3  995 866 870
3  449 751 450
3  751 866 450
3  758 757 998
3  757 879 998
3  663 79 662
3  560 502 1116
3  503 502 765
3  502 506 765
3  1046 504 1117
3  504 834 1117
3  1046 135 661
3  560 504 662
3  260 1067 1068
3  1067 747 1068
3  868 990 869
3  990 618 869
3  82 81 1007
3  81 470 1007
3  296 62 779
3  339 779 1118
3  1073 1113 455
3  681 297 634
3  1119 213 907
3  923 790 791
3  1120 927 1014
3  910 213 1119
3  664 933 989
3  933 648 480
3  206 648 1121
3  1121 648 649
3  205 31 27
3  480 648 28
3  356 1108 1122
3  1108 898 1109
3  355 1078 1123
3  745 901 355
3  747 294 323
3  294 321 323
3  747 1067 295
3  1067 293 295
3  904 789 983
3  789 605 983
3  647 331 1016
3  331 330 1016
3  132 125 915
3  125 491 915
3  35 797 1079
3  469 35 1124
3  1083 922 924
3  511 67 130
3  358 894 802
3  894 357 802
3  259 761 1000
3  357 803 804
3  634 922 1125
3  923 1083 924
3  10 930 938
3  931 1084 1080
3  928 808 794
3  46 45 809
3  485 486 1119
3  486 910 1119
3  927 897 1083
3  1076 1126 1127
3  1063 45 1011
3  1011 45 1128
3  930 931 1080
3  369 936 375
3  524 145 144
3  1044 10 1022
3  1044 1022 144
3  1022 811 144
3  940 370 673
3  370 360 673
3  966 714 1023
3  714 713 1023
3  823 822 529
3  1032 1087 1027
3  950 951 1089
3  535 1024 1026
3  1031 823 529
3  528 1031 529
3  1029 1085 1030
3  1088 1026 1089
3  380 379 1092
3  952 378 380
3  815 1086 954
3  379 1088 1086
3  529 822 1129
3  822 821 697
3  1094 1093 1090
3  820 1093 1130
3  1087 1131 949
3  954 947 816
3  1087 1032 1131
3  1032 1096 1131
3  952 1028 1132
3  1028 1030 1132
3  1091 819 1097
3  1034 1091 1097
3  1035 1091 1034
3  1033 1034 1097
3  395 466 1098
3  231 1098 1040
3  773 628 888
3  399 629 1038
3  629 630 889
3  630 231 888
3  1008 310 1009
3  310 399 1100
3  462 1133 1134
3  1133 310 1134
3  967 945 1042
3  1101 523 525
3  145 524 523
3  967 1101 525
3  145 669 1045
3  669 11 1045
3  671 670 1043
3  1102 11 671
3  1041 689 944
3  372 942 717
3  689 1102 943
3  943 1102 1042
3  945 966 968
3  966 1023 968
3  685 571 686
3  571 572 686
3  722 723 764
3  617 616 763
3  1046 1117 1047
3  1117 834 1047
3  437 596 844
3  591 173 592
3  172 174 582
3  848 580 582
3  435 1 580
3  581 843 582
3  437 163 438
3  842 167 974
3  426 427 853
3  427 854 853
3  607 855 1135
3  603 1135 978
3  1136 265 174
3  591 1136 174
3  591 97 1136
3  97 265 1136
3  846 593 847
3  593 546 847
3  552 551 976
3  551 467 976
3  643 1105 644
3  1105 642 644
3  577 607 982
3  982 607 1050
3  1051 986 292
3  291 1051 292
3  983 1055 984
3  1055 605 984
3  291 643 500
3  1106 877 878
3  640 1056 752
3  1056 750 752
3  351 752 352
3  749 351 1137
3  640 748 641
3  748 112 641
3  863 1057 864
3  1138 864 1139
3  356 187 1061
3  683 682 993
3  992 1140 1061
3  1141 1108 1142
3  318 76 1111
3  76 75 1111
3  898 1108 1061
3  1110 664 666
3  684 784 704
3  784 783 704
3  783 1143 1144
3  1143 1110 1144
3  1110 1074 1012
3  648 908 907
3  761 882 1000
3  882 505 1069
3  995 1115 867
3  1115 754 867
3  1064 1065 979
3  1065 870 871
3  866 751 871
3  751 750 871
3  758 450 836
3  450 866 836
3  884 1068 1066
3  747 1066 1145
3  256 565 964
3  565 108 964
3  563 824 1005
3  824 141 1005
3  658 928 481
3  928 339 481
3  299 298 779
3  298 296 779
3  1073 894 1113
3  634 1113 129
3  1110 1143 1146
3  783 927 1120
3  922 897 1125
3  897 922 1083
3  907 934 1013
3  910 212 213
3  1074 1146 1014
3  1147 788 1081
3  27 31 28
3  30 28 1148
3  745 354 744
3  354 742 744
3  1078 745 1123
3  745 355 1123
3  35 595 1124
3  595 469 1124
3  358 511 130
3  894 358 895
3  505 109 804
3  109 357 804
3  1113 453 455
3  784 1114 785
3  677 676 931
3  676 222 931
3  46 488 47
3  488 932 47
3  1010 658 1071
3  46 808 1010
3  787 1020 1081
3  1082 485 1119
3  790 794 809
3  794 808 809
3  1119 1149 1081
3  668 787 1150
3  45 447 1128
3  1011 1128 786
3  937 1022 938
3  1022 10 938
3  1084 530 675
3  674 368 675
3  1045 1044 146
3  1044 144 146
3  528 527 1025
3  527 1027 1025
3  1088 379 1026
3  379 377 1026
3  527 529 1129
3  1096 1032 699
3  1086 1088 954
3  1088 951 954
3  379 1029 1092
3  1029 952 1092
3  819 1093 820
3  698 820 1130
3  819 1091 1090
3  816 1090 817
3  1131 1095 949
3  1131 1096 1095
3  1095 1094 949
3  1094 947 949
3  1085 1086 1030
3  1132 1030 1151
3  1035 1132 817
3  1035 952 1132
3  819 697 1097
3  697 821 1097
3  1098 466 1040
3  540 1039 891
3  395 1152 1153
3  1152 231 1153
3  628 400 1038
3  400 399 1038
3  399 1154 1155
3  1154 628 1155
3  462 1156 1157
3  1156 310 1157
3  462 1158 1159
3  1158 310 1159
3  462 1160 1161
3  1160 310 1161
3  670 1101 1042
3  1101 967 1042
3  524 812 525
3  812 965 525
3  1042 1102 1043
3  1102 671 1043
3  942 830 1041
3  830 571 1041
3  716 373 717
3  373 372 717
3  350 497 1103
3  617 763 764
3  1 590 581
3  590 843 581
3  1135 855 978
3  855 854 978
3  607 1135 1050
3  1135 603 1050
3  596 597 592
3  597 97 592
3  174 548 1104
3  582 174 1104
3  645 1064 997
3  1064 996 997
3  741 1107 292
3  1107 290 292
3  741 862 1162
3  862 605 1162
3  643 861 878
3  861 996 878
3  1060 351 749
3  1003 749 1137
3  752 1059 352
3  886 351 353
3  741 639 1163
3  1163 639 1058
3  1057 1163 1058
3  112 111 641
3  862 864 1138
3  873 874 1139
3  992 187 876
3  187 753 876
3  187 992 1061
3  1110 666 1061
3  1108 356 1061
3  1109 742 1077
3  898 665 1109
3  665 742 1109
3  293 1067 667
3  1067 753 667
3  356 355 900
3  355 899 900
3  443 356 444
3  356 319 1164
3  354 1165 1166
3  356 1122 1165
3  1111 443 1112
3  443 318 1112
3  1140 682 1061
3  666 898 1061
3  1110 704 1144
3  704 783 1144
3  1069 894 1002
3  894 1073 1002
3  683 260 1000
3  260 259 1000
3  502 504 1116
3  504 560 1116
3  559 964 795
3  964 108 795
3  1066 1068 1145
3  1068 747 1145
3  1005 771 1006
3  771 460 1006
3  779 62 1118
3  62 339 1118
3  1113 894 129
3  358 129 895
3  1146 1143 1014
3  1143 783 1120
3  925 896 926
3  896 783 926
3  634 896 453
3  896 454 453
3  897 896 1125
3  896 634 1125
3  45 1063 791
3  1063 923 791
3  1143 1120 1014
3  1013 1014 1076
3  213 206 649
3  206 1121 649
3  1126 1076 1167
3  1074 1110 1146
3  908 648 909
3  648 933 909
3  742 665 989
3  665 664 989
3  648 205 29
3  205 27 29
3  28 31 1148
3  31 30 1148
3  797 626 1079
3  626 595 1079
3  467 551 977
3  551 501 977
3  1114 925 785
3  925 783 785
3  925 1114 455
3  1114 1073 455
3  1080 1084 946
3  931 690 1084
3  657 46 1072
3  46 1010 1071
3  1128 447 786
3  447 446 786
3  1020 787 1021
3  787 668 1021
3  936 938 376
3  938 930 376
3  1026 1024 1089
3  1024 950 1089
3  1129 822 699
3  527 1129 699
3  951 947 954
3  947 1094 816
3  1096 698 1130
3  698 697 820
3  1094 1090 816
3  1091 1035 817
3  1030 1086 1151
3  1086 815 1151
3  1132 1151 817
3  1151 815 817
3  1039 466 891
3  466 775 891
3  1039 540 1040
3  540 231 1040
3  231 1152 1099
3  1152 395 1099
3  231 630 1153
3  630 395 1153
3  629 1168 1169
3  1168 888 1169
3  628 1154 401
3  1154 399 401
3  628 1100 1155
3  1100 399 1155
3  310 1156 1009
3  1156 462 1009
3  310 1100 1157
3  1100 462 1157
3  310 1158 890
3  1158 462 890
3  310 1133 1159
3  1133 462 1159
3  310 1160 1134
3  1160 462 1134
3  310 1008 1161
3  1008 462 1161
3  715 717 944
3  717 942 944
3  617 764 1103
3  764 350 1103
3  597 438 974
3  438 842 974
3  265 599 548
3  599 546 548
3  547 1104 1170
3  547 848 1104
3  741 1162 872
3  1162 605 872
3  749 868 991
3  868 113 991
3  351 886 1137
3  886 1003 1137
3  352 1059 353
3  1059 449 353
3  1057 863 1163
3  863 741 1163
3  862 1138 874
3  874 1138 1139
3  864 1057 1139
3  1057 873 1139
3  682 1140 993
3  1140 992 993
3  356 1164 444
3  1164 319 444
3  1122 1108 1141
3  354 1141 1142
3  1165 1122 1166
3  354 356 1165
3  1002 1000 1070
3  1000 1069 1070
3  1149 1126 1081
3  923 1147 1075
3  788 787 1081
3  1126 1149 1127
3  907 1013 1171
3  934 1074 1014
3  933 934 909
3  934 907 909
3  797 977 798
3  977 501 798
3  368 136 675
3  136 369 675
3  1071 658 1072
3  658 657 1072
3  787 786 1150
3  786 668 1150
3  374 376 1080
3  376 930 1080
3  1093 1095 1130
3  1095 1096 1130
3  629 889 1172
3  889 888 1172
3  629 1173 1174
3  1173 888 1174
3  1104 548 1170
3  548 547 1170
3  641 883 1058
3  883 747 1058
3  682 704 1062
3  704 1110 1062
3  1108 1077 1142
3  1077 354 1142
3  1122 1141 1166
3  1141 354 1166
3  130 681 1175
3  681 634 131
3  1126 1147 1081
3  1147 923 788
3  1076 1075 1176
3  1013 1076 1127
3  1149 1119 1177
3  1119 907 1177
3  1084 675 946
3  675 375 946
3  1014 927 1076
3  927 923 1076
3  1149 1177 1127
3  1177 907 1127
3  888 1168 1172
3  1168 629 1172
3  888 1173 1169
3  1173 629 1169
3  888 1038 1174
3  1038 629 1174
3  681 131 1175
3  131 130 1175
3  332 1082 1081
3  1082 1119 1081
3  1075 1147 1176
3  1076 1176 1167
3  1013 1127 1171
3  1127 907 1171
3  1176 1147 1167
3  1147 1126 1167
