OFF
471 938 0
48.8136 -251.426 225.127
-21.9486 -143.8 108.462
6.54728 -140.022 104.128
93.0533 302.982 298.429
23.2789 152.528 108.537
-46.3816 331.363 298.511
166.273 -41.0788 121.539
248.491 -232.403 302.833
115.726 -76.7181 104.12
129.865 18.2736 95.4706
9.93055 0.612576 -0.0232679
-0.612485 -9.93187 0.00143512
-298.161 34.3694 294.065
-257.498 -31.0184 203.696
-296.568 -92.4516 328.456
9.16248 -3.87866 -0.0214683
9.03871 -4.159 -0.0211783
44.6318 -215.364 435.896
-258.74 115.648 435.896
9.46214 -265.422 435.896
-309.662 20.1417 392.91
-145.182 269.313 431.597
-262.105 210.292 384.357
-258.959 192.58 418.708
-253.279 144.695 435.896
47.3998 295.331 435.896
-168.04 247.921 435.896
6.32315 4.19019 -0.0148166
6.96643 -3.46915 -0.0163237
6.11417 -3.78598 -0.014327
-244.66 -75.1508 212.245
-187.076 -145.246 190.663
-185.017 -170.103 216.514
250.601 204.884 375.745
200.004 244.768 431.598
292.948 143.056 418.709
254.979 117.459 435.896
333.697 4.57116 431.601
190.965 -196.619 435.896
109.693 -234.666 435.896
-261.233 141.514 289.749
-246.686 47.6144 212.224
155.315 -281.301 328.495
-112.517 -280.594 324.135
-48.1504 -277.517 289.68
-33.0874 -339.219 427.307
-103.75 -63.616 95.3945
-147.477 13.9776 104.19
-148.378 91.0673 130.139
-9.03871 4.15901 0.0211783
140.042 -297.508 397.232
-185.127 185.743 250.922
-58.3151 135.817 99.9096
-15.4676 341.837 328.572
273.588 32.7551 435.896
303.449 -140.539 435.896
-227.974 108.177 220.812
-16.2028 339.499 384.367
0.708153 300.246 435.896
-91.3938 216.119 190.65
263.299 -60.5078 259.559
-7.14281 -6.92704 0.0167361
-7.35272 -6.70376 0.0172279
62.3967 -125.6 104.122
65.9664 -216.015 194.894
8.76557 -4.70763 -0.0205383
8.90636 -4.43543 -0.0208682
-150.803 231.768 272.481
-146.928 171.505 199.187
183.706 176.795 195.089
76.8351 301.307 414.404
231.103 -256.148 423.015
24.2476 -314.786 435.896
-161.709 -275.896 367.145
-9.87401 1.22282 0.0231354
3.2059 4.24546 -0.00751299
2.88408 -4.35267 -0.00675892
9.0387 4.15901 -0.0211783
8.45917 5.23839 -0.0198204
8.90636 4.43542 -0.0208682
345.696 69.6114 324.326
246.959 177.726 319.839
324.283 -51.165 418.711
132.777 -167.321 177.632
-9.38384 -3.30718 0.021987
-9.48123 -3.01659 0.0222151
-289.143 -112.752 392.911
-209.116 74.0384 435.896
-230.524 -237.57 427.304
-303.833 55.0391 362.821
-104.553 -195.018 190.564
-8.29387 -5.49644 0.0194331
-8.45917 -5.23839 0.0198204
-9.94471 -0.306434 0.0233011
-9.94943 -8.69807e-07 0.0233122
-9.94471 0.306434 0.0233011
-9.03871 -4.15901 0.0211783
-23.3922 314.337 418.703
204.387 175.7 435.896
130.951 283.502 337.054
135.787 65.3232 108.508
-3.0162 9.48248 0.00706717
-1.82821 9.78131 0.0042836
-4.43484 8.90754 0.0103911
-3.87815 9.16369 0.00908677
-4.15847 9.03989 0.00974359
-110.856 98.4408 108.485
67.2491 129.024 104.17
3.59415 9.27878 -0.00842135
-2.12852 9.72036 0.00498726
-6.23754 7.75242 0.014615
-6.47329 7.55663 0.0151673
5.23673 -4.48685 -0.0122713
4.31392 -4.7324 -0.0101092
4.73847 4.59499 -0.0111039
5.4023 7.15457 -0.0126586
4.73405 7.14509 -0.011093
4.89727 7.39148 -0.0114753
-9.27756 -3.59462 0.0217379
-8.61646 -4.97537 0.0201889
-9.64892 2.42712 0.022608
-9.56961 2.72315 0.0224222
83.7837 117.672 104.164
123.012 74.9103 104.165
8.29387 -5.49644 -0.0194331
29.9809 -290.292 311.215
-48.0557 -128.238 104.098
-60.2819 -170.077 143.056
-5.99587 7.94086 0.0140487
-3.30673 -9.38508 0.00774785
-3.59414 -9.27879 0.00842136
-116.082 -217.929 229.362
-303.218 25.8761 427.298
-215.784 -170.921 435.896
-248.057 -126.481 435.896
-5.74853 8.12175 0.0134692
-8.1207 5.74926 0.0190273
-8.45917 5.23839 0.0198204
-8.29387 5.49644 0.0194331
5.34904 5.51681 -0.0125343
5.60567 5.11064 -0.0131356
4.64574 5.09645 -0.0108866
-95.9494 -99.1941 108.405
-134.306 -197.084 212.137
-7.75141 -6.23835 0.018162
-7.93981 -5.99666 0.0186035
-8.1207 -5.74926 0.0190273
-9.16248 -3.87865 0.0214683
-8.90636 4.43543 0.0208682
338.635 43.4843 405.835
-1.22267 9.87532 0.00286479
-0.918019 9.90829 0.00215099
-7.75141 6.23835 0.018162
-7.93981 5.99666 0.0186035
-9.83168 1.52636 0.0230363
-9.78002 1.82844 0.0229152
-9.48123 3.01659 0.0222151
-9.38384 3.30718 0.021987
-9.27756 3.59462 0.0217379
0.918018 9.90829 -0.00215099
1.22267 9.87532 -0.00286479
3.0162 9.48248 -0.00706717
4.28765 7.98549 -0.0100468
2.72279 9.57087 -0.00637969
4.51191 5.97518 -0.0105729
4.5507 5.31194 -0.0106639
4.38498 5.44958 -0.0102756
4.30438 6.95243 -0.0100864
1.52616 9.83298 -0.00357591
2.12851 9.72036 -0.00498726
6.10567 6.69834 -0.0143066
6.98876 6.37185 -0.0163755
6.91597 6.30547 -0.016205
4.78107 6.75464 -0.0112033
5.00252 6.21718 -0.0117223
3.30675 9.38508 -0.00774794
6.5249 -4.92781 -0.0152892
5.86996 -5.69239 -0.0137547
6.13185 -4.63092 -0.0143684
-3.87814 -9.1637 0.00908676
3.1117 -5.02579 -0.00729223
-5.74851 -8.12176 0.0134691
4.45994 -7.20374 -0.0104508
4.58074 -7.93497 -0.0107335
4.33451 -7.50833 -0.0101568
0.3064 -9.94602 -0.000717972
-0.918022 -9.90829 0.00215097
-1.52615 -9.83298 0.00357584
-8.76557 -4.70763 0.0205383
-8.90636 -4.43543 0.0208682
-9.56961 -2.72315 0.0224222
3.69426 -6.39911 -0.00865703
3.02991 -6.08526 -0.00710042
3.40226 6.33625 -0.00797283
3.5465 6.14313 -0.00831084
3.34949 5.80184 -0.00784929
3.38401 -4.48132 -0.00793033
3.14653 -4.16684 -0.00737388
3.68186 -6.85706 -0.00862785
8.12069 -5.74928 -0.0190273
-289.248 8.69768 431.595
-254.731 -164.35 431.596
-8.76557 4.70762 0.0205383
-7.35272 6.70376 0.0172279
0.306392 9.94602 -0.000717903
0.612499 9.93187 -0.00143512
-8.61646 4.97537 0.0201889
5.23674 4.48685 -0.0122713
6.0631 4.87935 -0.0142073
6.47328 7.55663 -0.0151673
6.23753 7.75242 -0.014615
-9.71908 2.12879 0.0227724
-4.70701 8.76672 0.0110289
-4.97472 8.61759 0.0116561
-2.72279 9.57087 0.00637969
-1.52616 9.83298 0.00357591
-0.6125 9.93187 0.00143512
5.99587 7.94086 -0.0140487
5.74852 8.12176 -0.0134692
9.87401 1.22283 -0.0231354
9.83168 1.52636 -0.0230363
9.71908 2.12879 -0.0227724
6.70288 -7.35369 -0.0157053
5.97464 -4.51217 -0.0140001
6.19113 -4.38295 -0.0145073
-5.99587 -7.94086 0.0140487
-7.55565 -6.47412 0.0177034
-9.64892 -2.42712 0.022608
3.37099 -5.44462 -0.00789973
3.75665 -5.30715 -0.00880341
-9.87401 -1.22282 0.0231354
-9.71908 -2.12879 0.0227724
-9.78002 -1.82844 0.0229152
-9.83168 -1.52636 0.0230363
-99.5981 -292.721 431.597
-137.905 -228.181 435.896
-9.93055 0.612577 0.0232679
-9.93055 -0.612578 0.0232679
3.9414 6.36605 -0.00923607
4.29878 6.48803 -0.0100734
-7.14281 6.92704 0.0167361
-5.2377 8.46028 0.0122723
6.5249 4.92781 -0.0152892
6.86793 4.25281 -0.0160929
7.7514 -6.23836 -0.018162
7.93982 -5.99665 -0.0186035
3.46898 6.96721 -0.008129
9.56961 2.72314 -0.0224222
9.16248 3.87865 -0.0214683
-5.49572 8.29496 0.0128769
-3.30675 9.38508 0.00774795
-3.59415 9.27878 0.00842135
-2.42681 9.65019 0.00568619
-159.296 -188.307 220.775
5.65781 5.48663 -0.0132577
6.01139 5.82957 -0.014086
9.78002 -1.82844 -0.0229152
9.64892 -2.42712 -0.0226081
9.90698 -0.918133 -0.0232127
9.90698 0.918137 -0.0232127
8.29387 5.49644 -0.0194331
7.52119 6.05302 -0.0176229
7.75141 6.23835 -0.0181621
8.45918 -5.23838 -0.0198204
3.87814 -9.16369 -0.00908676
4.15848 -9.03989 -0.00974361
7.52119 -6.05302 -0.0176229
6.98876 -6.37185 -0.0163755
6.95724 -5.96126 -0.0163018
-0.3064 -9.94602 0.000717972
-6.47329 -7.55662 0.0151674
-6.70289 -7.35368 0.0157053
-6.23752 -7.75243 0.0146149
-6.92613 -7.14375 0.0162284
3.80909 -5.74886 -0.00892621
3.16926 -5.90225 -0.00742697
4.42252 -5.1623 -0.0103636
4.039 -6.99639 -0.0094646
7.62168 -4.71964 -0.0178587
7.84822 -3.90835 -0.0183895
4.67887 -5.46158 -0.0109642
-9.90698 0.918136 0.0232127
4.45759 4.59729 -0.0104458
3.20173 5.54587 -0.00750311
3.11169 5.02579 -0.0072922
3.59575 6.22846 -0.00842622
-6.92613 7.14375 0.0162284
-6.70289 7.35368 0.0157053
3.37098 5.44462 -0.0078997
9.47486 2.69618 -0.0222003
9.38385 3.30717 -0.021987
8.37189 1.83365 -0.0196164
8.6688 0 -0.020312
5.49572 8.29496 -0.0128769
5.75127 5.24339 -0.0134767
9.53726 -0.588313 -0.0223466
9.53726 0.588309 -0.0223466
7.55564 6.47413 -0.0177034
7.0721 6.85845 -0.0165705
9.94943 0 -0.0233122
9.94471 -0.306424 -0.0233011
8.26716 3.20305 -0.019371
7.29024 3.91513 -0.0170823
7.53793 4.66778 -0.0176625
9.87401 -1.22283 -0.0231354
9.83168 -1.52636 -0.0230362
6.85631 3.68206 -0.0160657
9.18571 3.55902 -0.0215228
8.94922 4.11782 -0.0209687
8.81171 -1.64736 -0.0206468
9.17126 2.30694 -0.0214891
9.36232 2.35501 -0.0219367
9.64892 2.42712 -0.022608
8.81818 -4.39149 -0.0206617
8.61646 -4.97537 -0.0201889
7.55565 -6.47412 -0.0177034
6.47329 -7.55662 -0.0151674
5.74852 -8.12176 -0.0134692
5.63471 -7.96092 -0.0132027
4.43484 -8.90754 -0.0103911
4.97471 -8.61759 -0.0116561
4.70701 -8.76672 -0.0110288
5.34294 -7.07595 -0.0125196
6.37111 -6.9896 -0.0149283
1.18661e-07 -9.95074 -2.78106e-10
-1.22266 -9.87532 0.00286479
2.12851 -9.72036 -0.00498726
2.4268 -9.6502 -0.00568622
0.61249 -9.93187 -0.00143513
-2.12851 -9.72036 0.00498726
-4.97471 -8.61759 0.0116561
-4.70701 -8.76672 0.0110288
-5.49572 -8.29496 0.0128768
1.52615 -9.83298 -0.00357585
1.82821 -9.78131 -0.00428367
0.918027 -9.90829 -0.00215098
1.22267 -9.87532 -0.00286481
-9.90698 -0.918137 0.0232127
3.46115 -4.04002 -0.00811108
-9.16248 3.87865 0.0214683
-7.55565 6.47412 0.0177034
3.52038 4.37498 -0.00824985
3.68082 4.87444 -0.00862576
3.69973 5.22674 -0.00867003
3.79955 5.03169 -0.00890394
-4.34961e-07 9.95074 1.01941e-09
3.83769 6.19852 -0.00899311
7.07514 -5.34347 -0.0165782
7.35272 6.70377 -0.0172279
6.70289 7.35368 -0.0157053
3.27401 9.29216 -0.00767129
5.2377 8.46028 -0.0122723
4.43485 8.90754 -0.0103912
4.70701 8.76672 -0.0110289
8.81829 3.41663 -0.0206621
9.48123 3.01659 -0.0222151
9.94471 0.306433 -0.0233011
9.71908 -2.1288 -0.0227724
9.48122 -3.0166 -0.0222151
9.93055 -0.612588 -0.0232679
9.85091 0 -0.0230814
9.27756 3.59462 -0.0217379
7.20293 -4.4603 -0.0168777
8.592 -4.61438 -0.0201318
5.49572 -8.29495 -0.0128768
3.59415 -9.27879 -0.00842137
5.5209 -7.80007 -0.0129362
5.44132 -8.21282 -0.0127495
4.39095 -8.81933 -0.0102884
5.24169 -4.77875 -0.0122829
5.16278 -5.00651 -0.012098
3.6862 -8.71002 -0.00863732
3.86411 -7.76097 -0.00905456
2.97941 -8.45584 -0.00698144
-1.82821 -9.78131 0.00428367
-2.7228 -9.57087 0.00637974
5.76039 -4.93556 -0.0134981
3.26497 4.92757 -0.00765137
3.21541 5.19333 -0.00753521
3.68212 5.94722 -0.00862865
3.97232 5.99525 -0.0093086
6.23752 -7.75243 -0.0146149
6.92613 -7.14375 -0.0162284
7.14281 -6.92704 -0.0167361
7.0721 -6.85845 -0.0165705
7.48084 -6.41002 -0.0175282
4.8229 7.79012 -0.0113009
5.63973 7.46908 -0.0132147
8.12069 5.74927 -0.0190273
6.37111 6.9896 -0.0149283
7.93981 5.99665 -0.0186035
8.27523 4.77829 -0.0193897
4.87114 5.68605 -0.0114146
8.29167 5.13463 -0.0194281
7.96542 5.27872 -0.0186638
8.88466 -2.23481 -0.0208177
9.56961 -2.72313 -0.0224222
9.27756 -3.59462 -0.0217379
6.89795 4.57116 -0.0161632
9.78002 1.82844 -0.0229152
7.14282 6.92704 -0.0167361
6.92614 7.14375 -0.0162284
8.59127 -3.95308 -0.0201302
5.43479 -6.7545 -0.0127349
5.96618 -6.15342 -0.01398
5.99587 -7.94086 -0.0140487
5.23771 -8.46028 -0.0122723
3.30674 -9.38508 -0.00774786
-2.4268 -9.6502 0.00568622
-3.01618 -9.48248 0.00706713
-5.23771 -8.46028 0.0122723
-4.43484 -8.90754 0.0103911
-4.15848 -9.03989 0.00974361
5.31128 -6.60098 -0.0124456
4.61035 -6.51338 -0.0108034
4.51191 -5.97517 -0.0105729
6.65161 -4.40788 -0.0155861
3.83975 -9.07296 -0.00899689
3.01619 -9.48248 -0.00706714
2.7228 -9.57087 -0.00637974
4.32322 5.37282 -0.0101309
3.90979 4.56375 -0.00916227
-0.306393 9.94602 0.000717905
3.87047 5.46798 -0.00907006
3.8635 5.83099 -0.00905366
7.00139 -6.78985 -0.0164049
6.93068 6.72126 -0.0162393
6.26083 5.70804 -0.0146704
6.35881 5.4484 -0.0149
7.11918 -4.40842 -0.0166815
9.38384 -3.30718 -0.0219869
9.68318 1.81033 -0.0226884
8.21176 -5.442 -0.0192408
4.25925 -8.55474 -0.00997999
5.30937 -5.82456 -0.0124413
4.87902 -6.06365 -0.011433
4.69 -6.21105 -0.0109901
3.91573 4.29555 -0.00917619
3.91828 5.18894 -0.00918212
3.57841 5.77969 -0.00838568
3.52655 5.69592 -0.00826418
8.61646 4.97537 -0.0201889
8.76557 4.70762 -0.0205383
7.07515 5.34346 -0.0165782
7.62539 5.75912 -0.0178671
6.4092 7.48181 -0.0150173
4.97845 8.04144 -0.0116652
5.11489 7.72002 -0.011985
1.82821 9.78131 -0.0042836
6.95724 5.96126 -0.0163018
3.87815 9.16369 -0.00908677
5.49654 6.83127 -0.0128795
5.22423 6.91869 -0.0122415
9.58072 -1.1865 -0.0224484
7.35271 -6.70377 -0.0172279
6.55202 -5.97355 -0.0153525
6.91597 -6.30548 -0.016205
6.34511 -7.40699 -0.0148672
5.51202 6.43427 -0.0129159
2.42681 9.65019 -0.00568619
7.00139 6.78986 -0.0164049
9.68318 -1.81034 -0.0226884
5.21189 -5.37535 -0.012213
4.69376 -5.83337 -0.010999
4.15847 9.0399 -0.00974357
4.97471 8.61759 -0.0116561
7.13435 -6.50461 -0.0167165
5.6919 -5.87049 -0.0133375
6.01139 -5.82958 -0.014086
5.5761 6.50909 -0.013066
6.84318 6.23909 -0.0160345
3  0 1 2
3  3 4 5
3  6 7 8
3  9 6 10
3  2 1 11
3  12 13 14
3  15 6 16
3  17 18 19
3  20 12 14
3  21 22 23
3  24 25 26
3  27 28 29
3  30 31 32
3  33 34 35
3  36 37 34
3  38 19 39
3  12 40 41
3  7 42 0
3  43 44 45
3  31 13 46
3  12 22 40
3  47 48 49
3  14 13 30
3  45 42 50
3  40 22 51
3  5 4 52
3  53 3 5
3  25 24 38
3  54 38 55
3  40 56 41
3  25 57 58
3  59 5 52
3  7 6 60
3  61 31 62
3  0 63 64
3  6 65 66
3  56 48 41
3  48 47 41
3  22 67 51
3  68 56 51
3  33 69 3
3  70 25 34
3  25 38 54
3  37 54 55
3  71 55 72
3  43 73 32
3  7 55 71
3  45 71 72
3  74 75 76
3  77 78 79
3  69 4 3
3  59 48 68
3  80 69 81
3  80 37 82
3  7 83 8
3  84 47 85
3  73 43 45
3  63 83 64
3  20 14 86
3  38 24 87
3  14 88 86
3  22 12 89
3  0 44 90
3  91 31 92
3  93 94 95
3  46 13 96
3  26 25 58
3  25 70 57
3  22 21 5
3  57 97 58
3  25 54 98
3  33 3 99
3  60 6 80
3  6 100 80
3  101 102 103
3  104 103 105
3  48 52 106
3  48 59 52
3  4 107 108
3  4 69 107
3  7 60 80
3  109 52 102
3  34 33 99
3  53 5 57
3  80 33 35
3  100 69 80
3  52 110 111
3  112 113 114
3  115 116 117
3  55 7 80
3  118 85 119
3  13 47 84
3  120 47 121
3  122 69 123
3  83 63 8
3  6 8 124
3  0 42 125
3  126 1 127
3  22 89 20
3  89 12 20
3  111 128 103
3  129 1 130
3  38 87 17
3  90 44 131
3  17 87 18
3  55 38 72
3  87 24 18
3  18 24 132
3  133 18 134
3  24 23 132
3  56 40 51
3  48 56 68
3  47 13 41
3  13 12 41
3  26 21 23
3  24 26 23
3  3 53 57
3  70 3 57
3  22 5 67
3  5 59 67
3  5 21 57
3  21 97 57
3  98 54 36
3  54 37 36
3  38 39 72
3  38 17 19
3  52 135 128
3  136 137 138
3  69 100 123
3  107 69 122
3  25 98 34
3  98 36 34
3  0 90 127
3  1 0 127
3  139 140 141
3  65 124 66
3  142 31 61
3  31 142 126
3  83 7 64
3  7 0 64
3  31 90 143
3  44 0 125
3  144 145 146
3  32 31 143
3  118 84 85
3  118 96 147
3  13 84 118
3  49 48 148
3  39 19 72
3  44 125 45
3  23 22 132
3  22 20 132
3  97 21 58
3  21 26 58
3  69 33 81
3  33 80 81
3  34 37 35
3  80 35 149
3  37 55 82
3  55 80 82
3  150 52 151
3  106 152 153
3  74 154 155
3  156 157 158
3  159 4 160
3  101 109 102
3  161 162 163
3  164 165 166
3  111 110 128
3  110 52 128
3  3 70 99
3  70 34 99
3  42 7 50
3  125 42 45
3  167 168 169
3  170 171 172
3  167 173 174
3  161 4 175
3  100 6 9
3  176 177 178
3  129 130 179
3  144 180 181
3  182 183 184
3  63 0 2
3  13 31 30
3  73 88 32
3  185 186 187
3  188 31 189
3  85 47 190
3  191 129 192
3  193 194 195
3  196 76 197
3  198 185 191
3  124 8 199
3  47 94 93
3  47 154 74
3  19 18 133
3  88 73 45
3  134 18 200
3  19 133 72
3  133 134 201
3  132 20 86
3  67 59 51
3  59 68 51
3  35 37 149
3  37 80 149
3  49 202 158
3  111 152 203
3  204 4 205
3  156 206 152
3  27 207 208
3  122 209 210
3  120 74 211
3  202 48 206
3  212 103 213
3  103 128 213
3  101 52 214
3  102 52 215
3  52 4 216
3  122 217 218
3  88 14 32
3  14 30 32
3  9 219 220
3  100 9 221
3  8 63 222
3  223 224 178
3  90 31 127
3  31 126 127
3  44 43 131
3  90 131 143
3  126 142 225
3  144 62 226
3  85 144 119
3  31 119 92
3  96 13 147
3  13 118 147
3  47 227 190
3  227 85 190
3  181 180 228
3  196 113 229
3  230 227 231
3  232 233 230
3  88 234 235
3  88 45 234
3  18 132 200
3  132 86 201
3  86 88 201
3  88 133 201
3  93 236 237
3  94 47 95
3  164 238 239
3  207 112 114
3  106 52 240
3  152 206 136
3  128 135 241
3  212 52 103
3  120 156 75
3  48 137 206
3  27 242 243
3  8 244 245
3  246 102 216
3  123 100 78
3  221 220 247
3  77 100 248
3  180 196 229
3  196 180 76
3  241 135 249
3  128 241 213
3  250 104 251
3  52 101 250
3  52 109 252
3  52 252 214
3  131 43 143
3  32 143 253
3  254 139 255
3  256 257 258
3  9 10 259
3  260 261 262
3  124 65 263
3  63 264 265
3  199 8 245
3  266 267 268
3  2 11 269
3  1 186 11
3  270 271 272
3  225 142 272
3  142 273 271
3  273 62 271
3  31 46 189
3  96 118 188
3  187 129 191
3  274 191 275
3  113 276 229
3  198 191 277
3  257 278 279
3  191 274 280
3  47 233 232
3  232 230 231
3  7 71 50
3  71 45 50
3  133 88 235
3  234 45 72
3  132 201 200
3  201 134 200
3  236 74 230
3  74 236 281
3  47 157 156
3  206 156 158
3  114 282 141
3  111 283 284
3  48 202 148
3  202 49 148
3  193 285 194
3  202 206 158
3  240 52 286
3  52 111 287
3  104 250 103
3  250 101 103
3  102 246 193
3  288 283 195
3  220 289 290
3  28 291 292
3  276 280 229
3  207 27 112
3  204 159 167
3  207 140 208
3  210 293 218
3  242 208 294
3  295 292 296
3  210 297 298
3  103 102 193
3  283 111 103
3  135 52 249
3  52 241 249
3  104 52 251
3  52 250 251
3  252 109 214
3  109 101 214
3  143 43 253
3  43 32 253
3  258 299 300
3  301 302 303
3  256 304 305
3  302 291 306
3  290 307 308
3  28 292 309
3  77 248 290
3  310 311 296
3  289 307 290
3  100 221 312
3  15 16 313
3  6 66 16
3  65 6 314
3  65 314 263
3  245 244 315
3  316 317 318
3  319 320 321
3  322 267 323
3  11 186 324
3  186 1 325
3  2 326 327
3  2 185 328
3  62 144 271
3  142 61 273
3  270 142 271
3  273 61 62
3  144 31 145
3  119 144 146
3  1 126 130
3  126 225 181
3  31 188 119
3  188 118 119
3  46 96 189
3  96 188 189
3  129 187 329
3  185 187 191
3  126 330 331
3  181 331 332
3  2 333 334
3  2 335 336
3  233 47 230
3  230 337 237
3  234 72 235
3  72 133 235
3  196 75 338
3  230 74 76
3  154 47 155
3  74 155 211
3  47 337 230
3  236 230 237
3  47 156 121
3  156 120 121
3  157 47 158
3  47 49 339
3  47 339 158
3  339 49 158
3  106 203 340
3  106 240 203
3  52 287 286
3  240 286 203
3  113 338 341
3  227 230 76
3  85 227 76
3  342 343 344
3  246 216 204
3  204 216 345
3  246 238 285
3  238 346 285
3  347 266 268
3  244 8 315
3  208 140 294
3  242 27 208
3  123 297 348
3  209 349 210
3  217 122 210
3  162 161 350
3  107 293 351
3  352 107 353
3  289 354 307
3  355 247 290
3  247 220 290
3  6 299 356
3  241 52 213
3  52 212 213
3  103 52 105
3  52 104 105
3  256 6 357
3  15 257 358
3  359 6 258
3  220 299 360
3  10 6 356
3  27 302 306
3  248 100 361
3  248 361 290
3  16 66 313
3  278 176 362
3  363 278 313
3  66 124 313
3  314 6 263
3  6 124 263
3  124 199 315
3  222 63 316
3  63 364 317
3  264 63 365
3  366 367 368
3  280 369 370
3  186 185 324
3  185 2 324
3  371 327 184
3  277 372 373
3  62 31 226
3  31 144 226
3  271 144 272
3  142 270 272
3  145 31 146
3  31 91 146
3  119 146 92
3  146 91 92
3  112 223 369
3  113 112 369
3  1 187 325
3  187 186 325
3  1 329 374
3  129 329 375
3  126 181 332
3  130 126 179
3  191 192 275
3  129 331 192
3  274 228 229
3  228 180 229
3  280 113 369
3  112 27 29
3  112 29 223
3  177 376 178
3  319 63 265
3  2 334 326
3  47 236 95
3  236 93 95
3  236 47 281
3  47 74 281
3  155 47 211
3  47 120 211
3  337 47 237
3  47 93 237
3  227 47 231
3  47 232 231
3  206 137 136
3  106 136 138
3  286 287 203
3  287 111 203
3  377 284 378
3  285 346 379
3  4 161 163
3  282 165 141
3  216 102 150
3  74 120 75
3  283 103 195
3  103 193 195
3  380 164 166
3  193 246 285
3  63 381 316
3  382 316 383
3  177 370 376
3  384 385 383
3  115 386 387
3  123 260 388
3  170 387 389
3  122 349 209
3  75 377 342
3  346 238 164
3  390 260 262
3  391 354 303
3  165 139 141
3  392 165 164
3  261 260 393
3  391 303 394
3  28 395 279
3  395 257 279
3  6 257 357
3  257 256 357
3  358 257 396
3  15 358 397
3  304 6 305
3  6 256 305
3  302 398 303
3  302 27 243
3  311 301 303
3  354 311 303
3  291 28 306
3  28 27 306
3  355 100 247
3  9 220 399
3  400 210 401
3  297 400 348
3  100 312 247
3  312 221 247
3  313 278 402
3  257 15 313
3  267 403 404
3  8 382 383
3  405 317 316
3  199 245 315
3  63 405 381
3  405 63 317
3  364 63 406
3  63 320 406
3  320 265 368
3  320 319 265
3  365 63 407
3  326 334 327
3  11 324 269
3  324 2 269
3  328 185 336
3  185 334 336
3  144 181 272
3  181 225 272
3  1 408 329
3  329 408 375
3  408 1 375
3  1 129 409
3  331 330 410
3  330 126 410
3  192 331 275
3  331 181 228
3  129 179 411
3  179 412 411
3  182 413 322
3  414 277 415
3  113 280 276
3  280 274 229
3  372 277 182
3  327 372 184
3  347 363 266
3  28 416 224
3  278 363 347
3  278 347 176
3  334 185 373
3  277 414 182
3  365 327 417
3  365 418 419
3  152 136 153
3  136 106 153
3  137 48 138
3  48 106 138
3  203 152 340
3  152 106 340
3  75 156 377
3  156 152 377
3  338 75 341
3  420 166 282
3  282 421 342
3  113 196 338
3  180 144 76
3  144 85 76
3  52 150 215
3  150 102 215
3  52 216 151
3  216 150 151
3  345 216 422
3  4 204 345
3  4 159 205
3  159 204 205
3  423 379 424
3  285 379 194
3  384 316 425
3  8 222 382
3  366 316 318
3  381 405 316
3  426 261 171
3  260 123 78
3  122 400 401
3  217 210 218
3  238 246 167
3  246 204 167
3  162 108 352
3  162 167 169
3  427 428 255
3  77 391 393
3  164 167 174
3  162 352 353
3  293 210 387
3  400 297 210
3  254 294 139
3  140 207 141
3  220 259 299
3  292 295 309
3  416 279 429
3  416 28 279
3  257 6 396
3  6 358 396
3  358 6 430
3  358 430 397
3  302 243 398
3  243 242 398
3  220 219 259
3  219 9 259
3  354 289 311
3  311 431 296
3  220 221 399
3  221 9 399
3  363 313 432
3  313 124 432
3  278 257 402
3  257 313 402
3  385 432 315
3  432 124 315
3  320 63 321
3  63 319 321
3  264 365 265
3  367 320 368
3  418 63 419
3  63 2 327
3  183 371 184
3  417 327 433
3  63 418 407
3  418 365 407
3  335 328 336
3  335 2 328
3  329 187 374
3  187 1 374
3  1 409 375
3  409 129 375
3  331 410 332
3  410 126 332
3  331 228 275
3  228 274 275
3  126 412 179
3  412 126 411
3  126 331 411
3  331 129 411
3  185 277 373
3  185 198 277
3  277 191 415
3  191 280 415
3  372 182 184
3  176 347 177
3  434 413 435
3  414 436 413
3  223 29 224
3  29 28 224
3  372 327 373
3  327 334 373
3  113 437 282
3  377 343 342
3  377 152 284
3  152 111 284
3  420 282 438
3  282 437 421
3  76 75 197
3  75 196 197
3  216 4 422
3  4 345 422
3  195 194 439
3  423 288 440
3  379 346 380
3  346 164 380
3  316 384 383
3  382 222 316
3  320 317 406
3  317 364 406
3  317 320 367
3  265 365 368
3  78 100 441
3  78 442 79
3  427 443 428
3  394 443 444
3  354 391 307
3  77 290 308
3  398 242 303
3  100 355 290
3  260 390 388
3  390 123 388
3  400 122 348
3  122 123 348
3  445 210 298
3  386 446 447
3  168 4 448
3  167 159 168
3  261 449 171
3  139 392 174
3  238 167 239
3  167 164 239
3  108 107 450
3  170 115 387
3  242 294 428
3  449 427 255
3  139 174 255
3  294 140 139
3  162 386 116
3  115 451 452
3  303 443 394
3  393 394 444
3  431 220 296
3  299 453 360
3  279 278 362
3  416 429 176
3  430 6 397
3  6 15 397
3  291 302 301
3  361 100 290
3  363 432 266
3  432 385 266
3  385 315 454
3  315 8 454
3  63 327 419
3  327 365 419
3  371 183 433
3  183 366 433
3  327 371 433
3  366 368 433
3  334 333 336
3  333 2 336
3  414 415 436
3  413 436 435
3  182 414 413
3  413 403 322
3  403 413 404
3  404 455 456
3  403 267 322
3  366 322 323
3  284 283 378
3  377 378 288
3  378 283 288
3  423 440 439
3  440 288 195
3  440 195 439
3  379 380 424
3  166 420 438
3  166 165 282
3  437 113 341
3  385 384 425
3  316 366 457
3  317 367 318
3  367 366 318
3  442 100 79
3  100 77 79
3  100 442 441
3  442 78 441
3  174 173 452
3  170 255 458
3  307 391 308
3  391 77 308
3  4 168 160
3  168 159 160
3  162 169 163
3  169 4 459
3  161 108 350
3  108 162 350
3  4 108 175
3  108 161 175
3  293 387 446
3  293 446 353
3  392 164 174
3  170 449 255
3  165 392 139
3  428 254 255
3  170 426 171
3  294 254 428
3  210 445 387
3  387 445 389
3  173 167 116
3  167 162 116
3  210 349 401
3  349 122 401
3  445 298 460
3  298 297 460
3  293 107 218
3  107 122 218
3  445 426 389
3  426 170 389
3  426 297 261
3  123 390 262
3  176 429 362
3  429 279 362
3  299 259 356
3  259 10 356
3  299 6 300
3  299 258 461
3  395 453 461
3  453 299 461
3  292 291 296
3  291 301 296
3  311 289 431
3  289 220 431
3  316 457 425
3  323 267 425
3  368 417 433
3  368 365 417
3  182 322 183
3  322 366 183
3  347 455 404
3  370 177 462
3  436 415 463
3  415 280 463
3  457 323 425
3  457 366 323
3  377 288 343
3  288 423 343
3  207 114 141
3  114 113 282
3  380 166 424
3  166 423 424
3  4 169 448
3  169 168 448
3  459 4 163
3  169 459 163
3  352 450 464
3  352 108 450
3  107 351 465
3  351 293 465
3  465 293 353
3  107 465 353
3  443 303 428
3  303 242 428
3  443 427 449
3  255 174 458
3  174 452 458
3  115 170 451
3  116 386 117
3  386 115 117
3  173 116 452
3  116 115 452
3  297 426 460
3  426 445 460
3  260 78 393
3  78 77 393
3  261 297 262
3  297 123 262
3  6 304 258
3  304 256 258
3  6 359 300
3  359 258 300
3  453 295 360
3  453 395 295
3  258 257 461
3  257 395 461
3  301 310 296
3  301 311 310
3  385 454 383
3  454 8 383
3  267 266 466
3  266 385 425
3  224 416 178
3  280 370 462
3  413 434 467
3  280 434 435
3  267 404 456
3  455 347 268
3  434 177 467
3  347 404 468
3  463 280 435
3  436 463 435
3  194 379 439
3  379 423 439
3  437 341 421
3  423 166 438
3  450 107 464
3  107 352 464
3  446 386 353
3  386 162 353
3  446 387 447
3  387 386 447
3  443 449 444
3  393 391 394
3  295 395 309
3  395 28 309
3  266 425 466
3  425 267 466
3  370 369 376
3  416 176 178
3  177 434 462
3  434 280 462
3  177 404 467
3  404 413 467
3  455 268 456
3  268 267 456
3  404 177 468
3  177 347 468
3  421 341 342
3  341 75 342
3  452 451 458
3  170 458 469
3  171 449 172
3  449 170 470
3  449 261 444
3  261 393 444
3  295 296 360
3  296 220 360
3  376 369 178
3  369 223 178
3  343 438 344
3  343 423 438
3  458 451 469
3  451 170 469
3  449 470 172
3  470 170 172
3  438 282 344
3  282 342 344
