OFF
971 1938 0
-3.04984 4.60062 -0.0139919
-2.8027 -4.52464 -0.0128586
-3.04984 -4.60062 -0.0139919
67.6446 -159.724 435.896
-103.113 49.1131 435.896
-118.901 -122.36 435.896
-3.77111 4.68388 -0.017299
-3.74383 4.95483 -0.0171739
-3.56544 4.71898 -0.016356
-14.2823 -174.393 435.896
-5.3909 6.28596 -0.0247232
-5.07067 6.29531 -0.0232554
-5.51567 6.04446 -0.0252954
-103.73 -51.6307 185.754
-105.545 -79.9624 211.663
-119.608 -56.2792 215.971
98.1881 -149.946 414.343
73.4529 -161.926 418.653
-155.175 -24.151 431.584
-145.299 -12.2877 435.896
-144.864 46.4042 431.584
-7.0856 5.34462 -0.0324913
-6.6097 5.3132 -0.0303103
-7.1665 5.06733 -0.0328623
-70.1562 -163.536 345.375
-40.4242 -125.373 211.661
-17.2118 -168.773 315.191
2.43066 -9.6502 0.0111448
2.13189 -9.72037 0.00977497
1.83111 -9.78131 0.00839585
-1.83111 -9.78131 -0.00839585
-30.3792 -128.021 211.66
-2.13189 -9.72037 -0.00977497
-7.95248 -5.99671 -0.0364629
-7.11762 -6.09016 -0.032637
-6.92642 -6.30615 -0.0317604
-4.44189 8.90756 -0.0203666
-3.88431 9.16371 -0.01781
-4.12374 8.95046 -0.0189082
1.18668 -177.996 345.375
34.702 -167.346 306.575
40.9977 -168.641 341.059
-155.135 -81.7546 392.787
-167.694 -27.8721 332.433
-139.87 -92.4744 315.188
100.059 -83.9412 207.348
103.278 -131.337 293.638
97.2143 -87.321 207.348
1.22462 -9.87532 0.00561499
0.919476 -9.90829 0.00421591
0.613469 -9.93187 0.00281284
-4.71449 8.76675 -0.0216165
-51.3494 75.1618 138.26
-128.926 107.746 310.878
-76.3496 118.385 233.236
-110.478 75.1286 215.976
92.6157 111.043 237.556
87.4283 142.347 302.257
109.744 125.008 297.946
-3.12068 -6.26267 -0.0143155
-3.29671 -6.61538 -0.0151222
-3.40567 -6.33735 -0.0156222
-165.399 -39.7936 379.851
-171.305 6.81262 384.164
-173.938 11.1117 336.75
-112.759 -143.314 431.586
-120.041 -120.328 435.896
117.564 130.982 341.062
136.567 120.794 427.275
127.859 122.286 353.994
6.07533 -130.818 211.658
2.50836 -131.015 211.658
92.3986 -92.6097 207.348
75.3215 -106.919 207.348
95.3066 -65.0992 172.824
-158.125 62.2481 422.962
-130.273 69.33 435.896
-103.508 147.02 435.896
3.59985 9.2788 0.0165058
3.88431 9.16371 0.01781
3.31199 9.3851 0.0151859
-6.94141 6.72163 -0.0318282
-6.44728 7.06285 -0.029563
-6.5245 6.71996 -0.0299177
-78.2225 107.725 435.896
-113.37 47.3661 435.896
-148.142 6.14697 250.496
-159.253 23.2392 289.316
-158.73 48.3024 297.945
136.218 92.3998 435.896
141.621 74.7447 435.896
203.615 0 435.896
96.6195 63.1905 172.824
60.0408 64.987 133.941
85.4586 102.166 215.975
-9.39885 -3.30721 -0.0430945
-122.658 -49.4828 215.972
-3.69292 7.40893 -0.0169374
-3.54533 7.6979 -0.0162601
-3.42145 7.42946 -0.0156927
-7.36444 6.70381 -0.0337667
76.3596 -4.9758 95.118
56.039 0 64.8729
59.036 0 69.1941
-57.2868 -172.097 418.654
-76.5163 -164.644 422.964
-131.934 14.0159 215.973
-137.961 27.0607 233.235
-148.599 98.9457 418.653
102.444 130.93 435.896
6.93717 7.1438 0.0318076
7.36444 6.70382 0.0337666
6.48359 7.55668 0.0297279
-77.4957 95.5114 198.706
4.16507 9.03992 0.0190973
-3.26556 6.07699 -0.0149801
6.24746 7.75247 0.0286453
64.7928 -113.859 207.349
86.8706 -146.676 306.574
69.224 -153.841 306.57
-5.1945 -6.44874 -0.0238227
-5.32665 -6.21119 -0.0244288
-5.07068 -6.29531 -0.0232554
65.4939 164.293 358.304
57.8358 157.786 297.949
48.6186 165.004 332.436
78.6446 117.861 233.238
44.0561 103.951 172.816
46.5675 133.595 233.238
-4.66866 -4.81154 -0.0214137
-5.24819 -4.78083 -0.0240702
-4.80607 4.95296 -0.0220436
-54.4745 -162.59 435.896
-67.1952 -156.386 435.896
-164.543 -16.6487 405.715
36.5692 -81.2773 133.944
69.0583 -111.243 207.349
-4.04215 -4.71535 -0.0185416
-4.04215 4.71535 -0.0185416
-2.9387 5.46946 -0.0134818
-3.00722 5.20591 -0.0137962
-3.58191 5.78107 -0.016431
-3.30329 5.7178 -0.0151535
-3.42604 5.5298 -0.0157165
-6.51767 5.57798 -0.0298883
81.4359 9.94647 103.757
104.554 0 138.315
81.8512 7.72234 103.758
2.72712 -9.57088 0.0125041
10.8454 -111.839 172.814
1.52859 -9.83298 0.00700873
64.8704 -166.681 414.343
15.5171 -175.274 353.993
9.2924 -3.59465 0.0426064
9.39885 -3.30722 0.0430945
82.3141 -16.7813 108.074
40.7019 -124.444 211.658
-50.1649 -121.969 211.661
-44.1258 -124.205 211.661
34.6649 177.013 435.896
73.0091 168.381 435.896
93.9981 -151.306 362.616
-20.5384 -129.809 211.66
-4.63639 -169.904 310.882
-26.6746 -128.761 211.66
-98.2839 -88.4992 211.662
-102.89 -83.2181 211.663
-7.56769 -6.47418 -0.0346986
-131.447 -14.6554 215.972
-139.7 -14.4372 233.235
-131.972 -9.94535 215.972
-53.8109 -120.495 211.661
-70.1527 163.077 349.685
-47.4026 172.042 353.996
-45.9006 172.164 345.377
-113.033 71.0626 215.976
-0.429879 -176.673 435.896
31.7381 -171.437 431.585
42.6278 131.076 435.896
156.018 0 233.282
129.08 66.4797 237.558
157.969 0 237.597
-3.89483 4.83739 -0.0178662
-4.17056 4.86497 -0.0191303
-4.08044 5.06763 -0.0187171
71.8225 137.421 435.896
72.0662 111.987 215.975
34.592 177.741 401.412
-105.735 130.62 319.499
-102.341 148.536 410.033
88.7646 28.0702 125.344
82.3142 16.7808 108.074
82.9839 21.5778 112.389
6.71356 7.35373 0.0307824
8.47268 5.23844 0.038848
88.508 28.526 125.343
115.015 0 155.589
83.4898 -12.3639 108.075
112.44 0 151.271
-37.0059 136.119 233.236
-1.12869 133.885 220.286
-35.1936 112.089 185.76
-134.414 -68.1127 267.74
119.369 82.6147 237.558
160.036 57.2888 297.954
60.4276 -64.6232 133.941
-3.86749 -5.83245 -0.0177403
-3.84176 -6.19981 -0.0176219
-4.2166 -5.95197 -0.0193407
-3.77111 -4.68389 -0.017299
-3.58929 5.06757 -0.0164653
-3.59489 5.42187 -0.0164908
-3.43136 5.17551 -0.0157411
-3.29759 -7.16101 -0.0151253
-3.42875 -6.87991 -0.0157272
-130.238 26.1741 215.973
-128.637 33.4782 215.974
-9.73463 2.12882 -0.044634
-6.58042 7.20829 -0.0301727
-3.11433 5.02725 -0.0142875
13.0557 0.561078 4.36774
9.96062 0.306437 0.0456702
9.94645 0.612584 0.0456052
-131.015 21.43 215.973
-3.21822 -5.19477 -0.0147638
-3.54037 -5.33976 -0.0162409
-3.32234 -5.01126 -0.0152413
-4.10165 -6.61852 -0.0188128
-3.94503 -6.82676 -0.0180944
-4.20563 -6.78599 -0.0192892
7.5428 -178.064 422.964
114.046 -86.0611 435.896
147.529 41.5139 435.896
-5.24819 4.78083 -0.0240702
-9.88981 -1.22284 -0.0453456
-5.76794 -4.9375 -0.0264525
-5.84291 -5.00156 -0.0267961
7.5677 -6.47417 0.0346986
7.36444 -6.70382 0.0337667
7.1542 -6.92709 0.0328027
-4.17745 -8.37868 -0.0191562
-4.13339 -8.29053 -0.0189545
-3.9171 -8.50315 -0.0179624
-3.88431 -9.16371 -0.01781
-47.9659 -169.53 345.373
7.64126 -168.394 306.57
-90.4047 -96.3184 211.662
-63.3027 -115.967 211.662
-100.536 -132.43 302.255
-5.0122 5.16508 -0.0229884
-5.39408 4.91352 -0.0247389
-5.38171 5.21416 -0.0246821
-148.766 -46.1407 431.584
-3.02098 9.48249 -0.0138516
-2.72711 9.57089 -0.0125041
-2.13189 9.72037 -0.00977498
-4.62093 8.59326 -0.0211883
-3.7969 6.57087 -0.0174157
-4.19469 6.32508 -0.0192398
-3.94503 6.82676 -0.0180944
99.2445 147.78 345.375
-5.12227 7.72055 -0.0234888
-4.72568 7.62324 -0.0216713
-5.24374 7.39868 -0.0240464
-4.30966 8.64312 -0.0197614
-3.56412 9.18697 -0.0163423
-4.13339 8.29052 -0.0189545
2.13189 9.72037 0.00977497
1.52858 9.83298 0.00700873
1.8311 9.78131 0.00839583
134.813 114.017 341.063
5.12601 141.169 233.237
27.4578 131.497 220.288
176.908 0 285.043
160.772 -54.265 302.262
175.383 0 280.73
9.17713 3.8787 0.0420779
9.05315 4.15906 0.0415095
79.1119 6.51728 99.4382
82.2657 -4.24135 103.759
73.688 -2.34057 90.798
-3.05656 5.29122 -0.0140224
-3.27018 5.27853 -0.015002
8.30711 -5.49649 0.0380888
8.63022 -4.97541 0.0395703
8.47268 -5.23843 0.038848
-3.32234 5.01126 -0.0152413
84.7319 159.598 427.275
128.043 108.179 302.258
20.9573 132.6 220.287
27.5686 115.436 190.073
-3.59986 9.2788 -0.0165058
21.9318 168.519 310.882
-14.8755 169.671 306.573
-15.8599 176.748 345.375
-9.63823 -2.1078 -0.0441922
-6.22512 -5.00466 -0.0285479
-9.58492 -2.72318 -0.0439476
-5.84072 -6.80929 -0.0267839
-6.2264 -7.25776 -0.0285503
-6.31416 -6.9174 -0.0289533
-4.74023 -7.14601 -0.0217391
-4.78712 -6.75578 -0.0219549
-4.57654 -6.89976 -0.0209893
6.00541 -7.9409 0.0275354
5.50446 -8.29499 0.0252385
5.24604 -8.46032 0.0240536
6.93717 -7.1438 0.0318076
-95.389 -91.4917 211.662
-6.93717 -7.1438 -0.0318076
79.112 -6.51618 99.4382
81.8518 -7.71836 103.758
81.4365 -9.94327 103.757
85.2824 0 108.079
82.4399 0 103.759
82.2657 4.24204 103.759
152.006 0 224.653
115.068 -51.7533 198.716
149.945 0 220.338
9.66436 -2.42714 0.0443118
-5.39524 8.13088 -0.0247386
-5.19398 8.37662 -0.0238154
-4.73546 8.19129 -0.0217145
-3.9171 8.50315 -0.0179624
101.491 -82.0758 207.347
-5.52345 5.35126 -0.0253317
-5.84291 5.00155 -0.0267961
-5.90474 5.37785 -0.0270793
-132.25 9.47971 215.973
-31.5808 -177.781 418.654
-3.83447 8.32421 -0.0175841
-3.86907 7.76158 -0.0177442
-4.24681 7.89924 -0.0194755
-3.81737 5.38919 -0.0175109
-3.81297 5.75033 -0.0174904
4.98263 -8.61762 0.0228459
3.88431 -9.16371 0.01781
-3.30424 -4.66552 -0.0151584
-2.8027 4.52464 -0.0128586
26.38 -171.427 435.896
147.362 55.7056 435.896
153.921 97.3931 431.585
161.133 76.6489 336.756
202.82 0 410.042
164.837 -67.0334 341.066
202.533 0 405.733
154.188 -94.1074 431.585
203.416 0 422.969
203.527 0 427.278
157.11 86.3072 435.896
-4.68428 -5.46337 -0.0214851
-5.05005 -5.53508 -0.0231617
-4.91704 -5.38953 -0.0225521
0.306879 -9.94602 0.00140708
-59.739 -117.75 211.662
-51.2846 -75.2081 138.26
-4.16508 -9.03992 -0.0190974
-7.1542 -6.92709 -0.0328027
-7.23364 -176.688 341.064
-132.401 -2.5041 215.972
-9.94645 -0.612585 -0.0456052
-3.59986 -9.2788 -0.0165057
-10.7532 -130.83 211.659
-7.09659 -130.999 211.659
-94.3859 93.4234 220.283
-7.5677 6.47418 -0.0346986
-7.95248 5.99671 -0.0364629
-8.13365 5.74932 -0.0372935
-132.495 2.03108 215.972
-125.251 44.9999 215.974
-9.39885 3.30721 -0.0430945
-9.49639 3.01662 -0.0435417
-38.0127 -173.079 349.684
35.9304 178.638 431.586
-20.9392 180.827 431.586
-4.16508 9.03992 -0.0190973
-4.55888 6.43427 -0.0209092
-4.68566 7.06392 -0.0214892
-4.30962 6.95345 -0.0197656
-5.38025 6.67885 -0.0246737
-4.34961e-07 9.95074 -1.99649e-09
-1.8311 9.78131 -0.00839583
-1.52858 9.83298 -0.00700874
-9.17713 3.8787 -0.0420779
-123.713 49.3072 215.974
-120.836 56.1812 215.975
2.72711 9.57089 0.0125041
2.43065 9.6502 0.0111448
10.138 133.684 220.287
5.72582 133.854 220.286
-3.5458 6.59769 -0.0162644
-3.77941 7.03158 -0.0173347
88.8264 153.932 341.065
101.047 104.058 237.558
6.00541 7.9409 0.0275354
5.75766 8.1218 0.0263995
77.0121 132.218 263.436
1.22461 9.87532 0.00561498
-3.12068 6.26267 -0.0143155
-3.5168 7.05625 -0.0161306
0.613467 9.93187 0.00281282
1.18661e-07 -9.95074 5.44662e-10
13.0351 0.841193 4.36763
16.1748 -0.21788 8.68991
16.1779 0 8.68993
19.2814 0 13.012
12.7375 2.50512 4.36614
12.8077 2.23067 4.36649
88.4945 -28.5554 125.343
82.9836 -21.5782 112.389
-2.90657 4.69218 -0.0133349
9.2924 3.59466 0.0426064
9.66436 2.42715 0.0443118
13.0723 0 4.36782
13.0682 0.280624 4.3678
16.1748 0.217889 8.68991
7.76377 6.2384 0.0355976
8.13365 5.74933 0.0372935
7.1542 6.92709 0.0328027
-22.7435 172.474 435.896
-3.29671 6.61538 -0.0151222
-2.43066 9.6502 -0.0111448
89.6933 -44.5472 142.605
9.05316 -4.15905 0.0415095
-3.01045 -4.85972 -0.0138112
203.262 0 418.66
11.9366 -130.343 211.658
87.4483 16.9429 116.711
83.4888 12.3679 108.075
13.0351 -0.841189 4.36763
9.94645 -0.612587 0.0456052
13.0557 -0.561077 4.36774
116.798 48.229 194.406
8.63022 4.97542 0.0395703
8.77957 4.70768 0.0402551
8.92059 4.43547 0.0409017
107.209 0 142.634
109.838 0 146.952
40.872 0 43.2654
3.59987 -9.2788 0.0165058
-3.17216 -5.90341 -0.014552
-6.01962 5.83101 -0.0276054
-6.4885 5.90838 -0.0297542
-4.98262 8.61762 -0.0228459
-5.63072 5.80131 -0.025823
-5.58219 6.11722 -0.0256002
-9.88981 1.22284 -0.0453456
-9.84741 1.52638 -0.0451511
-9.79567 1.82847 -0.0449139
-9.92284 -0.918152 -0.045497
-9.96062 -0.306435 -0.0456702
-6.22512 5.00465 -0.0285479
-9.2924 3.59466 -0.0426064
-4.93366 6.52681 -0.022627
-4.78713 6.75577 -0.0219549
-3.52995 -5.69732 -0.0161928
-3.40199 -5.88843 -0.0156059
-3.58192 -5.78106 -0.016431
-3.35264 -5.80312 -0.0153797
-3.1059 -5.37655 -0.0142486
-4.17056 -4.86496 -0.0191303
-4.08044 -5.06763 -0.0187171
-4.29898 -5.01458 -0.019719
-4.4274 -5.16418 -0.0203077
-4.69562 -6.21247 -0.0215363
-4.51711 -5.9767 -0.0207183
-4.33068 -6.11274 -0.0198635
-4.29898 5.01458 -0.019719
-4.26606 5.29786 -0.019568
-5.05005 5.53508 -0.0231617
-4.74851 5.53816 -0.0217795
-4.91704 5.38953 -0.0225521
-3.17216 5.90342 -0.014552
5.50446 8.29499 0.0252385
190.966 0 332.468
139.626 -112.434 362.618
97.7709 -147.44 358.304
102.358 -120.056 435.896
145.71 -106.682 422.964
-4.66866 4.81154 -0.0214137
-9.66436 -2.42715 -0.0443118
-4.25212 4.66163 -0.0195042
-4.46256 4.59939 -0.0204689
-6.06781 5.19372 -0.0278268
-6.71357 -7.35373 -0.0307824
-6.45573 -6.64931 -0.0296027
-6.58682 -6.37914 -0.030204
-6.38696 -6.57866 -0.0292877
-7.36444 -6.70382 -0.0337667
-7.49267 -6.41019 -0.034355
-6.94141 -6.72163 -0.0318282
-3.53743 -8.34746 -0.0162223
-4.1533 -7.72572 -0.0190473
-3.66923 -7.96632 -0.0168275
-2.43066 -9.6502 -0.0111448
-3.02098 -9.48249 -0.0138516
-6.86838 -7.07317 -0.0314926
-1.06617 -131.116 211.659
-1.52858 -9.83298 -0.00700871
-57.3416 -168.419 362.616
-3.31198 -9.3851 -0.0151858
-7.76377 6.2384 -0.0355976
-118.806 60.5486 215.975
-116.74 64.6238 215.975
-6.53409 4.92947 -0.029964
-3.78099 7.58526 -0.0173408
-3.9196 7.29189 -0.0179769
-4.66771 8.68001 -0.0214024
-3.34979 8.63594 -0.0153613
-2.70004 9.47614 -0.0123803
-3.31199 9.3851 -0.0151859
-4.2166 5.95196 -0.0193407
-4.15956 5.87157 -0.0190793
-4.09318 7.08264 -0.0187731
-4.29075 7.4238 -0.0196781
8.30711 5.49649 0.0380888
-55.093 121.6 220.285
109.51 95.2216 237.558
108.996 -71.2738 207.347
110.113 -69.3852 207.346
12.8077 -2.23068 4.36649
9.73463 -2.12881 0.044634
12.8697 -1.95483 4.3668
87.4336 -16.9952 116.711
89.7823 -25.3453 125.345
16.1273 0.871607 8.68963
28.5701 0 25.9781
16.1495 0.653688 8.68976
76.3595 4.97617 95.118
53.0288 0 60.5516
99.1661 0 129.677
96.4355 0 125.358
7.76377 -6.23841 0.0355976
189.898 0 328.157
-8.30477 5.13491 -0.0380787
-8.77957 4.70768 -0.0402551
-8.47268 5.23844 -0.038848
-117.215 136.098 422.964
146.152 -85.4467 306.571
-3.37408 -5.44605 -0.0154783
4.16508 -9.03992 0.0190974
6.48359 -7.55668 0.0297279
-2.9387 -5.46946 -0.0134818
105.486 -76.6241 207.347
106.732 -74.7383 207.347
-3.63924 -6.77125 -0.0166925
-3.7969 -6.57087 -0.0174157
-3.54581 -6.59769 -0.0162644
-3.07877 -5.72984 -0.0141239
9.49639 -3.01663 0.0435417
12.659 -2.77802 4.36575
78.0082 -11.3469 99.4356
102.979 -80.0717 207.347
9.17713 -3.87869 0.0420779
-5.47212 7.72009 -0.0250922
-5.35793 7.55939 -0.0245693
-5.81378 7.21572 -0.0266594
-7.49267 6.41019 -0.034355
-7.07126 5.68336 -0.0324252
-6.71357 7.35373 -0.0307824
-6.93717 7.1438 -0.0318076
-5.24603 8.46032 -0.0240536
-5.44985 8.21293 -0.0249886
-6.00541 7.9409 -0.0275355
-6.12364 5.57682 -0.0280824
-8.13687 5.03139 -0.0373094
-5.11656 5.60786 -0.0234665
-5.06967 5.91209 -0.0232513
-5.87785 5.69395 -0.0269558
-3.64941 -5.50399 -0.0167407
-0.919471 -9.90829 -0.00421589
-1.22461 -9.87532 -0.00561497
-3.9196 -7.29189 -0.0179769
-3.69291 -7.40893 -0.0169374
-4.19196 -7.25323 -0.0192256
117.23 47.2469 194.407
6.71356 -7.35373 0.0307824
-5.61292 -5.11253 -0.0257419
-3.76035 -5.30879 -0.0172495
-3.89483 -4.83739 -0.0178662
-3.30424 4.66552 -0.0151584
-3.64631 5.14798 -0.0167267
-3.76035 5.30879 -0.0172495
-4.25212 -4.66163 -0.0195042
-4.71754 5.17118 -0.0216377
-4.55584 5.31378 -0.0208964
-5.39408 -4.91352 -0.0247389
-5.58219 -6.11722 -0.0256002
-5.49325 -5.65994 -0.0251931
-5.06967 -5.91209 -0.0232513
-9.96535 -8.71198e-07 -0.0456919
-5.0122 -5.16508 -0.0229884
-3.5168 -7.05625 -0.0161306
-4.16016 -5.50511 -0.0190824
-4.27914 -5.66231 -0.0196277
-8.13365 -5.74932 -0.0372935
-8.30711 -5.49649 -0.0380888
-5.5194 -6.4355 -0.0253119
-5.84832 -6.40823 -0.0268195
-3.84575 -9.07302 -0.0176336
-4.44188 -8.90757 -0.0203666
-5.24603 -8.46032 -0.0240536
-5.50446 -8.295 -0.0252385
-5.75766 -8.1218 -0.0263995
-6.24746 -7.75247 -0.0286453
-6.12354 -7.59912 -0.0280779
-5.64343 -7.96113 -0.0258766
-16.846 -130.258 211.659
-36.7336 -126.418 211.66
-8.30711 5.49649 -0.0380888
-8.05304 5.69251 -0.0369243
-7.55841 5.70035 -0.0346576
-6.99942 6.37243 -0.0320948
-6.58682 6.37914 -0.030204
-6.92642 6.30615 -0.0317604
-127.499 37.8875 215.974
-9.58492 2.72318 -0.0439476
-9.66436 2.42715 -0.0443118
-3.66923 7.96632 -0.0168275
-3.17125 8.17672 -0.0145439
-0.613468 9.93187 -0.00281283
-0.919474 9.90829 -0.0042159
-4.42741 5.16418 -0.0203077
3.02098 9.48249 0.0138516
-4.10252 5.79118 -0.0188179
-4.27914 5.66231 -0.0196277
-5.84832 6.40823 -0.0268195
-5.84073 6.80928 -0.0267839
-5.77646 6.73453 -0.0264895
-4.57661 6.05529 -0.020991
-3.01045 4.85972 -0.0138112
-3.24723 4.58511 -0.014897
-1.22461 9.87532 -0.00561498
88.7285 -28.1513 125.344
168.884 0 263.479
167.161 0 259.166
9.73463 2.12882 0.044634
9.84741 1.52638 0.0451511
7.95248 5.99671 0.0364629
20.477 165.951 297.948
-48.4531 124.487 220.285
-89.0333 98.6503 220.283
-8.63022 4.97542 -0.0395703
5.75767 -8.1218 0.0263995
71.4723 -109.613 207.349
4.71449 -8.76675 0.0216165
3.31198 -9.3851 0.0151859
3.02099 -9.48249 0.0138516
89.7917 25.3205 125.345
90.3602 43.0559 142.605
81.2351 -10.7307 103.757
16.1495 -0.653686 8.68976
25.4761 -0.0369254 21.6561
9.84741 -1.52637 0.0451511
9.88982 -1.22284 0.0453456
9.96535 0 0.0456919
9.96062 -0.306434 0.0456702
13.0682 -0.280615 4.3678
8.92059 -4.43548 0.0409017
8.77957 -4.70767 0.0402551
8.13365 -5.74933 0.0372935
141.352 0 203.076
143.552 0 207.392
12.7375 -2.50513 4.36614
43.9269 0 47.5871
9.58492 -2.72317 0.0439476
-6.35499 7.40722 -0.0291391
-6.2907 7.33249 -0.0288447
-6.16212 7.18302 -0.0282559
-5.96928 6.95878 -0.0273727
-8.92059 4.43547 -0.0409017
-6.06158 7.52245 -0.0277942
-4.71754 -5.17118 -0.0216377
-5.17174 6.84111 -0.0237177
-5.62797 6.98565 -0.0258084
-4.25762 -6.86972 -0.0195274
-3.19077 -7.53112 -0.0146348
-3.54532 -7.6979 -0.0162601
-2.72712 -9.57088 -0.0125041
-3.31226 -6.16378 -0.0151941
-5.17174 -6.84111 -0.0237177
-4.57548 -5.68153 -0.0209862
-4.26606 -5.29786 -0.019568
-3.74383 -4.95483 -0.0171739
-3.83297 4.76064 -0.0175826
-3.56544 -4.71898 -0.016356
-3.83297 -4.76064 -0.0175826
0.919473 9.90829 0.0042159
150.401 -91.0414 345.372
-9.84741 -1.52638 -0.0451511
-5.75883 -5.2452 -0.0264106
-7.73063 -5.46522 -0.0354472
-8.92059 -4.43547 -0.0409017
-7.0856 -5.34462 -0.0324913
-6.12363 -5.57682 -0.0280824
-5.87785 -5.69395 -0.0269558
-8.77957 -4.70768 -0.0402551
-8.63022 -4.97542 -0.0395703
-6.53409 -4.92947 -0.029964
-117.576 -60.226 215.971
-7.55841 -5.70035 -0.0346576
-7.71603 -5.8189 -0.0353797
-4.30966 -8.64313 -0.0197614
-4.22151 -8.46683 -0.0193579
-6.35499 -7.40722 -0.0291391
-5.14192 -8.29293 -0.0235771
-4.62093 -8.59326 -0.0211883
-4.93318 -8.53236 -0.0226196
-6.48359 -7.55668 -0.0297279
-6.58042 -7.20829 -0.0301727
-6.44728 -7.06285 -0.029563
-4.67367 -7.53952 -0.0214331
-4.84937 -7.31018 -0.022239
-6.11193 6.29602 -0.0280278
-6.3032 6.10509 -0.0289047
-6.70745 6.10727 -0.0307573
-7.11762 6.09016 -0.032637
16.64 133.119 220.287
-78.0302 162.433 397.101
-3.49267 9.0033 -0.0160153
-4.5872 7.93548 -0.0210357
-4.53778 7.8502 -0.0208094
-3.78978 6.11606 -0.0173837
-3.64879 6.31497 -0.016737
-3.59943 6.22966 -0.0165108
4.44189 8.90756 0.0203666
5.24603 8.46032 0.0240536
-5.83694 6.01334 -0.0267679
-3.24723 -4.58511 -0.014897
200.439 0 384.187
199.888 0 379.877
191.993 0 336.778
-0.30688 9.94602 -0.00140708
-9.05316 4.15905 -0.0415095
4.44188 -8.90757 0.0203666
150.287 -97.4196 435.896
6.24746 -7.75247 0.0286453
113.208 -63.9128 207.346
114.156 -62.0365 207.345
115.89 -58.5842 207.345
154.03 0 228.968
-3.77941 -7.03158 -0.0173347
-0.306879 -9.94602 -0.00140708
7.56769 6.47418 0.0346986
78.008 11.3473 99.4356
9.39885 3.30721 0.0430945
120.079 0 164.225
122.567 0 168.542
139.117 0 198.76
46.9719 0 51.9086
12.9234 -1.67779 4.36707
37.808 0 38.9437
73.688 2.34044 90.798
76.6952 0 95.1188
93.6811 0 121.039
90.9037 0 116.719
13.0061 1.1208 4.36749
9.88981 1.22284 0.0453456
12.9689 1.39972 4.3673
12.9689 -1.39971 4.3673
16.0987 -1.08954 8.68946
16.0638 -1.3075 8.68925
19.2789 0.144241 13.012
31.6562 0 30.3
12.8697 1.95483 4.3668
-4.7777 7.70696 -0.0219095
-5.64344 7.96112 -0.0258766
-5.23145 7.88469 -0.0239887
-4.43897 7.67964 -0.0203569
-5.49326 5.65994 -0.0251931
-6.1855 7.6758 -0.0283616
-7.1542 6.92709 -0.0328027
-6.48359 7.55668 -0.0297279
-4.27364 6.03235 -0.0196021
-3.84176 6.19981 -0.0176219
-4.95833 6.99688 -0.0227392
-4.35833 6.57138 -0.0199896
-4.78404 5.24397 -0.0219425
-4.0412 5.34789 -0.0185371
-5.38171 -5.21416 -0.0246821
-9.96062 0.306435 -0.0456702
-5.18307 5.68063 -0.0237713
-5.11656 -5.60786 -0.0234665
-4.19469 -6.32508 -0.0192398
-3.78099 -7.58526 -0.0173408
-3.82503 -7.67342 -0.0175425
-0.613464 -9.93187 -0.00281281
-5.08989 -8.20922 -0.0233389
-4.55584 -5.31378 -0.0208964
-3.58929 -5.06758 -0.0164653
111.034 -141.037 405.722
154.002 -70.6422 306.572
203.593 0 431.587
-5.45258 -5.28271 -0.0250069
-4.76116 -5.91171 -0.0218371
-6.01962 -5.83101 -0.0276054
-6.26957 -5.70945 -0.0287511
-6.3032 -6.10509 -0.0289047
-8.47268 -5.23844 -0.038848
-9.05316 -4.15906 -0.0415095
-9.17713 -3.8787 -0.0420779
-9.2924 -3.59466 -0.0426064
-6.6097 -5.3132 -0.0303103
-9.79567 -1.82847 -0.0449139
-9.73463 -2.12882 -0.044634
-4.98263 -8.61762 -0.0228459
-3.3855 -8.72778 -0.0155248
-3.57596 -8.43816 -0.0163987
-4.73546 -8.19129 -0.0217145
-4.53778 -7.8502 -0.0208094
-5.19398 -8.37662 -0.0238154
-4.61594 -6.51465 -0.0211706
-4.67299 -6.59503 -0.021432
-5.76715 -7.62673 -0.0264446
-6.38696 6.57866 -0.0292877
22.3119 173.774 353.992
24.8418 180.514 427.275
-10.9961 180.2 418.654
-5.64977 168.379 302.26
-31.8471 177.695 405.722
0.306879 9.94602 0.00140708
4.71449 8.76675 0.0216165
4.98262 8.61762 0.0228459
-5.40987 7.15538 -0.0248084
-5.12957 7.23797 -0.0235235
-5.71219 6.65977 -0.0261951
88.7156 99.4616 215.975
183.921 0 306.602
182.601 0 302.29
170.568 0 267.792
173.818 0 276.418
172.213 0 272.105
127.512 -121.507 431.585
122.78 -131.264 418.653
95.5095 -89.2986 207.348
-3.34073 -6.70356 -0.0153239
116.976 42.5588 190.091
136.849 0 194.444
9.49639 3.01663 0.0435417
9.58492 2.72318 0.0439476
50.0061 0 56.2301
73.7944 0 90.7983
13.0061 -1.1208 4.36749
34.7358 0 34.6219
16.0987 1.08954 8.68946
16.1273 -0.871608 8.68963
9.92284 0.91815 0.045497
-5.75767 8.12179 -0.0263995
-5.50446 8.29499 -0.0252385
-6.24746 7.75247 -0.0286453
-4.85054 5.31675 -0.0222473
-4.78404 -5.24397 -0.0219425
-9.94645 0.612583 -0.0456052
-9.92284 0.91815 -0.045497
-3.73781 -6.03232 -0.0171455
-4.0412 -5.34789 -0.0185371
-4.57548 5.68153 -0.0209862
-4.04549 5.71079 -0.0185565
-5.90474 -5.37785 -0.0270793
-5.64792 -6.58502 -0.0259007
-9.49639 -3.01663 -0.0435417
-3.49267 -9.0033 -0.0160153
-4.71449 -8.76675 -0.0216165
-5.40987 -7.15539 -0.0248084
-5.12957 -7.23797 -0.0235235
-5.46941 -7.23395 -0.0250811
-3.40199 5.88843 -0.0156059
-3.35264 5.80312 -0.0153797
-4.41362 7.12091 -0.020242
-5.93768 7.36909 -0.0272268
-4.95852 7.47433 -0.0227389
188.787 0 323.846
147.849 0 216.023
145.718 0 211.707
7.95248 -5.99671 0.0364629
111.261 -67.3752 207.346
-3.59943 -6.22966 -0.0165108
81.2354 10.7293 103.757
80.4448 13.1827 103.755
12.659 2.77801 4.36575
117.561 0 159.907
88.1038 0 112.399
70.8504 -0.778204 86.4776
64.9871 0 77.8361
67.932 -0.176115 82.157
79.5773 0 99.4392
9.92284 -0.918151 0.045497
22.3796 -0.0805229 17.3341
19.2714 -0.28859 13.012
19.2789 -0.144245 13.012
22.3819 0 17.3341
9.79567 -1.82846 0.0449139
16.1653 -0.435786 8.68986
16.1653 0.435783 8.68986
25.4761 0.0369318 21.6561
25.4784 0 21.6561
22.3796 0.0805342 17.3341
12.9234 1.67779 4.36707
16.0638 1.3075 8.68925
-6.31416 6.9174 -0.0289533
-4.39812 5.81951 -0.020173
-4.87697 -5.68773 -0.0223682
-4.39812 -5.81951 -0.020173
-2.70004 -9.47614 -0.0123803
-3.61449 -8.52886 -0.0165751
-3.83447 -8.32421 -0.0175841
-6.06781 -5.19372 -0.0278268
-5.64805 -7.46962 -0.0258992
-5.83694 -6.01335 -0.0267679
-6.4885 -5.90838 -0.0297542
-6.70745 -6.10728 -0.0307573
-7.76377 -6.2384 -0.0355976
-7.14541 -6.505 -0.0327635
-7.97244 -5.63569 -0.036555
-4.93378 -7.9581 -0.0226242
-6.00541 -7.9409 -0.0275354
-5.23145 -7.88469 -0.0239887
-5.47212 -7.72009 -0.0250922
-6.1145 6.6992 -0.0280388
101.872 0 133.996
132.215 0 185.811
129.85 0 181.494
134.549 0 190.127
62.019 0 73.5152
70.8504 0.778227 86.4776
70.8755 0 86.4777
67.9395 0 82.157
9.79567 1.82846 0.0449139
-4.41288 -6.65348 -0.0202395
163.598 0 250.539
161.76 0 246.225
186.438 0 315.224
185.2 0 310.913
203.063 0 414.351
-5.18307 -5.68063 -0.0237713
-5.06768 -7.63848 -0.0232388
-6.11193 -6.29602 -0.0280278
-8.30477 -5.13492 -0.0380787
-4.36162 -7.03718 -0.0200038
-4.95852 -7.47433 -0.0227389
-5.99963 7.44577 -0.0275105
19.2714 0.288584 13.012
-4.85054 -5.31675 -0.0222473
165.399 0 254.853
187.633 0 319.536
181.239 0 297.979
179.836 0 293.667
197.25 0 362.639
196.481 0 358.329
201.827 0 397.115
201.408 0 392.806
-6.99433 -5.62168 -0.0320727
-5.35793 -7.55939 -0.0245693
-4.30962 -6.95345 -0.0197656
-5.01541 -7.07725 -0.0230006
67.932 0.176098 82.157
159.883 0 241.911
178.392 0 289.355
199.294 0 375.568
198.656 0 371.258
194.815 0 349.709
193.917 0 345.399
202.202 0 401.424
200.945 0 388.496
-7.1665 -5.06733 -0.0328623
127.453 0 177.177
125.025 0 172.86
-4.81463 -6.36965 -0.0220816
197.975 0 366.949
195.67 0 354.019
192.976 0 341.089
3  0 1 2
3  3 4 5
3  6 7 8
3  3 5 9
3  10 11 12
3  13 14 15
3  16 3 17
3  18 19 20
3  21 22 23
3  24 25 26
3  27 28 29
3  30 31 32
3  33 34 35
3  36 37 38
3  39 40 41
3  42 43 44
3  45 46 47
3  48 49 50
3  51 52 36
3  53 54 55
3  56 57 58
3  59 60 61
3  62 63 64
3  42 65 66
3  67 68 69
3  70 40 71
3  72 73 74
3  75 76 77
3  78 79 80
3  81 82 83
3  76 84 77
3  5 85 19
3  86 87 88
3  43 42 62
3  89 90 91
3  92 93 94
3  95 13 96
3  97 98 99
3  52 100 55
3  101 102 103
3  24 104 105
3  106 86 107
3  108 75 77
3  4 3 109
3  110 111 112
3  113 52 55
3  79 114 115
3  116 93 112
3  117 118 119
3  120 121 122
3  123 124 125
3  126 127 128
3  63 75 64
3  129 130 131
3  65 132 133
3  75 108 64
3  42 18 134
3  134 18 75
3  117 135 136
3  6 137 138
3  139 111 140
3  141 142 143
3  144 22 21
3  145 146 147
3  148 149 27
3  150 149 48
3  41 151 152
3  153 154 155
3  117 40 156
3  24 157 158
3  159 109 160
3  119 118 161
3  162 163 164
3  165 166 167
3  168 169 170
3  157 24 171
3  172 173 174
3  88 53 175
3  3 9 176
3  151 3 177
3  4 109 178
3  85 178 84
3  179 180 181
3  182 183 184
3  5 4 85
3  178 109 185
3  94 127 186
3  187 123 125
3  172 188 189
3  127 126 186
3  190 191 192
3  92 193 112
3  194 195 192
3  196 197 198
3  199 200 201
3  77 185 159
3  4 178 85
3  19 85 76
3  43 202 44
3  65 42 44
3  42 134 62
3  134 63 62
3  203 204 180
3  73 205 74
3  206 207 208
3  137 6 209
3  210 211 212
3  48 213 214
3  215 216 217
3  81 100 218
3  140 111 219
3  220 221 222
3  223 106 107
3  224 225 226
3  117 156 135
3  227 228 229
3  39 151 230
3  230 151 177
3  40 119 161
3  41 40 161
3  109 3 90
3  90 231 232
3  202 14 44
3  130 233 131
3  234 235 236
3  237 238 239
3  240 241 242
3  243 157 171
3  24 26 244
3  40 39 245
3  9 5 132
3  246 247 248
3  249 250 251
3  188 54 53
3  18 42 252
3  65 5 66
3  104 9 105
3  65 24 105
3  253 254 255
3  36 38 256
3  257 258 259
3  260 67 58
3  261 262 263
3  264 265 266
3  86 43 64
3  63 134 75
3  252 42 66
3  75 18 20
3  267 268 269
3  67 270 58
3  271 128 272
3  93 92 112
3  273 274 275
3  276 277 191
3  278 145 147
3  279 101 280
3  92 110 193
3  281 282 139
3  283 284 285
3  286 282 219
3  260 160 287
3  68 67 260
3  204 203 288
3  289 127 290
3  291 37 201
3  54 188 172
3  292 293 294
3  295 296 297
3  178 185 84
3  109 89 160
3  298 299 300
3  301 302 303
3  304 305 306
3  237 307 224
3  283 237 224
3  246 308 309
3  310 311 312
3  313 314 315
3  316 317 318
3  1 319 153
3  320 321 322
3  265 323 266
3  45 74 324
3  325 326 327
3  86 106 328
3  39 230 329
3  330 331 332
3  141 333 334
3  305 135 306
3  335 336 306
3  6 337 209
3  338 1 0
3  177 3 339
3  230 177 176
3  90 340 91
3  270 341 342
3  3 151 17
3  151 16 17
3  343 344 345
3  16 151 161
3  90 3 231
3  346 347 348
3  341 160 349
3  109 90 89
3  350 351 352
3  48 353 213
3  44 14 166
3  24 248 354
3  171 355 356
3  243 171 356
3  165 357 308
3  246 355 247
3  31 163 26
3  26 163 358
3  5 19 66
3  359 360 170
3  158 157 361
3  362 149 363
3  169 359 170
3  248 24 65
3  54 52 113
3  55 54 364
3  100 365 55
3  55 366 367
3  359 86 368
3  369 370 371
3  329 372 358
3  9 104 329
3  341 68 160
3  373 374 159
3  375 37 36
3  376 377 378
3  11 10 379
3  380 200 271
3  270 288 58
3  381 201 382
3  383 384 385
3  87 86 64
3  127 386 387
3  78 80 127
3  271 388 389
3  390 257 391
3  160 260 392
3  288 393 58
3  93 394 395
3  93 116 394
3  79 78 127
3  56 126 396
3  127 268 397
3  115 398 386
3  390 399 400
3  92 203 180
3  288 270 342
3  68 341 270
3  151 41 161
3  353 149 401
3  220 222 402
3  403 404 405
3  406 145 407
3  408 285 409
3  92 190 195
3  410 411 412
3  413 414 415
3  111 416 417
3  193 110 112
3  92 111 418
3  185 109 159
3  159 374 419
3  393 56 58
3  93 127 94
3  420 268 267
3  254 421 255
3  108 53 88
3  43 62 64
3  85 84 76
3  123 187 160
3  19 18 66
3  18 252 66
3  43 86 169
3  248 65 44
3  239 238 422
3  423 284 424
3  342 341 425
3  40 117 119
3  149 156 426
3  136 135 305
3  156 149 135
3  149 148 135
3  191 427 428
3  429 430 431
3  337 2 226
3  92 180 432
3  150 27 29
3  149 28 27
3  49 149 50
3  149 49 48
3  276 433 434
3  276 435 277
3  436 145 437
3  2 1 424
3  407 145 438
3  1 338 430
3  439 59 440
3  142 282 143
3  441 144 442
3  52 51 443
3  444 445 12
3  372 26 358
3  446 447 448
3  234 449 450
3  451 446 448
3  384 452 370
3  376 453 454
3  452 383 370
3  455 456 457
3  148 60 59
3  458 224 459
3  460 461 462
3  461 463 462
3  464 465 466
3  467 468 184
3  469 470 471
3  472 473 142
3  424 224 226
3  151 39 152
3  39 41 152
3  91 341 349
3  274 474 344
3  475 161 476
3  90 232 340
3  231 3 477
3  475 346 478
3  479 129 131
3  480 297 96
3  479 481 482
3  22 483 451
3  484 355 309
3  485 486 487
3  202 43 169
3  86 359 169
3  308 357 309
3  488 489 490
3  491 492 493
3  494 495 32
3  355 171 354
3  171 24 354
3  355 246 309
3  484 309 496
3  245 497 71
3  162 30 498
3  104 372 329
3  24 372 499
3  25 158 495
3  158 500 495
3  500 243 495
3  25 24 158
3  365 100 501
3  100 366 501
3  502 88 503
3  383 21 23
3  215 223 107
3  22 504 370
3  9 132 105
3  132 65 105
3  421 201 255
3  84 185 77
3  199 293 271
3  52 375 36
3  375 52 201
3  505 97 506
3  37 375 201
3  264 38 265
3  51 36 507
3  330 253 508
3  508 253 509
3  331 98 505
3  291 201 510
3  511 258 512
3  513 514 506
3  513 506 259
3  139 282 142
3  394 116 112
3  395 394 473
3  394 139 142
3  281 139 140
3  515 195 194
3  52 54 201
3  391 99 399
3  54 516 201
3  93 395 127
3  203 517 288
3  203 92 517
3  518 74 519
3  520 521 522
3  67 69 270
3  204 288 342
3  180 204 181
3  118 117 46
3  161 118 46
3  117 136 46
3  276 411 410
3  338 0 410
3  155 523 524
3  525 526 527
3  111 515 219
3  277 435 191
3  528 102 529
3  530 311 531
3  515 111 417
3  422 237 532
3  111 110 418
3  110 92 418
3  58 57 392
3  69 68 270
3  200 199 271
3  398 420 386
3  533 474 274
3  260 58 392
3  534 535 536
3  53 55 175
3  87 64 88
3  64 108 88
3  108 77 537
3  188 53 189
3  19 76 20
3  76 75 20
3  475 46 538
3  46 45 538
3  225 224 539
3  73 304 205
3  336 335 540
3  307 541 542
3  538 518 519
3  543 74 544
3  150 60 27
3  60 148 27
3  28 149 29
3  149 150 29
3  545 546 547
3  60 150 48
3  149 353 50
3  353 48 50
3  306 440 548
3  549 550 551
3  543 538 552
3  423 553 155
3  483 22 327
3  554 555 556
3  366 100 557
3  144 558 442
3  559 218 560
3  561 562 563
3  183 481 467
3  467 479 131
3  326 250 446
3  327 22 564
3  369 384 370
3  534 558 565
3  504 22 451
3  469 566 567
3  327 564 568
3  569 455 206
3  570 149 571
3  572 573 574
3  455 225 458
3  148 59 439
3  575 316 318
3  284 283 424
3  135 335 306
3  541 307 576
3  236 235 577
3  225 569 578
3  460 137 579
3  6 580 337
3  581 7 582
3  463 129 583
3  460 481 183
3  584 585 131
3  7 333 582
3  211 282 212
3  9 329 176
3  329 230 176
3  235 586 577
3  587 588 589
3  586 590 130
3  591 586 130
3  213 573 592
3  593 208 594
3  595 14 596
3  587 597 598
3  165 248 166
3  248 44 166
3  246 248 308
3  248 165 308
3  157 243 361
3  31 494 32
3  495 243 599
3  599 356 600
3  248 247 354
3  247 355 354
3  601 602 603
3  604 605 606
3  163 607 362
3  149 607 162
3  156 40 426
3  149 426 70
3  39 163 245
3  163 497 245
3  25 608 26
3  608 31 26
3  163 39 358
3  39 329 358
3  372 104 499
3  104 24 499
3  132 5 133
3  5 65 133
3  144 21 558
3  609 367 536
3  534 610 611
3  612 613 614
3  615 88 369
3  88 384 369
3  449 360 450
3  233 250 131
3  447 446 223
3  451 448 616
3  615 216 107
3  216 215 107
3  448 215 217
3  615 616 617
3  331 330 508
3  331 618 98
3  618 381 619
3  200 620 201
3  620 98 621
3  467 131 622
3  114 472 115
3  79 127 114
3  623 80 386
3  395 473 127
3  394 112 139
3  473 394 142
3  624 468 625
3  626 627 628
3  38 264 256
3  629 11 376
3  112 111 139
3  580 286 219
3  630 515 410
3  0 630 410
3  337 580 631
3  580 0 631
3  632 621 382
3  619 381 382
3  288 517 393
3  517 92 393
3  422 408 633
3  634 274 635
3  636 410 412
3  410 636 637
3  515 433 410
3  433 276 410
3  416 638 417
3  638 416 195
3  80 623 127
3  292 124 639
3  99 98 620
3  199 201 640
3  124 126 128
3  57 56 396
3  54 113 641
3  113 55 641
3  366 55 501
3  55 365 501
3  55 609 536
3  175 55 536
3  536 535 642
3  384 88 385
3  53 537 189
3  53 108 537
3  643 73 644
3  305 304 643
3  238 237 422
3  542 304 548
3  335 135 645
3  540 335 645
3  336 135 439
3  646 135 647
3  340 232 91
3  232 231 91
3  432 180 575
3  523 197 196
3  195 190 192
3  435 434 191
3  191 190 648
3  435 276 434
3  92 195 649
3  195 416 649
3  155 551 650
3  423 153 553
3  526 651 652
3  653 430 654
3  655 221 414
3  656 655 657
3  423 658 659
3  283 408 660
3  283 285 408
3  661 662 633
3  153 549 154
3  319 520 663
3  145 664 438
3  153 319 549
3  311 146 312
3  663 550 665
3  82 218 666
3  82 666 667
3  668 556 669
3  502 503 670
3  100 81 557
3  206 455 457
3  666 671 667
3  81 218 82
3  251 325 469
3  183 467 184
3  506 391 259
3  258 629 376
3  258 624 512
3  137 460 183
3  446 106 223
3  370 504 371
3  74 543 552
3  251 469 471
3  586 234 590
3  250 249 131
3  591 129 672
3  235 234 586
3  86 88 107
3  88 615 107
3  22 144 564
3  483 326 451
3  565 558 670
3  673 379 674
3  214 213 592
3  675 572 574
3  676 213 401
3  149 162 498
3  491 677 32
3  494 608 678
3  456 59 679
3  546 228 227
3  135 646 439
3  439 646 647
3  283 224 424
3  2 424 226
3  301 680 302
3  569 225 455
3  681 682 593
3  683 225 578
3  7 6 684
3  182 7 684
3  209 337 685
3  209 683 686
3  582 333 211
3  333 141 211
3  585 470 468
3  481 479 467
3  290 127 687
3  420 398 115
3  3 176 339
3  176 177 339
3  475 538 688
3  231 477 91
3  168 234 689
3  168 480 96
3  236 577 690
3  296 234 236
3  129 482 583
3  129 479 482
3  691 692 693
3  694 588 695
3  14 696 697
3  692 691 696
3  296 698 297
3  15 14 699
3  15 202 96
3  13 15 96
3  243 500 361
3  500 158 361
3  700 34 701
3  677 30 32
3  599 702 703
3  484 704 604
3  705 706 707
3  708 355 484
3  299 709 710
3  301 711 712
3  607 163 162
3  163 31 164
3  607 149 362
3  149 497 363
3  426 40 70
3  40 245 71
3  26 372 244
3  372 24 244
3  713 714 613
3  715 558 716
3  215 447 223
3  452 384 383
3  293 174 294
3  123 160 392
3  187 373 160
3  373 159 160
3  128 127 272
3  289 290 717
3  537 77 189
3  77 374 718
3  323 265 719
3  265 253 719
3  98 618 619
3  618 331 508
3  330 332 266
3  262 720 721
3  38 291 265
3  201 253 510
3  516 54 199
3  54 172 199
3  201 632 382
3  381 618 508
3  722 723 724
3  257 390 723
3  114 127 725
3  127 473 726
3  377 262 514
3  331 505 506
3  673 11 379
3  445 441 727
3  515 630 219
3  0 580 219
3  7 580 8
3  580 6 8
3  580 7 210
3  7 581 210
3  0 2 631
3  631 2 728
3  729 344 730
3  731 204 342
3  620 200 732
3  200 380 732
3  126 124 396
3  124 57 396
3  54 641 364
3  641 55 364
3  367 366 536
3  609 55 367
3  88 175 503
3  383 385 733
3  366 610 536
3  610 534 536
3  59 456 440
3  225 539 458
3  304 73 643
3  73 46 644
3  734 135 540
3  135 336 540
3  477 3 735
3  91 477 735
3  74 205 541
3  541 205 736
3  74 307 239
3  307 237 239
3  533 204 474
3  74 239 422
3  274 737 738
3  739 316 740
3  46 136 644
3  73 72 46
3  679 59 61
3  545 592 741
3  573 676 742
3  573 213 676
3  191 434 192
3  433 515 194
3  638 195 417
3  195 515 417
3  649 416 743
3  111 92 649
3  191 744 745
3  411 276 191
3  746 747 523
3  280 101 103
3  530 531 147
3  553 153 155
3  748 661 633
3  310 664 749
3  522 750 751
3  145 406 744
3  752 315 753
3  754 755 315
3  520 319 521
3  1 430 653
3  756 757 758
3  759 760 761
3  762 405 415
3  526 525 763
3  438 522 751
3  757 637 758
3  438 664 312
3  284 423 659
3  764 407 438
3  664 310 312
3  154 549 551
3  659 658 155
3  262 261 765
3  554 671 766
3  767 320 322
3  261 263 555
3  332 331 514
3  514 262 768
3  554 261 555
3  443 51 507
3  81 83 612
3  444 769 568
3  770 671 666
3  218 559 666
3  560 218 771
3  559 52 772
3  511 629 773
3  258 257 774
3  470 469 567
3  578 569 206
3  262 377 775
3  258 376 776
3  584 249 777
3  468 467 622
3  250 326 251
3  326 325 251
3  470 585 584
3  333 7 778
3  249 584 131
3  368 590 450
3  590 233 130
3  129 591 130
3  129 463 672
3  586 591 779
3  447 215 448
3  326 446 451
3  368 86 328
3  368 328 780
3  441 445 568
3  326 483 327
3  379 10 626
3  612 83 613
3  444 12 567
3  781 566 769
3  588 351 782
3  214 592 545
3  214 545 547
3  546 227 783
3  675 573 572
3  784 785 574
3  570 677 786
3  677 573 742
3  243 356 599
3  706 705 787
3  135 148 647
3  148 439 647
3  224 307 542
3  539 224 458
3  1 153 424
3  153 423 424
3  683 579 686
3  350 788 682
3  225 683 789
3  683 337 789
3  789 337 226
3  225 789 226
3  482 481 583
3  481 460 583
3  683 461 579
3  461 460 579
3  337 683 685
3  683 209 685
3  210 581 211
3  581 582 211
3  182 684 138
3  684 6 138
3  390 115 724
3  390 420 115
3  16 161 790
3  161 475 790
3  538 274 791
3  91 346 792
3  779 588 793
3  586 779 577
3  465 464 794
3  694 695 795
3  796 795 797
3  595 798 33
3  692 13 799
3  95 800 801
3  698 296 802
3  95 698 802
3  170 360 449
3  234 168 170
3  295 297 803
3  297 804 803
3  14 202 699
3  202 15 699
3  805 355 601
3  355 602 601
3  491 806 807
3  703 808 809
3  587 121 597
3  805 601 810
3  464 811 812
3  299 813 605
3  301 574 711
3  309 357 496
3  31 30 164
3  30 162 164
3  497 163 363
3  163 362 363
3  497 149 71
3  149 70 71
3  534 565 670
3  383 733 670
3  22 370 23
3  370 383 23
3  613 83 814
3  558 534 611
3  615 369 371
3  615 371 616
3  271 289 717
3  187 292 815
3  373 187 816
3  294 817 816
3  374 77 419
3  77 159 419
3  271 293 818
3  293 292 818
3  172 189 718
3  189 77 718
3  174 374 294
3  718 374 819
3  554 320 767
3  443 256 321
3  37 291 38
3  323 330 266
3  293 199 174
3  199 172 174
3  97 99 391
3  390 391 399
3  99 380 820
3  380 271 820
3  472 142 115
3  723 390 724
3  114 821 726
3  821 127 822
3  513 259 378
3  259 776 378
3  98 97 505
3  514 331 506
3  673 823 824
3  823 263 824
3  556 263 674
3  379 626 825
3  630 0 219
3  580 210 286
3  2 337 728
3  337 631 728
3  56 393 94
3  94 393 826
3  126 56 186
3  56 94 186
3  204 827 828
3  634 204 829
3  204 830 831
3  779 351 588
3  475 688 344
3  474 731 344
3  575 662 661
3  190 92 432
3  127 623 386
3  267 127 387
3  127 289 272
3  289 271 272
3  632 201 621
3  201 620 621
3  380 99 732
3  99 620 732
3  88 502 385
3  385 502 733
3  535 503 642
3  558 21 670
3  21 383 670
3  733 502 670
3  503 175 642
3  175 536 642
3  306 336 440
3  336 439 440
3  136 305 644
3  305 643 644
3  135 734 645
3  734 540 645
3  346 735 478
3  832 3 833
3  160 89 349
3  89 91 349
3  541 304 542
3  458 459 548
3  307 74 576
3  74 541 576
3  205 304 736
3  304 541 736
3  46 72 834
3  538 45 324
3  739 179 181
3  74 518 544
3  60 48 835
3  48 214 835
3  592 573 741
3  573 675 228
3  416 111 743
3  111 649 743
3  434 433 192
3  433 194 192
3  427 648 747
3  836 748 837
3  412 838 839
3  744 838 745
3  838 411 745
3  411 191 745
3  279 754 531
3  145 436 146
3  313 279 314
3  840 528 529
3  664 145 278
3  531 754 315
3  411 838 412
3  406 412 839
3  752 753 841
3  279 280 753
3  653 654 759
3  654 842 759
3  319 1 521
3  1 653 521
3  430 221 656
3  756 525 402
3  843 763 844
3  760 842 845
3  764 636 407
3  756 758 844
3  637 846 222
3  338 410 637
3  155 154 551
3  663 520 312
3  659 155 409
3  190 836 837
3  550 663 551
3  840 310 749
3  658 423 155
3  550 549 665
3  549 319 665
3  319 663 665
3  563 847 848
3  52 443 561
3  52 847 563
3  770 849 563
3  264 720 322
3  720 261 322
3  218 100 771
3  52 559 560
3  52 849 772
3  849 559 772
3  141 624 722
3  624 258 722
3  629 258 773
3  258 511 773
3  781 769 567
3  769 444 567
3  376 11 453
3  11 673 453
3  566 469 769
3  11 629 567
3  470 850 471
3  249 850 777
3  446 250 590
3  250 233 590
3  591 672 851
3  672 463 788
3  328 106 852
3  852 106 853
3  445 444 568
3  10 445 626
3  611 610 716
3  714 715 613
3  442 558 715
3  557 81 612
3  445 10 12
3  12 11 567
3  229 675 783
3  206 456 854
3  588 587 695
3  466 208 783
3  121 587 589
3  461 855 682
3  30 677 498
3  149 498 571
3  573 677 784
3  492 785 493
3  213 353 401
3  677 742 786
3  31 608 494
3  495 494 678
3  463 583 462
3  583 460 462
3  579 137 686
3  137 209 686
3  282 211 143
3  211 141 143
3  468 470 856
3  334 333 857
3  137 183 138
3  183 182 138
3  161 46 476
3  46 475 476
3  588 694 858
3  588 858 793
3  680 859 597
3  695 587 795
3  165 167 488
3  700 691 34
3  694 693 802
3  692 800 693
3  297 860 96
3  296 694 802
3  590 234 450
3  234 170 449
3  168 804 480
3  804 168 803
3  234 296 803
3  296 295 803
3  702 599 600
3  861 599 242
3  356 355 600
3  707 600 862
3  574 492 711
3  495 599 861
3  863 864 865
3  167 489 488
3  484 709 704
3  709 299 704
3  558 611 716
3  610 366 716
3  616 217 617
3  448 217 616
3  124 292 125
3  292 187 125
3  374 817 294
3  187 294 816
3  817 374 816
3  374 373 816
3  160 68 287
3  68 260 287
3  57 124 392
3  124 123 392
3  399 820 400
3  388 290 400
3  173 718 819
3  173 172 718
3  253 330 719
3  330 323 719
3  201 516 640
3  516 199 640
3  621 98 382
3  98 619 382
3  253 201 254
3  201 421 254
3  253 265 510
3  265 291 510
3  124 128 639
3  128 271 639
3  290 388 717
3  388 271 717
3  201 381 255
3  381 508 255
3  97 391 506
3  391 257 259
3  99 820 399
3  820 388 400
3  388 820 389
3  820 271 389
3  141 866 867
3  866 115 867
3  127 821 725
3  821 114 725
3  473 472 726
3  472 114 726
3  258 776 259
3  776 376 378
3  514 378 868
3  514 513 378
3  559 849 666
3  556 668 869
3  377 453 775
3  453 673 775
3  441 442 714
3  442 715 714
3  555 263 556
3  262 824 870
3  282 286 212
3  286 210 212
3  282 281 219
3  281 140 219
3  393 92 826
3  92 94 826
3  204 273 275
3  533 274 871
3  204 731 474
3  688 538 344
3  836 190 575
3  190 432 575
3  80 79 386
3  79 115 386
3  268 127 269
3  127 267 269
3  503 535 670
3  535 534 670
3  440 456 458
3  456 455 458
3  735 3 832
3  346 91 735
3  459 542 548
3  304 306 548
3  739 317 316
3  575 872 873
3  874 532 660
3  408 422 874
3  72 74 834
3  46 834 47
3  518 538 544
3  538 543 544
3  538 519 875
3  519 74 875
3  546 545 741
3  61 60 876
3  523 155 197
3  427 191 648
3  145 744 877
3  191 877 878
3  838 744 879
3  744 406 879
3  427 746 880
3  310 279 311
3  145 877 428
3  877 191 428
3  313 315 881
3  311 279 531
3  840 278 528
3  752 528 315
3  838 879 839
3  879 406 839
3  882 883 884
3  885 279 753
3  842 654 886
3  842 760 759
3  654 430 886
3  887 652 888
3  889 890 887
3  653 750 891
3  221 655 656
3  430 656 431
3  221 220 414
3  403 889 892
3  414 220 893
3  338 637 222
3  636 412 407
3  412 406 407
3  894 895 896
3  405 890 889
3  762 415 893
3  415 414 893
3  520 438 312
3  889 887 888
3  764 751 897
3  751 843 898
3  279 310 101
3  310 840 101
3  664 278 749
3  278 840 749
3  561 563 848
3  561 443 562
3  261 767 322
3  261 554 767
3  320 562 321
3  562 443 321
3  36 256 507
3  256 443 507
3  849 770 666
3  899 668 669
3  849 52 563
3  671 770 563
3  262 332 768
3  332 514 768
3  332 720 266
3  720 264 266
3  720 332 721
3  332 262 721
3  261 720 765
3  720 262 765
3  321 256 322
3  256 264 322
3  769 327 568
3  613 715 716
3  100 52 771
3  52 560 771
3  624 334 857
3  624 141 334
3  470 567 856
3  629 624 900
3  624 629 512
3  629 511 512
3  257 723 722
3  141 722 724
3  453 377 454
3  377 376 454
3  850 249 471
3  249 251 471
3  850 470 777
3  470 584 777
3  578 206 593
3  672 350 851
3  106 446 853
3  328 852 780
3  371 504 616
3  504 451 616
3  567 629 856
3  566 781 567
3  366 557 612
3  456 206 457
3  669 556 674
3  83 82 899
3  469 325 769
3  325 327 769
3  144 441 568
3  564 144 568
3  456 61 876
3  456 679 61
3  681 589 901
3  788 463 682
3  811 464 783
3  302 675 303
3  681 350 682
3  208 466 902
3  498 677 571
3  677 570 571
3  785 677 493
3  677 491 493
3  677 785 784
3  573 784 574
3  742 149 786
3  149 570 786
3  149 742 401
3  742 676 401
3  495 806 903
3  806 491 32
3  806 242 904
3  806 861 242
3  241 492 905
3  492 491 807
3  608 25 678
3  25 495 678
3  538 737 274
3  739 274 738
3  342 729 730
3  342 343 345
3  347 346 425
3  341 347 425
3  236 858 906
3  858 694 906
3  577 793 690
3  577 779 793
3  350 681 901
3  464 589 794
3  813 299 907
3  597 859 598
3  908 598 797
3  909 910 691
3  167 166 911
3  489 167 33
3  489 35 912
3  798 691 913
3  604 299 605
3  691 700 701
3  13 800 799
3  800 692 799
3  800 13 801
3  13 95 801
3  360 359 450
3  359 368 450
3  297 698 860
3  698 95 860
3  804 297 480
3  860 95 96
3  234 803 689
3  803 168 689
3  711 492 809
3  702 600 706
3  914 808 706
3  355 604 915
3  357 488 496
3  357 165 488
3  34 486 35
3  489 33 35
3  486 485 35
3  705 606 916
3  680 864 863
3  598 298 487
3  813 907 917
3  914 706 787
3  785 492 574
3  240 703 809
3  605 813 606
3  485 300 710
3  292 294 815
3  294 187 815
3  390 687 397
3  687 127 397
3  374 174 819
3  174 173 819
3  292 639 818
3  639 271 818
3  253 255 509
3  255 508 509
3  115 142 867
3  142 141 867
3  127 726 822
3  726 821 822
3  378 377 868
3  377 514 868
3  918 83 669
3  554 556 869
3  83 899 669
3  899 82 668
3  262 775 824
3  775 673 824
3  669 674 627
3  83 918 814
3  713 626 714
3  626 445 727
3  626 727 714
3  727 441 714
3  274 830 275
3  830 204 275
3  386 420 387
3  420 267 387
3  224 542 459
3  440 458 548
3  3 16 833
3  735 832 833
3  285 284 409
3  284 659 409
3  737 74 317
3  74 422 317
3  872 317 873
3  837 748 633
3  408 874 660
3  874 422 532
3  834 74 47
3  74 45 47
3  74 737 875
3  737 538 875
3  877 744 878
3  744 191 878
3  146 311 919
3  311 530 919
3  648 920 921
3  746 427 747
3  922 837 633
3  746 523 880
3  314 885 315
3  528 278 315
3  754 279 755
3  315 755 881
3  102 101 529
3  101 840 529
3  279 885 314
3  753 280 841
3  103 752 923
3  280 103 923
3  752 924 883
3  925 882 926
3  842 886 429
3  886 430 429
3  652 651 888
3  651 526 845
3  760 843 761
3  750 653 759
3  750 522 891
3  764 438 751
3  522 521 891
3  521 653 891
3  403 657 413
3  657 655 413
3  405 404 415
3  655 414 413
3  637 757 846
3  757 756 846
3  520 522 438
3  758 637 897
3  762 890 405
3  403 405 889
3  526 895 894
3  527 526 894
3  895 526 652
3  897 751 898
3  527 220 402
3  525 527 402
3  750 759 761
3  651 429 431
3  637 636 927
3  636 764 927
3  146 436 312
3  428 196 198
3  562 320 563
3  671 563 766
3  624 857 778
3  857 333 778
3  7 184 778
3  7 182 184
3  629 900 856
3  468 856 625
3  257 722 774
3  722 258 774
3  115 866 724
3  866 141 724
3  351 779 352
3  779 591 352
3  463 461 682
3  350 672 788
3  446 590 780
3  590 368 780
3  446 780 853
3  780 852 853
3  217 216 617
3  216 615 617
3  713 613 814
3  366 612 716
3  546 207 876
3  456 876 854
3  461 683 855
3  683 578 855
3  546 876 547
3  876 60 547
3  783 675 928
3  464 466 783
3  466 465 902
3  465 681 902
3  302 120 122
3  302 680 120
3  806 32 903
3  32 495 903
3  905 492 904
3  242 905 904
3  241 905 242
3  806 495 861
3  131 585 622
3  585 468 622
3  74 552 324
3  552 538 324
3  204 929 930
3  274 739 181
3  830 274 831
3  204 831 829
3  827 274 828
3  204 931 932
3  346 344 425
3  346 475 344
3  737 317 738
3  317 739 738
3  342 425 933
3  425 344 933
3  347 341 348
3  346 348 792
3  793 858 690
3  858 236 690
3  694 296 906
3  296 236 906
3  589 681 794
3  681 465 794
3  351 589 782
3  589 588 934
3  589 351 901
3  351 350 901
3  587 598 908
3  694 795 796
3  121 120 597
3  120 680 597
3  864 935 865
3  485 298 300
3  797 598 936
3  598 859 298
3  486 910 797
3  910 909 797
3  798 696 937
3  694 796 693
3  166 14 911
3  167 911 33
3  911 14 33
3  14 595 33
3  496 490 710
3  298 485 487
3  14 798 596
3  798 595 596
3  14 13 696
3  13 692 696
3  202 169 96
3  169 168 96
3  808 914 809
3  914 711 809
3  805 810 862
3  810 705 707
3  704 299 604
3  602 355 603
3  496 488 490
3  709 496 710
3  490 485 710
3  709 484 496
3  574 303 938
3  574 301 303
3  492 241 809
3  241 240 809
3  299 298 907
3  935 864 939
3  290 687 400
3  687 390 400
3  268 420 397
3  420 390 397
3  824 263 870
3  263 262 870
3  263 823 674
3  823 673 674
3  554 869 940
3  869 668 940
3  16 790 833
3  790 475 833
3  551 312 650
3  551 663 312
3  524 920 633
3  409 155 633
3  316 575 740
3  575 180 740
3  532 237 660
3  237 283 660
3  920 524 921
3  648 190 920
3  315 278 147
3  531 315 147
3  315 885 753
3  882 280 883
3  102 528 103
3  528 752 103
3  752 883 923
3  883 280 923
3  651 845 429
3  845 842 429
3  404 413 415
3  404 403 413
3  220 527 893
3  527 894 941
3  221 430 222
3  430 338 222
3  222 846 402
3  846 756 402
3  637 927 897
3  927 764 897
3  145 428 437
3  428 427 196
3  563 320 766
3  320 554 766
3  847 52 848
3  52 561 848
3  671 668 667
3  668 82 667
3  184 468 778
3  468 624 778
3  856 900 625
3  900 624 625
3  591 851 942
3  851 350 942
3  876 207 854
3  207 206 854
3  60 835 547
3  835 214 547
3  573 228 741
3  228 546 741
3  228 675 229
3  227 229 783
3  681 593 594
3  206 208 593
3  121 589 122
3  589 464 122
3  599 703 242
3  703 240 242
3  929 274 930
3  204 635 943
3  831 274 829
3  274 634 829
3  931 274 932
3  204 871 944
3  204 945 946
3  945 274 946
3  274 344 791
3  344 538 791
3  342 947 948
3  947 344 948
3  342 949 950
3  949 344 950
3  344 343 933
3  343 342 933
3  348 341 792
3  341 91 792
3  589 934 782
3  934 588 782
3  909 691 951
3  691 693 951
3  859 680 298
3  865 935 952
3  795 908 797
3  909 796 797
3  486 797 936
3  795 587 908
3  691 910 34
3  910 486 34
3  34 33 701
3  691 701 913
3  705 810 606
3  485 490 35
3  696 691 937
3  691 798 937
3  696 798 697
3  798 14 697
3  808 703 706
3  703 702 706
3  813 917 606
3  810 601 603
3  706 600 707
3  810 707 862
3  298 680 863
3  300 299 710
3  810 603 606
3  603 604 606
3  574 938 953
3  938 303 953
3  680 712 954
3  680 301 712
3  711 935 939
3  711 914 935
3  627 674 628
3  674 379 825
3  668 671 940
3  671 554 940
3  735 833 478
3  833 475 478
3  312 197 650
3  197 155 650
3  317 662 873
3  662 575 873
3  748 836 661
3  836 575 661
3  317 872 318
3  872 575 318
3  180 179 740
3  179 739 740
3  523 747 524
3  920 190 922
3  155 524 633
3  920 922 633
3  146 919 147
3  919 530 147
3  755 279 881
3  279 313 881
3  280 882 841
3  882 925 841
3  924 926 955
3  924 925 926
3  656 657 431
3  651 431 892
3  843 760 763
3  758 897 898
3  890 895 887
3  895 652 887
3  762 941 896
3  941 894 896
3  523 196 880
3  196 427 880
3  197 312 437
3  312 436 437
3  350 352 942
3  352 591 942
3  918 626 814
3  626 713 814
3  613 716 614
3  716 612 614
3  811 783 812
3  675 302 812
3  682 855 593
3  855 578 593
3  492 807 904
3  807 806 904
3  635 274 943
3  204 634 635
3  204 930 956
3  930 274 956
3  871 274 944
3  204 533 871
3  274 827 932
3  827 204 932
3  274 945 828
3  945 204 828
3  204 946 957
3  946 274 957
3  342 958 959
3  958 344 959
3  342 960 961
3  960 344 961
3  344 949 962
3  949 342 962
3  342 950 963
3  950 344 963
3  693 800 964
3  800 95 964
3  598 487 936
3  487 486 936
3  701 33 913
3  33 798 913
3  355 708 604
3  708 484 604
3  600 355 862
3  355 805 862
3  907 865 952
3  606 917 916
3  303 675 953
3  675 574 953
3  712 864 954
3  864 680 954
3  864 712 939
3  712 711 939
3  626 918 627
3  918 669 627
3  408 409 633
3  922 190 837
3  648 965 966
3  965 524 966
3  925 924 841
3  924 752 841
3  883 926 884
3  926 882 884
3  926 883 955
3  883 924 955
3  760 845 763
3  845 526 763
3  843 751 761
3  751 750 761
3  888 651 892
3  889 888 892
3  527 941 893
3  941 762 893
3  895 890 896
3  890 762 896
3  197 437 198
3  437 428 198
3  208 207 783
3  207 546 783
3  302 122 812
3  464 812 967
3  208 902 594
3  902 681 594
3  274 929 943
3  929 204 943
3  274 181 956
3  181 204 956
3  274 931 944
3  931 204 944
3  274 273 957
3  273 204 957
3  344 958 730
3  958 342 730
3  344 947 968
3  947 342 968
3  344 960 969
3  960 342 969
3  342 961 970
3  961 344 970
3  344 962 345
3  962 342 345
3  344 729 963
3  729 342 963
3  693 796 951
3  796 909 951
3  964 95 802
3  693 964 802
3  907 298 865
3  298 863 865
3  604 603 915
3  603 355 915
3  917 952 916
3  917 907 952
3  674 825 628
3  825 626 628
3  662 317 633
3  317 422 633
3  524 965 921
3  965 648 921
3  524 747 966
3  747 648 966
3  763 525 844
3  525 756 844
3  431 657 892
3  657 403 892
3  675 812 928
3  812 783 928
3  812 122 967
3  122 464 967
3  344 968 959
3  968 342 959
3  344 969 948
3  969 342 948
3  344 731 970
3  731 342 970
3  35 490 912
3  490 489 912
3  952 935 916
3  935 914 916
3  843 844 898
3  844 758 898
3  705 916 787
3  916 914 787
