OFF
605 1206 0
-222.688 -4.82045 177.698
-239.327 13.2798 203.561
-186.131 96.6444 177.607
-185.671 241.494 414.4
-135.805 269.7 405.799
-165.559 277.185 324.208
1.22365 -9.87532 -0.00477346
1.52737 -9.83298 -0.00595826
-4.05895 -136.234 104.097
-134.769 -195.085 190.667
-86.0621 -100.044 95.4821
-11.8877 -134.881 104.094
112.533 -54.2297 104.011
133.271 20.9586 99.7967
207.06 -39.331 190.491
-41.5489 231.878 212.124
-8.84295 274.723 281.06
-121.208 -56.8673 104.075
-163.954 -144.824 190.549
241.933 67.2891 225.098
220.682 9.06041 190.556
20.3507 149.447 112.788
64.1208 116.01 104.064
4.4384 8.90755 -0.0173142
-205.777 -165.042 263.822
310.82 60.6748 418.706
313.618 -15.8949 362.834
239.417 200.905 431.598
237.523 176.778 375.695
-173.319 -192.996 242.328
-130.575 -280.196 302.69
-268.435 -201.815 405.829
150.774 -263.308 397.202
42.354 -326.516 384.348
104.532 -282.764 302.651
162.275 -231.782 435.896
1.23278 -273.817 435.896
58.239 -270.608 435.896
235.575 -214.923 427.301
215.749 -167.459 435.896
-71.8726 -330.181 358.599
-20.2007 -328.202 388.641
-78.1442 -302.731 431.598
-104.889 -68.4928 95.4227
-131.607 11.9604 95.4837
184.49 243.959 358.523
100.692 295.163 328.46
70.1298 308.262 427.3
-9.48888 -3.01661 0.0370159
-9.39142 -3.3072 0.0366357
-9.57733 -2.72317 0.0373609
165.292 223.184 268.191
180.027 161.087 212.154
-187.147 258.191 298.437
-61.2839 123.007 95.5272
-120.288 80.2538 104.162
-255.506 117.069 435.896
-258.873 154.545 401.498
261.633 -78.5978 263.87
210.545 -77.3972 207.756
261.633 109.36 336.973
282.58 -147.47 349.96
294.071 -94.8499 410.102
298.436 -18.2291 435.896
-205.408 -201.781 435.896
9.78792 1.82845 -0.0381824
9.83962 1.52637 -0.0383841
289.865 -130.897 345.66
-3.0186 -9.48249 0.0117756
123.118 96.4391 125.71
-280.229 -116.486 431.596
-273.368 41.2406 435.896
-296.493 -58.3331 392.902
48.7306 309.287 418.703
195.316 233.854 349.923
67.7203 -129.152 112.754
142.082 -215.048 255.205
131.602 88.7183 130.02
307.113 -7.76708 422.999
305.644 50.2403 427.299
236.226 -148.919 285.387
191.662 -207.566 293.987
-109.019 -309.564 371.459
26.1579 -270.926 268.164
-8.91354 -4.43545 0.0347715
-9.046 -4.15904 0.0352882
6.17633 -6.36617 -0.0240962
6.38232 -6.57826 -0.0248992
6.11013 -6.69878 -0.0238376
-3.3094 9.38509 0.01291
-3.01862 9.48248 0.0117756
-3.59703 9.27879 0.014032
-149.756 230.89 435.896
-249.679 114.076 298.251
235.938 122.89 435.896
90.9619 262.538 435.896
4.11701 4.51501 -0.0160655
4.51555 -4.95184 -0.01762
3.97593 -4.63957 -0.0155152
-6.9317 7.14378 0.0270405
25.0014 294.082 319.813
-49.9277 -224.633 194.913
18.0775 -240.351 220.742
170.061 -248.828 362.809
-161.187 -229.447 435.896
-291.402 19.9713 336.988
-283.047 -55.2709 341.289
179.43 -181.479 250.891
3.88126 9.1637 -0.0151408
4.1618 9.03991 -0.0162352
2.42875 -9.6502 -0.00947459
3.95471 -4.91321 -0.0154324
4.20197 -5.22022 -0.0163968
3.08968 -6.71316 -0.0120568
-3.30938 -9.38509 0.0129098
3.07526 -6.17397 -0.012001
-228.172 -188.192 431.596
-257.796 -41.5766 435.896
-219.948 -173.118 435.896
-3.88126 9.1637 0.0151408
-43.5626 296.143 401.496
-275.514 107.053 418.695
107.751 248.422 435.896
-159.091 -267.156 414.403
-90.0142 259.976 431.593
-82.9881 241.105 435.896
-4.9787 -8.61761 0.0194219
-5.24191 -8.4603 0.0204487
9.39142 -3.3072 -0.0366357
-9.16987 -3.87868 0.0357715
-9.28505 -3.59464 0.0362207
-8.46599 5.23841 0.0330256
-7.75765 6.23838 0.0302624
2.95669 5.11992 -0.011539
0.306647 -9.94602 -0.00119628
1.18661e-07 -9.95074 -4.63257e-10
6.9317 7.14377 -0.0270405
7.07773 6.85853 -0.0276104
7.00691 6.78999 -0.0273344
9.72693 2.12881 -0.0379445
-2.72497 9.57088 0.0106301
282.03 5.58738 289.686
-0.612988 9.93186 0.00239126
7.94621 -5.99668 -0.030998
-8.46599 -5.23842 0.0330256
-4.71079 -8.76673 0.0183767
1.82967 -9.78131 -0.00713759
3.32064 -5.36158 -0.0129588
3.75659 -5.66748 -0.0146593
3.35109 -5.80248 -0.0130773
2.13022 -9.72037 -0.00830998
-205.367 174.817 435.896
28.4112 242.428 237.947
150.779 77.4216 142.976
2.72498 -9.57088 -0.0106302
3.01861 -9.48249 -0.0117756
-270.195 -78.3036 319.766
93.9056 96.8527 108.379
8.6234 4.97539 -0.0336397
4.72247 7.62291 -0.0184246
4.584 7.93523 -0.017884
4.68267 8.10583 -0.0182685
4.16181 -9.0399 -0.0162352
4.43839 -8.90755 -0.0173142
3.11303 -5.02652 -0.012149
-8.77263 -4.70765 0.0342218
2.96104 4.1822 -0.0115561
3.32613 4.40361 -0.0129804
3.0486 -4.59984 -0.0118977
-9.28505 3.59464 0.0362207
-9.16987 3.87868 0.0357715
3.10305 4.68197 -0.0121101
-9.57733 2.72317 0.0373609
-9.78792 -1.82846 0.0381824
9.57734 -2.72315 -0.037361
9.48888 -3.01662 -0.0370159
9.28505 -3.59464 -0.0362208
-86.6789 289.342 384.303
7.56173 -6.47415 -0.0294982
7.75764 -6.23839 -0.0302624
8.30055 -5.49647 -0.0323803
8.12723 -5.74931 -0.0317042
4.71079 -8.76673 -0.0183767
5.0024 -5.83651 -0.0195185
5.21515 -5.37627 -0.0203485
5.4211 -5.58842 -0.0211516
8.46599 -5.2384 -0.0330257
4.9787 -8.61761 -0.0194219
-4.9787 8.61761 0.0194219
-5.2419 8.4603 0.0204486
-4.4384 8.90755 0.0173142
-4.71079 8.76673 0.0183768
3.86087 -5.11119 -0.0150663
8.51198 4.56796 -0.0332056
9.16987 3.87868 -0.0357715
7.71135 4.77202 -0.0300834
6.70828 7.35371 -0.0261689
4.71079 8.76673 -0.0183768
149.655 -244.943 431.595
138.009 -265.565 418.696
-19.5004 -269.987 435.896
9.65671 2.42714 -0.0376706
4.51454 -5.97594 -0.0176156
4.80992 -5.6121 -0.0187679
-9.95274 0.306435 0.0388254
-9.93858 0.612579 0.0387701
-6.24253 -7.75246 0.024352
3.03078 -5.64245 -0.0118278
4.73201 -8.19112 -0.0184608
5.24191 -8.46029 -0.0204487
4.39441 -8.81938 -0.0171429
-2.13022 -9.72037 0.00830998
-1.82967 -9.78131 0.00713759
-7.14856 6.92707 0.0278864
3.63209 5.86414 -0.0141735
3.52827 5.69662 -0.0137686
3.35108 5.80248 -0.0130773
-7.14856 -6.92707 0.0278864
-7.35863 -6.70379 0.0287059
-9.93858 -0.612581 0.0387701
-5.50013 -8.29498 0.021456
-5.75313 -8.12179 0.0224429
-3.59702 -9.2788 0.014032
-3.88125 -9.1637 0.0151407
-0.918756 -9.90829 0.00358405
3.15051 -7.44009 -0.0122933
8.77263 -4.70765 -0.0342218
8.91354 -4.43546 -0.0347715
9.65671 -2.42713 -0.0376706
3.27658 -9.29218 -0.0127822
3.99856 -8.02581 -0.0156005
4.26246 -8.55485 -0.0166288
3.87246 -5.46879 -0.0151114
4.21739 -5.58289 -0.0164568
3.77726 -7.03112 -0.0147387
3.4709 -6.96765 -0.0135437
3.69623 -6.39969 -0.0144233
5.3792 -5.89816 -0.020988
5.57853 -6.11653 -0.0217652
5.25907 -6.1357 -0.0205193
0.918753 9.90829 -0.00358406
3.62564 7.87658 -0.0141461
3.37825 7.33963 -0.0131818
3.50437 -4.63947 -0.0136757
-1.82967 9.78131 0.00713753
-2.13022 9.72037 0.00830999
-1.52738 9.83298 0.00595833
-1.22365 9.87532 0.00477345
-2.42875 9.6502 0.00947457
-0.918754 9.90829 0.00358406
9.28505 3.59464 -0.0362208
9.39142 3.30719 -0.0366357
7.13993 6.50481 -0.0278535
7.6808 6.17666 -0.0299629
8.04673 5.69243 -0.0313904
129.242 -252.228 431.594
-9.83962 -1.52637 0.0383841
-9.88199 -1.22284 0.0385494
-9.91499 -0.918147 0.0386781
-9.95747 -8.70509e-07 0.0388438
-6.70828 7.35371 0.0261689
3.03077 5.64245 -0.0118278
-9.78792 1.82846 0.0381824
2.83078 4.27132 -0.0110479
3.81105 -5.7496 -0.0148717
3.75852 -5.30798 -0.014667
5.59074 -5.41893 -0.0218133
5.98885 -5.12878 -0.023366
6.21352 -5.321 -0.0242421
9.88199 1.22284 -0.0385494
5.98885 5.12878 -0.023366
9.95274 -0.306425 -0.0388254
9.95747 0 -0.0388438
3.1309 6.80265 -0.0122175
-6.00068 7.94088 0.0234086
-5.75314 8.12177 0.022443
-8.30055 5.49646 0.0323803
-9.046 4.15903 0.0352882
2.75951 4.77863 -0.0107698
-8.6234 -4.9754 0.0336397
3.84417 -6.65563 -0.0150001
-7.94621 -5.99669 0.030998
3.38555 -4.48222 -0.0132122
3.68261 4.87534 -0.014371
5.68589 -7.06195 -0.0221827
6.24304 -6.84432 -0.0243557
5.80958 -7.2154 -0.0226648
6.86302 -7.07309 -0.0267729
6.70827 -7.35371 -0.0261689
6.35009 -7.40711 -0.0247722
3.34278 -7.89369 -0.0130427
3.66687 -7.96607 -0.0143068
0.612984 -9.93187 -0.00239126
4.05727 -7.55183 -0.0158302
4.14007 -7.16749 -0.0161537
7.48681 -6.41011 -0.0292062
5.37668 -6.6783 -0.0209774
5.43853 -6.75503 -0.0212185
5.99042 -4.81854 -0.0233722
6.47849 -7.55665 -0.0252725
6.47848 7.55666 -0.0252725
2.98869 9.38861 -0.0116591
3.57352 8.43799 -0.0139419
3.11258 8.82763 -0.0121433
3.41968 8.07512 -0.0133424
3.26642 4.92836 -0.0127474
9.57734 2.72316 -0.0373609
9.48888 3.01661 -0.0370159
9.07906 3.84032 -0.0354174
8.77263 4.70765 -0.0342218
7.56063 5.00708 -0.0294955
6.11948 5.57606 -0.0238752
5.69571 5.87125 -0.0222224
6.41101 5.84144 -0.0250119
6.99414 6.37215 -0.0272852
6.38232 6.57826 -0.0248992
4.19235 6.32443 -0.0163586
4.69283 6.21177 -0.0183108
4.27128 6.03163 -0.0166667
-9.72693 2.12881 0.0379445
-9.91499 0.918146 0.0386781
3.41673 -4.82551 -0.0133338
4.48914 -5.23806 -0.0175169
5.69571 -5.87125 -0.0222224
4.81171 -6.36897 -0.0187743
4.55618 -6.43363 -0.0177776
4.44222 -6.27283 -0.0173333
-7.35863 6.70379 0.0287059
-7.56173 6.47415 0.0294982
3.07526 6.17397 -0.012001
3.31067 6.16322 -0.0129194
-6.24255 7.75245 0.0243521
3.4298 -5.17474 -0.0133847
-6.70828 -7.35371 0.0261689
-7.56173 -6.47415 0.0294982
-8.12724 -5.74929 0.0317042
-9.72693 -2.12881 0.0379445
-4.43839 -8.90755 0.0173142
-4.16181 -9.0399 0.0162352
-2.72498 -9.57088 0.0106302
5.87394 -5.69318 -0.0229176
6.41101 -5.84144 -0.0250119
5.83303 -6.01266 -0.0227578
9.07906 -3.84032 -0.0354174
9.16987 -3.87868 -0.0357715
7.16126 -5.06673 -0.0279381
9.046 -4.15902 -0.0352883
8.59887 -4.61452 -0.0335444
7.40275 -5.23737 -0.0288797
6.5568 -5.97411 -0.0255803
6.66288 -5.70544 -0.0259942
3.30939 -9.38509 -0.0129099
2.95877 -9.29473 -0.0115426
3.6028 -7.23219 -0.0140579
6.62967 -6.04047 -0.0258644
6.84835 -6.23947 -0.0267169
6.00069 -7.94088 -0.0234086
6.24253 -7.75246 -0.024352
-0.612979 -9.93187 0.00239124
-0.306646 -9.94602 0.00119628
0.918761 -9.90829 -0.00358407
3.26586 -7.71225 -0.0127429
6.18069 -7.67573 -0.0241111
5.50013 -8.29498 -0.021456
5.75313 -8.12178 -0.0224429
6.9317 -7.14378 -0.0270405
-0.306639 9.94602 0.0011962
2.13022 9.72037 -0.00830999
2.42875 9.6502 -0.00947456
3.97593 4.63956 -0.0155152
3.91179 -4.56474 -0.015265
5.48975 5.65912 -0.0214193
5.3792 5.89817 -0.020988
-8.77263 4.70765 0.0342218
7.00028 4.95294 -0.0273104
6.90299 4.57197 -0.0269311
5.60933 5.11159 -0.0218859
5.53955 4.74429 -0.0216138
5.23677 5.07609 -0.0204329
9.39492 2.98678 -0.0366495
8.91355 4.43545 -0.0347716
7.64423 5.40803 -0.0298212
0.306638 9.94602 -0.0011962
5.71142 6.26209 -0.0222833
5.57853 6.11653 -0.0217652
5.57992 6.50968 -0.0217702
5.22779 6.91919 -0.0203964
5.0121 7.07678 -0.019555
5.28723 6.99779 -0.0206281
6.24304 6.84432 -0.0243557
6.58833 6.79034 -0.0257022
4.33625 5.74011 -0.0169203
4.2174 5.58289 -0.0164568
4.15732 5.87082 -0.0162223
4.64842 5.09743 -0.0181382
4.81204 4.66465 -0.0187764
4.74125 4.59607 -0.0185003
-9.39142 3.3072 0.0366357
-9.48888 3.01661 0.0370159
-9.95274 -0.306434 0.0388254
3.64765 5.50324 -0.0142344
3.86087 5.11119 -0.0150663
3.4298 5.17474 -0.0133847
-9.88199 1.22283 0.0385494
-9.83962 1.52637 0.0383841
5.31491 -4.55203 -0.0207377
5.24497 4.7798 -0.0204649
9.72693 -2.1288 -0.0379445
4.91414 -5.38863 -0.0191745
5.00922 -5.16413 -0.0195454
7.29657 -5.86806 -0.0284651
7.47395 -5.64072 -0.029157
4.84112 -6.83561 -0.0188885
4.39568 -5.81872 -0.0171521
-6.47849 7.55665 0.0252725
-5.50013 8.29498 0.021456
-4.1618 9.03991 0.0162352
-7.94621 5.99669 0.030998
-8.12724 5.74929 0.0317042
-8.91354 4.43545 0.0347715
-8.6234 4.9754 0.0336397
-6.00068 -7.94088 0.0234086
-6.47849 -7.55665 0.0252725
-6.9317 -7.14378 0.0270405
3.64459 -5.14716 -0.0142226
-7.75764 -6.23838 0.0302624
-8.30055 -5.49647 0.0323803
-9.65671 -2.42714 0.0376706
-1.52737 -9.83298 0.00595824
-1.22364 -9.87532 0.00477344
5.52511 -7.80025 -0.0215545
5.29709 -7.47872 -0.0206658
8.6234 -4.97539 -0.0336397
9.88199 -1.22284 -0.0385494
6.37215 -4.80995 -0.0248609
9.78792 -1.82845 -0.0381824
3.59703 -9.27879 -0.014032
4.77443 -7.70665 -0.0186271
4.46281 -7.20419 -0.0174125
4.48534 -7.76462 -0.0174995
3.78784 -6.11541 -0.0147809
3.44968 -5.97312 -0.0134618
5.5584 -5.72983 -0.021687
6.79446 -6.58436 -0.0265063
7.33699 -6.28201 -0.0286222
7.35863 -6.7038 -0.0287059
4.46474 6.735 -0.0174206
4.55618 6.43363 -0.0177776
4.15125 6.7017 -0.0161979
3.70811 8.05556 -0.0144675
4.10394 7.63862 -0.0160121
-4.34961e-07 9.95074 1.6981e-09
3.82392 7.11791 -0.0149206
4.30643 8.64303 -0.0168001
4.19728 7.81218 -0.0163759
4.08651 8.20216 -0.0159432
4.38668 7.59402 -0.017115
4.9787 8.61761 -0.0194219
4.92936 8.53231 -0.0192297
6.24255 7.75245 -0.0243521
2.8581 4.94928 -0.0111544
3.06113 4.94276 -0.0119465
3.42445 5.5291 -0.0133637
4.64842 -5.09743 -0.0181382
9.046 4.15904 -0.0352882
6.66288 5.70544 -0.0259942
6.62967 6.04047 -0.0258644
7.06605 5.68288 -0.0275664
5.28211 7.96659 -0.0206065
6.64181 7.28094 -0.0259099
4.84112 6.83561 -0.0188885
3.86552 5.83173 -0.0150841
4.09855 5.42566 -0.0159933
8.46599 5.23841 -0.0330257
7.14856 6.92707 -0.0278864
5.04945 6.68339 -0.0197012
6.28841 5.38509 -0.0245341
5.75508 5.24431 -0.0224543
6.27591 4.44085 -0.0244856
4.81204 -4.66464 -0.0187764
-9.65671 2.42713 0.0376706
5.02439 -4.87038 -0.0196046
4.91414 5.38862 -0.0191745
5.00922 5.16412 -0.0195454
7.00028 -4.95294 -0.0273104
5.34667 -7.07639 -0.0208598
5.2838 5.44698 -0.0206162
5.0024 5.8365 -0.0195185
8.04673 -5.69243 -0.0313904
7.64423 -5.40803 -0.0298212
3.88125 -9.1637 -0.0151407
5.16834 -6.84059 -0.0201647
5.06908 -7.15718 -0.0197771
4.41089 -7.12044 -0.0172101
4.35578 -6.57078 -0.0169958
3.58441 -7.78709 -0.0139854
5.13073 -5.98611 -0.0200189
7.37342 -5.92978 -0.0287647
7.60396 -6.11493 -0.0296634
7.14856 -6.92707 -0.0278864
5.88177 -7.7837 -0.0229453
3.27659 9.29218 -0.0127822
3.24378 9.19927 -0.0126544
3.4709 6.96765 -0.0135437
1.52738 9.83298 -0.00595833
4.14007 7.16749 -0.0161537
0.612987 9.93187 -0.00239126
1.22365 9.87532 -0.00477345
3.80432 8.98228 -0.0148411
4.26244 8.55486 -0.0166287
5.50013 8.29498 -0.021456
5.2419 8.4603 -0.0204486
7.80523 5.5218 -0.0304489
7.63136 5.75938 -0.0297707
6.84835 6.23948 -0.0267169
5.83662 6.80884 -0.0227709
4.69653 5.83419 -0.0183255
4.55329 5.31287 -0.0177671
4.42498 5.16325 -0.0172667
4.14015 5.14347 -0.0161557
5.38978 -4.61612 -0.0210297
9.95274 0.306435 -0.0388254
5.59074 5.41893 -0.0218133
6.84432 5.16603 -0.0267021
6.60504 5.31248 -0.0257689
8.21833 5.44209 -0.0320598
6.039 6.22477 -0.0235608
7.29657 5.86806 -0.0284651
4.80992 5.6121 -0.0187679
3.73591 6.03166 -0.0145784
3.95471 4.91322 -0.0154324
5.0675 -6.29464 -0.019772
5.84432 -6.40766 -0.0228014
6.22172 -7.25754 -0.0242719
-2.42875 -9.6502 0.00947459
4.51922 -6.81712 -0.017633
7.08042 -5.34406 -0.0276227
6.83555 -5.49767 -0.0266677
6.75871 -5.43595 -0.0263681
4.79165 7.22766 -0.018695
3.84416 6.65563 -0.0150001
3.64692 6.31438 -0.014231
3.45064 6.4236 -0.0134652
1.82967 9.78131 -0.00713752
6.18069 7.67573 -0.0241111
5.5251 7.80026 -0.0215544
6.3501 7.40711 -0.0247722
6.00069 7.94088 -0.0234086
5.75314 8.12178 -0.0224429
7.75765 6.23838 -0.0302624
7.56173 6.47415 -0.0294982
5.93327 7.36885 -0.0231469
6.17633 6.36617 -0.0240962
4.57072 8.50641 -0.0178311
6.44242 7.06264 -0.0251328
6.79435 7.0024 -0.0265052
7.35863 6.70379 -0.0287059
3.99549 6.45044 -0.0155906
9.91499 -0.91814 -0.0386781
9.83962 -1.52638 -0.0383841
5.9787 -4.51319 -0.0233265
9.93858 0.61258 -0.0387701
6.5112 6.31018 -0.0254021
5.35245 5.5177 -0.0208839
5.14651 5.30556 -0.0200808
4.19235 -6.32443 -0.0163586
4.2143 -5.95123 -0.0164445
4.584 -7.93523 -0.017884
3.99211 6.91156 -0.0155769
2.72497 9.57088 -0.0106301
3.30939 9.38509 -0.0129099
3.59703 9.27879 -0.014032
7.94621 5.99668 -0.030998
5.1949 6.0609 -0.0202691
5.31484 6.60157 -0.0207363
5.00962 7.55608 -0.0195446
5.41109 7.63949 -0.0211101
5.52503 7.31217 -0.021555
8.30055 5.49646 -0.0323803
8.12723 5.7493 -0.0317042
3.32064 5.36158 -0.0129588
9.93858 -0.612588 -0.0387701
5.31784 -4.84616 -0.0207491
9.91499 0.918144 -0.0386781
5.13073 5.98611 -0.0200189
3.64567 -4.52944 -0.0142269
4.32561 -5.37371 -0.016879
4.15732 -5.87082 -0.0162223
4.15126 -6.70169 -0.0161979
7.78879 -5.87803 -0.0303844
4.30703 6.95294 -0.0168052
4.35895 7.0367 -0.0170076
3.01862 9.48248 -0.0117756
5.12934 6.37137 -0.0200131
4.6641 8.67996 -0.0181949
4.26379 5.29697 -0.0166379
4.20197 5.22022 -0.0163968
5.53955 -4.74428 -0.0216138
4.87114 6.44759 -0.019006
4.94058 5.0934 -0.0192777
5.31784 4.84616 -0.0207491
4.51474 7.28794 -0.0176149
5.68589 7.06195 -0.0221827
5.64393 7.46935 -0.0220184
4.2143 5.95123 -0.0164445
3  0 1 2
3  3 4 5
3  6 7 8
3  9 10 11
3  12 13 14
3  15 5 16
3  0 17 18
3  13 19 20
3  21 22 23
3  0 18 24
3  19 25 26
3  27 25 28
3  29 30 31
3  32 33 34
3  35 36 37
3  35 38 39
3  40 41 42
3  9 17 43
3  44 17 0
3  45 46 47
3  48 17 44
3  49 48 50
3  21 51 52
3  53 54 55
3  56 3 57
3  38 33 32
3  58 59 14
3  25 19 60
3  38 61 62
3  63 64 35
3  29 9 30
3  31 0 24
3  65 13 66
3  26 62 67
3  11 10 68
3  10 9 43
3  54 53 15
3  52 69 22
3  70 71 72
3  73 4 47
3  53 3 5
3  51 46 74
3  27 28 74
3  25 60 28
3  58 26 67
3  34 75 76
3  46 51 21
3  69 52 77
3  63 62 78
3  27 63 79
3  58 67 80
3  35 64 36
3  33 40 34
3  61 38 81
3  30 40 82
3  64 31 42
3  3 53 57
3  31 30 82
3  34 40 83
3  84 43 85
3  86 87 88
3  17 48 49
3  1 53 2
3  2 53 55
3  44 0 55
3  89 90 91
3  64 63 92
3  46 73 47
3  53 1 93
3  63 27 94
3  95 27 47
3  27 45 47
3  96 97 98
3  55 54 99
3  5 73 100
3  15 53 5
3  19 52 74
3  52 51 74
3  21 52 22
3  59 75 12
3  60 19 74
3  28 60 74
3  79 63 78
3  63 38 62
3  62 26 78
3  25 27 79
3  9 101 30
3  42 33 37
3  75 102 8
3  103 38 32
3  80 61 81
3  103 32 34
3  40 33 41
3  36 64 104
3  72 105 106
3  36 42 37
3  105 1 106
3  64 92 71
3  75 59 107
3  108 21 109
3  67 61 80
3  34 76 81
3  75 8 110
3  111 97 112
3  17 9 18
3  18 9 24
3  113 114 115
3  31 64 116
3  64 117 118
3  40 101 83
3  101 40 30
3  71 70 117
3  0 2 55
3  119 54 91
3  92 63 95
3  95 63 94
3  4 73 120
3  105 121 57
3  71 92 56
3  93 1 105
3  95 94 122
3  123 31 82
3  4 3 124
3  95 47 125
3  100 46 16
3  21 54 15
3  46 45 74
3  45 27 74
3  13 69 77
3  59 12 14
3  126 10 127
3  13 12 128
3  129 17 130
3  131 132 133
3  134 8 135
3  136 137 138
3  13 65 139
3  90 54 140
3  62 61 67
3  107 80 81
3  26 25 78
3  25 79 78
3  38 63 39
3  63 35 39
3  31 123 42
3  41 33 42
3  19 26 141
3  26 58 141
3  75 107 76
3  76 107 81
3  107 59 80
3  59 58 80
3  38 103 81
3  103 34 81
3  54 21 142
3  12 75 143
3  10 43 144
3  43 17 129
3  126 127 145
3  7 6 146
3  34 83 102
3  83 101 102
3  147 148 149
3  150 8 146
3  3 56 151
3  3 92 124
3  121 56 57
3  121 71 56
3  121 105 72
3  31 70 72
3  92 47 124
3  47 4 124
3  47 92 125
3  92 95 125
3  46 21 152
3  21 15 152
3  19 141 20
3  141 58 20
3  52 19 77
3  13 77 153
3  75 154 155
3  156 31 106
3  22 69 157
3  69 13 158
3  159 160 161
3  75 162 163
3  85 164 165
3  166 167 168
3  169 55 170
3  169 171 172
3  164 144 165
3  50 173 168
3  8 101 11
3  102 101 8
3  174 175 176
3  75 34 102
3  71 121 72
3  31 72 106
3  1 0 156
3  0 31 156
3  9 29 24
3  29 31 24
3  40 42 82
3  42 123 82
3  94 27 122
3  27 95 122
3  53 93 57
3  93 105 57
3  73 5 120
3  4 120 177
3  73 46 100
3  5 100 16
3  56 92 151
3  92 3 151
3  13 20 14
3  20 58 14
3  77 19 153
3  19 13 153
3  75 178 179
3  180 12 181
3  182 75 163
3  183 184 185
3  180 181 186
3  187 182 163
3  54 188 189
3  54 190 191
3  192 111 112
3  193 194 195
3  157 136 196
3  23 22 197
3  35 37 198
3  37 33 199
3  64 42 104
3  36 104 200
3  139 66 201
3  183 202 203
3  204 44 205
3  206 207 145
3  208 209 210
3  11 211 212
3  55 99 213
3  214 215 216
3  217 10 218
3  147 207 206
3  173 219 168
3  17 49 130
3  145 220 221
3  222 10 223
3  101 9 11
3  134 224 225
3  117 70 118
3  1 156 106
3  64 70 116
3  70 31 116
3  70 64 118
3  64 71 117
3  120 5 177
3  5 4 177
3  46 152 16
3  152 15 16
3  12 226 227
3  13 174 228
3  143 75 179
3  229 230 231
3  232 112 233
3  234 235 236
3  8 150 110
3  237 238 239
3  240 241 242
3  98 111 243
3  54 244 245
3  246 54 247
3  248 54 245
3  247 54 249
3  139 65 66
3  250 13 251
3  13 250 194
3  252 253 254
3  33 38 199
3  198 37 255
3  104 42 200
3  42 36 200
3  173 44 256
3  257 44 258
3  205 219 259
3  213 260 261
3  205 262 263
3  148 232 264
3  219 166 168
3  265 192 232
3  266 267 268
3  201 269 270
3  148 265 232
3  13 271 272
3  90 244 273
3  274 54 275
3  131 55 276
3  169 277 278
3  43 129 85
3  279 43 165
3  97 111 98
3  234 236 280
3  147 206 164
3  281 144 164
3  44 257 256
3  282 167 283
3  127 220 145
3  114 223 145
3  114 222 223
3  114 10 222
3  284 285 286
3  287 288 289
3  284 88 285
3  146 290 291
3  6 134 146
3  134 6 292
3  293 234 294
3  224 113 235
3  287 295 178
3  296 86 297
3  184 298 266
3  75 299 288
3  22 157 300
3  301 302 303
3  244 54 246
3  302 241 304
3  167 305 283
3  306 201 307
3  250 195 308
3  158 13 309
3  199 38 198
3  38 35 198
3  193 195 310
3  311 312 313
3  314 315 252
3  316 317 318
3  171 262 172
3  172 262 319
3  262 171 263
3  205 44 320
3  164 168 321
3  115 114 145
3  166 219 205
3  204 205 259
3  171 166 263
3  166 205 263
3  112 97 322
3  323 238 237
3  324 325 326
3  49 50 130
3  167 171 305
3  327 132 328
3  329 189 91
3  329 90 330
3  189 261 331
3  327 55 213
3  274 189 331
3  189 329 261
3  85 129 130
3  332 164 321
3  144 279 165
3  144 43 279
3  217 206 333
3  10 334 218
3  281 10 335
3  206 217 164
3  48 44 50
3  173 50 336
3  173 256 258
3  256 257 258
3  10 220 127
3  10 337 338
3  223 10 338
3  206 145 221
3  10 114 68
3  11 68 339
3  340 341 342
3  343 344 345
3  346 347 348
3  349 341 350
3  187 75 182
3  351 75 155
3  230 352 291
3  8 7 146
3  113 115 236
3  235 234 353
3  87 354 355
3  356 299 357
3  134 135 358
3  8 359 135
3  292 6 360
3  8 134 292
3  134 225 361
3  224 235 225
3  207 115 145
3  207 147 115
3  299 356 362
3  75 363 364
3  12 143 181
3  295 181 178
3  287 365 288
3  365 75 288
3  87 86 354
3  88 87 285
3  142 21 366
3  367 21 368
3  157 69 136
3  21 23 109
3  369 98 370
3  312 371 372
3  277 373 278
3  261 329 216
3  273 244 247
3  244 246 247
3  244 90 245
3  245 90 140
3  374 201 375
3  376 377 378
3  201 379 307
3  13 306 307
3  37 199 255
3  199 198 255
3  194 193 380
3  380 193 381
3  382 240 242
3  383 384 385
3  386 387 388
3  315 389 390
3  391 392 393
3  394 395 396
3  85 130 164
3  148 147 265
3  55 277 170
3  277 169 170
3  169 172 397
3  172 44 398
3  219 44 399
3  219 399 259
3  166 171 167
3  400 401 402
3  403 44 404
3  44 403 320
3  399 44 259
3  44 204 259
3  405 395 406
3  266 298 267
3  13 228 407
3  184 408 409
3  410 354 411
3  238 323 342
3  324 412 325
3  413 202 326
3  213 99 260
3  260 414 331
3  274 415 189
3  415 54 189
3  188 54 191
3  54 119 416
3  54 90 89
3  90 329 91
3  132 55 328
3  55 327 328
3  55 132 417
3  132 131 418
3  55 373 419
3  131 373 420
3  130 50 168
3  130 168 164
3  220 10 221
3  10 206 421
3  206 10 422
3  217 333 423
3  147 164 332
3  424 332 321
3  10 281 425
3  334 10 425
3  10 144 426
3  10 426 335
3  50 44 427
3  44 173 336
3  44 219 258
3  219 173 258
3  337 10 145
3  10 126 145
3  337 145 338
3  145 223 338
3  113 224 428
3  8 428 429
3  411 354 350
3  430 431 284
3  12 344 176
3  346 432 186
3  298 433 434
3  435 13 407
3  229 210 436
3  288 299 362
3  154 352 229
3  430 208 437
3  352 154 110
3  154 75 110
3  134 290 146
3  352 146 291
3  210 229 231
3  438 437 439
3  438 293 294
3  438 230 293
3  135 359 358
3  359 8 358
3  8 224 358
3  224 134 358
3  6 8 360
3  8 292 360
3  225 235 353
3  225 353 361
3  115 440 236
3  115 149 441
3  149 148 441
3  115 147 149
3  266 340 442
3  87 443 285
3  295 443 444
3  295 287 443
3  287 178 445
3  178 75 445
3  430 363 209
3  430 209 208
3  341 349 342
3  86 349 354
3  446 447 448
3  241 449 450
3  21 382 451
3  241 452 242
3  108 109 453
3  454 455 456
3  197 457 458
3  22 300 459
3  383 312 384
3  460 133 461
3  216 215 462
3  54 89 91
3  133 305 461
3  373 460 278
3  54 142 249
3  142 247 249
3  54 248 140
3  248 245 140
3  408 463 409
3  13 269 66
3  464 13 194
3  66 269 201
3  309 13 380
3  465 466 467
3  13 464 380
3  464 194 380
3  161 458 468
3  300 136 469
3  470 447 446
3  400 471 472
3  158 380 473
3  136 69 474
3  400 215 214
3  470 387 475
3  311 476 477
3  270 478 477
3  395 405 479
3  97 396 479
3  168 167 282
3  96 98 369
3  262 44 319
3  172 319 480
3  44 55 398
3  172 398 397
3  44 262 404
3  262 205 320
3  262 320 404
3  320 403 404
3  479 405 481
3  394 482 483
3  323 237 442
3  184 266 185
3  13 128 175
3  174 176 484
3  202 183 326
3  184 183 408
3  284 431 485
3  323 340 342
3  133 132 261
3  132 327 213
3  54 415 275
3  415 274 275
3  486 482 487
3  261 260 331
3  55 418 276
3  418 131 276
3  132 418 417
3  418 55 417
3  373 277 419
3  277 55 419
3  373 55 420
3  55 131 420
3  265 424 192
3  243 111 321
3  10 333 422
3  333 206 422
3  333 10 423
3  10 217 423
3  281 164 425
3  164 217 425
3  43 84 165
3  84 85 165
3  282 243 321
3  168 282 321
3  424 265 332
3  265 147 332
3  334 425 218
3  425 217 218
3  426 144 335
3  144 281 335
3  44 336 427
3  336 50 427
3  10 421 221
3  421 206 221
3  68 114 339
3  8 11 428
3  186 488 411
3  227 226 346
3  226 12 432
3  489 186 411
3  363 75 209
3  75 187 209
3  436 210 163
3  162 436 163
3  162 75 490
3  154 229 436
3  352 230 229
3  162 490 436
3  150 146 110
3  146 352 110
3  234 293 291
3  293 230 291
3  208 210 231
3  438 491 492
3  438 294 493
3  294 234 494
3  290 361 495
3  361 353 495
3  496 324 326
3  235 113 236
3  491 284 485
3  443 287 285
3  355 410 497
3  295 444 498
3  178 181 179
3  181 143 179
3  365 445 499
3  365 287 445
3  289 288 362
3  430 289 500
3  299 75 357
3  75 356 357
3  489 347 186
3  444 355 497
3  12 180 186
3  267 434 268
3  455 454 449
3  301 501 502
3  142 366 503
3  366 451 503
3  302 301 502
3  504 367 303
3  456 505 450
3  21 451 366
3  382 21 506
3  21 504 507
3  108 453 508
3  508 453 509
3  455 508 509
3  22 510 511
3  512 381 513
3  381 512 473
3  314 513 514
3  515 385 386
3  391 516 517
3  396 96 518
3  90 273 330
3  519 400 472
3  132 213 261
3  261 216 462
3  305 171 461
3  171 169 278
3  460 373 133
3  373 131 133
3  251 13 307
3  312 311 477
3  271 520 521
3  434 174 484
3  306 13 201
3  13 139 201
3  269 478 270
3  522 312 477
3  250 374 195
3  465 523 524
3  512 513 525
3  158 309 380
3  381 193 467
3  513 381 467
3  376 378 477
3  478 376 477
3  387 386 475
3  318 317 516
3  312 383 313
3  383 526 313
3  466 513 467
3  527 466 514
3  391 318 516
3  312 522 371
3  516 528 517
3  476 270 477
3  329 330 216
3  471 529 393
3  377 478 521
3  195 374 523
3  520 377 521
3  377 520 405
3  305 402 283
3  401 530 283
3  319 44 480
3  44 172 480
3  398 55 397
3  55 169 397
3  463 408 322
3  408 203 322
3  433 228 434
3  354 349 350
3  496 237 239
3  340 323 442
3  228 174 434
3  298 271 433
3  268 434 484
3  174 13 175
3  324 531 412
3  324 496 531
3  531 491 412
3  491 438 412
3  183 496 326
3  202 413 203
3  431 430 437
3  296 238 532
3  430 533 289
3  533 287 289
3  238 342 532
3  86 88 297
3  237 496 442
3  496 183 442
3  99 54 260
3  54 414 260
3  54 416 190
3  416 119 190
3  97 463 322
3  192 112 232
3  211 114 428
3  114 113 428
3  11 339 534
3  339 114 534
3  344 343 176
3  340 266 268
3  344 12 346
3  12 227 346
3  347 346 186
3  484 343 345
3  490 75 436
3  75 351 436
3  412 493 535
3  294 494 493
3  353 234 495
3  290 134 361
3  234 291 495
3  291 290 495
3  264 232 233
3  115 441 440
3  445 75 499
3  75 365 499
3  536 489 411
3  181 488 186
3  354 410 355
3  410 411 497
3  226 432 346
3  536 537 538
3  159 387 539
3  503 540 541
3  273 503 542
3  273 247 503
3  21 507 240
3  507 504 240
3  504 21 543
3  301 303 368
3  247 142 503
3  451 382 503
3  458 510 468
3  510 544 545
3  108 508 501
3  508 455 501
3  300 546 544
3  22 457 197
3  300 510 547
3  22 547 548
3  136 300 196
3  300 157 196
3  69 549 550
3  389 515 551
3  515 315 552
3  526 383 552
3  161 453 553
3  554 469 555
3  525 513 254
3  69 550 556
3  515 389 315
3  469 136 555
3  530 369 283
3  402 401 283
3  540 529 541
3  316 529 557
3  13 433 558
3  228 433 559
3  298 520 560
3  463 97 409
3  478 269 521
3  13 521 561
3  201 374 379
3  374 250 379
3  195 194 308
3  194 250 308
3  465 467 310
3  467 193 310
3  523 374 476
3  374 270 476
3  552 315 562
3  466 465 313
3  400 529 471
3  96 369 518
3  513 466 527
3  513 527 514
3  317 487 516
3  486 487 563
3  201 270 375
3  270 374 375
3  478 377 376
3  482 486 564
3  393 392 472
3  482 394 518
3  203 413 322
3  408 183 203
3  340 268 538
3  267 298 434
3  491 531 239
3  531 496 239
3  435 407 559
3  407 228 559
3  440 326 565
3  326 440 566
3  86 296 532
3  430 284 286
3  356 75 364
3  289 362 500
3  349 86 342
3  342 86 532
3  287 533 285
3  491 296 297
3  491 239 296
3  239 238 296
3  266 442 185
3  442 183 185
3  189 190 91
3  190 119 91
3  190 189 191
3  189 188 191
3  413 264 233
3  413 326 566
3  428 224 429
3  224 8 429
3  211 428 212
3  428 11 212
3  114 211 534
3  211 11 534
3  175 128 176
3  128 12 176
3  432 12 186
3  536 346 348
3  230 438 439
3  437 208 567
3  431 437 492
3  437 438 492
3  210 209 163
3  209 187 163
3  230 567 231
3  567 208 231
3  154 436 155
3  436 351 155
3  493 494 535
3  412 438 493
3  494 326 535
3  236 440 565
3  440 441 264
3  441 148 264
3  488 181 498
3  181 295 498
3  444 443 355
3  443 87 355
3  411 488 497
3  536 411 350
3  341 538 350
3  341 340 538
3  505 452 450
3  302 455 449
3  454 456 450
3  449 454 450
3  540 568 448
3  316 557 448
3  21 240 506
3  240 382 506
3  303 367 368
3  501 569 570
3  504 303 304
3  303 302 304
3  21 367 543
3  367 504 543
3  301 569 501
3  108 501 571
3  453 109 197
3  109 23 197
3  510 457 511
3  457 22 511
3  300 547 459
3  547 22 459
3  547 510 548
3  510 22 548
3  136 474 556
3  474 69 556
3  549 69 572
3  380 381 473
3  384 372 573
3  384 574 385
3  575 576 577
3  387 470 539
3  515 386 388
3  457 510 458
3  466 313 552
3  313 526 552
3  390 389 138
3  315 390 138
3  578 473 579
3  550 253 252
3  466 552 562
3  315 314 514
3  171 278 461
3  278 460 461
3  414 54 331
3  54 274 331
3  529 214 216
3  330 529 216
3  402 305 580
3  215 400 462
3  433 271 558
3  271 13 581
3  184 409 582
3  405 520 481
3  97 479 481
3  520 582 481
3  520 271 560
3  271 298 560
3  271 521 272
3  521 13 272
3  521 269 583
3  269 13 583
3  379 250 307
3  250 251 307
3  195 523 310
3  523 465 310
3  311 313 476
3  313 465 476
3  584 371 487
3  482 528 487
3  574 384 475
3  371 584 372
3  396 395 479
3  97 96 396
3  377 405 406
3  486 378 564
3  282 283 585
3  283 369 370
3  111 192 321
3  192 424 321
3  528 482 517
3  394 396 518
3  433 13 559
3  13 435 559
3  362 363 500
3  363 430 500
3  363 362 364
3  362 356 364
3  322 233 586
3  322 413 233
3  347 489 348
3  489 536 348
3  437 567 439
3  567 230 439
3  326 325 535
3  325 412 535
3  440 264 587
3  264 413 587
3  326 494 565
3  234 565 588
3  488 498 589
3  498 444 497
3  176 343 484
3  536 538 345
3  268 484 538
3  538 484 345
3  590 446 448
3  529 540 557
3  160 159 456
3  455 160 456
3  470 590 591
3  590 505 591
3  386 574 475
3  317 316 447
3  568 505 448
3  540 503 452
3  21 569 368
3  569 301 368
3  241 240 304
3  240 504 304
3  453 160 509
3  160 455 509
3  501 455 502
3  455 302 502
3  21 570 592
3  501 570 571
3  69 578 579
3  137 550 138
3  578 69 473
3  69 158 473
3  515 552 385
3  552 383 385
3  385 574 386
3  593 384 573
3  387 575 388
3  387 159 575
3  160 453 161
3  553 453 594
3  551 546 554
3  544 546 551
3  546 469 554
3  546 300 469
3  468 510 545
3  510 300 544
3  138 550 252
3  315 138 252
3  253 550 579
3  69 579 572
3  315 514 562
3  514 466 562
3  472 595 596
3  529 316 318
3  518 369 519
3  369 530 519
3  400 402 462
3  529 400 214
3  305 133 580
3  133 261 580
3  271 581 558
3  581 13 558
3  184 582 597
3  582 520 597
3  582 409 481
3  409 97 481
3  521 583 561
3  583 13 561
3  523 476 524
3  476 465 524
3  317 584 487
3  522 486 563
3  372 584 573
3  384 312 372
3  317 447 598
3  447 470 475
3  394 483 599
3  483 378 599
3  378 486 477
3  486 522 477
3  395 378 406
3  377 406 600
3  370 98 585
3  283 370 585
3  431 492 485
3  492 491 485
3  88 284 297
3  284 491 297
3  233 112 586
3  112 322 586
3  440 587 566
3  587 413 566
3  236 565 280
3  565 234 280
3  565 494 588
3  494 234 588
3  538 537 350
3  537 536 350
3  498 497 589
3  497 488 589
3  344 346 345
3  346 536 345
3  447 316 448
3  505 590 448
3  529 330 541
3  503 541 542
3  452 241 450
3  241 302 449
3  470 591 601
3  456 159 539
3  557 540 448
3  590 470 446
3  505 456 591
3  539 470 601
3  452 503 242
3  503 382 242
3  540 452 568
3  452 505 568
3  570 21 571
3  21 108 571
3  570 569 592
3  569 21 592
3  550 137 556
3  137 136 556
3  579 473 525
3  473 512 525
3  515 602 551
3  575 159 161
3  453 197 594
3  458 161 553
3  576 575 468
3  575 161 468
3  515 388 577
3  544 551 545
3  551 602 577
3  602 515 577
3  388 575 577
3  551 577 603
3  513 252 254
3  513 314 252
3  471 393 472
3  487 528 516
3  530 401 519
3  401 400 519
3  402 580 462
3  580 261 462
3  520 298 597
3  298 184 597
3  487 371 563
3  371 522 563
3  593 317 598
3  475 384 593
3  378 483 564
3  483 482 564
3  378 395 599
3  395 394 599
3  406 378 600
3  378 377 600
3  98 243 585
3  243 282 585
3  285 533 286
3  533 430 286
3  541 330 542
3  330 273 542
3  591 456 601
3  456 539 601
3  579 550 572
3  550 549 572
3  197 458 594
3  458 553 594
3  545 551 603
3  576 468 545
3  138 389 554
3  389 551 554
3  576 545 603
3  577 576 603
3  253 579 254
3  579 525 254
3  482 518 517
3  518 391 517
3  391 393 604
3  393 529 604
3  391 518 595
3  519 472 596
3  584 317 573
3  317 593 573
3  447 475 598
3  475 593 598
3  136 138 555
3  138 554 555
3  529 318 604
3  318 391 604
3  472 392 595
3  392 391 595
3  595 518 596
3  518 519 596
