OFF
574 1144 0
114.151 -212.691 203.573
119.541 -68.4971 112.689
186.039 -83.912 181.857
203.521 230.833 349.931
66.8486 267.931 285.368
145.482 279.239 431.598
90.9145 -306.884 298.443
-31.4196 -248.66 225.095
14.4536 -222.483 177.7
29.3973 129.107 95.4859
166.874 148.61 190.574
71.0155 114.841 104.085
70.8658 301.881 410.103
187.037 215.559 294
55.2542 203.163 186.206
-101.483 287.853 315.554
-220.69 215.799 328.45
-185.96 267.263 371.454
136.88 5.42777 99.8146
261.625 -104.142 268.211
122.045 -40.9697 99.7405
-60.7199 228.296 190.66
-213.387 105.965 212.133
-129.961 -7.03465 95.4665
-282.131 -148.874 324.193
-223.116 39.8961 194.89
260.189 -186.268 427.301
187.712 -193.523 435.896
104.183 -296.353 431.598
-88.6593 84.7229 91.1138
-118.145 50.2049 104.039
-91.2224 304.053 349.956
-8.46528 -5.23841 0.0318232
2.9572 -4.77515 -0.0111215
2.79743 -5.2084 -0.0105207
-92.0047 301.573 418.705
188.79 -229.442 319.816
-103.264 -88.367 95.5136
-203.598 -122.765 220.722
199.005 -234.952 401.505
-7.757 -6.23838 0.0291606
-7.94554 -5.99668 0.0298694
-8.12656 -5.74929 0.0305499
-9.48808 -3.01661 0.0356682
-272.312 123.478 431.596
-290.956 78.3407 358.513
17.5056 209.271 177.609
-265.834 29.6523 259.552
-254.568 20.4435 242.306
-305.698 -70.0515 345.648
-9.39063 -3.3072 0.0353018
-9.6559 -2.42713 0.036299
-10.8056 -313.675 362.834
-254.795 147.349 336.995
232.429 210.083 427.3
262.786 173.54 414.405
278.055 34.8304 435.896
290.496 128.014 418.706
254.69 121.997 435.896
340.827 -31.3185 358.611
-138.372 -236.352 435.896
-12.5779 298.52 435.896
-186.99 -242.853 302.679
-89.8238 -216.224 212.115
213.582 -203.259 324.112
252.303 -128.403 285.405
-298.612 20.1416 354.207
-7.14796 -6.92707 0.0268711
-7.35802 -6.70379 0.0276608
109.912 -61.1695 99.7215
80.7227 -86.6836 91.0774
8.29986 -5.49646 -0.0312014
-8.62268 -4.97539 0.0324149
-8.7719 -4.70765 0.0329759
3.59673 -9.27879 -0.0135211
2.98844 -9.38861 -0.0112346
3.56108 -9.18694 -0.0133873
-194.886 -185.983 435.896
-257.709 -97.7884 435.896
-230.756 -158.215 431.594
8.7719 -4.70765 -0.0329759
8.46529 -5.2384 -0.0318233
8.9128 -4.43545 -0.0335056
5.24147 8.4603 -0.0197041
4.97829 8.61761 -0.0187148
-6.00018 7.94088 0.0225563
-6.24203 7.75244 0.0234655
290.916 93.4998 302.669
237.632 157.329 289.697
205.588 72.508 186.25
118.197 86.2849 104.177
-244.446 -225.323 405.826
249.902 165.723 431.596
301.313 -117.118 427.302
-248.828 27.5394 435.896
-180.485 169.954 435.896
-274.533 12.2256 435.896
-312.935 -86.9954 384.341
-282.24 -71.8237 422.993
-209.401 67.8667 435.896
48.0755 -109.017 95.3719
0.306623 -9.94602 -0.00115273
1.18661e-07 -9.95074 -4.46402e-10
-7.5611 -6.47415 0.0284242
-9.7871 1.82846 0.0367922
-9.57653 2.72317 0.0360007
-9.39063 3.3072 0.0353018
-299.253 -16.9512 414.397
240.092 166.236 435.896
-223.422 14.8145 435.896
-42.816 -117.2 99.7129
-76.2607 -110.182 104.078
9.48808 -3.01662 -0.0356682
8.62268 -4.97539 -0.0324149
-8.9128 -4.43545 0.0335055
6.47794 7.55666 -0.0243524
6.70772 7.35371 -0.0252161
-9.04524 -4.15903 0.0340034
-9.16911 -3.87867 0.0344691
-9.28427 -3.59464 0.034902
5.24148 -8.46029 -0.0197042
4.97829 -8.61761 -0.0187148
5.63866 -7.96101 -0.0211978
-3.01835 -9.48249 0.0113468
-3.3091 -9.38509 0.0124398
-2.72476 -9.57088 0.0102431
-132.342 -171.5 190.535
-2.13004 -9.72037 0.00800742
94.8335 -245.307 435.896
-59.0464 -295.759 405.798
-9.7871 -1.82846 0.0367922
-29.9617 142.23 112.75
-78.4485 108.804 104.084
-2.42855 -9.6502 0.00912964
87.9846 -84.5417 95.3987
8.33754 -4.4748 -0.0313438
9.07831 -3.84031 -0.0341279
2.85341 -4.60763 -0.0107313
-8.29986 -5.49646 0.0312014
-6.70772 -7.35371 0.0252161
-9.93774 0.612578 0.0373585
-9.91416 0.918145 0.0372699
-9.88116 1.22283 0.0371458
-259.496 -16.8251 435.896
260.805 -60.4969 435.896
3.0091 4.85892 -0.0113166
3.00585 5.20518 -0.0113043
3.42963 5.17466 -0.0128975
-4.16146 9.03991 0.0156441
-3.88094 9.1637 0.0145895
-4.43803 8.90755 0.0166838
-11.5846 135.616 104.095
163.272 219.832 435.896
17.9478 -131.288 104.069
3.30911 -9.38509 -0.0124398
-3.59672 -9.2788 0.0135211
6.47795 -7.55665 -0.0243524
6.24201 -7.75245 -0.0234654
6.72513 -6.9317 -0.0252823
6.15706 -7.18273 -0.0231472
6.24256 -6.84428 -0.023469
-4.71039 -8.76673 0.0177076
-4.16147 -9.0399 0.0156441
3.33883 -6.70305 -0.0125552
-1.52724 -9.83298 0.00574131
3.01836 -9.48249 -0.0113468
3.58744 5.06667 -0.0134908
3.30264 4.6646 -0.0124202
-1.22355 9.87532 0.00459965
3.4707 6.96761 -0.0130507
3.33883 6.70305 -0.0125552
9.39063 -3.3072 -0.0353018
9.88116 -1.22284 -0.0371458
9.83879 -1.52637 -0.0369866
3.03116 -6.08573 -0.011399
-149.08 223.543 435.896
-89.4662 -258.394 431.593
-9.72611 2.12881 0.036563
-0.306614 9.94602 0.00115265
-0.612937 9.93187 0.0023042
-1.82952 9.78131 0.00687766
3.20303 -5.54646 -0.0120455
3.1129 -5.02645 -0.0117068
3.59673 9.27879 -0.0135211
3.30912 9.38509 -0.0124399
-2.72475 9.57088 0.0102431
-2.42855 9.6502 0.00912961
3.12392 5.81598 -0.0117479
-5.24146 8.4603 0.0197041
-4.7104 8.76673 0.0177077
3.18874 -4.50377 -0.011992
2.72177 -4.10698 -0.0102364
-8.46528 5.23841 0.0318232
-8.62268 4.97539 0.0324149
4.24657 6.40648 -0.0159678
4.78381 6.75515 -0.0179868
4.44195 6.27276 -0.0167023
-188.907 198.904 431.593
7.78815 -5.87801 -0.0292782
7.7241 -5.46489 -0.0290379
2.42855 -9.6502 -0.00912964
3.83155 -8.32401 -0.0144054
9.57654 -2.72315 -0.0360007
-1.82952 -9.78131 0.00687772
8.12655 -5.7493 -0.0305499
4.151 -6.70163 -0.0156083
4.18911 -7.25275 -0.0157509
4.09049 -7.08213 -0.0153804
-269.741 32.6678 435.896
10.9757 -251.605 435.896
2.8987 9.10698 -0.0108977
3.83155 8.32401 -0.0144054
3.49635 8.25654 -0.0131455
3.70192 5.58528 -0.013921
4.21716 5.58281 -0.0158578
3.86066 5.1111 -0.0145179
-9.57653 -2.72317 0.0360007
-9.28427 3.59464 0.034902
-6.47795 7.55665 0.0243524
-6.70772 7.3537 0.0252161
-8.9128 4.43545 0.0335055
-8.7719 4.70765 0.0329759
-7.14796 6.92707 0.0268711
-7.35802 6.70379 0.0276608
-0.918679 -9.90829 0.00345356
-1.22354 -9.87532 0.00459965
3.69603 -6.39963 -0.0138983
3.54376 -6.59712 -0.0133257
-4.43803 -8.90755 0.0166838
-4.97829 -8.61761 0.0187148
9.28427 -3.59464 -0.034902
9.16911 -3.87868 -0.0344691
9.04525 -4.15902 -0.0340035
6.76512 5.10661 -0.0254343
6.68643 5.04726 -0.0251386
6.52773 5.25066 -0.0245421
5.17177 4.71333 -0.0194461
4.66573 4.81042 -0.0175441
5.23643 5.07599 -0.0196891
4.71039 -8.76673 -0.0177076
6.00019 -7.94088 -0.0225564
7.75699 -6.23839 -0.0291606
7.35801 -6.70379 -0.0276608
7.07715 -6.85852 -0.0266052
6.79379 -7.00239 -0.0255402
1.82952 -9.78131 -0.00687773
0.612932 -9.93187 -0.0023042
5.18271 -7.31791 -0.0194853
5.16798 -6.84053 -0.0194306
5.40573 -7.15494 -0.0203237
4.38717 5.45037 -0.0164969
5.0089 5.16402 -0.0188339
7.94554 -5.99668 -0.0298694
-6.47795 -7.55665 0.0243524
-6.24201 -7.75245 0.0234654
-5.75265 -8.12178 0.0216258
-6.00018 -7.94088 0.0225563
-27.5625 -250.937 435.896
29.5346 -290.997 427.294
1.82952 9.78131 -0.00687766
1.52726 9.83298 -0.0057414
4.35007 8.7312 -0.0163536
4.16145 9.03991 -0.0156441
-9.04524 4.15903 0.0340034
-9.48808 3.01661 0.0356682
4.01631 4.98987 -0.015103
-3.01837 9.48248 0.0113469
2.9572 4.77515 -0.0111215
3.59041 -6.68392 -0.013501
-0.612927 -9.93187 0.00230418
-0.306623 -9.94602 0.00115272
3.4707 -6.9676 -0.0130507
5.70294 -7.54792 -0.0214401
-5.49967 -8.29498 0.0206748
-5.24147 -8.4603 0.0197042
0.306613 9.94602 -0.00115265
3.22721 7.62151 -0.0121346
6.93113 7.14377 -0.026056
7.07715 6.85852 -0.0266052
3.24569 4.58419 -0.0122061
9.7871 1.82845 -0.0367923
9.83879 1.52637 -0.0369866
6.293 4.75051 -0.0236601
9.95191 0.306435 -0.0374118
9.93774 0.61258 -0.0373585
5.69565 -8.0414 -0.0214118
4.33707 -7.50867 -0.0163067
4.28774 -7.42337 -0.0161214
4.79133 -7.22761 -0.0180145
3.88093 -9.1637 -0.0145895
3.60258 -7.23215 -0.0135462
4.73165 -8.1911 -0.0177887
4.26213 -8.55484 -0.0160234
4.47701 -8.33284 -0.0168314
6.38183 -6.57821 -0.0239927
7.41129 -6.34604 -0.0278615
3.6319 5.86407 -0.0136576
3.83953 6.1991 -0.0144379
4.98178 -8.0416 -0.018729
7.5611 -6.47415 -0.0284242
4.43803 -8.90755 -0.0166838
4.4106 -7.12039 -0.0165836
3.68372 -6.8575 -0.0138516
1.52725 -9.83298 -0.00574132
1.22355 -9.87532 -0.00459966
-3.88093 -9.1637 0.0145895
-6.93112 -7.14377 0.026056
6.5563 -5.97406 -0.024649
6.70205 -6.10676 -0.0251966
6.10721 -6.29541 -0.022961
4.61288 -6.51395 -0.0173446
4.38497 -6.19236 -0.0164882
4.69625 -5.8341 -0.0176585
-9.91416 -0.918147 0.0372699
-9.93774 -0.61258 0.0373585
-9.88116 -1.22283 0.0371458
-9.95191 -0.306435 0.0374118
-9.72611 -2.12881 0.036563
4.43803 8.90755 -0.0166838
-9.8388 1.52637 0.0369866
-9.6559 2.42713 0.0362991
-9.16911 3.87867 0.0344691
-3.30912 9.38509 0.0124399
-3.59673 9.27879 0.0135211
3.03116 6.08573 -0.011399
3.20697 6.43849 -0.0120597
3.86066 -5.1111 -0.0145179
3.32072 -5.01041 -0.0124881
3.38539 -4.48213 -0.0127313
-7.757 6.23837 0.0291606
-7.94554 5.99668 0.0298694
3.37239 5.44527 -0.0126822
3.03064 5.64239 -0.0113973
-6.93113 7.14377 0.026056
-5.75267 8.12177 0.0216259
-4.97829 8.61761 0.0187148
7.14796 6.92707 -0.0268711
2.13004 9.72037 -0.00800743
3.41945 8.0751 -0.0128567
9.6559 2.42713 -0.036299
9.57653 2.72316 -0.0360007
3.91402 8.50298 -0.0147151
3.27632 9.29218 -0.0123168
5.51958 5.35027 -0.0207532
5.46322 4.97878 -0.0205415
9.93774 -0.612589 -0.0373585
9.91416 -0.918139 -0.0372699
9.72612 2.1288 -0.036563
9.39063 3.30719 -0.0353019
5.60896 -5.11149 -0.0210892
6.22045 -5.00369 -0.0233874
5.59036 -5.41884 -0.0210192
4.16147 -9.0399 -0.0156441
3.68864 -8.71012 -0.0138676
5.97679 -6.55316 -0.0224706
5.68546 -7.06191 -0.0213751
5.49997 -6.83171 -0.0206783
7.44966 -5.99148 -0.0280061
6.93112 -7.14377 -0.026056
7.14796 -6.92707 -0.0268711
6.70771 -7.35371 -0.0252161
6.18018 -7.67572 -0.0232333
4.46446 -6.73494 -0.0167865
4.337 -8.0725 -0.0163056
0.918684 -9.90829 -0.00345358
2.13004 -9.72037 -0.00800742
3.75639 -5.6674 -0.0141257
3.70136 -5.22749 -0.013919
5.31456 -4.55191 -0.0199828
5.61405 -4.80827 -0.0211084
5.30721 -5.14457 -0.0199551
5.3763 -6.67825 -0.0202137
-9.8388 -1.52637 0.0369866
-9.95663 -8.70436e-07 0.0374296
-9.95191 0.306435 0.0374118
4.7104 8.76673 -0.0177077
3.88094 9.1637 -0.0145895
-1.52726 9.83298 0.0057414
3.26385 -6.07637 -0.0122738
-8.12656 5.74929 0.0305499
-8.29986 5.49646 0.0312014
-7.5611 6.47415 0.0284242
0.612936 9.93187 -0.0023042
2.42855 9.6502 -0.00912961
2.95853 9.29473 -0.0111223
4.13018 8.29032 -0.0155279
4.68231 8.1058 -0.0176034
4.4357 7.67929 -0.0166772
2.85341 4.60762 -0.0107313
3.64672 6.31432 -0.013713
4.95477 7.47394 -0.0186284
4.67021 7.53914 -0.0175588
5.83619 6.80879 -0.0219419
5.46517 7.23354 -0.020547
5.7473 7.13864 -0.0216074
9.7871 -1.82845 -0.0367923
9.65591 -2.42713 -0.0362991
7.14905 -4.73507 -0.0268773
9.95663 0 -0.0374296
9.91416 0.918143 -0.0372699
9.88116 1.22284 -0.0371458
9.48809 3.01661 -0.0356682
4.39405 -8.81937 -0.0165187
3.381 -7.98438 -0.0127123
2.72476 -9.57088 -0.0102431
5.83261 -6.01259 -0.0219293
5.31447 -6.60151 -0.0199814
7.97104 -5.27894 -0.029966
7.96224 -4.92747 -0.0299332
7.23125 -4.78946 -0.0271862
7.6269 -4.72013 -0.0286731
6.60455 -5.31241 -0.0248308
7.86684 -5.93735 -0.0295738
6.81215 -5.83353 -0.0256106
6.33766 -5.77503 -0.0238275
5.87353 -5.6931 -0.0220833
5.17955 -5.6797 -0.0194751
4.61704 -8.59317 -0.0173572
3.73446 -7.4967 -0.0140416
4.31604 -4.73332 -0.0162297
3.58367 4.45259 -0.0134767
3.44479 4.56076 -0.0129546
3.26657 4.32489 -0.0122846
3.6444 -5.14707 -0.0137049
3.32048 -5.36151 -0.0124871
4.27658 -5.66142 -0.0160811
4.38717 -5.45037 -0.0164969
3.26657 -4.32489 -0.0122846
2.96092 -4.18211 -0.0111355
5.24598 5.7525 -0.0197247
5.04669 5.53412 -0.0189758
4.93793 5.76162 -0.0185669
2.72177 4.10698 -0.0102364
7.24119 5.12355 -0.0272234
6.43772 5.51316 -0.0242037
4.05699 7.5518 -0.0152539
4.46251 7.20415 -0.0167786
4.25483 6.86914 -0.0159984
3.40022 5.88773 -0.0127866
-5.49967 8.29497 0.0206748
3.82239 7.67307 -0.0143719
3.74909 8.14503 -0.0140957
0.918677 9.90829 -0.00345357
-4.34961e-07 9.95074 1.63631e-09
-0.918678 9.90829 0.00345357
2.72475 9.57088 -0.0102431
4.09049 7.08213 -0.0153804
3.64654 7.32034 -0.0137113
6.10721 6.29541 -0.022961
5.71102 6.26203 -0.0214721
5.51536 6.43482 -0.0207366
5.35368 7.55908 -0.0201275
5.06374 7.63816 -0.0190377
5.25871 6.13563 -0.0197723
4.75196 6.2903 -0.0178675
8.62268 4.97539 -0.0324149
8.46528 5.23841 -0.0318232
7.63074 5.75935 -0.0286868
8.29986 5.49646 -0.0312014
8.53728 4.92617 -0.0320941
9.72612 -2.1288 -0.036563
9.95191 -0.306423 -0.0374118
5.52462 -7.31213 -0.0207703
5.84389 -6.4076 -0.0219713
5.49967 -8.29497 -0.0206748
5.75265 -8.12178 -0.0216258
6.50836 -7.13538 -0.0244674
3.83953 -6.1991 -0.0144379
3.79463 -6.57026 -0.0142688
3.68381 -5.94783 -0.0138527
4.15708 -5.87074 -0.0156318
4.21405 -5.95115 -0.0158459
4.32536 -5.37362 -0.0162646
6.67783 4.72527 -0.0251064
6.04617 5.50963 -0.0227322
5.42074 5.58832 -0.0203816
5.69532 5.87117 -0.0214134
8.7719 4.70765 -0.0329759
2.93956 4.4355 -0.0110552
5.49967 8.29497 -0.0206748
5.13759 8.29282 -0.0193141
5.83261 6.01258 -0.0219293
6.33766 5.77503 -0.0238275
6.72513 6.9317 -0.0252823
3.79463 6.57026 -0.0142688
4.92985 7.95786 -0.018534
4.78097 8.27641 -0.0179739
3.71916 -4.34019 -0.013986
-2.13004 9.72037 0.00800743
1.22355 9.87532 -0.00459965
3.01837 9.48248 -0.0113469
3.62302 4.79662 -0.0136246
4.38497 6.19236 -0.0164882
6.77493 6.1731 -0.0254704
6.2275 6.03591 -0.0234133
6.5107 6.31013 -0.0244773
4.0287 6.07801 -0.0151491
9.28427 3.59464 -0.034902
9.16911 3.87868 -0.0344691
7.757 6.23837 -0.0291606
7.94554 5.99668 -0.0298694
7.0655 5.68283 -0.0265628
6.1567 5.96735 -0.0231473
7.56109 6.47415 -0.0284242
5.19455 -6.06083 -0.0195312
3.91033 -7.84943 -0.0147022
5.00924 -7.55606 -0.018833
5.06374 -7.63816 -0.0190377
3.24569 -4.58419 -0.0122061
7.23726 -5.46268 -0.0272084
5.17177 -4.71333 -0.0194461
5.0089 -5.16402 -0.0188339
4.66574 -4.81041 -0.0175441
4.81174 4.66454 -0.0180929
3.15736 -4.76403 -0.011874
6.14363 4.94194 -0.0230987
6.5815 6.37868 -0.0247433
7.28512 6.63746 -0.027387
6.99358 6.37212 -0.0262918
9.04524 4.15903 -0.0340034
8.9128 4.43545 -0.0335056
7.35802 6.70379 -0.0276608
5.93281 7.36882 -0.0223042
5.6435 7.46932 -0.0212168
5.58166 7.88063 -0.0209837
5.82184 7.7051 -0.0218866
5.75266 8.12178 -0.0216258
6.00019 7.94088 -0.0225563
6.24203 7.75244 -0.0234655
5.2272 7.88447 -0.0196516
5.08566 8.20908 -0.0191191
6.37546 6.98984 -0.0239682
6.50836 7.13539 -0.0244674
4.61704 8.59318 -0.0173572
3.99827 8.02579 -0.0150325
4.21814 8.46667 -0.0158582
2.98845 9.38861 -0.0112346
4.44898 5.52712 -0.0167292
4.24962 4.66051 -0.01598
3.07728 5.72919 -0.0115726
4.10366 7.63858 -0.0154292
4.51426 5.97587 -0.0169743
4.58366 -7.9352 -0.0172329
5.17272 -7.80236 -0.019447
4.91383 -5.38853 -0.0184765
6.38183 6.57821 -0.0239927
6.31318 6.50751 -0.0237348
5.04911 6.68333 -0.018984
7.7241 5.46488 -0.0290379
8.04608 4.97929 -0.0302482
5.43813 6.75498 -0.020446
4.73684 7.1455 -0.0178098
5.01175 7.07673 -0.0188431
5.96453 6.95837 -0.022424
6.30901 6.91706 -0.0237186
5.69566 8.0414 -0.0214118
5.18271 7.31791 -0.0194853
3.87036 -7.20465 -0.0145528
4.88171 -6.06433 -0.0183554
5.04911 -6.68333 -0.018984
8.12655 5.7493 -0.0305499
7.60333 6.11493 -0.0285834
7.44966 5.99148 -0.0280061
8.86609 4.07675 -0.0333303
7.97104 5.27895 -0.029966
6.11834 7.599 -0.023001
4.59941 -4.4588 -0.0172948
5.82756 -5.31056 -0.0219107
4.51529 -4.95173 -0.0169786
7.03682 6.02572 -0.0264547
6.84781 6.23944 -0.0257442
6.14363 -4.94195 -0.0230987
6.4399 -6.24157 -0.0242113
6.34958 7.40709 -0.0238703
3  0 1 2
3  3 4 5
3  6 7 8
3  9 10 11
3  4 12 5
3  13 10 14
3  15 16 17
3  18 19 20
3  16 21 22
3  23 24 25
3  26 27 28
3  22 29 30
3  12 4 31
3  32 33 34
3  12 31 35
3  6 0 36
3  23 37 38
3  28 6 39
3  40 41 42
3  37 23 43
3  44 16 45
3  16 15 21
3  46 9 21
3  47 48 49
3  33 50 51
3  48 47 25
3  7 6 52
3  16 22 53
3  3 54 55
3  56 57 58
3  59 19 18
3  6 36 39
3  0 6 8
3  0 19 36
3  56 60 27
3  5 12 61
3  7 62 63
3  17 44 35
3  64 65 26
3  45 47 66
3  67 37 68
3  69 70 71
3  72 37 73
3  74 75 76
3  65 59 26
3  77 78 79
3  80 81 82
3  22 47 53
3  9 83 84
3  29 85 86
3  3 87 88
3  46 4 14
3  89 18 90
3  87 10 88
3  10 89 90
3  10 87 89
3  62 52 91
3  62 7 52
3  19 59 65
3  52 6 28
3  57 54 92
3  26 59 93
3  94 95 96
3  31 17 35
3  97 91 98
3  60 56 99
3  0 8 100
3  101 8 102
3  67 103 40
3  104 105 106
3  47 22 25
3  44 45 107
3  37 41 40
3  8 7 63
3  97 45 66
3  45 97 107
3  4 21 31
3  4 46 21
3  25 22 30
3  24 48 25
3  4 13 14
3  4 3 13
3  10 9 14
3  9 46 14
3  87 59 89
3  59 18 89
3  92 54 108
3  54 3 5
3  59 87 57
3  54 57 55
3  21 15 31
3  16 44 17
3  31 15 17
3  61 12 35
3  60 99 109
3  60 109 78
3  110 8 111
3  8 63 111
3  37 43 50
3  20 80 82
3  18 20 112
3  20 69 113
3  1 69 2
3  69 20 2
3  72 114 32
3  115 90 116
3  117 118 119
3  118 37 119
3  120 121 122
3  123 124 125
3  62 24 38
3  24 23 38
3  109 99 78
3  98 78 96
3  37 63 126
3  63 62 126
3  63 37 111
3  8 110 127
3  28 27 128
3  64 26 36
3  60 91 129
3  91 52 129
3  48 24 49
3  24 97 49
3  47 45 53
3  45 16 53
3  130 33 51
3  21 131 132
3  10 13 88
3  13 3 88
3  10 90 11
3  90 9 11
3  78 99 94
3  99 56 61
3  54 5 108
3  57 92 58
3  57 87 55
3  87 3 55
3  20 113 80
3  127 110 133
3  0 70 134
3  70 69 134
3  120 70 121
3  70 0 100
3  133 110 125
3  135 112 136
3  20 19 2
3  19 0 2
3  103 37 40
3  33 130 137
3  37 138 42
3  67 40 139
3  140 141 142
3  41 37 42
3  32 114 33
3  50 114 117
3  37 126 38
3  126 62 38
3  44 107 96
3  107 97 98
3  99 61 94
3  143 94 96
3  59 57 93
3  57 56 93
3  26 93 27
3  56 27 144
3  19 65 36
3  65 64 36
3  97 24 91
3  24 62 91
3  47 49 66
3  49 97 66
3  9 90 83
3  145 146 147
3  22 21 29
3  148 149 150
3  21 151 131
3  21 9 151
3  108 5 152
3  61 56 108
3  153 8 154
3  111 37 155
3  156 70 157
3  158 159 160
3  161 124 162
3  163 164 125
3  69 1 134
3  1 0 134
3  100 8 153
3  154 8 165
3  166 167 147
3  168 169 170
3  112 20 171
3  172 18 173
3  37 103 68
3  103 67 68
3  163 125 174
3  114 50 33
3  138 37 32
3  37 72 32
3  37 114 73
3  114 72 73
3  114 37 117
3  37 118 117
3  37 50 119
3  50 117 119
3  91 78 98
3  107 98 96
3  78 94 143
3  78 143 96
3  94 61 95
3  95 61 175
3  52 28 129
3  28 60 176
3  27 93 144
3  93 56 144
3  78 91 79
3  91 77 79
3  91 60 77
3  60 78 77
3  105 104 177
3  140 23 141
3  178 169 179
3  180 168 170
3  181 34 182
3  9 183 184
3  185 186 180
3  187 188 189
3  190 137 191
3  23 25 30
3  29 192 193
3  29 21 132
3  131 186 185
3  194 195 196
3  92 108 58
3  108 56 58
3  5 61 152
3  61 108 152
3  61 35 175
3  44 175 197
3  124 111 155
3  40 32 34
3  81 198 199
3  75 200 201
3  18 112 202
3  127 164 203
3  71 70 204
3  205 206 207
3  138 32 42
3  32 40 42
3  95 175 96
3  44 96 208
3  36 26 39
3  26 28 39
3  27 60 128
3  28 128 209
3  210 211 212
3  9 178 179
3  213 214 215
3  50 43 216
3  30 29 217
3  29 218 219
3  187 85 188
3  132 131 148
3  220 29 221
3  29 222 223
3  175 35 197
3  35 44 197
3  224 8 225
3  163 226 227
3  37 161 228
3  110 111 124
3  161 37 229
3  40 181 139
3  112 171 230
3  171 20 230
3  69 71 81
3  231 20 232
3  233 234 235
3  236 237 238
3  70 100 239
3  156 157 240
3  241 242 204
3  158 243 244
3  101 245 246
3  247 248 249
3  250 251 237
3  70 241 252
3  253 139 254
3  161 255 256
3  96 175 208
3  175 44 208
3  128 60 257
3  60 28 257
3  60 129 176
3  129 28 258
3  9 259 260
3  84 261 262
3  29 220 263
3  105 23 264
3  23 217 106
3  23 30 217
3  250 265 215
3  131 185 266
3  145 167 267
3  192 220 193
3  132 148 150
3  148 131 149
3  110 124 123
3  227 226 268
3  101 102 269
3  8 270 102
3  164 163 271
3  159 272 160
3  161 229 273
3  229 274 273
3  139 256 254
3  255 37 256
3  20 231 230
3  231 112 230
3  80 113 81
3  113 69 81
3  169 275 276
3  115 277 278
3  267 167 279
3  213 166 147
3  280 281 282
3  18 283 284
3  120 122 285
3  286 287 288
3  289 74 76
3  70 239 121
3  101 271 290
3  291 292 293
3  294 295 158
3  296 297 213
3  122 298 272
3  70 242 299
3  121 239 300
3  205 301 206
3  290 302 205
3  75 74 200
3  245 8 303
3  245 304 246
3  224 164 271
3  101 224 271
3  155 37 305
3  124 155 305
3  253 37 139
3  67 139 306
3  34 33 182
3  181 40 34
3  307 308 309
3  310 311 312
3  125 124 174
3  110 123 125
3  313 314 315
3  140 314 316
3  43 23 216
3  130 51 317
3  128 257 209
3  257 28 209
3  129 258 176
3  258 28 176
3  9 318 262
3  183 262 184
3  23 319 142
3  141 23 142
3  104 23 177
3  105 177 320
3  220 106 263
3  217 29 321
3  106 217 263
3  145 267 146
3  131 322 323
3  187 149 324
3  149 322 325
3  324 149 325
3  161 181 174
3  326 327 328
3  102 270 269
3  270 8 269
3  8 224 269
3  224 101 269
3  8 164 225
3  164 224 225
3  164 8 203
3  8 127 203
3  37 274 229
3  274 37 273
3  37 255 273
3  255 161 273
3  29 329 330
3  331 146 332
3  29 219 333
3  329 222 219
3  85 29 334
3  29 132 335
3  90 336 277
3  337 212 338
3  18 339 340
3  262 341 342
3  343 344 238
3  345 18 346
3  340 339 347
3  348 340 280
3  349 350 351
3  157 70 240
3  239 100 300
3  289 300 352
3  153 154 74
3  353 75 201
3  354 355 356
3  198 357 308
3  70 358 359
3  156 358 360
3  156 240 361
3  361 240 285
3  301 205 362
3  292 201 363
3  304 8 364
3  8 101 246
3  8 304 303
3  304 245 303
3  37 228 162
3  228 161 162
3  139 181 256
3  181 161 256
3  139 37 306
3  37 67 306
3  281 344 282
3  8 245 365
3  33 137 190
3  366 367 326
3  368 369 370
3  354 356 371
3  164 127 125
3  127 133 125
3  130 23 372
3  104 106 267
3  23 314 313
3  23 313 315
3  314 23 316
3  316 373 374
3  23 51 216
3  51 50 216
3  51 23 317
3  23 130 317
3  318 84 262
3  9 84 375
3  184 262 342
3  183 9 376
3  319 104 142
3  23 104 319
3  177 23 320
3  23 105 320
3  217 321 263
3  321 29 263
3  23 106 264
3  106 105 264
3  322 149 323
3  149 131 323
3  322 185 325
3  180 151 377
3  185 322 266
3  322 131 266
3  124 161 174
3  163 174 378
3  220 221 193
3  221 29 193
3  329 192 379
3  29 379 380
3  218 29 86
3  167 145 147
3  222 329 381
3  329 29 381
3  29 335 188
3  335 132 189
3  188 335 189
3  132 150 189
3  9 382 275
3  275 382 276
3  325 185 180
3  169 168 179
3  9 383 337
3  384 211 210
3  385 341 386
3  387 211 341
3  142 104 388
3  219 85 332
3  170 169 389
3  387 390 391
3  237 251 238
3  392 393 394
3  329 219 146
3  220 192 146
3  395 396 397
3  396 112 397
3  283 398 399
3  283 18 398
3  18 400 281
3  400 399 281
3  348 90 401
3  348 401 340
3  289 292 402
3  122 121 291
3  300 100 352
3  100 289 352
3  292 353 201
3  101 290 403
3  289 100 74
3  100 153 74
3  8 404 165
3  404 200 165
3  405 371 406
3  407 199 408
3  409 410 411
3  135 136 232
3  369 349 370
3  242 295 412
3  198 81 204
3  81 71 204
3  242 241 299
3  241 70 299
3  413 307 414
3  295 198 412
3  358 242 359
3  242 70 359
3  358 70 360
3  70 156 360
3  122 361 285
3  415 416 351
3  121 402 417
3  298 122 291
3  290 206 418
3  200 8 365
3  8 246 364
3  246 304 364
3  37 162 305
3  162 124 305
3  256 37 254
3  37 253 254
3  366 181 367
3  290 271 302
3  419 420 265
3  167 421 422
3  295 294 308
3  423 181 424
3  351 416 370
3  312 425 426
3  190 427 328
3  190 191 428
3  281 398 344
3  233 348 234
3  429 430 431
3  18 280 347
3  137 315 191
3  314 140 432
3  315 314 191
3  137 130 315
3  23 373 316
3  140 316 374
3  387 385 386
3  433 235 434
3  84 318 375
3  318 9 375
3  435 436 437
3  438 325 389
3  329 379 330
3  379 29 330
3  379 192 380
3  192 29 380
3  219 222 333
3  222 29 333
3  85 219 86
3  219 218 86
3  222 381 223
3  381 29 223
3  85 334 439
3  334 29 439
3  150 149 189
3  149 187 189
3  211 440 441
3  382 9 442
3  9 275 443
3  275 169 443
3  9 179 444
3  179 168 444
3  337 210 212
3  383 9 445
3  259 337 260
3  259 9 337
3  183 376 262
3  376 9 262
3  267 220 146
3  192 329 146
3  440 446 447
3  448 449 450
3  451 393 452
3  453 454 195
3  90 455 456
3  457 458 459
3  213 331 332
3  146 219 332
3  18 172 346
3  460 18 396
3  398 18 461
3  346 398 461
3  339 18 347
3  400 18 399
3  292 76 353
3  292 289 76
3  462 247 249
3  200 245 201
3  291 121 417
3  205 310 362
3  121 300 402
3  300 289 402
3  403 290 418
3  76 75 353
3  404 8 200
3  245 200 365
3  200 74 165
3  74 154 165
3  309 463 405
3  112 410 409
3  199 198 413
3  357 295 308
3  82 81 407
3  135 232 408
3  414 307 405
3  242 358 243
3  241 204 252
3  204 70 252
3  198 204 412
3  204 242 412
3  70 464 465
3  70 120 464
3  294 158 160
3  358 156 361
3  160 355 354
3  201 286 363
3  159 158 466
3  466 158 244
3  226 467 468
3  268 226 468
3  469 226 378
3  469 470 467
3  421 420 328
3  421 328 422
3  272 462 355
3  467 471 311
3  33 327 182
3  327 181 182
3  279 167 422
3  472 366 326
3  473 348 280
3  398 368 344
3  474 475 476
3  458 456 477
3  106 220 267
3  190 478 422
3  432 140 478
3  104 267 388
3  23 315 372
3  315 130 372
3  373 23 374
3  23 140 374
3  84 479 480
3  84 83 479
3  474 481 482
3  115 278 483
3  389 169 484
3  446 440 435
3  387 485 390
3  386 261 486
3  487 326 328
3  187 324 438
3  180 186 488
3  186 131 488
3  226 163 378
3  181 366 469
3  29 188 439
3  188 85 439
3  276 382 442
3  489 9 260
3  169 178 443
3  178 9 443
3  168 151 444
3  151 9 444
3  341 384 342
3  490 9 184
3  384 383 445
3  262 261 341
3  337 383 210
3  383 384 210
3  421 167 491
3  196 454 492
3  348 473 234
3  368 236 344
3  260 337 338
3  276 338 447
3  493 494 495
3  496 194 492
3  497 348 498
3  499 90 500
3  501 502 493
3  503 90 499
3  112 396 202
3  396 18 202
3  504 405 406
3  205 311 310
3  18 345 461
3  345 346 461
3  283 399 284
3  399 18 284
3  401 90 340
3  90 18 340
3  287 286 505
3  302 271 268
3  291 506 507
3  247 462 506
3  411 413 414
3  410 112 135
3  463 354 371
3  307 413 308
3  81 199 407
3  232 82 408
3  198 295 357
3  413 198 308
3  240 464 285
3  464 120 285
3  464 240 465
3  240 70 465
3  361 159 466
3  243 358 244
3  159 361 272
3  361 122 272
3  506 462 507
3  462 272 507
3  271 163 268
3  163 227 268
3  487 419 326
3  181 423 367
3  470 471 467
3  469 366 470
3  420 419 487
3  367 423 326
3  327 508 328
3  420 421 491
3  408 199 509
3  199 413 509
3  409 411 397
3  205 467 311
3  510 511 512
3  513 236 368
3  314 432 191
3  267 279 478
3  190 428 478
3  428 191 478
3  508 327 514
3  33 190 508
3  399 398 281
3  344 236 238
3  234 473 515
3  343 474 515
3  516 517 518
3  90 519 520
3  140 142 478
3  388 267 478
3  336 90 521
3  90 503 521
3  522 393 523
3  451 524 525
3  83 90 479
3  526 527 528
3  484 169 437
3  502 481 448
3  529 485 530
3  483 531 532
3  211 384 341
3  533 84 486
3  440 211 435
3  211 387 534
3  324 325 438
3  296 438 389
3  453 429 431
3  491 167 166
3  151 168 377
3  168 180 377
3  325 170 389
3  325 180 170
3  131 151 488
3  151 180 488
3  467 205 468
3  226 469 467
3  174 181 378
3  181 469 378
3  338 440 447
3  212 211 441
3  341 261 535
3  385 387 341
3  9 490 445
3  384 445 536
3  187 438 213
3  438 296 213
3  250 214 537
3  265 250 237
3  513 368 237
3  236 513 237
3  419 265 538
3  368 398 369
3  282 344 515
3  344 343 515
3  425 472 426
3  346 172 173
3  213 332 539
3  332 85 539
3  260 338 442
3  338 276 442
3  446 169 447
3  169 276 447
3  387 435 540
3  435 211 540
3  343 430 475
3  537 492 541
3  90 348 497
3  519 90 498
3  291 293 542
3  363 286 288
3  402 292 417
3  292 291 417
3  293 363 542
3  416 415 405
3  201 245 403
3  245 101 403
3  112 231 136
3  136 231 232
3  20 82 232
3  82 407 408
3  355 462 249
3  504 416 405
3  411 410 408
3  410 135 408
3  291 507 543
3  507 272 543
3  205 302 468
3  302 268 468
3  419 472 326
3  214 250 215
3  181 327 424
3  327 423 424
3  420 487 328
3  423 327 326
3  173 18 395
3  18 460 395
3  471 470 312
3  413 411 509
3  280 340 347
3  544 472 511
3  142 388 478
3  191 432 478
3  508 190 328
3  478 279 422
3  327 33 514
3  33 508 514
3  18 281 280
3  234 515 235
3  501 433 434
3  515 474 235
3  545 516 546
3  453 547 450
3  517 516 483
3  90 520 477
3  90 497 498
3  501 548 549
3  115 116 277
3  116 90 277
3  277 521 278
3  336 521 277
3  115 479 528
3  479 90 526
3  453 195 547
3  550 551 552
3  393 522 394
3  278 517 483
3  392 553 554
3  545 392 554
3  393 451 523
3  485 451 452
3  115 525 555
3  525 524 555
3  485 386 486
3  485 387 386
3  261 84 533
3  261 533 486
3  390 393 556
3  446 435 437
3  297 389 484
3  297 296 389
3  194 196 492
3  297 194 496
3  294 160 354
3  247 506 288
3  445 490 536
3  490 184 342
3  490 342 536
3  342 384 536
3  265 420 215
3  420 491 215
3  265 237 538
3  237 419 538
3  251 430 238
3  430 343 238
3  473 280 515
3  280 282 515
3  85 187 539
3  187 213 539
3  440 338 441
3  338 212 441
3  9 489 442
3  489 260 442
3  211 534 540
3  534 387 540
3  430 251 537
3  251 250 537
3  453 481 429
3  430 429 475
3  403 418 505
3  206 301 287
3  207 206 557
3  290 205 207
3  292 363 293
3  310 558 559
3  506 542 288
3  506 291 542
3  418 206 505
3  206 287 505
3  158 295 243
3  295 242 243
3  272 355 160
3  371 248 406
3  415 414 405
3  301 362 288
3  411 408 509
3  173 395 369
3  272 298 543
3  298 291 543
3  235 474 434
3  233 235 433
3  501 482 502
3  482 481 502
3  550 392 450
3  516 493 495
3  503 560 561
3  90 560 500
3  562 560 457
3  548 501 457
3  520 348 563
3  549 548 564
3  477 520 459
3  520 563 549
3  348 520 498
3  520 519 498
3  278 521 517
3  521 503 517
3  479 524 480
3  524 529 530
3  90 527 526
3  479 526 528
3  392 448 450
3  481 453 450
3  169 446 437
3  435 387 436
3  531 522 532
3  550 393 392
3  524 451 529
3  451 485 529
3  522 525 565
3  525 115 565
3  451 525 523
3  525 522 523
3  524 479 555
3  479 115 555
3  261 386 535
3  386 341 535
3  485 486 530
3  486 84 480
3  393 390 452
3  390 485 452
3  194 484 437
3  436 387 551
3  436 551 437
3  194 297 484
3  551 195 437
3  195 194 437
3  195 454 196
3  430 537 431
3  214 213 496
3  213 297 496
3  311 471 312
3  366 472 425
3  213 215 166
3  215 491 166
3  419 237 566
3  237 368 566
3  350 349 369
3  398 346 173
3  312 544 416
3  398 173 369
3  475 429 476
3  474 343 475
3  206 290 557
3  290 207 557
3  287 301 288
3  356 248 371
3  286 201 505
3  201 403 505
3  358 361 244
3  361 466 244
3  411 415 567
3  411 414 415
3  472 419 568
3  416 544 511
3  328 427 422
3  427 190 422
3  563 348 433
3  348 233 433
3  516 448 546
3  493 502 494
3  553 392 394
3  394 522 554
3  560 503 500
3  503 499 500
3  560 458 457
3  560 90 458
3  501 569 457
3  569 562 457
3  560 562 561
3  517 561 518
3  562 570 561
3  517 503 561
3  553 394 554
3  115 483 532
3  527 90 528
3  90 115 528
3  551 550 547
3  195 551 547
3  480 524 530
3  486 480 530
3  390 551 391
3  551 387 391
3  393 551 556
3  551 390 556
3  551 393 552
3  393 550 552
3  449 481 450
3  502 448 494
3  537 214 492
3  454 453 431
3  214 496 492
3  454 431 492
3  542 363 288
3  362 310 288
3  312 470 425
3  470 366 425
3  369 395 571
3  416 504 558
3  146 331 147
3  331 213 147
3  460 396 395
3  350 395 397
3  350 411 567
3  112 409 397
3  411 350 397
3  312 416 558
3  429 481 476
3  481 474 476
3  294 354 572
3  354 309 572
3  248 247 288
3  310 248 288
3  354 463 309
3  307 309 405
3  566 368 510
3  419 566 510
3  474 482 434
3  482 501 434
3  563 433 549
3  433 501 549
3  481 449 448
3  547 550 450
3  448 392 546
3  392 545 546
3  458 477 459
3  458 90 456
3  456 455 477
3  455 90 477
3  516 569 493
3  569 501 493
3  562 569 570
3  569 516 570
3  483 516 554
3  516 545 554
3  522 565 573
3  565 115 573
3  472 544 426
3  544 312 426
3  472 568 511
3  349 351 370
3  511 568 512
3  510 368 511
3  309 308 572
3  308 294 572
3  248 310 559
3  310 312 558
3  520 549 564
3  548 457 459
3  561 570 518
3  570 516 518
3  483 554 531
3  554 522 531
3  522 573 532
3  573 115 532
3  492 431 541
3  431 537 541
3  350 567 351
3  567 415 351
3  568 419 512
3  419 510 512
3  248 356 249
3  356 355 249
3  558 504 559
3  405 463 371
3  395 350 571
3  350 369 571
3  416 511 370
3  511 368 370
3  494 448 495
3  448 516 495
3  548 459 564
3  459 520 564
3  248 559 406
3  559 504 406
