OFF
612 1220 0
-227.829 112.814 250.886
-235.734 48.3923 212.148
-317.29 8.31842 349.956
118.821 -37.2062 104.003
217.044 34.0745 190.548
181.882 -57.3862 173.184
7.3088 155.547 125.705
-19.2772 236.978 190.672
25.5462 155.903 130.015
-97.4641 196.824 190.554
-139.152 137.695 168.925
-166.907 144.35 212.034
227.636 -199.82 401.499
247.486 -182.071 315.562
241.459 -185.968 354.221
-49.3545 -307.371 431.598
19.7335 -337.651 358.6
22.0725 -328.176 388.641
-99.8506 263.215 293.983
-198.089 211.73 341.293
-177.311 232.356 354.19
-132.157 72.467 112.787
-47.1856 123.491 104.061
-6.00086 7.94088 0.0236949
1.82972 -9.78131 -0.00722487
1.52741 -9.83298 -0.00603111
1.22368 -9.87532 -0.00483183
248.72 207.033 324.21
337.018 -5.63667 405.831
308.971 82.1519 298.441
68.2542 307.638 418.705
179.576 259.752 427.3
154.669 271.945 418.703
52.0905 -229.966 212.126
-27.6007 -225.24 199.184
-25.6343 -122.881 99.7217
-239.14 -29.0425 203.569
-164.115 -132.16 177.614
-298.138 -106.741 345.656
291.701 56.1085 431.596
255.292 168.006 414.401
250.871 137.677 431.594
-270.773 -119.15 418.694
-118.299 -67.7291 104.097
-77.1459 -123.326 112.751
-223.693 8.01685 177.707
-130.51 -22.323 95.4859
-184.624 241.226 392.904
-252.774 133.791 336.974
-220.297 170.904 405.779
-220.503 -169.55 435.896
-190.69 193.617 435.896
-256.202 65.6645 435.896
-265.519 67.455 427.29
82.5066 235.864 225.09
100.798 244.964 263.827
124.728 228.465 242.333
271.608 -148.878 302.693
127.947 40.5494 99.7908
68.931 -305.374 431.598
23.3848 -119.594 103.99
2.42882 -9.6502 -0.00959045
2.72506 -9.57088 -0.0107602
7.62291 -271.737 263.863
-53.7141 -271.631 268.187
-138.277 -158.853 186.207
-208.084 -206.076 319.801
294.063 -105.658 362.831
272.319 -119.399 435.896
7.35885 6.70379 -0.0290569
6.93191 7.14378 -0.0273712
7.14877 6.92707 -0.0282274
-117.849 270.41 401.495
-7.35885 6.70379 0.0290569
-7.75787 6.23838 0.0306325
-7.56195 6.47415 0.0298589
-133.111 35.3546 95.5299
-145.194 -1.79542 104.167
162.031 -132.965 190.483
43.1595 314.762 427.3
9.17014 -3.87868 -0.0362089
9.04627 -4.15903 -0.0357198
8.82553 -4.39157 -0.0348484
74.1846 126.87 121.345
68.6808 -321.451 371.461
83.116 -245.833 259.512
99.651 -313.601 384.348
133.089 -272.976 349.92
134.552 -221.301 263.807
289.136 -0.3129 435.896
82.7817 -128.167 134.269
47.0614 -110.233 103.966
-7.94643 5.99669 0.0313771
-162.493 -261.002 410.101
-9.83991 -1.52637 0.0388535
-120.223 -32.0408 91.129
-236.285 -169.181 427.294
-9.95303 0.306434 0.0393001
-19.8569 -263.613 435.896
-17.6874 246.397 435.896
65.1878 109.637 104.033
3.88137 9.1637 -0.0153259
-9.95303 -0.306434 0.0393001
-9.95776 -8.70535e-07 0.0393188
9.04626 4.15904 -0.0357197
9.17014 3.87868 -0.0362089
183.772 -251.841 414.403
78.2676 -271.538 435.896
-134.163 -223.517 272.403
-123.576 247.427 418.685
-67.8039 234.876 435.896
81.4334 -93.8558 104.006
8.30079 -5.49647 -0.0327762
-8.62365 -4.9754 0.0340511
-8.46623 -5.23842 0.0334295
-9.65699 -2.42714 0.0381312
-9.72721 -2.12881 0.0384085
-7.14877 6.92707 0.0282274
-208.08 160.606 435.896
-6.93191 7.14378 0.0273712
-6.70847 7.35371 0.0264889
4.79177 7.22768 -0.0189236
4.57381 6.89925 -0.0180636
4.18948 7.25281 -0.0165458
132.033 -239.014 435.896
202.667 -227.817 358.521
-2.72506 -9.57088 0.0107602
2.83916 -8.91923 -0.0112118
3.86671 -7.76129 -0.0152707
3.95467 -7.93764 -0.0156177
4.31637 -4.73346 -0.0170487
4.42507 -5.16328 -0.0174778
4.07841 -5.06676 -0.0161091
3.59713 -9.2788 -0.0142036
-139.371 -207.752 435.896
-2.72505 9.57088 0.0107601
-154.564 210.257 280.999
84.4696 293.058 431.596
97.908 236.191 435.896
2.13028 9.72037 -0.0084116
3.87253 5.46883 -0.0152961
3.59325 5.42114 -0.0141934
3.9295 5.54923 -0.015521
-9.48916 3.01661 0.0374685
3.04864 4.59987 -0.0120431
-9.65699 2.42713 0.0381312
9.88228 1.22284 -0.0390208
9.83991 1.52637 -0.0388535
3.18893 -4.50389 -0.0125971
3.58391 4.45272 -0.0141567
3.44502 -4.56088 -0.0136083
4.16192 9.03991 -0.0164337
-9.88228 -1.22284 0.0390208
-8.77289 4.70765 0.0346403
3.00927 4.85902 -0.0118876
-254.535 -71.2168 435.896
-140.288 -242.299 431.594
3.60288 -7.23221 -0.0142298
-0.918784 -9.90829 0.00362788
3.68401 -6.85757 -0.0145506
-6.9319 -7.14378 0.0273711
-9.04626 -4.15904 0.0357198
-9.48916 -3.01661 0.0374685
6.00086 -7.94088 -0.0236949
5.63927 -7.96103 -0.0222677
5.88194 -7.7837 -0.0232259
255.23 118.132 435.896
194.239 204.398 435.896
194.472 -202.935 431.594
-14.9766 294.464 422.995
53.4309 159.959 142.97
9.78821 -1.82845 -0.0386493
9.8399 -1.52638 -0.0388535
-6.24273 7.75245 0.0246499
3.30285 4.66472 -0.0130469
3.075 4.34306 -0.0121472
3.21201 4.84626 -0.0126882
-6.47868 7.55665 0.0255815
-8.30079 5.49646 0.0327762
-9.72721 2.12881 0.0384085
-8.12747 5.74929 0.0320919
-9.39169 3.3072 0.0370837
-9.28532 3.59464 0.0366637
-6.00086 -7.94088 0.0236948
-5.7533 -8.12179 0.0227173
0.306656 -9.94602 -0.00121091
0.613003 -9.93186 -0.0024205
4.71092 -8.76674 -0.0186014
4.97885 -8.61761 -0.0196594
-2.42882 -9.6502 0.00959045
3.07531 6.17399 -0.0121477
3.25253 5.63187 -0.0128479
-5.24205 8.4603 0.0206986
6.60521 5.31251 -0.026084
5.97386 5.44339 -0.0235918
6.0865 5.89888 -0.0240361
7.14013 6.50481 -0.0281941
7.56195 6.47416 -0.0298589
9.28532 3.59464 -0.0366637
8.95667 4.11791 -0.0353662
-4.34961e-07 9.95074 1.71885e-09
0.306646 9.94602 -0.00121082
3.29586 7.16065 -0.0130176
8.46624 -5.23841 -0.0334295
3.68407 -5.94792 -0.0145517
3.81112 -5.74963 -0.0150535
4.029 -6.07811 -0.0159135
6.88776 5.89766 -0.0271988
6.70275 6.10682 -0.0264683
6.45116 6.64896 -0.0254746
3.91186 -4.56478 -0.0154516
4.11709 4.51505 -0.0162619
3.91186 4.56478 -0.0154516
3.76935 4.68299 -0.0148889
8.62365 -4.9754 -0.0340511
3.47374 -4.90596 -0.0137217
3.83115 -4.75975 -0.0151329
-5.75331 8.12177 0.0227174
-7.14877 -6.92707 0.0282274
-6.24272 -7.75246 0.0246498
-9.83991 1.52637 0.0388535
-9.88228 1.22283 0.0390208
-9.7882 1.82846 0.0386493
-9.17014 3.87868 0.0362089
3.22748 -7.62155 -0.012747
3.14545 -8.92055 -0.0124211
-6.70847 -7.35371 0.0264889
9.3917 3.30719 -0.0370837
4.3014 6.48869 -0.0169886
4.19244 6.32446 -0.0165586
4.04749 6.53421 -0.0159861
8.12747 5.7493 -0.0320919
7.94644 5.99668 -0.0313771
8.30079 5.49646 -0.0327762
8.686 4.66109 -0.0342975
7.47415 5.64074 -0.0295135
8.13635 5.38773 -0.0321274
6.21492 4.69129 -0.0245436
6.06739 4.88033 -0.0239612
9.72721 2.12881 -0.0384085
3.17078 -5.90286 -0.0125249
3.35739 -6.25003 -0.0132615
3.11927 -6.26218 -0.0123212
4.16193 -9.0399 -0.0164337
4.43852 -8.90755 -0.0175259
4.58208 5.02467 -0.0180977
4.24994 4.66066 -0.0167864
-9.57761 2.72317 0.0378178
-9.04626 4.15904 0.0357198
-8.9138 4.43545 0.0351967
3.53071 4.98637 -0.0139466
4.14016 -7.1675 -0.0163512
3.87068 -7.20471 -0.0152872
4.09084 -7.08219 -0.0161566
6.58851 6.79035 -0.0260165
9.57761 2.72316 -0.0378178
9.48916 3.01661 -0.0374685
9.95303 -0.306424 -0.0393001
9.95776 0 -0.0393188
9.85916 0 -0.0389296
9.93886 -0.612587 -0.0392442
5.97884 -4.51322 -0.0236117
-5.50029 8.29498 0.0217183
2.84423 5.29529 -0.0112357
3.075 -4.34306 -0.0121472
-9.7882 -1.82846 0.0386493
4.26387 5.297 -0.0168413
4.14023 5.1435 -0.0163532
-9.91527 0.918146 0.0391511
-9.93886 0.61258 0.0392442
3.11308 -5.02655 -0.0122975
-4.97885 -8.61761 0.0196594
-4.71092 -8.76674 0.0186014
-1.22368 -9.87532 0.00483181
-3.88136 -9.1637 0.0153259
-4.16193 -9.0399 0.0164337
-3.30948 -9.38509 0.0130677
5.21527 -5.37631 -0.0205973
5.31289 -5.8254 -0.0209824
4.88212 -6.06444 -0.0192817
-8.30079 -5.49647 0.0327762
-8.77289 -4.70765 0.0346403
2.98417 -5.55568 -0.0117882
3.47642 -5.61289 -0.013732
-7.35885 -6.70379 0.0290569
3.30948 -9.38509 -0.0130677
3.00603 -5.20527 -0.0118747
4.04749 -6.53421 -0.0159861
3.6963 -6.39971 -0.0145996
4.19244 -6.32446 -0.0165586
5.0953 4.93898 -0.0201238
4.87204 5.02272 -0.0192424
5.21527 5.3763 -0.0205973
6.29893 6.10454 -0.0248744
2.42882 9.6502 -0.00959042
6.03916 6.22479 -0.0238489
5.77802 6.3349 -0.022818
-2.13028 9.72037 0.0084116
-1.82972 9.78131 0.00722481
-2.42882 9.6502 0.00959042
4.33742 -8.07253 -0.0171285
4.03817 -8.77146 -0.0159458
4.26257 -8.55486 -0.0168321
7.07794 -6.85853 -0.0279481
6.47868 -7.55665 -0.0255816
6.35027 -7.40712 -0.0250751
5.68945 -4.87249 -0.0224693
5.91374 -4.75683 -0.0233547
5.83922 -5.00066 -0.0230605
-5.24206 -8.4603 0.0206987
-8.9138 -4.43546 0.0351967
-8.46623 5.23842 0.0334295
5.83922 5.00066 -0.0230605
5.44928 5.28183 -0.0215211
5.91411 5.06474 -0.0233561
3.52833 5.69665 -0.0139369
3.68407 5.94793 -0.0145517
6.59801 4.66849 -0.0260558
9.56137 2.40314 -0.0377538
9.91528 -0.918138 -0.0391511
4.74135 4.59611 -0.0187265
3.16498 5.11032 -0.0125024
3.3207 5.36161 -0.0131172
-3.88137 9.1637 0.0153259
3.91734 7.2915 -0.0154713
3.91069 7.84947 -0.0154442
4.01069 7.46506 -0.0158396
2.72505 9.57088 -0.0107601
-9.17014 -3.87868 0.0362089
2.88528 -4.35348 -0.011398
-9.91527 -0.918148 0.0391511
-9.93886 -0.612582 0.0392442
3.64573 -4.52947 -0.0144008
-3.59713 -9.2788 0.0142036
-9.28532 -3.59464 0.0366637
-7.75787 -6.23838 0.0306325
3.88136 -9.1637 -0.0153259
4.44232 -6.27285 -0.0175452
-1.82972 -9.78131 0.00722487
-2.13028 -9.72037 0.00841159
-1.52741 -9.83298 0.0060311
6.17649 6.36619 -0.0243908
6.06389 5.19289 -0.0239473
6.75899 4.78229 -0.0266912
4.80339 -4.952 -0.0189714
8.62365 4.97539 -0.0340511
6.58815 5.64139 -0.0260164
7.23803 5.46274 -0.0285817
6.91257 5.55944 -0.027297
5.24205 8.4603 -0.0206987
5.7533 8.12178 -0.0227174
5.44578 8.21288 -0.0215034
3.59713 9.2788 -0.0142036
-0.306647 9.94602 0.00121083
6.72587 6.93172 -0.0265584
-3.0187 9.48248 0.0119196
6.45101 -4.86933 -0.0254755
6.60521 -5.31251 -0.026084
5.989 -5.12881 -0.0236517
5.22775 -7.8845 -0.0206435
4.9823 -8.04163 -0.0196743
4.82648 -7.79041 -0.0190597
4.95372 -4.80184 -0.0195649
5.09935 4.64711 -0.0201398
9.657 -2.42713 -0.0381313
9.72721 -2.1288 -0.0384085
7.35884 -6.7038 -0.0290569
7.56195 -6.47415 -0.0298589
6.45116 -6.64897 -0.0254746
6.58851 -6.79035 -0.0260165
6.17675 -6.77156 -0.0243913
3.4507 -6.42362 -0.0136298
4.80339 4.952 -0.0189714
-8.62365 4.9754 0.0340511
7.87926 4.87568 -0.0311131
9.78821 1.82845 -0.0386493
9.88228 -1.22284 -0.0390208
9.93886 0.61258 -0.0392442
9.91528 0.918144 -0.0391511
4.1574 -5.87085 -0.0164206
3.75859 -5.30801 -0.0148463
-4.43853 8.90755 0.0175259
3.7082 8.05557 -0.0146444
1.52743 9.83298 -0.00603119
3.25114 -6.52674 -0.0128417
3.63216 -5.86416 -0.0143468
-7.94644 -5.99669 0.0313771
-8.12747 -5.74929 0.0320919
-6.47868 -7.55665 0.0255816
4.72259 -7.62292 -0.0186499
3.07367 -7.25866 -0.0121401
-4.43852 -8.90755 0.0175259
-9.39169 -3.3072 0.0370837
-9.57761 -2.72317 0.0378178
-7.56195 -6.47415 0.0298589
4.15071 -7.72541 -0.016392
4.28813 -7.42342 -0.016935
3.26593 -7.71226 -0.0128987
6.84854 -6.23949 -0.0270436
6.17649 -6.36619 -0.0243908
5.46571 -7.23359 -0.021584
5.96515 -6.95842 -0.0235558
5.52518 -7.31217 -0.0218186
-0.612998 -9.93186 0.00242048
-0.306656 -9.94602 0.00121091
3.81556 5.38842 -0.0150712
5.39084 4.91256 -0.0212905
5.83691 4.69509 -0.0230514
7.52732 6.05323 -0.0297229
8.46623 5.23841 -0.0334295
4.57406 6.05458 -0.0180655
4.27691 5.66153 -0.0168926
4.17458 8.37852 -0.0164851
4.29074 7.98575 -0.0169444
6.00086 7.94088 -0.0236949
6.24273 7.75245 -0.0246499
-4.71093 8.76673 0.0186015
1.22368 9.87532 -0.00483182
3.54325 7.69761 -0.0139937
0.918779 9.90829 -0.00362789
0.613005 9.93186 -0.0024205
7.52732 -6.05323 -0.0297229
7.29678 -5.86807 -0.0288132
8.77289 -4.70765 -0.0346403
7.06625 -5.68289 -0.0279035
6.81286 -5.8336 -0.0269032
9.39169 -3.3072 -0.0370837
9.48915 -3.01662 -0.0374685
8.36742 -4.82775 -0.0330399
9.07933 -3.84032 -0.0358505
7.39643 -4.89832 -0.0292073
7.06724 -6.43849 -0.0279065
5.56234 -6.90851 -0.0219659
5.90095 -6.88365 -0.0233025
3.73478 -7.49676 -0.0147502
9.65699 2.42714 -0.0381312
4.69664 -5.83421 -0.0185496
4.74587 -5.53732 -0.0187441
4.16846 4.86404 -0.0164647
5.39084 -4.91256 -0.0212905
5.68235 -5.17798 -0.0224412
5.58227 -7.88064 -0.0220429
5.46824 -7.71989 -0.0215931
-3.59713 9.27879 0.0142036
-1.52743 9.83298 0.00603119
3.3754 5.09264 -0.0133333
3.44974 -5.97315 -0.0136264
-5.50029 -8.29498 0.0217183
5.7533 -8.12178 -0.0227173
5.13814 -8.29284 -0.0202889
4.83082 -8.36172 -0.0190757
4.73214 -8.19112 -0.0186865
6.15732 -5.96743 -0.0243156
6.24272 -7.75246 -0.0246498
6.70847 -7.35371 -0.0264889
-3.01869 -9.48249 0.0119196
1.18661e-07 -9.95074 -4.68917e-10
5.90183 -6.08339 -0.023307
5.97739 -6.55323 -0.0236047
5.84447 -6.40768 -0.0230802
2.13028 -9.72037 -0.00841159
5.30769 5.1447 -0.0209622
5.48988 5.65915 -0.0216812
6.8445 5.16605 -0.0270286
6.2654 5.70878 -0.0247424
7.37362 5.92979 -0.0291164
7.41212 6.34606 -0.0292678
7.86772 5.93736 -0.0310665
7.75787 6.23838 -0.0306325
6.37613 6.98988 -0.0251779
1.82972 9.78131 -0.0072248
3.824 7.11793 -0.015103
3.63734 6.77078 -0.0143664
3.34755 8.63581 -0.0132195
3.45451 8.91138 -0.0136413
-0.91878 9.90829 0.00362789
-1.22368 9.87532 0.00483182
3.0187 -9.48249 -0.0119196
4.39454 -8.81938 -0.0173525
3.77734 -7.03114 -0.0149189
8.9138 -4.43546 -0.0351967
9.28532 -3.59465 -0.0366637
9.57762 -2.72315 -0.0378178
6.9319 -7.14378 -0.0273711
7.94644 -5.99668 -0.0313771
8.12746 -5.74931 -0.0320918
6.79454 -7.00241 -0.0268293
5.57866 -6.11656 -0.0220313
5.32336 -6.21052 -0.0210234
6.75889 5.43598 -0.0266905
9.95303 0.306436 -0.0393001
3.89297 4.8365 -0.015377
5.69585 -5.87127 -0.0224941
4.27691 -5.66153 -0.0168926
-4.97885 8.61761 0.0196594
-4.16192 9.03991 0.0164337
-3.30949 9.38509 0.0130678
5.70354 -7.54795 -0.0225222
6.11902 -7.59901 -0.024162
5.11874 -7.7203 -0.0202135
5.24206 -8.4603 -0.0206987
0.918789 -9.90829 -0.0036279
3.86559 5.83175 -0.0152685
3.73598 6.03168 -0.0147566
3.92006 5.91387 -0.0154835
-0.613006 9.93186 0.0024205
4.71092 8.76673 -0.0186015
4.97885 8.61761 -0.0196594
4.57298 5.68073 -0.0180615
4.44933 5.52724 -0.0175734
2.95885 9.29474 -0.0116837
5.0953 -4.93898 -0.0201238
3.4507 6.42362 -0.0136298
8.77289 4.70765 -0.0346403
3.99557 6.45046 -0.0157812
6.28609 7.33233 -0.0248219
6.41447 7.48189 -0.0253283
4.35588 6.5708 -0.0172036
3.27668 9.29218 -0.0129385
3.87318 -8.41352 -0.0152951
7.15933 -5.40341 -0.0282711
7.16145 -5.06675 -0.0282797
7.14877 -6.92707 -0.0282274
7.75786 -6.23839 -0.0306324
7.86772 -5.93737 -0.0310665
7.55286 -5.70007 -0.0298241
5.59087 -5.41896 -0.02208
6.21368 -5.32103 -0.0245385
6.11963 -5.57609 -0.0241671
5.42122 -5.58845 -0.0214102
6.30967 -6.91711 -0.0249157
4.15805 -5.50431 -0.0164234
3.9295 -5.54923 -0.015521
4.69294 -6.21179 -0.0185347
3.04852 -6.62367 -0.0120415
6.0157 -5.83032 -0.0237567
4.61328 -6.51404 -0.0182199
4.93836 -5.76173 -0.0195039
3.35739 6.25004 -0.0132615
4.35906 -7.03671 -0.0172156
4.41036 -6.65291 -0.0174186
5.50029 -8.29498 -0.0217183
4.93835 5.76173 -0.0195039
4.61755 5.38771 -0.0182376
6.2219 -7.25755 -0.0245687
5.87409 -5.69321 -0.0231978
5.73248 -5.55609 -0.0226389
4.71495 5.17027 -0.0186222
8.91381 4.43545 -0.0351967
6.79454 7.00241 -0.0268293
5.82247 7.70512 -0.0229913
5.70354 7.54795 -0.0225222
5.19502 6.06093 -0.0205169
5.69585 5.87127 -0.0224941
5.06668 5.91133 -0.0200104
3.80443 8.98228 -0.0150226
3.27668 -9.29218 -0.0129385
7.48345 -5.29428 -0.0295505
9.07933 3.84032 -0.0358505
5.96514 6.95843 -0.0235558
4.81181 6.369 -0.0190038
4.94395 6.14118 -0.0195257
5.97737 6.55324 -0.0236046
6.47867 7.55666 -0.0255815
6.70847 7.35371 -0.0264889
4.95522 6.99641 -0.0195692
4.99013 6.60481 -0.0197075
4.84123 6.83563 -0.0191194
5.32336 6.21052 -0.0210234
3.0187 9.48248 -0.0119196
3.30949 9.38509 -0.0130678
3.24388 -9.19927 -0.0128092
6.70275 -6.10682 -0.0264683
5.43866 -6.75505 -0.0214779
5.34681 -7.07641 -0.0211149
3.81556 -5.38842 -0.0150712
3.6963 6.39972 -0.0145996
4.15805 5.50431 -0.0164234
4.84626 7.30978 -0.0191386
4.15071 7.72541 -0.016392
5.50029 8.29498 -0.0217183
4.43853 8.90755 -0.0175259
5.18 5.67983 -0.0204579
5.34681 7.0764 -0.0211149
5.24022 7.39835 -0.0206936
5.58463 7.39078 -0.0220531
4.38678 -7.59404 -0.0173242
4.61872 -7.45544 -0.0182401
5.22792 -6.9192 -0.0206458
4.46292 -7.20421 -0.0176254
4.57381 -6.89925 -0.0180636
4.73728 -7.14557 -0.0187086
5.22775 7.8845 -0.0206435
5.58226 7.88065 -0.0220428
4.46484 6.73502 -0.0176336
4.35054 8.73121 -0.017179
4.9823 8.04163 -0.0196743
5.03425 8.12537 -0.0198792
5.0862 8.2091 -0.0200841
5.41123 7.6395 -0.0213682
5.64511 6.18933 -0.0222935
3.89356 6.74096 -0.0153781
3.68902 -8.71013 -0.0145675
4.87125 -6.44761 -0.0192384
4.41099 -7.12046 -0.0174205
4.84123 -6.83563 -0.0191194
4.66423 8.67996 -0.0184174
4.87841 7.87415 -0.0192645
4.99013 -6.60481 -0.0197075
5.16846 6.84061 -0.0204112
5.43865 6.75506 -0.0214779
4.41036 6.65291 -0.0174186
3  0 1 2
3  3 4 5
3  6 7 8
3  9 10 11
3  12 13 14
3  15 16 17
3  18 19 20
3  21 22 23
3  24 25 26
3  27 28 29
3  30 31 32
3  33 34 35
3  36 37 38
3  39 40 41
3  42 2 38
3  37 43 44
3  1 45 2
3  36 45 46
3  47 48 49
3  50 51 52
3  53 51 49
3  54 55 56
3  28 57 29
3  27 29 58
3  59 15 17
3  60 61 62
3  33 16 63
3  34 63 64
3  65 66 37
3  67 28 68
3  69 70 71
3  18 47 72
3  43 36 46
3  73 74 75
3  45 21 76
3  45 77 46
3  58 29 4
3  57 13 78
3  10 21 1
3  7 18 79
3  80 81 82
3  27 58 83
3  84 85 86
3  13 87 88
3  57 28 67
3  68 28 89
3  3 5 78
3  90 33 91
3  65 37 44
3  92 21 74
3  38 66 93
3  85 33 88
3  0 10 1
3  21 45 1
3  63 16 64
3  66 64 93
3  28 27 40
3  27 31 40
3  47 19 48
3  30 27 55
3  35 34 44
3  34 65 44
3  36 43 37
3  2 36 38
3  46 77 94
3  43 46 95
3  50 42 96
3  45 36 2
3  77 76 97
3  77 45 76
3  51 98 99
3  28 40 39
3  83 100 101
3  10 0 11
3  29 57 4
3  58 4 3
3  97 102 103
3  104 58 105
3  33 78 88
3  85 88 86
3  68 106 12
3  106 13 12
3  64 16 93
3  34 33 63
3  99 98 68
3  68 98 107
3  98 51 50
3  51 47 49
3  64 66 108
3  65 34 64
3  51 109 72
3  51 110 79
3  83 58 100
3  3 111 112
3  22 21 9
3  21 10 9
3  43 113 114
3  115 46 116
3  76 21 92
3  73 21 117
3  2 42 53
3  53 52 118
3  37 66 38
3  42 38 96
3  19 0 48
3  0 2 48
3  119 120 117
3  121 122 123
3  107 59 124
3  16 84 86
3  84 16 85
3  16 33 85
3  88 87 86
3  13 106 125
3  78 13 88
3  33 90 78
3  57 67 12
3  67 68 12
3  35 44 126
3  127 128 129
3  130 131 132
3  91 60 133
3  40 31 41
3  28 39 89
3  98 15 107
3  50 15 134
3  66 65 108
3  65 64 108
3  31 27 32
3  27 30 32
3  30 54 79
3  22 7 135
3  9 18 7
3  0 19 136
3  47 51 72
3  110 99 79
3  137 99 138
3  99 137 79
3  7 6 139
3  140 141 142
3  143 144 145
3  58 146 147
3  9 11 136
3  11 0 136
3  148 149 150
3  101 100 151
3  94 77 152
3  143 153 154
3  50 52 155
3  52 53 155
3  48 2 49
3  2 53 49
3  16 15 93
3  50 93 156
3  4 57 5
3  5 57 78
3  90 111 78
3  111 3 78
3  87 13 86
3  13 125 86
3  157 158 159
3  111 90 91
3  13 57 14
3  57 12 14
3  44 43 160
3  95 46 161
3  91 33 60
3  33 35 60
3  115 148 162
3  163 164 165
3  99 166 167
3  99 68 89
3  99 89 166
3  89 39 166
3  15 59 107
3  68 107 124
3  125 106 86
3  106 59 86
3  59 106 168
3  106 68 168
3  16 86 17
3  86 59 17
3  15 98 134
3  98 50 134
3  83 54 56
3  54 30 55
3  22 9 7
3  54 7 79
3  137 31 79
3  51 79 169
3  7 54 170
3  54 83 170
3  58 171 172
3  58 3 171
3  19 18 136
3  18 9 136
3  19 47 20
3  47 18 20
3  109 51 169
3  18 72 79
3  21 23 173
3  174 175 176
3  120 21 177
3  74 73 178
3  76 145 179
3  92 74 180
3  143 76 181
3  143 181 182
3  52 51 118
3  51 53 118
3  53 42 155
3  42 50 155
3  38 93 96
3  93 50 96
3  93 15 156
3  15 50 156
3  44 183 184
3  35 185 186
3  111 187 188
3  35 126 189
3  31 166 41
3  166 39 41
3  166 31 167
3  31 137 167
3  59 168 124
3  168 68 124
3  55 27 56
3  27 83 56
3  51 99 110
3  31 30 79
3  190 191 192
3  193 194 195
3  196 70 197
3  105 198 199
3  21 173 177
3  200 201 202
3  3 112 203
3  204 205 206
3  207 208 209
3  97 144 175
3  130 210 211
3  212 149 213
3  81 214 82
3  215 210 216
3  74 21 75
3  21 73 75
3  21 120 119
3  21 119 117
3  23 22 217
3  73 117 177
3  215 148 150
3  160 218 219
3  76 220 221
3  145 144 222
3  181 76 182
3  143 182 223
3  185 157 224
3  127 225 24
3  226 160 219
3  43 95 113
3  99 167 138
3  167 137 138
3  79 72 169
3  72 109 169
3  7 170 8
3  170 83 8
3  58 227 198
3  228 229 230
3  58 231 232
3  58 69 71
3  231 58 233
3  234 235 236
3  237 238 239
3  240 241 242
3  91 243 244
3  245 130 246
3  144 97 222
3  143 145 247
3  248 76 249
3  250 149 176
3  210 212 211
3  251 252 253
3  254 196 209
3  58 255 256
3  58 257 258
3  259 260 261
3  117 120 177
3  177 262 192
3  73 177 263
3  144 143 154
3  102 175 264
3  102 97 175
3  102 265 152
3  46 94 265
3  102 77 103
3  77 97 103
3  266 267 142
3  149 174 176
3  220 222 221
3  268 221 269
3  182 76 223
3  76 248 223
3  44 160 226
3  148 270 162
3  44 271 272
3  35 273 158
3  274 275 276
3  60 25 24
3  277 278 279
3  270 280 281
3  240 282 283
3  43 284 218
3  60 285 133
3  286 270 283
3  287 288 289
3  290 291 292
3  209 208 293
3  227 255 198
3  70 100 71
3  100 58 71
3  6 8 294
3  295 195 296
3  297 7 298
3  7 299 135
3  129 300 301
3  300 302 301
3  3 81 80
3  303 304 305
3  187 111 244
3  306 307 308
3  271 309 272
3  95 161 310
3  222 97 221
3  220 76 222
3  145 76 247
3  76 143 247
3  76 178 311
3  74 178 180
3  312 313 314
3  141 315 316
3  146 312 237
3  317 318 239
3  58 319 260
3  130 245 320
3  262 177 217
3  321 191 322
3  323 190 192
3  324 325 326
3  191 190 316
3  294 8 327
3  149 148 174
3  144 154 176
3  310 161 328
3  148 215 270
3  115 265 329
3  265 102 329
3  265 94 152
3  152 330 331
3  176 154 321
3  149 212 332
3  175 148 264
3  102 264 329
3  76 268 269
3  268 76 221
3  143 223 249
3  223 248 249
3  44 274 333
3  218 284 219
3  276 272 240
3  44 275 274
3  328 46 334
3  280 114 281
3  161 46 328
3  280 284 335
3  61 24 62
3  336 133 301
3  287 289 337
3  338 339 340
3  24 225 62
3  186 185 26
3  341 295 296
3  291 245 292
3  313 342 314
3  313 194 342
3  318 342 343
3  312 314 238
3  307 172 308
3  131 130 344
3  104 105 345
3  207 346 195
3  347 348 207
3  349 350 351
3  8 83 352
3  83 101 352
3  7 200 353
3  196 254 354
3  355 22 135
3  22 262 217
3  356 357 358
3  91 336 243
3  359 360 361
3  362 320 363
3  3 364 365
3  364 172 365
3  111 366 367
3  368 369 370
3  159 371 288
3  245 291 372
3  145 222 179
3  222 76 179
3  178 76 180
3  76 92 180
3  178 153 311
3  153 76 373
3  374 234 199
3  235 347 207
3  255 227 256
3  227 58 256
3  318 255 239
3  375 58 147
3  245 372 320
3  319 58 376
3  258 260 377
3  172 364 356
3  312 146 378
3  146 58 378
3  212 210 332
3  210 215 332
3  205 379 206
3  215 216 380
3  381 323 192
3  139 382 383
3  153 178 154
3  177 191 263
3  241 384 242
3  205 385 283
3  43 386 335
3  43 280 387
3  46 265 116
3  265 115 116
3  264 148 329
3  148 115 329
3  77 330 152
3  102 152 331
3  149 332 150
3  332 215 150
3  148 175 174
3  175 144 176
3  221 97 269
3  97 76 269
3  76 153 249
3  153 143 249
3  184 183 282
3  388 226 219
3  44 388 219
3  160 43 218
3  300 129 389
3  271 44 309
3  384 159 390
3  44 272 391
3  240 184 282
3  339 189 276
3  392 46 162
3  115 162 393
3  386 280 335
3  284 43 394
3  395 251 396
3  397 128 24
3  398 368 399
3  400 401 402
3  35 338 340
3  35 339 338
3  288 204 206
3  35 403 404
3  128 127 24
3  60 35 25
3  141 140 405
3  406 312 407
3  342 318 317
3  58 375 239
3  193 347 374
3  347 234 374
3  235 408 236
3  236 231 409
3  70 69 197
3  69 58 197
3  140 267 405
3  229 410 411
3  325 412 413
3  414 100 415
3  22 381 416
3  417 383 418
3  7 417 419
3  201 7 420
3  196 408 209
3  190 135 297
3  129 128 395
3  336 91 133
3  111 91 244
3  243 336 244
3  421 398 422
3  3 214 423
3  424 398 425
3  3 426 427
3  366 303 367
3  82 214 428
3  429 82 430
3  398 421 431
3  421 303 431
3  172 356 308
3  401 432 433
3  434 157 252
3  185 403 158
3  403 35 158
3  185 158 157
3  397 157 434
3  153 373 311
3  373 76 311
3  347 235 234
3  105 58 198
3  375 147 239
3  147 146 237
3  238 317 239
3  255 58 435
3  319 376 172
3  376 58 172
3  277 131 344
3  378 58 377
3  257 260 258
3  257 58 260
3  210 130 216
3  277 436 437
3  246 211 438
3  130 211 246
3  312 378 407
3  172 307 261
3  277 439 440
3  364 357 356
3  284 280 286
3  441 359 442
3  177 173 217
3  173 23 217
3  323 22 443
3  245 267 266
3  355 135 190
3  7 444 298
3  322 141 445
3  149 250 213
3  154 178 263
3  178 73 263
3  446 240 283
3  272 184 240
3  162 270 281
3  280 43 114
3  114 113 281
3  113 95 281
3  284 394 335
3  394 43 335
3  280 386 387
3  386 43 387
3  330 77 331
3  77 102 331
3  183 44 219
3  388 44 226
3  44 184 447
3  184 272 447
3  272 275 391
3  275 44 391
3  162 46 393
3  46 115 393
3  163 111 448
3  441 449 450
3  451 360 450
3  188 187 244
3  452 398 399
3  128 251 395
3  453 163 304
3  303 454 304
3  275 272 276
3  339 35 189
3  189 126 276
3  44 276 455
3  204 288 446
3  371 159 384
3  35 404 456
3  404 403 456
3  185 397 26
3  397 24 26
3  457 458 459
3  60 24 460
3  461 290 292
3  291 290 372
3  462 313 292
3  312 461 292
3  342 317 238
3  314 342 238
3  408 207 209
3  198 255 463
3  193 464 346
3  235 207 465
3  345 234 236
3  105 234 345
3  196 197 466
3  231 408 467
3  466 197 468
3  197 58 468
3  208 207 293
3  354 254 469
3  417 7 383
3  470 7 139
3  202 471 472
3  473 474 382
3  410 229 228
3  7 475 476
3  60 62 477
3  62 133 477
3  244 336 478
3  157 159 479
3  112 214 203
3  214 3 203
3  214 81 480
3  81 3 480
3  422 398 424
3  426 3 481
3  426 364 427
3  3 427 482
3  111 454 483
3  454 303 483
3  214 112 484
3  111 484 485
3  486 303 305
3  452 424 425
3  481 429 430
3  426 481 430
3  157 479 252
3  279 487 488
3  128 397 434
3  158 340 384
3  158 273 340
3  273 35 340
3  255 318 343
3  346 348 489
3  147 237 239
3  237 312 238
3  255 435 239
3  435 58 239
3  172 171 365
3  171 3 365
3  407 378 377
3  490 58 258
3  211 212 438
3  213 250 491
3  267 245 438
3  245 246 438
3  439 362 363
3  487 492 457
3  131 436 493
3  131 380 132
3  494 22 416
3  191 177 192
3  323 381 495
3  22 355 496
3  135 299 297
3  299 7 297
3  262 22 192
3  22 494 192
3  438 212 491
3  212 213 491
3  154 263 321
3  263 191 321
3  282 286 283
3  497 305 498
3  165 441 497
3  380 205 283
3  162 281 310
3  281 95 310
3  219 284 286
3  183 219 282
3  272 309 447
3  309 44 447
3  157 397 224
3  397 185 224
3  400 442 499
3  500 111 188
3  129 395 389
3  453 111 163
3  163 500 164
3  359 441 450
3  111 453 304
3  454 111 304
3  274 276 333
3  276 44 333
3  276 126 455
3  126 44 455
3  403 185 456
3  185 35 456
3  25 35 26
3  501 35 186
3  35 501 26
3  501 186 26
3  24 61 460
3  61 60 460
3  502 503 504
3  200 202 505
3  506 507 349
3  411 508 509
3  294 327 510
3  321 322 445
3  290 461 406
3  461 312 406
3  344 362 511
3  362 130 320
3  406 407 259
3  260 319 261
3  353 200 505
3  298 444 512
3  231 233 409
3  345 58 513
3  408 232 467
3  232 231 467
3  232 408 466
3  408 196 466
3  229 514 230
3  506 100 507
3  70 515 516
3  517 410 228
3  327 518 510
3  411 502 504
3  6 294 139
3  473 294 510
3  202 444 505
3  444 475 505
3  475 444 476
3  444 7 476
3  133 285 477
3  285 60 477
3  129 301 519
3  225 127 129
3  499 359 361
3  188 244 450
3  214 480 423
3  480 3 423
3  430 520 521
3  481 3 80
3  427 364 482
3  364 3 482
3  303 366 483
3  483 366 522
3  303 484 367
3  367 484 523
3  421 214 524
3  484 303 421
3  484 112 485
3  112 111 485
3  429 481 82
3  481 80 82
3  421 422 525
3  442 359 499
3  526 527 528
3  432 458 433
3  371 384 241
3  529 277 526
3  369 530 401
3  287 159 288
3  380 131 531
3  531 205 532
3  529 526 492
3  252 479 253
3  159 287 479
3  436 279 533
3  384 340 534
3  340 339 534
3  463 342 193
3  342 194 193
3  234 105 199
3  463 193 374
3  342 463 343
3  463 255 343
3  357 452 535
3  278 277 529
3  536 287 337
3  277 279 537
3  436 131 437
3  131 277 437
3  380 216 132
3  216 130 132
3  381 192 416
3  192 494 416
3  355 190 496
3  190 323 496
3  381 22 495
3  22 323 495
3  229 411 504
3  316 538 512
3  316 503 502
3  200 7 201
3  267 491 405
3  267 438 491
3  280 270 286
3  251 253 539
3  385 204 446
3  205 204 385
3  302 300 389
3  385 446 283
3  46 392 334
3  162 310 328
3  253 540 539
3  360 359 450
3  111 500 541
3  500 163 541
3  441 500 449
3  302 451 450
3  508 542 543
3  164 441 165
3  500 441 164
3  369 305 544
3  141 191 315
3  141 316 502
3  406 259 261
3  319 172 261
3  545 492 546
3  439 306 440
3  297 298 512
3  315 191 316
3  245 547 292
3  295 293 195
3  207 408 465
3  408 235 465
3  207 348 346
3  193 346 489
3  408 231 236
3  345 236 409
3  58 104 548
3  104 345 548
3  58 232 468
3  232 466 468
3  70 196 549
3  196 354 549
3  350 414 550
3  550 515 551
3  293 207 195
3  552 553 554
3  352 101 151
3  518 352 555
3  301 133 556
3  133 62 556
3  301 302 478
3  336 301 478
3  165 497 498
3  304 163 165
3  366 111 522
3  111 483 522
3  484 111 523
3  111 367 523
3  214 484 524
3  484 421 524
3  431 303 369
3  303 486 369
3  357 364 430
3  364 426 430
3  357 520 424
3  428 214 424
3  82 557 430
3  557 428 424
3  279 278 487
3  452 357 424
3  159 158 390
3  158 384 390
3  339 276 534
3  384 534 242
3  199 198 558
3  463 374 199
3  487 457 459
3  535 545 528
3  279 436 537
3  436 277 537
3  205 493 379
3  289 379 337
3  131 493 531
3  493 205 531
3  22 496 443
3  496 323 443
3  7 419 420
3  419 201 420
3  191 141 322
3  141 250 445
3  250 141 405
3  491 250 405
3  250 176 445
3  176 321 445
3  215 380 283
3  282 219 286
3  379 289 206
3  289 288 206
3  270 215 283
3  288 371 446
3  371 241 446
3  241 240 446
3  392 162 334
3  162 328 334
3  111 541 448
3  541 163 448
3  139 294 473
3  267 140 142
3  259 407 377
3  260 259 377
3  130 362 344
3  277 344 511
3  372 290 320
3  406 439 363
3  406 306 439
3  357 527 358
3  527 526 358
3  306 308 440
3  526 308 358
3  308 356 358
3  254 209 559
3  209 293 341
3  382 325 418
3  517 228 230
3  313 312 292
3  410 560 561
3  348 347 489
3  347 193 489
3  233 58 409
3  58 345 409
3  58 548 513
3  548 345 513
3  293 295 341
3  209 341 562
3  70 549 515
3  100 563 415
3  415 564 516
3  564 70 516
3  194 553 195
3  565 566 567
3  566 568 561
3  515 559 551
3  352 569 570
3  352 518 569
3  478 302 450
3  244 478 450
3  556 62 571
3  301 556 571
3  530 544 401
3  369 486 305
3  530 369 544
3  292 547 543
3  398 431 368
3  431 369 368
3  525 422 424
3  557 82 428
3  214 525 424
3  214 421 525
3  520 557 424
3  557 520 430
3  389 400 499
3  452 425 572
3  479 287 253
3  573 432 574
3  251 128 252
3  128 434 252
3  534 276 242
3  276 240 242
3  198 463 558
3  463 199 558
3  531 532 575
3  532 205 575
3  503 576 514
3  266 142 577
3  58 490 377
3  490 258 377
3  307 306 261
3  306 406 261
3  362 439 511
3  439 277 511
3  320 290 363
3  290 406 363
3  308 526 440
3  526 277 440
3  316 190 538
3  444 202 512
3  475 7 505
3  7 353 505
3  202 201 418
3  325 382 412
3  418 325 324
3  553 194 462
3  578 579 413
3  471 202 418
3  580 350 349
3  506 151 581
3  580 100 350
3  100 414 350
3  292 542 582
3  410 542 508
3  414 415 516
3  515 469 559
3  469 254 559
3  583 578 584
3  415 563 564
3  549 354 515
3  563 100 564
3  100 70 564
3  346 464 195
3  464 193 195
3  552 554 561
3  551 559 585
3  194 313 462
3  542 292 543
3  8 569 327
3  569 518 327
3  569 8 570
3  8 352 570
3  449 500 450
3  500 188 450
3  62 225 571
3  225 129 571
3  305 304 498
3  304 165 498
3  544 497 401
3  305 497 544
3  492 526 546
3  545 535 492
3  379 493 337
3  493 436 337
3  287 536 540
3  287 540 253
3  540 536 539
3  389 586 587
3  205 380 575
3  380 531 575
3  442 400 402
3  497 441 442
3  573 574 588
3  251 589 396
3  302 389 361
3  389 499 361
3  487 278 492
3  278 529 492
3  589 590 591
3  458 432 573
3  538 190 512
3  190 297 512
3  325 579 123
3  139 473 382
3  383 382 418
3  419 417 418
3  592 593 551
3  122 594 123
3  518 474 510
3  474 473 510
3  382 474 412
3  474 518 412
3  352 151 595
3  412 595 596
3  507 100 349
3  592 596 597
3  100 580 349
3  598 349 351
3  514 576 472
3  201 419 418
3  316 512 503
3  512 576 503
3  471 418 324
3  230 471 123
3  350 550 593
3  559 583 585
3  410 594 560
3  578 583 565
3  592 551 599
3  515 354 469
3  553 462 554
3  542 554 582
3  553 568 600
3  230 514 601
3  301 571 602
3  571 129 602
3  368 370 458
3  370 369 401
3  401 400 432
3  452 458 457
3  520 357 521
3  357 430 521
3  425 398 572
3  398 452 572
3  527 357 528
3  357 535 528
3  536 337 533
3  337 436 533
3  401 497 402
3  497 442 402
3  395 396 586
3  396 589 587
3  536 603 590
3  539 590 604
3  360 451 361
3  451 302 361
3  526 528 546
3  528 545 546
3  536 533 603
3  533 279 603
3  591 590 605
3  432 400 574
3  410 508 411
3  266 411 509
3  547 245 543
3  245 266 543
3  471 230 601
3  512 202 472
3  7 470 383
3  470 139 383
3  579 325 413
3  594 230 123
3  593 550 551
3  195 553 296
3  506 598 606
3  412 518 555
3  592 607 596
3  607 413 596
3  151 100 581
3  100 506 581
3  412 555 595
3  555 352 595
3  592 598 351
3  598 506 349
3  576 512 472
3  579 578 123
3  515 550 516
3  550 414 516
3  554 462 582
3  462 292 582
3  301 602 519
3  602 129 519
3  368 458 399
3  458 452 399
3  608 573 588
3  389 591 574
3  492 535 457
3  535 452 457
3  586 396 587
3  389 395 586
3  251 539 604
3  539 536 590
3  608 603 488
3  603 279 488
3  565 583 609
3  122 565 567
3  142 411 577
3  411 266 577
3  411 142 502
3  142 141 502
3  508 543 509
3  543 266 509
3  568 566 610
3  230 594 611
3  560 594 566
3  578 121 123
3  413 412 596
3  607 578 413
3  553 552 568
3  296 568 610
3  578 607 584
3  607 592 584
3  596 595 606
3  596 606 597
3  595 151 606
3  151 506 606
3  350 593 351
3  593 592 351
3  471 324 123
3  517 230 611
3  608 488 573
3  488 487 573
3  458 370 433
3  370 401 433
3  590 589 604
3  589 251 604
3  589 591 587
3  591 389 587
3  590 603 605
3  603 608 605
3  574 591 588
3  400 389 574
3  503 514 504
3  514 229 504
3  562 296 610
3  559 209 562
3  560 566 561
3  568 552 561
3  562 341 296
3  559 562 610
3  606 598 597
3  598 592 597
3  594 410 611
3  410 517 611
3  514 472 601
3  472 471 601
3  458 573 459
3  573 487 459
3  554 542 561
3  542 410 561
3  583 584 585
3  584 551 585
3  551 584 599
3  584 592 599
3  325 123 326
3  123 324 326
3  591 605 588
3  605 608 588
3  568 296 600
3  296 553 600
3  566 565 609
3  583 559 610
3  122 121 565
3  121 578 565
3  583 610 609
3  610 566 609
3  566 594 567
3  594 122 567
