OFF
1246 2488 0
-16.4512 165.291 379.848
12.1081 170.051 422.963
-4.84658 163.667 336.736
-9.5822 2.72318 -0.0398945
-84.3578 21.6265 129.627
-9.49369 3.01662 -0.039526
132.592 -84.422 306.548
140.88 -84.1837 345.357
137.99 -88.9825 345.357
21.8643 -76.8687 112.363
30.5708 -88.0186 138.269
21.8371 -88.365 133.951
64.5591 142.724 435.896
152.996 64.8996 435.896
113.724 116.449 435.896
63.2226 -62.6224 129.634
92.9122 -97.7179 237.529
84.3836 -105.529 237.53
38.2514 -166.545 414.34
-10.6586 -164.757 435.896
-9.36657 -167.528 418.651
9.92002 -0.918148 0.0413009
9.79289 -1.82846 0.0407716
-2.71086 -4.69373 -0.0112924
-62.3057 62.165 129.631
-104.28 66.2084 207.327
-81.7965 68.5179 172.793
-3.18974 -4.50439 -0.0132864
-3.4177 -4.82605 -0.0142355
-3.4177 4.82605 -0.0142355
104.761 41.3387 177.123
149.956 0 250.499
148.268 0 246.185
63.8453 -44.9171 108.047
76.5112 -41.0663 125.317
-14.6004 -141.263 254.789
-23.8101 -157.596 315.173
-27.6119 -157.063 315.174
0.919218 -9.90829 0.0038271
0.613298 -9.93187 0.00255342
1.22427 -9.87532 0.00509714
41.5243 -130.981 435.896
-9.43277 -145.122 435.896
81.5496 -140.291 435.896
-164.864 21.1603 435.896
15.1091 157.583 435.896
-163.291 -58.7587 388.476
-115.305 -120.859 388.472
-132.001 -98.2334 418.65
-109.839 28.6266 190.056
-80.2688 40.332 133.947
-102.752 8.45512 159.852
124.865 92.7917 297.924
130.015 98.3109 336.733
128.614 87.6698 297.924
-135.778 91.1194 336.734
-128.291 104.819 371.225
-123.624 104.173 328.109
86.5706 40.3912 142.587
63.1786 62.6665 129.634
-103.593 124.505 328.11
-93.9139 119.36 284.984
-95.5056 117.972 284.984
141.798 -86.3709 435.896
147.343 -54.343 302.237
103.364 -44.7135 177.123
21.366 -157.624 310.862
63.6048 -161.511 362.611
17.4485 -158.193 310.862
-117.414 111.226 328.11
-122.09 88.8185 280.672
81.9748 -135.146 310.86
60.4252 -140.357 284.988
65.6941 17.0616 90.7702
73.6131 17.8527 103.729
69.2238 13.6505 95.09
59.4667 142.164 293.61
48.8601 155.551 336.733
62.0136 141.171 293.61
-3.50732 156.652 435.896
-50.7701 155.96 431.584
-33.5623 149.54 435.896
-40.0306 -115.176 203.012
-42.8714 -136.979 259.103
-45.3836 -136.265 259.103
50.8786 75.7054 133.952
50.8777 59.1495 108.047
46.1913 68.0859 116.681
-107.08 106.938 284.983
-114.167 114.673 328.11
-102.145 111.905 284.984
-62.8042 149.871 328.111
-52.2813 143.601 289.297
-54.3649 142.727 289.297
127.523 0 198.719
125.448 0 194.403
-132.456 -96.8236 435.896
-71.6904 145.755 328.111
-88.3283 149.197 401.408
-86.6106 125.09 284.985
-99.9366 127.563 328.11
-92.3472 133.244 328.11
63.8377 44.9278 108.047
62.1551 57.1757 120.999
30.5958 88.01 138.269
31.0883 71.1669 108.045
21.8938 76.8606 112.363
-3.01001 4.85946 -0.012538
9.79288 1.82846 0.0407716
-2.90616 4.69192 -0.0121056
55.7776 105.126 198.693
93.0535 104.312 250.474
67.3753 8.65711 90.7705
71.8506 13.9125 99.4094
-2.90616 -4.69192 -0.0121056
-3.15836 -4.7646 -0.0131557
73.6147 -17.8462 103.729
79.6813 -21.0988 116.682
75.5537 -19.2587 108.046
110.122 0 164.185
-35.1822 70.8267 112.36
-51.3708 68.7484 125.313
-42.5445 71.4714 120.994
69.224 -13.6493 95.09
71.8511 -13.9099 99.4094
36.4571 -154.573 310.862
18.3909 -149.735 276.362
44.1323 -152.478 310.862
51.428 -128.806 246.16
36.5396 -134.858 250.472
33.4058 -112.514 194.378
-20.0147 -158.036 315.173
61.7275 -119.909 237.53
47.5011 -109.176 198.693
100.75 -87.4711 233.215
67.7866 -27.3909 99.4091
67.6653 -33.4531 103.728
64.7311 -33.6777 99.4086
41.7232 150.99 435.896
29.0317 -156.314 310.862
32.8689 -155.464 310.862
-98.7387 123.841 435.896
-87.1463 130.59 435.896
-26.9336 163.874 379.848
-32.5098 162.791 379.847
-125.564 107.492 431.585
-116.561 116.871 427.273
-11.8427 -158.78 315.173
-35.1809 -70.8274 112.36
-51.427 -68.7051 125.313
-41.8345 -66.4174 112.357
-24.2162 -163.411 353.98
-18.4979 -164.083 353.98
-28.4261 -164.327 422.962
-117.696 -86.9471 267.73
-124.914 -99.9195 315.174
-121.395 -82.1988 267.731
-149.452 60.9363 323.798
-144.798 37.5535 276.359
-151.049 56.6246 323.798
-118.735 119.755 410.028
-121.34 112.852 371.225
-69.7255 44.7483 120.993
-63.3739 44.9889 112.354
-8.30475 5.49648 -0.034576
-165.972 35.8472 418.651
-168.379 -4.15393 414.34
-132.29 100.963 401.405
-142.835 84.0337 392.781
-166.248 23.7356 336.74
-165.595 -44.7712 392.785
-139.777 89.1559 392.781
28.0857 66.517 99.4054
20.4805 74.5377 108.044
28.9541 71.8576 108.044
-6.24784 -6.43717 -0.026015
-6.30161 -6.10489 -0.0262392
-5.91339 -6.48078 -0.024623
-21.9151 122.677 211.64
-5.79925 152.738 289.297
-3.44257 152.9 289.297
-35.7797 161.622 392.781
-38.3116 161.338 384.159
130.542 102.504 431.584
131.799 101.537 401.404
128.779 105.556 397.093
-46.7862 112.593 203.012
23.9673 161.061 336.733
32.8387 170.209 401.408
33.9253 159.327 336.733
110.951 123.361 418.65
120.101 114.437 422.961
8.30475 5.49648 0.034576
7.95023 5.9967 0.0331
3.57629 90.8783 133.951
-3.02956 92.5307 138.267
119.048 0 181.453
116.858 0 177.137
-50.0767 63.7309 116.676
-6.00372 7.94089 -0.024996
-6.2457 7.75246 -0.0260034
29.6553 0 30.2873
15.5488 -0.921866 8.68299
26.8531 0 25.9666
34.7734 69.7341 108.046
37.5841 111.194 194.378
63.9305 12.8434 86.4505
12.6309 1.70288 4.3617
113.933 -80.8532 250.474
107.261 -76.2376 228.899
-2.90813 -5.03503 -0.0121137
-2.79825 -5.20885 -0.0116561
-3.00678 -5.20567 -0.0125244
63.9304 -12.8439 86.4505
61.8731 -8.74058 82.1305
64.6777 -8.66073 86.4507
65.4237 -37.5325 103.727
71.8997 -35.5711 112.364
-62.3334 -62.1365 129.631
-76.4925 -98.2658 211.64
-143.814 73.5962 323.798
-132.876 70.3382 280.671
-147.725 65.2179 323.798
-110.544 -122.287 353.979
-114.755 -118.445 353.98
-113.516 -112.353 315.174
36.5966 -159.324 431.584
-59.4453 -150.356 435.896
-3.37948 -7.33985 -0.0140741
-0.306794 -9.94602 -0.00127731
-3.54455 -7.69779 -0.0147608
134.462 -97.5316 435.896
151.471 -72.97 418.651
6.48176 -7.55667 0.0269862
6.2457 -7.75246 0.0260034
-2.90024 -5.82156 -0.0120804
-3.265 -6.07679 -0.013599
-3.54943 -6.14414 -0.0147832
-3.45075 -5.97352 -0.0143725
31.2355 169.593 418.652
-1.78068 -164.987 353.98
19.9442 152.265 289.299
16.4572 156.099 306.549
-96.7442 132.473 422.961
-69.7385 -143.726 319.485
-63.2278 -129.771 263.415
-51.4333 -151.293 315.174
-90.2621 15.4515 138.263
-82.4295 17.2696 125.307
-85.8248 8.60237 129.624
-147.336 22.474 276.357
-146.528 28.2261 276.358
-159.902 -16.8069 319.487
-43.4767 -153.689 315.174
-74.1976 -153.787 371.23
-95.0707 -128.89 319.485
-94.8612 -109.894 263.417
-90.4413 -113.203 263.416
-108.774 -118.91 422.961
-84.9994 -64.5441 172.793
-153.291 62.444 366.913
-151.1 67.7442 366.914
-129.089 87.6199 435.896
-137.214 74.2626 435.896
-117.259 117.182 371.225
-110.816 118.028 328.11
-88.2996 123.791 284.985
-153.38 -46.716 435.896
-131.793 100.267 371.225
-138.072 91.3574 371.225
-136.237 62.9348 280.67
-137.089 85.7606 323.799
-128.992 77.7598 280.671
-141.719 77.7259 323.799
-4.73422 8.19123 -0.019712
-4.88051 7.8743 -0.0203216
-5.03651 8.12546 -0.0209703
-136.941 61.1627 280.67
-148.009 14.9783 276.357
-147.701 -17.2563 276.357
-8.96829 162.551 332.422
-38.3124 92.2359 155.531
-27.1361 71.6699 108.041
-31.3654 149.761 293.608
-23.7761 160.903 332.422
72.2717 136.505 293.611
69.7842 137.692 293.611
85.4088 138.449 332.422
76.793 143.335 332.422
81.359 141.388 341.044
-33.6568 158.964 332.422
12.6773 1.42078 4.36191
9.84461 1.52638 0.040987
51.536 145.041 293.61
49.1254 145.779 293.61
19.2818 126.492 224.581
21.9946 95.0119 146.903
41.0944 148.061 293.609
38.8395 158.284 336.733
59.4809 32.2339 90.7693
64.7318 33.6764 99.4086
64.2061 28.7509 95.0891
134.493 97.218 435.896
76.4836 41.1175 125.317
8.91806 4.43546 0.0371295
8.77708 4.70767 0.0365425
-41.8288 66.4212 112.357
-80.2759 -34.0421 129.628
-74.9599 -34.1506 120.991
-80.2615 -40.3472 133.947
59.1587 50.6843 108.046
87.2165 127.901 293.612
42.2076 55.6404 95.087
40.6632 60.0701 99.4068
42.454 58.7922 99.4067
100.777 0 146.915
74.5679 -13.5076 103.729
98.3791 0 142.597
49.0689 0 60.5309
62.4968 -3.60971 82.131
46.3224 0 56.2105
7.38898 -85.9577 125.315
10.8543 -78.7042 112.361
72.7523 -28.2764 108.047
-160.39 -12.3745 319.487
-82.4285 -17.2754 125.307
-84.3475 -21.6705 129.627
-90.2014 -15.7685 138.263
-7.95023 5.9967 -0.0331
-8.13135 5.74931 -0.0338541
-3.68374 4.8759 -0.0153431
-3.70269 5.22809 -0.0154219
0.919214 9.90829 0.00382709
-3.13191 6.80292 -0.0130441
0.613295 9.93187 0.00255341
-15.2117 87.158 129.633
-4.55086 83.9773 120.997
21.7611 88.3833 133.951
7.38597 85.9579 125.315
-3.88321 9.16371 -0.0161675
-4.1639 9.03992 -0.0173361
59.1628 -50.6795 108.046
59.9854 -45.6049 103.727
50.886 -59.1424 108.047
59.5009 -60.0226 120.999
-4.61373 -83.9732 120.997
-3.14131 -92.5263 138.267
-15.3061 -87.1407 129.633
65.6936 -17.0633 90.7702
73.1519 -19.5095 103.728
62.9236 -16.8575 86.4503
9.66161 -2.42714 0.0402251
59.0496 -38.1789 95.089
55.3166 -38.6676 90.7686
8.13135 -5.74931 0.0338541
51.8959 -51.0497 99.4078
6.71167 -7.35372 0.0279434
75.457 -7.26226 103.729
95.9578 0 138.279
9.5822 -2.72317 0.0398945
9.49369 -3.01662 0.039526
62.4967 3.60982 82.131
62.3425 5.37335 82.1309
65.1376 4.36044 86.4509
8.30475 -5.49648 0.034576
7.95023 -5.9967 0.0331
69.6271 -117.954 241.845
50.6343 -75.8676 133.952
83.3314 -106.481 237.53
-7.54013 -164.899 353.98
-7.81242 -158.943 315.173
-143.408 -71.1064 319.485
-131.736 -91.6371 323.797
-8.94728 -79.0649 112.362
-0.416032 -77.2376 108.043
-6.87797 -81.5274 116.679
15.6233 -78.0121 112.362
20.4852 -74.5365 108.044
28.9473 -71.8602 108.044
183.353 0 379.862
151.945 -62.3587 341.046
182.804 0 375.551
132.009 -97.7307 345.357
125.945 -109.035 418.65
128.652 -102.232 345.357
81.2678 140.905 431.584
88.2797 140.33 414.338
-42.8642 160.34 379.847
-19.3805 -107.461 177.112
-84.4247 -135.912 319.485
-85.0618 -116.839 263.415
-83.9731 -117.509 263.415
-162.726 27.3127 435.896
-4.8839 -6.06489 -0.0203386
-5.24841 -5.75311 -0.0218561
-4.87593 -5.68744 -0.0203057
-27.1314 -71.6719 108.041
-4.16391 -9.03992 -0.0173361
-3.88321 -9.16371 -0.0161674
-37.3718 -138.193 259.102
-39.7149 -154.614 315.174
-147.661 -62.426 435.896
-122.207 -81.1554 267.731
-77.281 -139.901 319.485
-108.463 -124.884 362.602
-119.824 99.9109 435.896
-53.3543 57.5312 112.357
-126.541 100.476 328.109
-129.908 76.0378 280.671
-124.649 85.0317 280.672
-157.84 -29.7847 319.486
-156.877 -34.1036 319.486
-159.293 -21.205 319.486
-146.366 77.1408 371.225
-149.035 72.6585 388.47
-0.902066 153.027 289.297
4.51576 153.05 289.298
-47.9436 155.099 332.421
-43.0396 156.615 332.421
-80.8218 129.118 284.985
-80.1204 141.107 328.11
-75.9481 143.489 328.111
17.3486 152.491 289.298
46.7172 146.474 293.609
57.0857 143.04 293.61
109.741 78.0323 237.53
80.876 128.109 284.985
-13.8881 162.123 332.422
-23.7201 151.34 293.608
-21.4164 151.775 293.608
182.216 0 371.241
154.808 0 263.441
156.355 0 267.754
42.8535 64.8021 108.045
172.053 0 319.506
173.116 0 323.818
121.21 0 185.77
62.1327 -7.08866 82.1308
38.0247 0 43.2492
62.3425 -5.37344 82.1309
72.7528 28.2751 108.047
71.1322 25.4451 103.728
67.786 27.3922 99.4091
9.05059 4.15905 0.0376812
4.44064 8.90756 0.0184882
3.31106 9.38509 0.0137853
3.59884 9.2788 0.0149835
6.2457 7.75246 0.0260034
8.13135 5.74932 0.0338541
86.8128 -39.8697 142.587
76.2372 -36.7586 121
73.9685 -24.5306 108.046
-3.12015 6.26249 -0.0129957
-3.54943 6.14414 -0.0147832
-4.29251 -7.98591 -0.0178739
-4.88051 -7.8743 -0.0203216
-4.72453 -7.62313 -0.0196729
-142.547 -40.4757 272.045
-50.0892 -63.7206 116.676
-9.73187 2.12881 -0.0405176
-9.66161 2.42714 -0.0402251
-9.84461 1.52637 -0.040987
-5.32542 6.21094 -0.0221762
-6.15988 5.96783 -0.0256495
-5.78038 6.33526 -0.0240696
-5.46688 -4.68086 -0.0227658
-5.69166 -4.87309 -0.0237014
-5.46688 4.68086 -0.0227658
-3.02013 9.48249 -0.0125741
-2.72635 9.57088 -0.0113509
18.8501 74.8827 108.043
9.17453 -3.87868 0.0381972
9.39618 -3.30721 0.03912
9.28976 -3.59465 0.038677
9.05059 -4.15904 0.0376812
4.98122 -8.61762 0.0207389
40.662 -60.0709 99.4068
34.7809 -69.7304 108.046
42.8377 -64.8122 108.045
-4.13934 -6.24274 -0.017239
-4.39724 -5.81923 -0.018313
-4.33777 -5.74063 -0.0180655
48.1077 -50.7586 95.0874
9.9578 -0.306433 0.0414582
9.94362 -0.612585 0.0413992
15.5187 -1.15217 8.68283
32.4518 0 34.608
107.824 0 159.868
51.0942 -61.7293 112.364
61.0738 -39.958 99.4086
113.232 -109.887 306.549
102.933 -119.925 306.55
-47.7597 -150.945 435.896
-35.949 -155.444 315.174
97.0486 -124.836 306.55
21.4446 -95.1355 146.903
3.7574 -90.8721 133.951
13.4621 -139.722 250.474
15.6002 -139.405 250.474
-12.2242 -141.395 254.788
9.41044 -76.2126 108.042
14.9599 -72.912 103.723
4.44063 -8.90756 0.0184882
3.88322 -9.1637 0.0161675
3.59885 -9.2788 0.0149835
4.16391 -9.03992 0.0173361
106.591 -131.687 397.095
86.2897 -144.35 414.34
117.826 -104.682 306.549
125.303 -106.429 345.357
115.556 -107.311 306.549
137.264 -93.4433 435.896
101.955 -129.305 345.357
136.265 -78.1926 306.548
151.608 0 254.813
153.226 0 259.127
136.833 74.9274 297.924
128.948 -90.1974 306.548
130.803 -87.3264 306.548
68.1025 151.698 388.47
75.7919 147.937 392.782
-28.612 160.031 332.422
-38.4103 -92.1968 155.531
-113.847 -91.4868 267.729
-116.514 -109.365 315.174
-136.162 -94.0199 366.913
-129.533 -102.885 366.913
-67.2067 -149.239 418.65
-148.21 74.0541 392.781
-143.785 82.6435 388.47
-100.779 113.26 284.984
-125.675 83.3417 280.672
-88.4252 135.976 328.11
-61.2306 139.724 289.296
14.0122 162.067 336.733
18.9879 161.642 336.733
-8.95188 79.0643 112.362
-24.2082 72.52 108.04
-16.5504 79.8605 116.678
102.794 130.866 392.782
106.506 127.136 418.65
109.735 124.948 397.093
82.0993 131.144 293.611
89.8866 135.68 332.422
114.64 0 172.82
83.0749 -25.1587 125.317
112.394 0 168.503
82.1886 -28.1661 125.317
67.667 33.4496 103.728
73.9704 24.525 108.046
82.2235 28.0647 125.317
51.0747 61.7452 112.364
93.5136 0 133.961
62.1327 7.08861 82.1308
61.8731 8.74052 82.1305
15.5187 1.15217 8.68283
15.4818 1.38235 8.68263
64.6776 8.66087 86.4507
74.5666 13.515 103.729
59.9091 1.22599 77.8112
51.8044 0 64.8511
62.9236 16.8576 86.4503
9.66161 2.42714 0.0402251
2.72634 9.57088 0.0113509
3.02013 9.48249 0.0125741
4.98122 8.61762 0.0207389
15.6352 78.0099 112.362
-7.1625 5.40373 -0.0298227
-9.28976 3.59466 -0.038677
-8.91806 4.43546 -0.0371295
-3.59884 9.2788 -0.0149835
-3.31106 9.38509 -0.0137853
15.183 70.1549 99.4036
2.13129 9.72037 0.00887347
14.9524 72.9134 103.723
10.8348 78.7066 112.361
-4.29251 7.98591 -0.0178739
-3.72913 8.80091 -0.015527
-4.00026 8.02597 -0.0166573
63.0079 -24.9861 90.7698
61.6937 -20.6558 86.4499
59.4808 -32.2341 90.7693
8.47028 -5.23843 0.0352652
8.62777 -4.9754 0.0359209
-135.72 -57.6215 272.043
-138.421 -51.5892 272.044
-3.31105 -9.3851 -0.0137853
-3.59884 -9.2788 -0.0149835
-3.56313 -9.18696 -0.0148351
-9.94362 -0.612585 -0.0413992
-85.8258 -8.5948 129.624
-9.9578 -0.306433 -0.0414582
9.41296 76.2123 108.042
-4.48728 7.76481 -0.0186851
8.91806 -4.43547 0.0371295
8.77708 -4.70767 0.0365425
65.2594 -26.5858 95.0896
64.206 -28.7512 95.0891
124.697 -96.1201 306.548
122.64 -98.8709 306.549
46.1741 -68.0974 116.681
4.71316 -8.76674 0.0196229
-3.95598 4.91381 -0.0164765
-3.64677 -4.53004 -0.0151892
-3.77045 -4.68355 -0.0157041
67.9478 0 90.7706
70.5868 0 95.0901
75.4569 7.26346 103.729
12.6309 -1.70288 4.3617
62.5911 1.81293 82.1311
24.0436 0.0509678 21.6458
24.0459 0 21.6458
12.7449 -0.853965 4.36221
12.766 -0.569625 4.36231
15.5722 -0.691482 8.68311
67.3752 -8.65759 90.7705
51.1416 -47.9537 95.0881
7.15218 -6.92708 0.0297774
7.36236 -6.70381 0.0306525
57.0246 -40.8999 95.0884
-7.14629 5.74489 -0.0297549
-7.63512 5.75954 -0.0317891
-7.3001 5.86828 -0.0303948
-6.06635 -5.19341 -0.0252608
-5.5222 -5.35094 -0.0229959
-5.73474 -5.55658 -0.0238804
-3.86678 -5.83219 -0.0161047
-3.64878 -5.50372 -0.0151973
2.72635 -9.57088 0.0113509
3.02014 -9.48249 0.0125741
114.112 -118.53 345.357
118.047 -114.504 345.357
135.476 -96.1021 431.585
186.794 0 435.896
0.306794 -9.94602 0.00127731
1.18661e-07 -9.95074 4.94474e-10
-42.528 -71.4816 120.994
-3.4281 -6.87975 -0.0142772
-80.9761 -137.895 319.485
-91.5767 -131.291 319.485
-125.589 -107.555 366.913
-140.663 87.9809 388.47
-141.1 86.4755 371.225
-133.612 68.7277 280.67
-139.215 55.3041 280.669
9.48175 153.004 289.298
14.9419 152.655 289.298
79.6758 140.826 435.896
135.243 97.0088 401.404
79.8429 132.424 293.611
85.7977 138.834 341.044
67.4454 138.752 293.611
135.289 77.5007 297.924
137.841 92.522 435.896
140.822 88.7692 401.404
136.021 89.9285 336.733
157.867 0 272.068
159.342 0 276.381
105.5 0 155.551
83.0823 25.1344 125.317
12.7153 -1.13775 4.36208
65.2599 26.5846 95.0896
-3.18974 4.50439 -0.0132864
-3.26733 4.92886 -0.0136094
103.151 0 151.233
71.3266 41.1144 116.682
73.1527 19.5066 103.728
63.0076 24.9868 90.7698
54.9262 47.7553 99.4078
51.8927 51.0529 99.4078
61.0708 39.9626 99.4086
57.0238 40.9011 95.0884
-3.21832 5.99 -0.0134047
7.93529 81.274 116.679
-0.418881 77.2376 108.043
-3.37948 7.33985 -0.0140741
-3.4281 6.87975 -0.0142772
-3.82534 7.11819 -0.0159307
-7.76157 6.23839 -0.0323146
-4.44064 8.90756 -0.0184883
-4.43271 8.24619 -0.0184569
-4.28978 7.42366 -0.0178636
-4.10562 7.63883 -0.0170966
48.1072 50.759 95.0874
55.3172 38.6668 90.7686
7.76157 6.2384 0.0323146
71.1354 -25.4362 103.728
-102.793 -7.8895 159.852
-132.094 -64.6712 272.042
-141.399 -44.0172 272.045
-146.269 30.0028 276.358
-145.152 35.7766 276.358
-4.31777 -4.73407 -0.0179826
-4.31777 4.73407 -0.0179826
-3.56484 -4.71866 -0.0148481
-74.9648 34.1387 120.991
-70.9142 37.0319 116.672
-9.17452 3.87869 -0.0381972
-4.58363 -5.02526 -0.0190893
-4.58363 5.02526 -0.0190893
-3.02014 -9.48249 -0.0125741
-7.76157 -6.2384 -0.0323146
-53.3377 -57.5479 112.357
-63.3774 -44.9831 112.354
-8.13135 -5.74931 -0.0338541
-7.95023 -5.9967 -0.0331
-47.0358 62.7518 112.357
-5.75604 8.12179 -0.0239648
54.9243 -47.7573 99.4078
7.56556 -6.47417 0.0314985
62.0982 -57.237 120.999
31.0944 -71.1644 108.045
-4.71316 -8.76674 -0.0196229
-4.12259 -8.95045 -0.0171644
-3.53658 -8.34739 -0.0147264
-3.14682 -8.9206 -0.0131027
-3.61359 -8.5288 -0.0150466
-5.18537 -7.3182 -0.0215916
-5.12832 -7.23783 -0.0213543
21.2321 0.0992586 17.325
65.1376 -4.36031 86.4509
7.76157 -6.2384 0.0323146
18.8447 -74.884 108.043
7.9009 -81.2769 116.679
2.42997 -9.6502 0.010117
1.52815 -9.83298 0.00636235
15.1809 -70.1553 99.4036
0.357075 -159.057 315.173
139.324 0 224.612
137.436 0 220.297
106.17 123.65 332.422
104.486 114.3 297.922
186.06 0 410.035
161.919 -51.6527 397.095
185.795 0 405.724
145.97 -74.8875 345.356
138.848 85.6504 336.733
143.803 83.9778 401.404
53.5273 147.219 435.896
-4.98122 -8.61762 -0.0207389
-5.24455 -8.46031 -0.0218353
-16.5198 -79.8673 116.678
-47.5175 -114.169 207.327
-122.29 -102.981 315.174
-141.439 -84.8809 358.291
-56.4215 141.828 289.297
-26.0225 150.869 293.608
84.8019 142.999 392.782
89.7567 140.018 392.782
118.11 99.8014 293.612
113.088 106.183 297.923
77.4029 133.761 293.611
62.7202 150.343 341.044
144.04 76.7278 336.733
113.832 120.791 414.338
114.02 121.136 397.093
123.344 0 190.086
79.6991 21.0317 116.682
40.7996 0 47.5697
61.6938 20.6556 86.4499
76.2233 36.7873 121
71.9008 35.5689 112.364
65.4219 37.5355 103.727
9.28976 3.59465 0.038677
9.17452 3.87869 0.0381972
9.73187 2.12881 0.0405176
9.39618 3.30721 0.03912
59.0494 38.1792 95.089
-6.93521 7.14379 -0.0288741
-6.86646 7.07314 -0.0285882
-7.08128 6.85858 -0.0294826
-3.45075 5.97352 -0.0143725
-5.2612 6.13616 -0.021909
-5.69896 8.04144 -0.0237275
-5.19253 8.3766 -0.021619
-5.39376 8.13084 -0.0224571
-6.83339 81.5317 116.679
59.5038 60.0197 120.999
7.56555 6.47417 0.0314985
51.1421 47.9532 95.0881
-162.121 -0.714261 323.8
-147.502 20.7023 276.357
-151.946 -51.0722 319.486
-148.916 -59.1302 319.486
-69.7265 -44.7468 120.993
-70.9061 -37.0496 116.672
-153.368 -46.9176 319.486
-80.3072 33.9644 129.628
-6.30161 6.10489 -0.0262392
-6.44335 6.24194 -0.0268289
-5.9799 6.55354 -0.0248997
-4.95549 -4.80246 -0.0206372
-4.95549 4.80246 -0.0206372
-6.4175 7.48193 -0.026719
-6.35324 7.40718 -0.0264518
-8.77708 -4.70767 -0.0365425
-8.62777 -4.97541 -0.0359209
-6.48176 -7.55667 -0.0269862
-6.71167 -7.35372 -0.0279434
-5.2859 -5.44755 -0.0220123
-9.96252 -8.70951e-07 -0.0414779
-9.5822 -2.72318 -0.0398945
-9.66161 -2.42715 -0.0402251
-6.30048 -5.06607 -0.0262353
-9.79288 1.82846 -0.0407716
-5.64655 6.58482 -0.0235123
-5.91339 6.48078 -0.024623
-1.22426 -9.87532 -0.00509712
-1.83059 -9.78131 -0.00762154
-7.36236 -6.70381 -0.0306525
-7.15217 -6.92709 -0.0297774
-5.5029 -8.29499 -0.0229109
-6.79771 -7.00249 -0.0283023
-6.35324 -7.40718 -0.0264518
-6.86646 -7.07314 -0.0285882
-5.50291 8.29499 -0.0229109
-0.306793 9.94602 -0.00127731
-4.34961e-07 9.95074 -1.81253e-09
-3.35208 -5.80289 -0.0139618
9.73187 -2.12881 0.0405176
42.2064 -55.6413 95.087
6.00372 -7.94089 0.024996
5.75604 -8.12179 0.0239648
28.0853 -66.5172 99.4054
-7.16251 -5.40373 -0.0298227
-7.00498 -5.2851 -0.0291672
-6.9156 -5.55978 -0.028795
-3.25212 -6.52703 -0.0135449
-0.919213 -9.90829 -0.00382707
-2.72635 -9.57088 -0.0113509
-2.13129 -9.72037 -0.00887347
-2.42997 -9.6502 -0.010117
-8.62777 4.97541 -0.0359209
-8.77708 4.70767 -0.0365425
-5.18537 7.31819 -0.0215916
-5.64658 7.46952 -0.0235108
-5.0664 7.63837 -0.0210958
9.5822 2.72317 0.0398945
9.96252 0 0.0414779
9.9578 0.306437 0.0414582
12.7787 0.284906 4.36236
12.7787 -0.284898 4.36236
83.52 0 116.686
80.9705 0 112.367
62.5911 -1.81314 82.1311
12.6773 -1.42077 4.36191
9.84461 -1.52637 0.040987
9.88701 -1.22284 0.0411635
73.2093 0 99.4096
108.023 -115.121 306.549
2.13129 -9.72037 0.00887347
1.83059 -9.78131 0.00762154
9.20682 -164.688 353.979
27.642 -162.709 349.669
144.791 0 237.556
143.002 0 233.242
133.565 0 211.666
131.581 0 207.351
146.107 79.0115 435.896
174.14 0 328.129
147.089 52.2965 302.235
181.587 0 366.93
180.918 0 362.619
150.791 62.7901 336.734
137.84 -75.1979 306.548
-112.888 -92.5201 267.729
6.90758 153.052 289.298
93.2168 137.225 410.027
102.237 126.818 332.422
67.649 148.278 341.044
118.419 116.252 418.65
126.763 107.092 427.273
143.241 83.9736 435.896
139.851 89.5539 431.584
130.232 85.4112 297.924
75.5519 19.2656 108.046
35.2419 0 38.9286
43.5657 0 51.8902
-2.99492 4.51821 -0.0124752
59.981 45.6105 103.727
4.71316 8.76674 0.0196229
5.5029 8.29499 0.0229109
5.75604 8.12179 0.0239648
5.24455 8.46031 0.0218352
-0.613296 9.93187 -0.00255341
1.22426 9.87532 0.00509713
1.52815 9.83298 0.00636235
1.83059 9.78131 0.00762152
-2.99017 9.38862 -0.0124496
-3.86819 7.76147 -0.016108
-4.71316 8.76675 -0.0196229
-4.98122 8.61762 -0.0207389
-4.72453 7.62313 -0.0196729
-0.919215 9.90829 -0.00382709
-1.22426 9.87532 -0.00509714
-3.54455 7.69779 -0.0147608
6.48176 7.55667 0.0269862
6.71167 7.35372 0.0279434
71.3247 -41.1176 116.682
-8.91806 -4.43546 -0.0371295
-9.49369 -3.01662 -0.039526
-154.678 -42.7187 319.486
-9.84461 -1.52637 -0.040987
-9.88701 -1.22284 -0.0411635
-8.30475 -5.49648 -0.034576
-8.47028 -5.23843 -0.0352652
-9.73187 -2.12882 -0.0405176
-1.52815 -9.83298 -0.00636233
-4.57455 -5.68124 -0.0190512
-6.16047 7.18293 -0.0256501
-5.9035 6.88389 -0.0245812
-6.11293 6.69905 -0.0254531
-90.6747 2.94999 138.26
-9.79288 -1.82846 -0.0407716
-6.00371 -7.94089 -0.024996
-6.2457 -7.75246 -0.0260034
-3.9969 -6.45082 -0.0166458
-3.74681 -6.48537 -0.0156046
-3.82534 -7.11819 -0.0159307
-7.3988 -5.58165 -0.0308059
-7.97563 -5.27913 -0.0332067
-47.0337 -62.7534 112.357
-5.47067 -7.72002 -0.0227782
-5.03651 -8.12546 -0.0209703
-5.75604 -8.12179 -0.0239648
-3.42546 -5.52955 -0.0142675
-3.53978 -5.33948 -0.0147436
42.4524 -58.7934 99.4067
5.5029 -8.29499 0.0229109
5.24455 -8.46031 0.0218353
3.31105 -9.3851 0.0137853
-0.613293 -9.93187 -0.0025534
-3.10543 5.37631 -0.0129351
-3.4308 5.17523 -0.0142899
-3.64677 4.53004 -0.0151892
-3.56484 4.71866 -0.0148481
-3.2782 -9.2922 -0.0136488
-4.10174 5.79091 -0.0170829
-4.14153 5.14405 -0.0172489
-4.21884 5.58342 -0.0175705
-3.94494 6.36707 -0.0164296
-4.30869 6.95327 -0.0179431
15.5989 -0.230515 8.68325
15.6023 0 8.68327
18.4197 0 13.0041
59.9309 -0.615942 77.8112
57.2358 -0.162084 73.4913
57.2398 0 73.4913
59.9091 -1.22604 77.8112
59.9309 0.616044 77.8112
12.7829 0 4.36238
91.0471 0 129.642
88.559 0 125.324
105.507 -117.549 306.549
106.268 -125.685 345.357
146.547 0 241.871
141.18 0 228.927
135.516 0 215.982
129.567 0 203.035
175.125 0 332.441
152.858 57.7965 336.734
176.07 0 336.752
178.672 0 349.686
179.461 0 353.997
146.016 54.9684 302.235
147.903 75.711 431.585
148.628 75.1666 401.404
131.92 82.9485 297.924
146.459 72.1844 336.734
186.284 0 414.345
-24.2002 -72.5229 108.04
101.657 131.083 414.338
98.1817 134.282 392.782
99.32 133.057 405.716
96.9374 134.533 414.338
118.17 117.181 397.093
94.0807 132.904 332.422
119.272 111.563 345.355
123.011 95.0891 297.923
9.92002 0.918148 0.0413009
18.3957 0.48873 13.004
15.5488 0.921869 8.68299
15.5722 0.691477 8.68311
12.766 0.569624 4.36231
12.7449 0.853969 4.36221
-2.79825 5.20885 -0.0116561
4.1639 9.03992 0.0173361
-9.05059 4.15905 -0.0376812
-8.47028 5.23843 -0.0352652
-2.13129 9.72037 -0.00887347
-2.42997 9.6502 -0.010117
-4.08129 8.86098 -0.0169927
-5.14053 8.29289 -0.0214028
-135.081 -58.8728 272.043
-147.173 -63.131 319.485
-9.17452 -3.87869 -0.0381972
-7.49057 -6.41016 -0.0311866
-7.56555 -6.47417 -0.0314985
-9.05059 -4.15905 -0.0376812
-4.10559 -4.78981 -0.0170993
-4.23396 -4.93943 -0.0176337
-7.88964 -5.5788 -0.0328485
-7.79267 -5.87813 -0.0324446
-80.8899 4.37593 120.985
-5.82514 7.70521 -0.0242534
-9.94362 0.612583 -0.0413992
-9.9578 0.306434 -0.0414582
-9.92002 0.918147 -0.0413009
-4.00027 -8.02597 -0.0166573
-4.10562 -7.63883 -0.0170966
-3.75095 -8.14519 -0.0156192
-9.28976 -3.59466 -0.038677
-9.30313 -3.27453 -0.0387328
-7.15217 6.92709 -0.0297774
-5.5222 5.35094 -0.0229959
-5.2859 5.44755 -0.0220123
-4.916 5.3892 -0.0204727
-4.36066 7.03701 -0.0181593
-4.44063 -8.90756 -0.0184882
-4.14167 -7.16778 -0.0172475
-4.30869 -6.95327 -0.0179431
-5.44833 -8.21292 -0.022684
-6.93521 -7.14379 -0.0288741
-3.32181 -5.01099 -0.0138362
6.93521 -7.14379 0.0288741
-3.62429 4.79728 -0.0150956
-3.70269 -5.2281 -0.0154219
-3.62429 -4.79728 -0.0150956
-4.42653 -5.16385 -0.0184353
-4.84952 -5.31642 -0.020196
-7.36236 6.70381 -0.0306525
-9.30313 3.27453 -0.0387328
-6.53114 5.25123 -0.0271952
-9.39618 3.30721 -0.03912
-6.71167 7.35372 -0.0279434
-6.72897 6.93183 -0.0280164
15.5889 -0.461023 8.6832
15.5989 0.230521 8.68325
18.3957 -0.488725 13.004
78.4018 0 108.048
75.8144 0 103.729
62.6228 0 82.1311
65.2929 0 86.4509
54.5283 0 69.1712
18.417 -0.162792 13.0041
18.409 -0.325673 13.0041
15.4818 -1.38235 8.68263
86.0498 0 121.005
-4.57552 -6.89957 -0.0190539
-4.79367 -7.22794 -0.0199614
-5.11102 -6.76235 -0.0212831
163.548 0 289.32
164.876 0 293.633
180.209 0 358.308
186.774 0 431.586
184.756 0 392.793
79.2644 145.623 410.027
86.0156 141.91 405.716
125.051 109.853 397.093
124.079 110.205 422.961
108.658 110.595 297.923
106.662 112.396 297.922
122.994 107.565 345.355
126.808 102.287 336.733
123.317 106.349 336.733
18.417 0.162792 13.0041
18.409 0.325673 13.0041
24.0436 -0.0509687 21.6458
15.5889 0.461021 8.6832
9.88701 1.22284 0.0411635
6.00372 7.94089 0.024996
-2.90024 5.82156 -0.0120804
-3.53979 5.33948 -0.0147436
-3.25569 7.07139 -0.0135591
3.88321 9.16371 0.0161675
-3.89487 6.74128 -0.0162207
-3.64812 6.31475 -0.0151939
-5.3149 5.82588 -0.0221328
-4.8839 6.06489 -0.0203386
-4.87593 5.68744 -0.0203057
-4.99204 6.60517 -0.0207881
-4.743 -4.59675 -0.0197527
-4.66771 -4.81118 -0.0194393
-3.53658 8.34739 -0.0147264
-3.45958 8.16598 -0.0144062
-5.52774 7.80037 -0.0230155
-4.84821 7.31003 -0.0201883
-5.24455 8.46032 -0.0218352
-9.39618 -3.30721 -0.03912
-5.99297 -4.81916 -0.0249555
-5.64657 -7.46953 -0.0235108
-5.81227 -7.21561 -0.0242009
-5.40852 -7.15524 -0.0225207
-7.08128 -6.85858 -0.0294826
-6.72897 -6.93183 -0.0280164
-7.41559 -6.34614 -0.0308747
-5.16799 -5.00815 -0.0215217
-6.22472 -7.25768 -0.0259173
-6.45371 -4.86985 -0.0268731
-80.8899 -4.37426 120.985
-6.19508 5.64287 -0.0257963
-5.73474 5.55658 -0.0238804
-3.45175 -6.42394 -0.0143762
-9.88701 1.22284 -0.0411635
-6.53114 -5.25123 -0.0271952
-5.38051 -5.21383 -0.0224062
-9.92002 -0.918148 -0.0413009
-6.48176 7.55667 -0.0269862
-4.30289 6.48906 -0.0179196
-4.63006 6.98166 -0.0192808
-7.56555 6.47417 -0.0314985
-7.49057 6.41016 -0.0311866
-4.67197 -6.59481 -0.0194558
-4.41194 -6.65327 -0.0183733
-3.76764 -8.89161 -0.0156871
-5.05153 -6.68376 -0.0210356
-7.3001 -5.86828 -0.0303948
-6.81585 -5.83391 -0.0283796
-4.36234 -5.08905 -0.0181681
-6.72685 6.51603 -0.0280083
-6.58509 6.37899 -0.0274186
-3.95599 -4.91381 -0.0164765
-4.29815 5.01424 -0.0179009
-5.70609 7.54809 -0.0237583
-7.53083 6.05335 -0.0313547
-8.14019 5.38781 -0.0338914
21.2345 0 17.325
12.7153 1.13775 4.36208
9.94362 0.612583 0.0413992
21.2321 -0.0992554 17.325
176.977 0 341.064
177.845 0 345.375
185.143 0 397.104
184.329 0 388.483
168.635 0 306.57
169.813 0 310.882
160.78 0 280.694
162.182 0 285.007
186.61 0 422.965
186.468 0 418.655
186.712 0 427.276
185.489 0 401.414
122.454 112.087 418.65
9.49369 3.01662 0.039526
6.93521 7.14379 0.0288741
7.15217 6.92708 0.0297774
-4.66771 4.81118 -0.0194393
-3.75778 5.66795 -0.015651
-4.3271 5.37428 -0.0180213
-5.38051 5.21383 -0.0224062
-5.99297 4.81915 -0.0249555
-1.52815 9.83298 -0.00636235
-140.875 -45.3639 272.044
-6.4139 -5.84184 -0.0267068
-6.34096 -5.77552 -0.0264033
-4.07968 -5.0673 -0.0169914
-4.15937 -5.50481 -0.017323
-4.14154 -5.14405 -0.0172489
-5.87418 -7.29231 -0.0244584
-6.92456 -6.30603 -0.0288314
-5.3149 -5.82589 -0.0221328
-6.19508 -5.64287 -0.0257963
-5.06953 -6.29507 -0.021111
-7.87145 5.93741 -0.0327723
-4.24837 -6.40696 -0.0176927
-4.04886 -6.53457 -0.016862
-6.45371 4.86985 -0.0268731
-7.3988 5.58165 -0.0308059
-3.45603 -8.91143 -0.0143899
-4.73422 -8.19123 -0.019712
-5.1933 -6.44851 -0.021626
-5.25519 -6.52523 -0.0218835
-5.64655 -6.58482 -0.0235123
-4.61912 -5.38826 -0.0192369
-6.01816 5.83075 -0.0250598
59.9382 0 77.8113
166.167 0 297.945
167.42 0 302.258
183.861 0 384.172
8.62777 4.97541 0.0359209
8.47028 5.23843 0.0352652
7.36235 6.70381 0.0306525
-3.07828 5.72963 -0.0128218
0.306792 9.94602 0.00127731
-3.35208 5.80289 -0.0139618
-3.64878 5.50372 -0.0151973
-7.97563 5.27913 -0.0332067
-4.57455 5.68123 -0.0190512
-4.68332 5.46305 -0.0195041
2.42997 9.6502 0.010117
-5.2612 -6.13616 -0.021909
-5.32542 -6.21094 -0.0221762
-6.37901 -6.99003 -0.0265599
-4.28978 -7.42366 -0.0178636
-4.57566 -6.05503 -0.0190555
-6.06635 5.19341 -0.0252608
-5.1933 6.44851 -0.021626
-5.25519 6.52522 -0.0218835
-4.47944 -8.33296 -0.0186512
-3.24536 -9.1993 -0.0135123
-7.28938 -6.63752 -0.030349
-6.72685 -6.51603 -0.0280083
-5.0664 -7.63838 -0.0210958
-4.51268 -5.6045 -0.0187937
-7.21642 6.57122 -0.0300455
-4.57566 6.05503 -0.0190555
-4.76015 5.91143 -0.0198236
-6.34096 5.77552 -0.0264033
-5.16799 5.00815 -0.0215217
-4.69461 6.21222 -0.0195505
-6.01816 -5.83075 -0.0250598
-6.44108 -5.51369 -0.0268202
-6.44335 -6.24194 -0.0268289
-6.15988 -5.96783 -0.0256495
-5.78038 -6.33526 -0.0240696
-4.55791 -6.43404 -0.0189812
-4.10082 -6.61831 -0.0170782
-4.61494 -6.51443 -0.0192185
-6.92456 6.30603 -0.0288314
-5.71078 -6.65959 -0.0237795
-4.04473 -5.71051 -0.0168456
-4.49073 5.23865 -0.0187025
-4.84952 5.31642 -0.020196
57.2358 0.162071 73.4913
170.952 0 315.194
-4.743 4.59675 -0.0197527
-5.07127 7.15745 -0.021117
-5.77501 -6.73436 -0.0240467
-6.11293 -6.69905 -0.0254531
-5.14851 -5.30615 -0.0214405
-5.40853 7.15524 -0.0225207
-5.12096 7.72046 -0.0213227
-4.13934 6.24274 -0.017239
-5.81227 7.21561 -0.0242009
-6.31657 6.50784 -0.0263009
-1.83059 9.78131 -0.00762152
-5.96774 -6.95865 -0.0248484
-6.16048 -7.18292 -0.0256501
-6.31249 -6.91729 -0.0262832
-5.47068 7.72001 -0.0227782
-4.68332 -5.46305 -0.0195041
-5.34903 7.07666 -0.0222732
-5.17052 6.84092 -0.0215306
-6.26802 -5.7092 -0.0260998
-6.26802 5.7092 -0.0260998
-5.9799 -6.55354 -0.0248997
3  0 1 2
3  3 4 5
3  6 7 8
3  9 10 11
3  12 13 14
3  15 16 17
3  18 19 20
3  21 22 23
3  24 25 26
3  27 28 29
3  30 31 32
3  15 33 34
3  35 36 37
3  38 39 40
3  41 42 43
3  44 42 45
3  46 47 48
3  49 50 51
3  52 53 54
3  55 56 57
3  30 58 59
3  60 61 62
3  45 42 63
3  64 65 31
3  66 67 68
3  69 70 57
3  71 67 72
3  73 74 75
3  76 77 78
3  79 80 81
3  82 83 84
3  85 86 87
3  88 89 90
3  91 92 93
3  30 94 95
3  42 44 96
3  97 98 91
3  99 100 101
3  59 102 103
3  104 105 106
3  107 108 109
3  85 110 111
3  112 75 113
3  27 114 115
3  116 117 118
3  117 116 119
3  120 121 122
3  116 123 124
3  125 126 127
3  128 129 130
3  45 63 13
3  31 65 32
3  35 131 36
3  132 128 133
3  15 134 16
3  135 136 137
3  45 12 138
3  67 139 140
3  141 81 142
3  1 143 144
3  145 141 146
3  44 45 141
3  35 126 147
3  148 149 150
3  151 152 20
3  153 151 20
3  154 155 156
3  157 158 159
3  146 98 160
3  160 161 56
3  100 61 60
3  162 163 164
3  44 165 166
3  145 167 168
3  169 170 166
3  168 167 171
3  172 173 174
3  175 176 177
3  178 179 180
3  181 144 182
3  183 184 185
3  186 92 178
3  187 188 189
3  190 14 191
3  192 107 193
3  178 194 195
3  30 196 197
3  198 199 200
3  201 202 203
3  85 204 104
3  110 104 205
3  206 207 108
3  65 208 209
3  210 211 212
3  213 214 215
3  33 216 217
3  218 149 219
3  220 221 222
3  133 130 10
3  223 224 225
3  18 43 226
3  42 96 227
3  19 153 20
3  228 229 230
3  63 43 231
3  7 232 8
3  233 234 235
3  236 237 238
3  239 45 138
3  18 20 240
3  187 241 242
3  1 188 2
3  141 80 243
3  141 45 79
3  244 245 246
3  247 248 249
3  250 169 251
3  46 170 252
3  253 254 246
3  255 256 257
3  227 96 258
3  259 154 156
3  260 165 261
3  262 145 263
3  160 98 264
3  264 265 89
3  121 61 266
3  89 265 90
3  267 44 166
3  167 268 269
3  158 270 25
3  271 272 273
3  261 220 222
3  274 275 276
3  270 158 277
3  169 278 279
3  179 280 180
3  120 281 282
3  100 98 101
3  80 141 142
3  178 92 283
3  284 0 2
3  188 1 239
3  285 110 286
3  287 288 289
3  92 290 283
3  207 291 292
3  77 293 294
3  194 295 296
3  77 297 298
3  299 300 301
3  14 13 302
3  59 58 303
3  299 304 305
3  198 121 306
3  307 308 309
3  59 103 310
3  105 172 174
3  110 311 111
3  312 313 314
3  315 316 317
3  318 319 320
3  11 321 322
3  136 323 217
3  170 169 324
3  325 326 327
3  163 328 329
3  51 50 4
3  162 25 24
3  29 330 331
3  332 333 334
3  335 195 336
3  296 337 338
3  282 339 340
3  33 341 342
3  15 343 344
3  345 346 347
3  348 116 349
3  213 350 351
3  352 353 354
3  355 233 356
3  316 357 358
3  359 350 360
3  361 362 363
3  210 364 365
3  135 323 136
3  366 367 368
3  367 15 368
3  366 128 132
3  133 128 130
3  63 42 41
3  369 147 370
3  371 155 372
3  254 153 227
3  367 366 133
3  366 132 133
3  126 129 72
3  129 126 130
3  373 374 375
3  255 254 223
3  9 11 376
3  9 377 378
3  208 134 209
3  227 153 19
3  379 380 381
3  382 383 384
3  45 13 12
3  239 385 386
3  98 80 181
3  387 98 144
3  45 1 79
3  1 80 79
3  35 82 388
3  389 390 391
3  263 145 392
3  169 261 222
3  393 394 395
3  396 397 398
3  83 399 400
3  254 244 246
3  46 96 401
3  155 371 402
3  255 223 225
3  244 254 403
3  47 223 404
3  96 47 258
3  146 141 243
3  98 265 264
3  167 145 160
3  145 146 160
3  44 141 262
3  262 141 405
3  198 406 24
3  161 160 264
3  271 55 407
3  88 69 89
3  265 98 60
3  98 100 60
3  186 121 99
3  99 121 266
3  220 261 273
3  260 169 165
3  163 162 24
3  70 69 88
3  61 121 24
3  162 50 25
3  221 408 25
3  70 409 271
3  70 88 25
3  46 410 411
3  408 221 273
3  409 70 25
3  46 252 412
3  413 261 414
3  178 415 416
3  415 2 416
3  91 417 418
3  181 1 144
3  98 417 91
3  419 420 421
3  188 77 298
3  242 241 422
3  297 77 423
3  77 76 424
3  425 59 111
3  311 110 426
3  280 179 427
3  178 428 429
3  280 2 415
3  179 284 427
3  295 241 296
3  104 296 205
3  380 430 381
3  64 431 432
3  433 86 313
3  64 434 435
3  59 85 111
3  425 30 59
3  94 65 95
3  30 436 196
3  437 438 439
3  214 437 215
3  440 441 442
3  443 107 192
3  444 445 446
3  110 85 104
3  312 86 447
3  192 193 448
3  204 433 313
3  445 172 446
3  323 449 450
3  323 349 451
3  333 452 453
3  454 455 456
3  410 457 411
3  458 149 218
3  459 460 461
3  462 463 464
3  49 158 25
3  465 466 467
3  121 120 306
3  121 186 281
3  468 282 469
3  106 173 470
3  471 472 473
3  364 23 474
3  475 476 477
3  476 343 478
3  479 480 481
3  343 233 482
3  21 27 483
3  22 472 23
3  21 483 484
3  437 485 486
3  487 74 119
3  316 116 124
3  15 367 488
3  216 33 489
3  16 134 490
3  16 491 17
3  42 492 43
3  42 227 492
3  153 254 151
3  399 493 400
3  126 139 66
3  494 71 72
3  126 495 130
3  130 495 10
3  367 10 477
3  367 133 10
3  10 495 11
3  346 345 496
3  497 495 498
3  497 499 496
3  322 374 500
3  322 501 376
3  475 502 235
3  503 504 505
3  506 231 507
3  63 41 43
3  20 369 240
3  369 152 147
3  508 509 510
3  67 506 507
3  231 232 511
3  494 491 512
3  126 125 140
3  368 491 494
3  513 7 6
3  134 15 209
3  64 514 515
3  514 516 515
3  30 425 516
3  517 208 518
3  1 45 239
3  519 188 520
3  284 521 143
3  1 0 143
3  81 80 142
3  141 79 81
3  321 495 496
3  82 522 347
3  154 259 523
3  390 257 219
3  131 152 36
3  152 151 36
3  225 224 524
3  46 525 526
3  96 44 267
3  46 267 170
3  259 218 219
3  83 253 84
3  47 224 223
3  256 255 225
3  47 254 258
3  227 258 527
3  47 96 48
3  96 46 48
3  55 261 413
3  525 155 526
3  80 98 243
3  98 146 243
3  160 56 268
3  56 55 268
3  145 165 392
3  44 262 263
3  141 145 405
3  145 262 405
3  69 161 89
3  161 264 89
3  221 220 273
3  70 271 57
3  528 168 529
3  270 157 222
3  145 168 165
3  169 260 261
3  168 528 165
3  157 169 222
3  265 530 90
3  265 60 530
3  25 88 90
3  530 25 90
3  50 49 25
3  62 61 24
3  272 408 273
3  25 272 531
3  408 272 25
3  409 25 531
3  61 100 266
3  100 99 266
3  387 144 290
3  144 521 290
3  80 1 181
3  0 284 143
3  99 532 419
3  532 98 420
3  92 91 418
3  97 91 533
3  92 186 93
3  420 98 421
3  242 2 534
3  188 187 535
3  297 241 298
3  188 298 189
3  293 424 205
3  77 424 293
3  536 537 538
3  186 178 335
3  110 205 78
3  78 77 288
3  539 540 541
3  311 542 543
3  544 545 546
3  196 547 197
3  440 442 548
3  549 440 550
3  59 86 551
3  204 85 87
3  358 357 552
3  553 362 438
3  554 555 556
3  206 75 557
3  315 317 558
3  361 559 560
3  561 206 562
3  445 563 564
3  204 313 565
3  296 104 337
3  337 106 566
3  104 204 105
3  567 568 569
3  570 282 571
3  572 470 573
3  574 575 566
3  576 577 578
3  470 173 573
3  135 579 580
3  135 348 349
3  349 116 118
3  350 213 348
3  581 582 583
3  352 582 581
3  51 250 251
3  158 49 51
3  309 584 585
3  51 247 249
3  504 236 505
3  586 587 588
3  402 584 309
3  589 590 591
3  574 592 575
3  337 104 106
3  593 576 578
3  594 595 474
3  23 471 474
3  596 597 579
3  208 598 599
3  596 135 137
3  343 367 600
3  23 364 210
3  501 38 40
3  475 477 601
3  38 374 39
3  602 603 604
3  605 363 606
3  607 358 552
3  214 213 608
3  361 363 609
3  610 203 611
3  612 613 614
3  357 316 615
3  213 215 123
3  607 558 358
3  362 553 557
3  323 547 449
3  579 597 581
3  616 617 618
3  352 619 353
3  208 64 513
3  383 509 384
3  495 321 11
3  499 346 496
3  497 126 499
3  126 35 499
3  495 126 498
3  126 497 498
3  501 322 500
3  11 322 376
3  620 621 622
3  623 624 625
3  238 626 627
3  628 504 629
3  43 492 19
3  492 227 19
3  506 630 631
3  506 383 231
3  66 139 67
3  129 128 72
3  383 506 509
3  382 232 632
3  18 67 507
3  506 67 512
3  630 490 631
3  633 63 232
3  15 65 209
3  65 64 208
3  30 514 31
3  514 64 31
3  345 374 496
3  499 35 346
3  634 374 635
3  148 522 636
3  628 40 637
3  522 148 396
3  170 267 166
3  165 169 166
3  83 82 399
3  82 35 399
3  152 131 147
3  131 35 147
3  36 151 37
3  253 83 400
3  257 256 219
3  256 225 524
3  96 267 401
3  267 46 401
3  253 246 84
3  246 245 84
3  389 245 638
3  390 389 639
3  223 254 404
3  254 47 404
3  258 254 527
3  254 227 527
3  155 224 526
3  47 46 526
3  47 526 640
3  529 168 641
3  642 529 641
3  167 160 268
3  56 161 57
3  161 69 57
3  406 163 24
3  530 60 62
3  25 530 26
3  121 198 24
3  261 55 273
3  55 271 273
3  221 25 643
3  25 270 643
3  158 157 644
3  158 644 277
3  158 169 159
3  169 157 159
3  417 98 418
3  98 387 418
3  98 532 101
3  532 99 101
3  97 419 421
3  532 420 419
3  97 533 419
3  533 186 419
3  98 97 421
3  186 99 419
3  535 242 534
3  535 187 242
3  298 241 189
3  241 187 189
3  424 76 205
3  205 76 78
3  296 241 205
3  241 297 205
3  195 194 336
3  335 178 195
3  428 521 429
3  521 284 429
3  284 2 427
3  2 280 427
3  241 295 422
3  295 645 646
3  12 14 647
3  385 647 540
3  13 63 633
3  648 53 185
3  287 542 649
3  287 650 543
3  285 286 288
3  78 288 651
3  516 425 652
3  648 302 653
3  648 654 655
3  64 656 657
3  436 65 196
3  65 547 196
3  117 349 118
3  116 487 119
3  487 116 658
3  74 487 658
3  30 659 550
3  440 58 550
3  202 485 660
3  213 22 608
3  112 607 363
3  485 201 486
3  300 442 661
3  662 29 663
3  315 558 664
3  558 74 658
3  102 303 665
3  102 59 303
3  442 300 548
3  74 73 666
3  299 667 304
3  103 102 310
3  310 668 669
3  102 670 671
3  444 672 452
3  673 674 338
3  675 676 677
3  592 674 575
3  163 406 678
3  274 679 680
3  194 674 336
3  681 593 682
3  333 445 452
3  86 669 683
3  173 106 174
3  106 105 174
3  671 684 685
3  86 310 669
3  86 433 87
3  433 204 87
3  86 85 551
3  85 59 551
3  135 596 579
3  595 594 581
3  579 473 580
3  360 350 580
3  349 117 451
3  135 349 686
3  547 65 449
3  216 136 217
3  252 279 412
3  623 466 624
3  259 402 309
3  279 278 687
3  402 371 688
3  46 371 372
3  248 4 461
3  247 51 4
3  687 309 689
3  278 51 687
3  51 690 691
3  690 169 691
3  602 692 693
3  29 28 694
3  695 696 697
3  4 695 5
3  693 698 699
3  700 396 586
3  701 702 703
3  704 701 705
3  706 306 707
3  198 306 706
3  186 335 281
3  120 282 340
3  708 616 709
3  211 617 212
3  489 352 581
3  364 595 582
3  359 472 351
3  350 359 351
3  233 343 234
3  234 475 235
3  619 342 708
3  15 341 710
3  367 343 488
3  343 15 488
3  367 477 600
3  477 476 478
3  477 10 711
3  10 9 711
3  503 477 504
3  477 503 505
3  397 712 713
3  504 628 236
3  714 715 716
3  717 718 456
3  216 489 137
3  595 364 474
3  112 362 557
3  27 29 662
3  437 214 485
3  719 610 611
3  357 615 720
3  215 615 123
3  116 348 123
3  348 213 123
3  558 317 358
3  317 316 358
3  33 619 489
3  619 352 489
3  597 596 137
3  136 216 137
3  341 355 708
3  355 616 708
3  619 721 353
3  721 708 709
3  67 494 512
3  67 71 494
3  9 376 722
3  376 501 722
3  374 322 723
3  322 321 723
3  374 38 500
3  38 501 500
3  374 634 39
3  502 236 235
3  628 377 724
3  501 725 726
3  152 369 20
3  126 68 727
3  43 19 226
3  19 18 226
3  30 728 729
3  728 65 729
3  311 730 731
3  514 30 516
3  732 733 734
3  383 382 632
3  513 380 735
3  736 654 737
3  239 138 647
3  138 12 738
3  143 521 144
3  290 521 283
3  522 396 347
3  346 35 388
3  374 345 375
3  495 497 496
3  712 739 740
3  373 347 741
3  165 44 392
3  44 263 392
3  147 126 370
3  126 66 68
3  493 151 400
3  151 493 37
3  149 522 742
3  522 82 742
3  743 155 523
3  155 154 523
3  390 742 391
3  255 257 639
3  245 403 638
3  245 244 403
3  155 525 744
3  525 46 744
3  55 57 407
3  57 271 407
3  221 643 222
3  643 270 222
3  261 165 414
3  165 528 414
3  272 271 531
3  271 409 531
3  644 157 277
3  157 270 277
3  92 418 290
3  418 387 290
3  91 93 745
3  93 186 745
3  2 188 534
3  188 535 534
3  293 205 294
3  77 294 423
3  178 283 746
3  283 521 746
3  284 179 429
3  179 178 429
3  280 415 180
3  415 178 180
3  295 194 645
3  194 178 645
3  138 738 647
3  738 12 647
3  288 747 289
3  748 747 386
3  425 111 749
3  730 749 750
3  110 542 426
3  542 311 426
3  110 751 649
3  110 285 751
3  288 286 651
3  288 77 752
3  542 110 649
3  751 285 288
3  516 736 753
3  14 302 183
3  747 748 650
3  190 754 755
3  65 436 756
3  436 30 756
3  547 545 197
3  545 544 197
3  547 117 545
3  117 119 546
3  659 757 550
3  119 757 546
3  757 549 550
3  58 30 550
3  75 112 557
3  206 73 75
3  720 615 439
3  438 362 758
3  73 561 759
3  558 112 113
3  558 607 112
3  362 112 363
3  116 316 658
3  558 658 664
3  303 58 760
3  58 440 760
3  102 761 762
3  300 299 670
3  549 757 666
3  667 299 301
3  763 667 759
3  73 442 666
3  554 556 291
3  667 763 764
3  562 765 766
3  767 192 448
3  768 769 770
3  452 672 771
3  462 772 463
3  275 274 593
3  773 774 775
3  281 335 282
3  335 336 776
3  336 674 776
3  674 194 338
3  194 296 338
3  673 338 575
3  674 673 575
3  338 337 575
3  575 337 566
3  668 671 685
3  59 310 777
3  668 778 779
3  668 779 669
3  313 86 314
3  86 312 314
3  117 547 451
3  547 323 451
3  349 323 686
3  323 135 686
3  449 65 34
3  65 15 34
3  279 324 780
3  279 457 412
3  51 278 781
3  278 169 781
3  46 782 783
3  784 309 785
3  307 326 308
3  784 218 309
3  782 786 689
3  786 457 689
3  155 744 372
3  744 46 372
3  695 4 787
3  788 789 790
3  247 4 248
3  791 465 792
3  326 307 309
3  793 199 794
3  169 690 251
3  690 51 251
3  169 158 691
3  158 51 691
3  784 795 796
3  797 702 798
3  394 624 799
3  51 249 687
3  589 591 800
3  801 802 803
3  459 461 804
3  790 805 806
3  807 808 230
3  739 148 740
3  634 228 637
3  347 396 741
3  149 458 150
3  149 742 219
3  702 809 810
3  148 150 811
3  218 259 309
3  812 813 814
3  815 773 707
3  199 198 706
3  121 281 122
3  281 120 122
3  335 536 538
3  816 817 675
3  235 236 818
3  472 471 23
3  114 23 210
3  352 364 582
3  597 137 581
3  134 208 508
3  472 22 351
3  213 351 819
3  234 820 821
3  475 234 822
3  721 619 708
3  341 343 355
3  343 341 344
3  341 15 344
3  342 341 708
3  619 33 342
3  341 33 710
3  33 15 710
3  477 478 600
3  478 343 600
3  504 711 823
3  711 9 378
3  477 711 504
3  824 825 826
3  711 378 823
3  827 628 637
3  373 807 828
3  228 634 635
3  396 700 829
3  830 373 831
3  472 360 580
3  472 359 360
3  162 832 833
3  834 835 836
3  29 331 663
3  561 562 837
3  838 839 840
3  483 838 841
3  607 842 843
3  363 605 609
3  720 319 844
3  438 758 439
3  605 720 844
3  361 609 559
3  214 608 845
3  608 846 845
3  608 22 846
3  845 846 847
3  123 615 124
3  615 316 124
3  357 720 848
3  842 357 843
3  491 368 17
3  368 15 17
3  16 490 849
3  490 630 849
3  377 722 850
3  377 9 722
3  725 851 726
3  851 850 726
3  850 851 40
3  628 850 40
3  67 852 853
3  67 18 852
3  139 126 140
3  128 366 72
3  67 125 127
3  366 494 72
3  125 67 140
3  366 368 494
3  231 43 507
3  43 18 507
3  517 382 598
3  509 631 510
3  631 490 510
3  509 506 631
3  208 6 518
3  208 513 6
3  30 854 855
3  854 65 855
3  30 856 857
3  856 65 857
3  302 13 858
3  859 435 860
3  13 633 858
3  861 862 863
3  64 380 864
3  7 735 733
3  144 98 182
3  98 181 182
3  346 388 347
3  388 82 347
3  374 723 496
3  723 321 496
3  522 149 636
3  149 148 636
3  727 68 240
3  126 727 370
3  493 399 37
3  399 35 37
3  151 254 400
3  254 253 400
3  245 742 84
3  742 82 84
3  524 224 743
3  224 155 743
3  256 524 865
3  524 743 523
3  742 390 219
3  257 390 639
3  742 245 391
3  245 389 391
3  389 254 639
3  254 255 639
3  403 254 638
3  254 389 638
3  526 224 640
3  224 47 640
3  642 55 413
3  528 529 414
3  530 62 26
3  62 24 26
3  186 533 745
3  533 91 745
3  294 205 423
3  205 297 423
3  521 428 746
3  428 178 746
3  2 645 866
3  645 178 866
3  645 2 646
3  2 242 646
3  239 647 385
3  386 385 540
3  748 386 867
3  311 868 730
3  286 110 651
3  110 78 651
3  77 188 752
3  752 188 869
3  751 288 649
3  288 287 649
3  190 191 870
3  191 183 871
3  653 872 873
3  302 858 653
3  425 749 874
3  540 190 541
3  65 756 95
3  756 30 95
3  544 659 197
3  659 30 197
3  74 757 119
3  545 117 546
3  440 549 666
3  666 757 875
3  553 438 876
3  438 437 876
3  362 877 758
3  758 877 439
3  27 662 878
3  207 206 554
3  554 553 555
3  555 553 486
3  658 316 664
3  316 315 664
3  303 760 761
3  760 440 761
3  670 767 671
3  670 299 767
3  668 310 879
3  310 102 879
3  300 670 762
3  670 102 762
3  442 667 661
3  300 762 548
3  441 440 666
3  442 441 666
3  764 763 766
3  73 206 561
3  556 555 291
3  839 483 878
3  204 565 880
3  881 882 883
3  882 447 883
3  674 816 884
3  576 680 577
3  885 886 887
3  578 577 888
3  574 572 886
3  681 889 677
3  282 570 339
3  120 890 891
3  275 892 836
3  893 674 884
3  894 893 895
3  674 536 776
3  536 335 776
3  896 669 897
3  313 881 883
3  310 86 777
3  86 59 777
3  473 472 580
3  579 471 473
3  350 348 580
3  348 135 580
3  449 34 450
3  33 217 898
3  279 252 324
3  252 170 324
3  169 250 781
3  250 51 781
3  155 402 156
3  402 259 156
3  795 785 899
3  687 326 309
3  308 326 900
3  309 308 785
3  46 901 786
3  901 457 786
3  695 50 696
3  50 162 696
3  4 50 787
3  50 695 787
3  457 279 687
3  902 325 903
3  457 410 412
3  410 46 412
3  904 784 905
3  906 902 802
3  373 808 907
3  480 908 481
3  909 910 911
3  590 687 912
3  906 326 913
3  590 325 327
3  797 914 915
3  916 917 918
3  396 148 397
3  899 919 920
3  150 458 921
3  784 904 703
3  922 455 923
3  150 921 924
3  458 218 702
3  797 458 702
3  537 282 538
3  282 335 538
3  114 27 23
3  27 21 23
3  925 926 212
3  28 27 115
3  233 212 356
3  364 352 354
3  211 210 365
3  617 211 365
3  137 489 581
3  594 579 581
3  351 22 819
3  22 213 819
3  234 343 820
3  476 820 927
3  820 476 822
3  475 928 929
3  233 355 482
3  355 343 482
3  378 377 823
3  504 823 930
3  477 502 601
3  502 475 601
3  236 502 505
3  502 477 505
3  364 354 365
3  236 827 237
3  931 374 828
3  374 373 828
3  932 663 933
3  330 602 331
3  602 934 603
3  29 694 935
3  700 586 936
3  937 938 939
3  453 937 940
3  941 681 677
3  483 839 838
3  942 943 944
3  363 848 606
3  363 607 848
3  615 215 439
3  215 437 439
3  945 946 947
3  945 844 948
3  559 609 949
3  361 560 318
3  202 612 614
3  838 950 841
3  202 201 485
3  201 555 486
3  660 845 847
3  21 660 847
3  607 951 952
3  951 357 952
3  16 849 953
3  849 630 953
3  850 722 726
3  722 501 726
3  851 725 40
3  725 501 40
3  377 850 724
3  850 628 724
3  68 852 240
3  852 18 240
3  852 68 853
3  68 67 853
3  506 512 954
3  512 491 954
3  232 382 8
3  382 517 8
3  508 208 599
3  382 384 598
3  65 854 955
3  854 30 955
3  65 728 956
3  728 30 956
3  30 729 957
3  729 65 957
3  65 94 958
3  94 30 958
3  749 54 874
3  656 516 657
3  959 960 961
3  962 960 963
3  516 964 860
3  858 633 965
3  737 966 753
3  425 967 652
3  735 380 733
3  968 732 734
3  232 63 511
3  63 231 511
3  232 231 632
3  231 383 632
3  732 966 969
3  7 513 735
3  380 513 864
3  513 64 864
3  373 741 970
3  741 396 970
3  345 347 375
3  347 373 375
3  727 240 370
3  240 369 370
3  256 523 219
3  523 259 219
3  642 641 269
3  641 167 269
3  529 413 414
3  529 642 413
3  2 866 416
3  866 178 416
3  295 646 422
3  646 242 422
3  971 972 973
3  867 386 974
3  188 288 869
3  288 752 869
3  871 183 185
3  191 14 183
3  754 975 755
3  748 867 972
3  868 976 539
3  868 311 976
3  975 977 730
3  52 749 978
3  757 659 546
3  659 544 546
3  553 876 486
3  876 437 486
3  553 554 557
3  554 206 557
3  108 979 109
3  203 980 981
3  201 203 981
3  982 983 984
3  778 668 685
3  932 896 897
3  107 443 766
3  932 985 107
3  75 74 113
3  74 558 113
3  762 761 548
3  761 440 548
3  303 761 665
3  761 102 665
3  767 684 671
3  107 985 193
3  667 301 661
3  301 300 661
3  667 442 759
3  442 73 759
3  313 882 881
3  313 312 882
3  445 444 452
3  204 444 986
3  696 987 697
3  162 164 988
3  536 989 990
3  339 680 991
3  274 890 679
3  890 120 679
3  890 276 992
3  890 274 276
3  306 815 707
3  306 120 815
3  574 566 470
3  566 106 470
3  34 217 450
3  217 323 450
3  217 34 898
3  34 33 898
3  324 169 780
3  169 279 780
3  402 688 993
3  688 371 993
3  46 783 994
3  994 783 585
3  824 899 825
3  785 308 995
3  457 901 411
3  901 46 411
3  457 687 689
3  782 46 786
3  996 997 701
3  997 702 701
3  998 995 899
3  904 905 704
3  692 999 1000
3  905 1001 1002
3  326 687 327
3  687 590 327
3  687 249 912
3  249 590 912
3  590 249 1003
3  1004 909 794
3  249 1005 1006
3  249 248 1007
3  1008 1009 1010
3  1011 900 1012
3  326 325 902
3  589 902 903
3  163 678 328
3  328 678 329
3  406 768 1013
3  1014 1015 1016
3  463 788 806
3  681 941 1017
3  148 712 1018
3  148 739 712
3  808 373 830
3  808 830 715
3  712 740 923
3  1019 1020 918
3  740 811 1021
3  148 811 740
3  458 914 921
3  921 914 924
3  914 458 915
3  458 797 915
3  813 1022 814
3  740 922 923
3  471 579 474
3  579 594 474
3  115 210 1023
3  115 114 210
3  354 353 365
3  353 721 365
3  618 617 709
3  616 618 709
3  617 616 1024
3  616 355 1024
3  820 343 927
3  343 476 927
3  476 928 822
3  928 475 822
3  928 476 929
3  476 475 929
3  823 377 629
3  377 628 629
3  228 635 229
3  635 374 229
3  28 115 1023
3  210 212 1023
3  602 330 1025
3  330 29 1025
3  28 1026 1027
3  934 694 603
3  1028 1029 698
3  406 1013 1030
3  459 4 460
3  4 3 460
3  3 1031 1032
3  1033 568 5
3  768 1034 794
3  1035 769 794
3  979 839 878
3  483 27 878
3  942 1036 841
3  1037 943 950
3  203 610 980
3  202 1038 203
3  607 1039 1040
3  1039 357 1040
3  848 720 606
3  720 605 606
3  609 1041 949
3  844 1041 1042
3  720 439 319
3  361 318 320
3  948 560 1043
3  948 319 560
3  21 484 612
3  484 483 613
3  839 983 840
3  1036 1044 1045
3  1036 942 1044
3  943 1037 944
3  660 485 845
3  214 845 1046
3  846 22 847
3  22 21 847
3  357 951 552
3  951 607 552
3  357 842 1047
3  842 607 1047
3  582 595 583
3  595 581 583
3  490 134 510
3  134 508 510
3  630 491 953
3  491 16 953
3  1048 1049 1050
3  40 39 637
3  126 72 127
3  72 67 127
3  491 630 954
3  630 506 954
3  6 8 518
3  8 517 518
3  598 384 599
3  208 517 598
3  65 955 32
3  955 30 32
3  65 956 855
3  956 30 855
3  65 856 957
3  856 30 957
3  65 958 857
3  958 30 857
3  64 1051 1052
3  431 516 432
3  64 959 961
3  380 1053 862
3  1053 960 862
3  380 861 430
3  736 967 655
3  654 736 655
3  872 858 737
3  654 648 653
3  633 733 1054
3  732 968 966
3  733 380 1055
3  960 516 863
3  633 232 733
3  232 7 733
3  396 829 970
3  373 970 831
3  524 523 865
3  523 256 865
3  167 641 171
3  641 168 171
3  268 55 269
3  55 642 269
3  239 386 1056
3  747 1056 1057
3  650 748 543
3  542 287 543
3  288 188 519
3  288 519 520
3  647 14 540
3  14 190 540
3  183 302 184
3  302 648 184
3  191 975 870
3  190 870 754
3  975 1058 977
3  191 871 1059
3  184 648 185
3  868 539 730
3  971 540 539
3  730 539 755
3  748 976 543
3  976 311 543
3  54 655 874
3  749 52 54
3  749 111 1060
3  730 1060 1061
3  1058 185 1062
3  52 978 1063
3  1064 1062 1063
3  1062 185 1063
3  757 74 875
3  74 666 875
3  719 1065 1066
3  1038 1067 203
3  1037 840 1068
3  291 1069 292
3  304 443 305
3  304 667 443
3  668 879 671
3  879 102 671
3  443 764 766
3  562 206 765
3  447 932 883
3  312 447 1070
3  453 452 771
3  444 883 1071
3  565 444 880
3  444 204 880
3  932 933 1072
3  676 675 1073
3  204 1074 446
3  1074 986 446
3  1075 676 1076
3  1077 1078 1079
3  772 1080 1078
3  791 1081 1082
3  888 990 1083
3  889 578 1084
3  674 592 332
3  592 574 332
3  576 593 680
3  593 274 680
3  339 679 340
3  679 120 340
3  1004 773 1085
3  892 1086 836
3  773 815 774
3  774 815 891
3  890 774 891
3  815 120 1087
3  773 199 707
3  199 706 707
3  333 885 887
3  572 574 470
3  371 584 993
3  584 402 993
3  584 994 585
3  783 782 689
3  584 371 994
3  371 46 994
3  308 900 1088
3  795 784 785
3  623 803 1089
3  995 1011 899
3  900 326 801
3  1090 1091 1092
3  702 997 809
3  812 1093 1094
3  996 701 1095
3  1096 791 698
3  905 796 1001
3  905 784 796
3  914 813 1097
3  803 1098 1089
3  1099 1003 800
3  1100 1077 1101
3  39 634 637
3  1102 637 917
3  590 1003 1099
3  590 1099 591
3  248 461 1103
3  461 1005 1103
3  1011 1012 1104
3  624 466 1105
3  326 902 913
3  902 906 913
3  589 903 1106
3  903 325 1106
3  1107 793 1034
3  406 198 1107
3  941 1108 1109
3  678 1110 1111
3  712 397 1018
3  397 148 1018
3  714 808 715
3  1048 1112 1113
3  808 807 907
3  807 373 907
3  970 829 831
3  1009 1019 230
3  1114 454 716
3  1112 1048 1115
3  1116 919 1117
3  1090 914 1097
3  914 811 924
3  811 150 924
3  914 797 798
3  813 914 798
3  212 617 356
3  233 235 212
3  617 365 709
3  365 721 709
3  617 1024 356
3  1024 355 356
3  820 822 821
3  822 234 821
3  823 629 930
3  629 504 930
3  374 931 229
3  808 714 230
3  698 1000 1118
3  1119 1035 1120
3  694 934 935
3  934 602 935
3  28 926 1026
3  393 908 480
3  926 238 627
3  1026 1121 1027
3  692 1000 698
3  602 693 1122
3  695 568 1033
3  695 1033 5
3  1031 568 1032
3  568 695 697
3  1085 835 1123
3  1005 800 1006
3  568 697 569
3  697 987 569
3  329 1124 1125
3  164 163 329
3  932 107 663
3  107 662 663
3  1126 1065 719
3  1065 1037 1068
3  943 942 950
3  950 942 841
3  979 1069 1127
3  1128 979 984
3  357 1039 843
3  1039 607 843
3  357 848 1040
3  848 607 1040
3  945 1041 844
3  605 844 1042
3  844 319 948
3  560 319 318
3  560 559 1043
3  945 948 946
3  613 1036 614
3  484 613 612
3  1126 1044 944
3  1044 942 944
3  1044 1129 1045
3  1126 719 611
3  845 485 1046
3  485 214 1046
3  357 1047 952
3  1047 607 952
3  237 1102 917
3  236 628 827
3  384 509 599
3  509 508 599
3  516 431 515
3  431 64 515
3  430 861 863
3  959 64 859
3  1130 960 1131
3  380 64 1130
3  959 859 960
3  516 960 964
3  380 962 963
3  380 1130 1131
3  967 736 652
3  736 516 652
3  968 1132 863
3  1055 1133 863
3  964 859 860
3  1134 860 1135
3  64 1136 1137
3  1136 516 1137
3  516 656 432
3  656 64 432
3  54 53 655
3  53 648 655
3  654 653 873
3  653 858 872
3  858 966 737
3  736 737 753
3  633 966 965
3  966 858 965
3  966 1138 1139
3  966 1054 1140
3  1132 733 1055
3  516 968 863
3  968 734 1141
3  734 733 1141
3  386 540 974
3  540 971 974
3  747 288 520
3  188 239 1056
3  747 650 289
3  650 287 289
3  971 539 972
3  867 974 972
3  730 977 1064
3  1058 871 185
3  870 975 754
3  975 730 755
3  977 1058 1062
3  871 1058 1059
3  1058 975 1142
3  975 191 1142
3  539 976 972
3  976 748 972
3  982 980 1066
3  980 610 1066
3  983 839 1128
3  662 107 878
3  1069 979 108
3  207 554 291
3  765 107 766
3  443 667 764
3  763 759 766
3  837 766 1143
3  985 932 193
3  443 192 305
3  107 765 108
3  765 206 108
3  86 683 896
3  683 669 896
3  669 779 1144
3  778 193 1145
3  444 565 883
3  565 313 883
3  447 882 1070
3  882 312 1070
3  1083 989 1084
3  698 1146 699
3  986 444 446
3  1074 204 986
3  172 105 446
3  105 204 446
3  674 332 334
3  333 676 334
3  453 771 1147
3  933 331 1072
3  937 331 938
3  331 602 938
3  676 453 1076
3  676 333 453
3  199 773 1004
3  938 1148 939
3  1149 1014 1016
3  1149 1150 1014
3  339 468 577
3  339 570 468
3  578 1083 1084
3  893 884 895
3  536 894 1151
3  468 990 888
3  574 886 885
3  886 572 887
3  680 679 991
3  679 339 991
3  774 992 775
3  774 890 992
3  815 1087 891
3  1087 120 891
3  309 585 1152
3  585 783 1152
3  785 995 998
3  785 998 899
3  1153 826 1154
3  995 308 1011
3  801 326 802
3  326 906 802
3  1022 813 798
3  702 1022 798
3  904 704 703
3  1155 1156 1157
3  1090 1097 1158
3  1159 1095 1002
3  796 899 920
3  625 1160 1161
3  625 624 1160
3  393 1112 1162
3  1098 902 1089
3  902 589 466
3  329 678 1163
3  237 917 626
3  1164 916 1165
3  917 637 918
3  1150 461 1166
3  1005 461 1150
3  461 4 804
3  4 459 804
3  325 590 1106
3  590 589 1106
3  199 1107 200
3  1107 198 200
3  1167 1125 620
3  199 1004 794
3  829 700 831
3  830 831 715
3  1114 716 1168
3  396 587 586
3  1114 936 588
3  455 454 1169
3  712 923 1169
3  923 455 1169
3  811 914 922
3  914 1090 922
3  1001 796 919
3  1170 1115 1171
3  175 177 1172
3  1172 1171 1050
3  212 926 1023
3  926 28 1023
3  926 925 818
3  461 460 1166
3  460 3 1166
3  212 235 818
3  29 935 1025
3  935 602 1025
3  602 604 999
3  604 1121 999
3  1121 604 1027
3  604 603 1027
3  1029 1028 1173
3  693 692 698
3  568 1031 5
3  1031 3 5
3  463 772 1174
3  568 567 1032
3  567 569 1167
3  832 162 988
3  663 331 933
3  331 937 1147
3  983 1128 984
3  203 1067 611
3  1037 950 840
3  950 838 840
3  840 983 1068
3  983 982 1068
3  1041 609 1042
3  609 605 1042
3  949 1041 1175
3  1041 945 1175
3  202 660 612
3  660 21 612
3  1036 613 841
3  613 483 841
3  1129 1067 1045
3  1044 1126 1129
3  1037 1065 944
3  1065 1126 944
3  1067 1038 1045
3  1038 202 614
3  960 859 964
3  859 64 435
3  960 1130 961
3  1130 64 961
3  379 381 863
3  381 430 863
3  960 1053 963
3  1053 380 963
3  862 960 863
3  861 380 862
3  960 962 1131
3  962 380 1131
3  64 1134 1135
3  64 1176 1177
3  435 434 860
3  1176 860 1177
3  516 1136 657
3  1136 64 657
3  516 1051 1137
3  1051 64 1137
3  655 967 874
3  967 425 874
3  872 737 873
3  737 654 873
3  966 968 753
3  968 516 753
3  1054 733 1140
3  966 633 1054
3  1138 733 1139
3  966 1139 969
3  1133 380 1178
3  380 379 1178
3  380 1133 1055
3  1132 1055 863
3  733 1132 1141
3  1132 968 1141
3  1056 386 1057
3  386 747 1057
3  188 1056 520
3  1056 747 520
3  749 1064 1063
3  977 1062 1064
3  191 1059 1142
3  1059 1058 1142
3  749 1060 750
3  1060 730 750
3  311 731 1061
3  731 730 1061
3  539 541 755
3  541 190 755
3  972 974 973
3  974 971 973
3  1067 1129 611
3  1129 1126 611
3  839 979 1128
3  979 1127 984
3  1069 291 1127
3  291 555 1127
3  562 766 837
3  561 837 1143
3  299 1179 1180
3  1179 305 1180
3  669 1144 897
3  193 1144 1145
3  1069 108 292
3  108 207 292
3  932 447 896
3  447 86 896
3  1144 779 1145
3  779 778 1181
3  883 1182 1071
3  883 932 1182
3  674 1183 817
3  1183 676 817
3  1081 1146 1082
3  938 1122 699
3  1125 1124 621
3  1077 772 1078
3  771 672 1184
3  1185 771 1184
3  1086 834 836
3  275 593 892
3  1167 569 1186
3  832 988 1125
3  249 1007 1005
3  591 1099 800
3  282 468 571
3  468 570 571
3  282 537 469
3  593 578 682
3  577 468 888
3  680 339 577
3  894 536 893
3  536 674 893
3  1187 1148 1188
3  884 816 895
3  468 469 990
3  894 895 1084
3  333 573 563
3  173 563 1189
3  333 332 885
3  332 574 885
3  992 276 775
3  775 276 1085
3  783 689 1152
3  689 309 1152
3  899 824 919
3  796 795 899
3  900 1011 1088
3  1011 308 1088
3  900 801 1012
3  1012 801 803
3  902 466 1089
3  466 623 1089
3  809 997 810
3  997 1093 810
3  1022 1093 814
3  1093 812 814
3  702 218 703
3  218 784 703
3  1097 813 1094
3  813 812 1094
3  919 796 920
3  704 905 1002
3  1001 919 1002
3  1116 1159 1002
3  1095 701 1002
3  1190 1171 1191
3  1097 1094 1192
3  899 1011 825
3  466 465 1096
3  465 791 1096
3  1162 1112 1115
3  454 456 1193
3  394 1029 395
3  238 237 626
3  1020 1048 1113
3  479 1164 1194
3  1195 1150 1166
3  466 589 800
3  406 1107 1034
3  1107 199 793
3  769 768 794
3  1196 772 1197
3  828 807 230
3  931 828 230
3  1114 713 1198
3  454 1114 1198
3  831 700 936
3  715 831 1199
3  397 587 398
3  587 396 398
3  713 1114 588
3  587 397 713
3  811 922 1021
3  922 740 1021
3  1094 1093 1200
3  175 1094 1201
3  1170 1162 1115
3  1202 922 1092
3  455 922 1202
3  1202 717 456
3  1020 1019 1193
3  922 1090 1092
3  238 926 818
3  236 238 818
3  603 694 1027
3  694 28 1027
3  999 1121 1000
3  692 602 999
3  1121 1026 1155
3  1164 479 916
3  1124 329 1163
3  1029 1096 698
3  1203 1156 481
3  1026 626 1156
3  800 1005 1150
3  1032 1195 1166
3  987 696 569
3  832 569 833
3  1167 1186 1125
3  988 164 329
3  610 719 1066
3  980 982 981
3  946 1043 947
3  948 1043 946
3  319 439 320
3  439 877 320
3  1038 614 1045
3  614 1036 1045
3  1133 1178 863
3  1178 379 863
3  1051 860 1052
3  1051 516 860
3  860 1176 1052
3  1176 64 1052
3  733 1138 1140
3  1138 966 1140
3  1139 733 969
3  733 732 969
3  978 749 1063
3  749 730 1064
3  1060 111 1061
3  111 311 1061
3  979 878 109
3  878 107 109
3  1127 555 981
3  555 201 981
3  1127 981 984
3  981 982 984
3  766 759 1143
3  759 561 1143
3  305 192 1180
3  1179 299 305
3  192 767 1180
3  767 299 1180
3  684 193 685
3  193 778 685
3  193 684 448
3  684 767 448
3  1144 193 897
3  193 932 897
3  779 1181 1145
3  1181 778 1145
3  672 1071 1184
3  672 444 1071
3  676 1183 334
3  1183 674 334
3  676 1075 677
3  816 674 817
3  1110 1204 1111
3  466 800 467
3  1078 1205 1206
3  941 1075 1108
3  1150 1195 1014
3  567 620 1207
3  937 453 1147
3  932 1185 1184
3  453 940 1076
3  940 1075 1076
3  792 1208 699
3  593 681 1086
3  1108 1205 1209
3  1108 1080 1109
3  3 1032 1166
3  567 1167 620
3  988 329 1125
3  1035 909 1120
3  469 537 990
3  537 536 990
3  572 573 887
3  573 333 887
3  563 173 564
3  445 333 563
3  1160 1210 1161
3  825 1104 1211
3  803 802 1098
3  802 902 1098
3  1093 1022 810
3  1022 702 810
3  701 703 705
3  703 704 705
3  996 1095 1200
3  1094 1200 1201
3  1116 1117 1212
3  1117 176 1212
3  701 704 1002
3  919 1116 1002
3  1213 1214 177
3  803 623 1104
3  1170 1190 1162
3  1190 393 1162
3  1005 1007 1103
3  1007 248 1103
3  1029 394 799
3  393 1190 1160
3  1049 1048 1193
3  455 1202 456
3  237 827 1102
3  827 637 1102
3  1164 1113 1215
3  1113 1164 1216
3  393 1215 1217
3  1215 1113 1217
3  800 1003 1006
3  1003 249 1006
3  1218 1204 1119
3  1034 793 794
3  909 1035 794
3  768 406 1034
3  835 909 1123
3  773 775 1085
3  1020 1216 918
3  229 931 230
3  230 1019 918
3  228 230 918
3  936 586 588
3  716 715 1168
3  587 713 588
3  713 712 1169
3  1172 1092 1219
3  717 1202 1092
3  1049 718 1050
3  1048 1020 1193
3  925 212 818
3  1000 1121 1155
3  626 1220 1156
3  1028 1118 1157
3  1020 1113 1216
3  908 1203 481
3  1188 1221 1222
3  800 1150 467
3  569 696 833
3  696 162 833
3  569 832 1186
3  1124 678 1218
3  1186 832 1125
3  678 1124 1163
3  1065 1068 1066
3  1068 982 1066
3  1043 559 1223
3  1223 949 947
3  559 949 1223
3  1043 1223 947
3  877 362 320
3  362 361 320
3  64 1135 1224
3  1135 860 1224
3  860 1134 1177
3  1134 64 1177
3  185 53 1063
3  53 52 1063
3  1081 792 1225
3  1081 791 792
3  937 939 1187
3  939 1148 1187
3  1150 1149 1208
3  1146 792 699
3  792 467 1208
3  699 1208 1222
3  331 1185 1072
3  1185 932 1072
3  771 1185 1147
3  1185 331 1147
3  1071 1182 1184
3  1182 932 1184
3  1075 941 677
3  895 675 677
3  1075 940 1108
3  1080 1108 1209
3  1208 1149 1016
3  1077 1079 1016
3  1080 1086 1109
3  1086 681 1109
3  593 1086 892
3  1086 1080 1226
3  1110 770 1204
3  678 406 1110
3  769 1035 770
3  770 1035 1204
3  772 1077 1174
3  1195 1100 1101
3  462 464 805
3  620 463 1207
3  578 888 1083
3  990 989 1083
3  578 889 682
3  889 681 682
3  1151 894 1084
3  895 889 1084
3  889 895 677
3  895 816 675
3  563 573 1189
3  573 173 1189
3  173 172 564
3  172 445 564
3  1012 803 1104
3  825 1011 1104
3  1093 997 1200
3  997 996 1200
3  175 1227 1228
3  176 175 1212
3  1190 1210 1160
3  623 625 1161
3  466 1096 1105
3  1096 1029 1105
3  1029 799 1229
3  799 624 1229
3  716 454 1010
3  714 716 1010
3  1113 1112 1217
3  1112 393 1217
3  835 834 1230
3  275 836 1231
3  454 1009 1008
3  454 1008 1010
3  916 918 1165
3  637 228 918
3  949 1175 947
3  1175 945 947
3  860 434 1224
3  434 64 1224
3  1221 1148 699
3  792 465 467
3  792 1146 1225
3  1146 1081 1225
3  1146 698 1082
3  698 791 1082
3  937 1187 1205
3  1205 1187 1206
3  1122 693 699
3  938 602 1122
3  1077 1015 1014
3  1015 1077 1016
3  467 1150 1208
3  1148 938 699
3  1108 940 1232
3  940 937 1232
3  941 1109 1017
3  1109 681 1017
3  1013 1110 1030
3  1110 406 1030
3  1110 1013 770
3  1013 768 770
3  909 835 1233
3  790 910 805
3  1120 911 1234
3  789 620 1120
3  1174 1077 1100
3  463 1174 1100
3  1218 620 622
3  620 1125 621
3  463 620 788
3  620 789 788
3  989 1151 1084
3  536 1151 1235
3  675 817 1073
3  817 676 1073
3  1228 1227 1236
3  718 717 1092
3  1097 1192 1237
3  1192 1238 1236
3  176 1213 177
3  1094 175 1228
3  1159 175 1201
3  1190 1170 1171
3  1210 1190 1213
3  1161 1210 1213
3  1115 1048 1050
3  1191 1171 1172
3  1117 919 826
3  919 824 826
3  624 394 1160
3  394 393 1160
3  1104 1161 1211
3  1104 623 1161
3  624 1105 1229
3  1105 1029 1229
3  456 1049 1193
3  456 718 1049
3  479 626 916
3  626 917 916
3  836 1239 1231
3  1239 1085 1231
3  1227 1092 1236
3  834 1086 1226
3  909 1004 1123
3  1004 1085 1123
3  230 714 1010
3  1009 230 1010
3  831 936 1199
3  936 1114 1199
3  713 1169 1198
3  1169 454 1198
3  626 1026 627
3  1026 926 627
3  1028 1156 1173
3  1155 1026 1156
3  1156 1028 1157
3  1028 698 1118
3  1029 1173 1240
3  908 393 395
3  626 479 481
3  1173 908 1240
3  1164 1215 1194
3  1215 393 1194
3  1079 1187 1016
3  1016 1187 1188
3  1108 1232 1205
3  1232 937 1205
3  1077 1014 1101
3  1014 1195 1101
3  834 1226 1241
3  909 911 1120
3  1195 1032 1100
3  1032 567 1100
3  621 1124 622
3  1124 1218 622
3  1226 1242 1241
3  788 790 806
3  1151 989 1235
3  989 536 1235
3  1237 1192 1236
3  1091 1090 1158
3  1238 1094 1228
3  1238 1228 1236
3  1091 1237 1236
3  1092 1091 1236
3  175 1159 1212
3  1159 1116 1212
3  1117 826 1153
3  826 1161 1243
3  1161 826 1211
3  826 825 1211
3  1019 1009 1193
3  1009 454 1193
3  836 835 1239
3  835 1085 1239
3  918 1216 1165
3  1216 1164 1165
3  715 1199 1168
3  1199 1114 1168
3  479 1194 480
3  1194 393 480
3  1118 1000 1157
3  1000 1155 1157
3  908 395 1240
3  395 1029 1240
3  908 1173 1203
3  1173 1156 1203
3  1187 1079 1206
3  1079 1078 1206
3  1205 1078 1209
3  1078 1080 1209
3  1204 1218 1111
3  1218 678 1111
3  1204 1035 1119
3  910 790 911
3  620 1218 1120
3  1192 1094 1238
3  1230 834 1241
3  910 909 1233
3  567 1207 1244
3  1207 463 1244
3  1242 1080 1197
3  772 462 1197
3  1200 1095 1201
3  1095 1159 1201
3  1091 1158 1237
3  1158 1097 1237
3  1214 1213 1191
3  1213 1190 1191
3  1092 1227 1219
3  1171 1115 1050
3  177 1214 1172
3  1214 1191 1172
3  1213 176 1153
3  176 1117 1153
3  1085 276 1231
3  276 275 1231
3  1156 1220 481
3  1220 626 481
3  1148 1221 1188
3  1221 699 1222
3  790 789 1120
3  1218 1119 1120
3  910 1233 1230
3  1233 835 1230
3  463 1100 1244
3  1100 567 1244
3  805 464 806
3  464 463 806
3  1242 805 1241
3  1226 1080 1242
3  1080 1196 1197
3  1080 772 1196
3  718 1092 1050
3  1092 1172 1050
3  1172 1219 1245
3  1219 1227 1245
3  1161 1213 1243
3  826 1243 1154
3  1208 1016 1222
3  1016 1188 1222
3  805 910 1241
3  910 1230 1241
3  462 805 1197
3  805 1242 1197
3  1227 175 1245
3  175 1172 1245
3  1243 1213 1154
3  1213 1153 1154
3  911 790 1234
3  790 1120 1234
