OFF
971 1938 0
-4.01848 -4.99085 -0.0182418
-4.38499 4.80718 -0.0199046
-3.95661 4.9141 -0.0179611
-168.428 -41.72 353.99
-176.077 2.58772 336.753
-163.493 -38.3974 302.259
-3.42868 6.87989 -0.0155637
-3.63915 6.77123 -0.0165189
-3.42136 7.42945 -0.0155295
-94.0471 -150.165 349.684
-59.3762 -156.036 297.947
-70.5994 -162.965 358.305
75.5537 151.017 315.19
42.2802 172.407 345.375
91.4846 149.455 345.372
-9.94611 0.612584 -0.0451308
-5.32099 -4.84713 -0.0241507
-9.94611 -0.612586 -0.0451308
-103.926 -143.734 341.065
-117.076 -137.38 435.896
-167.27 -57.2516 435.896
-158.159 -75.3626 435.896
-84.0368 156.669 358.305
-44.4577 170.73 353.993
-49.0463 167.012 341.06
-167.156 12.404 297.948
-132.166 27.3612 215.98
-132.802 23.1693 215.98
-130.368 -29.904 211.667
-129.248 -33.7668 211.667
-110.992 -71.805 211.662
-93.1302 -93.4873 207.352
-142.311 -92.9325 315.192
-3.00717 5.20588 -0.0136528
-3.10428 4.68272 -0.0140937
-3.16622 5.11098 -0.0143746
-9.96029 -0.306434 -0.0451951
-133.905 0.70195 215.977
33.6191 -176.265 435.896
-3.68361 -180.204 397.101
35.5509 -173.555 349.684
-169.772 -30.6397 435.896
120.98 -123.123 435.896
42.3809 162.926 435.896
-136.629 67.254 435.896
-113.814 139.85 435.896
163.272 -79.977 435.896
135.928 -118.901 431.585
-5.83162 5.31149 -0.0264668
-6.61267 4.98875 -0.0300096
-6.6095 5.31317 -0.029995
-4.44174 8.90756 -0.0201547
-36.8643 109.798 172.826
-4.16493 9.03992 -0.0188987
-156.169 66.497 310.882
-163.895 65.7322 353.994
-151.794 92.1062 341.065
-72.0674 -109.542 207.35
-69.1256 -111.213 207.349
-144.25 -103.074 345.374
-157.774 -89.515 418.654
-159.17 -86.5356 405.723
-4.66854 -4.8115 -0.021191
-4.49151 -5.23894 -0.0203878
-4.87466 -5.02363 -0.022126
-3.21879 5.99018 -0.0146125
-3.30322 5.71778 -0.0149959
-3.45128 5.97371 -0.0156675
-3.24717 4.58507 -0.0147421
-3.13317 4.42424 -0.0142248
57.7298 -111.773 194.405
62.7932 -108.915 194.404
56.8368 -132.318 237.555
-3.41819 4.82631 -0.0155181
10.2085 -99.5227 142.605
28.0182 -124.491 198.72
25.6778 -125.183 198.72
118.331 86.6022 435.896
3.59973 9.2788 0.016334
4.98246 8.61762 0.0226082
91.3719 142.2 310.88
121.575 126.679 341.062
122.234 117.658 306.572
-0.613448 9.93187 -0.00278356
12.1076 99.2373 142.604
-0.306869 9.94602 -0.00139244
-9.74482 177.037 349.684
7.45494 168.325 306.57
-35.7622 166.43 315.193
-7.19239 6.15416 -0.0326375
-7.14797 5.74503 -0.0324367
-7.45572 5.99174 -0.033832
7.15396 -6.92709 0.0324614
-3.21816 -5.19474 -0.0146103
-2.9085 -5.03524 -0.0132051
-25.2216 -175.917 345.375
-129.64 122.06 427.275
-134.172 115.138 349.684
-178.397 33.4016 422.964
-178.977 22.8162 418.654
-176.236 -18.9046 392.789
-45.8297 -172.078 422.964
-72.3106 -166.081 435.896
-4.24668 -7.89923 -0.0192729
-4.01297 -7.46541 -0.0182136
-3.86897 -7.76157 -0.0175596
-28.4433 -165.919 297.95
-36.484 -124.792 203.037
-24.6287 -127.416 203.036
-90.9642 -157.238 427.275
-116.04 -64.2226 211.664
-83.1409 -76.8615 172.817
-113.983 -67.4688 211.663
-8.13338 5.74932 -0.0369056
-7.89157 5.57886 -0.0358093
-8.22451 5.44217 -0.0373194
80.7453 30.2453 112.391
76.8726 33.0799 108.072
76.3591 39.1059 112.389
-5.64787 -7.46961 -0.0256298
-5.93749 -7.36908 -0.0269436
-5.8136 -7.21571 -0.0263821
79.1484 -19.3948 103.755
9.5846 -2.72317 0.0434904
9.66403 -2.42715 0.0438508
53.3325 -75.9207 125.342
63.8344 -108.201 194.404
68.1453 -155.337 306.572
89.8343 -151.778 349.683
12.8365 1.9582 4.36619
77.2647 14.8317 99.4348
75.1289 10.3598 95.1146
-9.58459 -2.72318 -0.0434904
-6.61267 -4.98875 -0.0300096
-7.00512 -4.9536 -0.0317896
99.3553 -133.22 297.945
104.746 -132.586 315.19
100.345 -145.985 345.375
163.575 68.8324 414.343
201.737 0 435.896
201.715 0 431.587
-94.5876 141.508 306.573
-85.0047 104.12 215.979
-107.124 94.418 233.242
-154.649 -63.4126 302.257
-124.036 -49.0917 211.666
-171.448 56.5644 405.722
-172.011 50.1634 397.101
-51.0502 169.716 435.896
-3.79304 8.23473 -0.017214
-2.72702 9.57089 -0.0123741
-1.83104 9.78131 -0.00830849
69.2488 58.6477 121.026
60.5313 63.1652 116.704
53.3728 75.8947 125.342
-3.77103 -4.68385 -0.0171191
-3.77103 4.68384 -0.0171191
-3.58546 -4.45358 -0.0162771
71.3389 -52.2025 116.708
69.2612 -58.6337 121.026
65.061 -54.8997 112.386
34.8187 147.031 267.741
19.0259 121.037 190.086
94.4044 141.861 435.896
128.848 124.523 418.653
95.3798 144.483 431.585
148.076 87.0305 427.274
2.72702 9.57089 0.012374
2.13182 9.72037 0.00967328
2.43057 9.6502 0.0110289
-149.802 1.8282 250.501
-7.76351 6.2384 -0.0352273
-79.6871 45.7195 138.263
-70.3988 89.1933 172.818
48.1855 -78.9878 125.341
2.72702 -9.57088 0.0123741
3.02089 -9.48249 0.0137075
-4.44173 -8.90756 -0.0201547
-38.3615 -109.268 172.825
-4.71433 -8.76675 -0.0213916
-111.839 -70.6447 211.662
-14.9339 -128.272 203.034
-18.7971 -128.04 203.035
-58.6733 -170.397 418.654
-50.5501 -172.603 418.654
-164.267 -75.0462 414.343
-152.708 -91.0378 431.585
-138.718 -114.623 427.275
-9.88948 -1.22284 -0.0448738
-9.9225 -0.918151 -0.0450236
5.24585 8.46032 0.0238034
48.9496 78.6378 125.342
-57.148 122.111 220.289
-87.712 145.377 306.572
-56.04 122.692 220.289
-62.0288 -114.815 207.347
-65.0221 -113.352 207.348
89.925 -142.421 435.896
201.54 0 422.969
160.137 74.0779 362.614
201.649 0 427.278
134.818 -109.635 353.99
150.908 -97.1498 401.411
115.943 -133.653 362.615
71.2867 -163.8 427.275
64.9487 -167.54 410.032
99.0485 -104.554 237.555
157.186 -79.4033 341.063
17.2246 -126.789 198.721
-12.1112 -128.387 203.033
0.30687 -9.94602 0.00139244
0.61345 -9.93187 0.00278357
38.9723 -138.688 237.555
9.29209 -3.59465 0.0421631
8.92029 -4.43547 0.0404761
9.79533 1.82846 0.0444466
12.8904 1.6807 4.36646
145.364 79.3143 293.635
80.7912 91.202 190.083
80.7314 -30.2805 112.391
77.5341 -24.5562 103.754
79.1996 -27.2164 108.072
57.1125 172.548 431.585
83.728 157.383 405.721
156.492 0 237.592
158.388 0 241.906
101.285 -66.7467 185.771
123.059 -74.5792 237.554
111.985 -90.4628 237.554
-4.38695 8.1595 -0.0199085
-4.77756 7.70695 -0.0216816
-4.73531 8.19129 -0.0214886
-3.31188 9.3851 -0.0150279
-3.80708 8.98233 -0.0172756
-7.32744 5.18101 -0.0332513
-7.16417 5.4039 -0.0325106
-149.888 78.8866 306.571
-135.091 44.616 233.24
-167.28 28.7843 310.882
79.1458 19.4043 103.755
9.58459 2.72318 0.0434904
9.49607 3.01663 0.0430887
-4.33853 5.74088 -0.0196934
-4.26596 5.29782 -0.0193645
-4.57537 5.68149 -0.0207679
73.7529 38.9665 108.071
71.774 42.3556 108.07
-57.2449 169.428 422.964
78.8478 146.074 306.565
44.8978 133.554 241.855
62.7575 105.628 194.396
-7.32744 -5.18101 -0.0332513
-8.28792 -4.77876 -0.0376078
-8.83192 -4.39165 -0.0400754
-6.93693 -7.1438 -0.0314767
-7.36419 -6.70381 -0.0334154
-6.79937 -7.00253 -0.0308533
-80.8651 -103.889 207.351
-79.0485 -105.171 207.351
-108.128 -131.533 306.573
-103.138 -134.602 306.572
4.27399 -144.099 237.555
-101.554 -148.749 405.722
-56.342 -158.434 435.896
-9.08592 3.84039 -0.0412279
-7.00512 4.9536 -0.0317896
-9.96029 0.306434 -0.0451951
-9.58459 2.72318 -0.0434904
-9.49607 3.01662 -0.0430887
-9.29208 3.59466 -0.0421631
-4.29064 7.42378 -0.0194734
-4.01297 7.46541 -0.0182136
-4.19185 7.25321 -0.0190256
-4.62152 7.45579 -0.0209744
-4.41351 7.12089 -0.0200315
-4.7401 7.14599 -0.021513
-2.43057 9.6502 -0.0110289
-9.66403 -2.42715 -0.0438508
-4.38499 -4.80718 -0.0199046
9.96501 0 0.0452165
-2.83183 4.27205 -0.0128573
9.9225 0.918149 0.0450236
33.2227 -122.725 198.718
26.6621 -167.773 315.192
38.9272 -163.506 302.259
136.957 -94.8425 306.566
136.82 -101.859 332.434
140.494 -87.6479 302.254
96.6108 20.1465 133.983
118.959 0 164.22
116.466 0 159.902
31.0413 -123.485 198.719
163.853 0 254.848
165.6 0 259.161
-3.62783 -7.87684 -0.0164653
-3.82493 -7.67341 -0.01736
-3.73685 -7.49708 -0.0169608
48.821 -78.7074 125.342
-3.26549 -6.07697 -0.0148243
-3.12061 -6.26265 -0.0141666
133.29 0 190.122
130.979 0 185.806
81.2391 7.16318 103.755
80.9096 10.8613 103.755
92.822 0 121.035
-3.24717 -4.58507 -0.0147421
-3.04979 -4.60058 -0.0138464
-3.10429 -4.68272 -0.0140937
48.2318 78.9636 125.341
144.889 86.9704 306.571
71.5182 103.034 198.714
192.121 0 345.396
191.188 0 341.086
155.084 -59.248 302.255
131.831 -57.5043 237.554
170.606 0 272.101
-3.86897 7.76157 -0.0175596
-3.91301 7.84973 -0.0177592
198.041 0 379.876
197.452 0 375.566
-4.08921 8.20236 -0.0185577
-4.04516 8.1142 -0.0183581
-36.6365 138.245 237.553
-3.45684 8.91146 -0.0156869
-4.98342 5.46227 -0.0226192
-5.35566 5.51853 -0.0243077
-5.04992 5.53505 -0.0229208
-3.95661 -4.9141 -0.0179611
-3.81729 5.38916 -0.0173288
-4.10243 5.79115 -0.0186222
-3.74744 6.48555 -0.0170107
-3.94493 6.82674 -0.0179062
-4.61582 6.51462 -0.0209504
-4.41277 6.65345 -0.020029
-4.19459 6.32506 -0.0190397
-3.20453 5.54715 -0.0145482
6.48337 7.55668 0.0294186
65.0616 54.8993 112.386
6.93694 7.1438 0.0314767
7.15396 6.92709 0.0324614
6.71334 7.35373 0.0304621
0.484472 109.99 164.187
-3.62783 7.87684 -0.0164653
-3.53734 8.34745 -0.0160536
-163.664 67.6304 435.896
-153.495 89.3975 418.653
140.575 92.5512 431.585
-14.7981 181.107 422.964
0.486419 169.674 435.896
-1.25214 177.921 362.616
-45.9159 127.454 220.291
-54.9835 123.238 220.29
-115.368 83.9321 233.241
-74.7527 124.365 246.179
-7.36419 6.70381 -0.0334154
-7.56744 6.47418 -0.0343376
-102.995 58.7374 185.764
-7.95221 -5.99671 -0.0360835
-8.30683 -5.49649 -0.0376926
-7.53266 -6.05341 -0.0341808
-118.009 -60.9017 211.664
-79.6661 -45.7589 138.263
-6.0052 -7.9409 -0.027249
-3.41819 -4.82631 -0.0155181
-1.83105 -9.78131 -0.0083085
-91.4604 -95.0035 207.352
-88.786 -97.2702 207.351
12.917 -168.46 310.88
-136.892 -117.885 410.033
-5.64776 6.58499 -0.0256313
-5.3265 6.21116 -0.0241747
-5.71509 6.2627 -0.0259372
-5.05256 6.68394 -0.0229313
-4.84406 6.83612 -0.0219852
-4.72994 6.67538 -0.0214678
-6.7306 6.93189 -0.0305416
-6.35478 7.40722 -0.028836
-6.38052 6.99012 -0.0289538
-4.95837 7.47431 -0.0225024
-4.84923 7.31016 -0.0220077
-6.18086 6.77191 -0.0280488
-5.50394 6.83224 -0.0249785
-3.13241 6.80305 -0.0142194
-3.34065 6.70354 -0.0151645
-4.08553 6.16085 -0.0185451
-4.24669 7.89923 -0.0192729
-4.10645 7.63894 -0.0186373
-2.95846 -4.77592 -0.0134319
60.5543 -63.1487 116.704
6.24725 -7.75247 0.0283473
6.48337 -7.55668 0.0294186
-4.4273 5.16414 -0.0200965
8.13338 -5.74932 0.0369055
-3.0104 4.85968 -0.0136676
-2.77734 -4.18991 -0.01261
103.913 -143.75 353.995
127.897 -125.469 405.721
148.542 0 220.333
150.583 0 224.648
87.1325 -87.6427 190.088
76.3686 -39.0885 112.389
20.5498 -142.636 237.555
1.22457 -9.87532 0.00555657
0.919447 -9.90829 0.00417205
-3.38466 -6.79172 -0.0153641
4.98246 -8.61762 0.0226082
5.24586 -8.46032 0.0238034
1.52853 -9.83298 0.00693582
1.83105 -9.78131 0.0083085
-3.64933 -5.50396 -0.0165666
-3.30322 -5.71778 -0.0149959
-3.68576 -5.94854 -0.0167315
-4.19459 -6.32506 -0.0190397
-4.04539 -5.71076 -0.0183635
-3.94561 -6.36727 -0.01791
-3.5403 -5.33972 -0.016072
96.7139 -19.6516 133.983
121.423 0 168.538
77.5315 24.5634 103.754
55.5616 0 64.8703
72.9288 4.50319 90.7947
58.5279 0 69.1914
6.00521 7.9409 0.027249
-5.32454 116.162 177.135
128.932 120.785 345.373
156.898 79.9549 418.653
196.144 0 366.947
-3.02088 9.48249 -0.0137075
-2.13182 9.72037 -0.00967328
-3.45231 6.42411 -0.0156716
-3.99431 6.91204 -0.0181301
-5.38247 5.8989 -0.024429
-3.68429 4.87618 -0.0167255
9.17682 3.8787 0.0416401
3.31188 9.3851 0.0150279
-4.45147 -4.87998 -0.0202062
8.13338 5.74932 0.0369055
76.8595 26.3001 103.754
-2.9085 5.03523 -0.0132051
5.50427 8.29499 0.024976
44.2628 133.82 241.856
43.0969 134.239 241.856
-35.0135 177.118 414.343
-168.698 63.5844 422.964
-60.5858 158.182 315.191
-28.5965 179.417 418.654
39.3444 175.597 422.964
-129.995 58.1392 233.24
-123.468 71.2225 233.241
-5.31071 5.14557 -0.024104
-5.09812 4.93991 -0.0231397
-5.39394 4.91347 -0.0244816
-117.26 41.0416 198.71
4.71433 -8.76675 0.0213916
-9.05285 -4.15906 -0.0410776
-8.77927 -4.70768 -0.0398363
-8.92029 -4.43547 -0.0404761
-9.7343 -2.12882 -0.0441697
-6.07113 -4.88118 -0.0275533
-3.74744 -6.48555 -0.0170107
-3.68587 -6.85801 -0.0167307
-0.919442 -9.90829 -0.00417203
-1.22457 -9.87532 -0.00555655
-4.1236 -8.95046 -0.0187115
-4.16494 -9.03992 -0.0188987
-76.1012 -107.107 207.35
-119.926 -57.4313 211.665
-14.1575 -169.495 310.882
-2.34759 -166.444 302.256
-8.30683 5.49649 -0.0376926
-7.41741 6.34618 -0.0336576
-6.99919 6.37242 -0.0317609
-7.64979 5.40837 -0.034713
-7.08303 6.85861 -0.03214
-7.21818 6.57126 -0.0327536
-6.44481 6.2421 -0.0292469
-5.84815 6.4082 -0.0265405
-6.30301 6.10507 -0.028604
-4.57401 8.50651 -0.020756
-5.52879 7.31249 -0.0250901
-4.71433 8.76675 -0.0213916
-4.98245 8.61762 -0.0226082
-5.01527 7.07723 -0.0227614
-4.76104 5.91168 -0.02161
-4.88483 6.06513 -0.0221714
-4.04369 6.99733 -0.018354
-4.34961e-07 9.95074 -1.97575e-09
0.306868 9.94602 0.00139244
1.22457 9.87532 0.00555656
9.66403 2.42715 0.0438508
113.945 0 155.584
81.61 19.8482 108.073
-2.80266 -4.52461 -0.0127249
9.9225 -0.918149 0.0450236
111.871 -45.2144 185.769
9.94611 -0.612586 0.0451308
13.0023 -0.842668 4.36701
65.8623 -106.649 194.403
6.71334 -7.35373 0.0304621
3.88418 -9.16371 0.0176247
135.569 0 194.439
196.819 0 371.256
146.465 0 216.018
73.7496 -38.972 108.071
76.8768 -33.0709 108.072
16.1098 -0.219302 8.68915
13.0355 -0.281114 4.36718
13.0396 0 4.3672
9.49607 -3.01663 0.0430887
9.39853 3.30721 0.0426461
74.4593 31.4535 103.752
9.05285 4.15906 0.0410776
8.62993 4.97542 0.0391586
187.034 0 323.843
188.136 0 328.154
200.664 0 405.732
200.336 0 401.423
-3.59974 9.2788 -0.016334
-3.88418 9.16371 -0.0176247
-1.52853 9.83298 -0.00693582
-1.22457 9.87532 -0.00555657
-5.00863 6.21857 -0.0227328
-6.09033 5.8995 -0.0276397
-5.76803 5.94264 -0.0261778
-5.87768 5.69391 -0.0266754
-4.38762 6.1931 -0.0199156
-4.636 6.13385 -0.0210425
-3.58922 5.06754 -0.0162941
-3.86269 5.11203 -0.0175349
-4.39801 -5.81948 -0.0199632
-4.51348 -5.60476 -0.0204872
-5.38157 5.21412 -0.0244254
-5.02925 4.58173 -0.0228273
-4.66854 4.8115 -0.021191
-3.07519 -7.25897 -0.013959
-3.19069 -7.5311 -0.0144826
-5.08079 5.23574 -0.023061
-9.88948 1.22284 -0.0448738
-9.9225 0.91815 -0.0450236
-132.98 21.5997 215.979
-3.20863 6.439 -0.0145658
3.02088 9.48249 0.0137075
-3.27012 5.2785 -0.014846
-3.64933 5.50395 -0.0165666
-3.43129 5.17548 -0.0155774
6.24725 7.75247 0.0283473
5.75747 8.1218 0.0261249
71.419 52.0992 116.708
4.44174 8.90756 0.0201547
4.16493 9.03992 0.0188987
21.5084 168.6 435.896
-60.2961 120.362 220.288
-86.3206 102.944 215.978
-141.841 -4.62456 233.239
-133.433 17.3821 215.979
-8.47239 -5.23844 -0.0384438
-8.62992 -4.97542 -0.0391586
-9.79533 -1.82847 -0.0444466
-9.84708 -1.52638 -0.0446814
-7.56744 -6.47418 -0.0343376
-7.76351 -6.2384 -0.0352273
-6.45552 -6.6493 -0.0292947
-6.38052 -6.99012 -0.0289538
-5.53982 -5.04615 -0.0251433
9.7343 -2.12881 0.0441697
12.8365 -1.95819 4.36619
12.7744 -2.23448 4.36588
-2.13182 -9.72037 -0.00967328
-2.43057 -9.6502 -0.0110289
-3.4988 -8.25675 -0.015879
-5.50427 -8.295 -0.0249759
-5.75747 -8.1218 -0.0261249
-5.17669 -7.80261 -0.0234918
-5.28587 -7.96675 -0.0239865
-5.54292 4.74526 -0.0251574
-5.53982 5.04615 -0.0251433
-9.96501 -8.71169e-07 -0.0452165
-8.38844 5.18668 -0.0380632
-8.77927 4.70768 -0.0398363
-7.14518 6.50499 -0.0324227
-4.93302 8.53236 -0.0223843
-6.71334 7.35373 -0.0304621
-6.24725 7.75247 -0.0283473
-6.41907 7.48195 -0.0291273
-5.34047 8.04881 -0.0242339
-5.14177 8.29291 -0.0233319
-5.24585 8.46032 -0.0238034
-3.6338 5.86479 -0.0164958
-3.87277 7.2051 -0.0175781
-3.78089 7.58524 -0.0171604
-0.919443 9.90829 -0.00417204
-3.82493 7.67341 -0.01736
1.83104 9.78131 0.00830848
1.52853 9.83298 0.00693582
0.919442 9.90829 0.00417204
0.613447 9.93187 0.00278356
-5.75167 7.13902 -0.0261014
2.13182 -9.72037 0.00967328
2.43057 -9.6502 0.0110289
-4.71743 5.17114 -0.0214127
8.62993 -4.97541 0.0391586
16.1003 -0.438627 8.68909
13.023 -0.562067 4.36712
144.354 0 211.703
153.359 -95.3573 431.585
7.56744 -6.47417 0.0343376
7.36419 -6.70381 0.0334154
199.548 0 392.804
199.964 0 397.113
167.307 0 263.475
168.976 0 267.788
-3.50394 -7.60841 -0.0159038
-3.42137 -7.42944 -0.0155295
6.00521 -7.9409 0.027249
6.93694 -7.1438 0.0314767
5.50427 -8.29499 0.024976
-3.54999 -6.14433 -0.0161152
-3.49901 -6.51089 -0.0158834
4.16494 -9.03992 0.0188987
4.44173 -8.90756 0.0201547
3.31187 -9.3851 0.0150279
3.59974 -9.2788 0.0163341
79.203 27.2071 108.072
152.589 0 228.963
154.558 0 233.278
9.84708 1.52638 0.0446814
77.2652 -14.8293 99.4348
80.9099 -10.8595 103.755
7.95221 5.99671 0.0360835
7.56744 6.47418 0.0343376
7.36419 6.70382 0.0334154
41.4231 134.802 241.856
-4.1236 8.95046 -0.0187115
-4.20553 6.78596 -0.0190886
-6.72843 6.51613 -0.0305327
-6.78022 6.17355 -0.0307682
-5.32099 4.84713 -0.0241507
-3.68429 -4.87618 -0.0167255
-3.76027 -5.30876 -0.0170701
-3.99431 -6.91204 -0.0181301
-3.92216 -5.19064 -0.0178047
-3.86269 -5.11203 -0.0175349
-4.78392 5.24393 -0.0217143
-3.73773 6.03229 -0.0169672
-3.89364 6.28353 -0.0176743
4.71433 8.76675 0.0213916
160.247 0 246.22
162.069 0 250.534
3.88417 9.16371 0.0176247
-95.0997 94.6319 215.978
-88.5439 100.843 215.978
-7.16417 -5.4039 -0.0325106
-7.32176 -5.52248 -0.0332252
-9.17682 -3.8787 -0.0416401
-9.29208 -3.59466 -0.0421631
-128.015 -37.5829 211.666
-141.794 8.69987 233.239
-133.744 13.2378 215.978
-133.926 9.08804 215.978
-133.983 4.84854 215.977
-5.54292 -4.74526 -0.0251574
-8.38844 -5.18668 -0.0380632
-6.30301 -6.10507 -0.028604
-6.09033 -5.8995 -0.0276397
-5.84815 -6.4082 -0.0265405
-6.59246 -5.64198 -0.0299174
-6.66744 -5.70602 -0.0302574
-3.61438 -8.52885 -0.0164027
-2.72702 -9.57088 -0.0123741
-5.38247 -5.8989 -0.024429
-5.87768 -5.69391 -0.0266754
-5.66505 -5.4883 -0.0257111
-5.9177 -5.06558 -0.0268573
-5.17512 -4.71444 -0.023489
-5.09812 -4.93991 -0.0231397
-1.52853 -9.83298 -0.0069358
-3.31187 -9.3851 -0.0150279
-3.59974 -9.2788 -0.016334
-3.88418 -9.16371 -0.0176247
-21.7422 -127.756 203.035
-9.7343 2.12882 -0.0441697
-5.82653 7.70526 -0.0264394
-5.99943 7.44576 -0.0272243
-7.15396 6.92709 -0.0324614
-5.8136 7.21571 -0.0263821
-5.1716 6.84109 -0.023471
-4.87402 6.4482 -0.0221218
-4.57643 6.89973 -0.020771
-6.00521 7.9409 -0.027249
71.7733 -42.3566 108.07
69.2827 -50.146 112.388
7.76351 -6.2384 0.0352273
7.95221 -5.99671 0.0360835
12.8904 -1.6807 4.36646
12.936 -1.40215 4.36669
15.9981 -1.31592 8.68848
9.39853 -3.30722 0.0426461
150.458 -99.9287 427.275
-3.40192 -5.8884 -0.0154436
-2.98533 -5.55622 -0.0135534
9.29208 3.59466 0.0421631
111.395 0 151.266
142.208 0 207.387
126.262 0 177.172
128.636 0 181.489
12.7744 2.23448 4.36588
9.7343 2.12882 0.0441697
31.4305 0 30.2985
16.062 0.877263 8.68886
16.0333 1.09659 8.68869
72.9288 -4.50342 90.7947
49.5908 0 56.2278
52.5823 0 60.5491
8.47239 5.23844 0.0384438
8.30683 5.49649 0.0376926
8.92029 4.43547 0.0404761
185.891 0 319.532
184.706 0 315.221
200.949 0 410.041
201.386 0 418.659
-3.42112 8.81961 -0.0155251
-6.66744 5.70601 -0.0302574
-6.59246 5.64198 -0.0299174
-6.41533 5.84204 -0.0291138
-6.24925 6.43732 -0.0283596
-6.38676 6.57864 -0.028983
-4.94673 6.14185 -0.0224521
-9.84708 1.52638 -0.0446814
-6.07113 4.88118 -0.0275533
-5.01207 -5.16504 -0.0227493
-3.27011 -5.2785 -0.014846
-3.80322 -5.03341 -0.0172651
-4.26596 -5.29782 -0.0193645
-3.73773 -6.03229 -0.0169672
-3.89364 -6.28353 -0.0176743
-6.0505 -5.51046 -0.0274594
-5.75867 -5.24516 -0.0261359
-5.31071 -5.14557 -0.024104
-9.66403 2.42715 -0.0438508
-3.54999 6.14433 -0.0161152
-3.4858 5.2576 -0.0158247
-3.59482 5.42184 -0.0163193
-3.92193 5.91452 -0.0178031
-9.39853 3.30721 -0.0426461
-8.92029 4.43547 -0.0404761
-9.05285 4.15905 -0.0410776
-9.17682 3.8787 -0.0416401
-7.95221 5.99671 -0.0360835
-120.636 -56.1344 211.665
-122.384 -52.6457 211.666
-9.08592 -3.84038 -0.0412279
-9.49607 -3.01663 -0.0430887
-6.6095 -5.31317 -0.029995
-9.39853 -3.30721 -0.0426461
-7.11739 -6.09015 -0.0322975
-7.45572 -5.99174 -0.033832
-7.89157 -5.57886 -0.0358093
-5.07234 -7.15759 -0.0230201
-5.1716 -6.84109 -0.023471
-4.90112 -6.9165 -0.0222439
-5.64776 -6.58499 -0.0256313
-5.13244 -6.372 -0.0232942
-6.24725 -7.75247 -0.0283473
-6.12334 -7.59912 -0.0277858
-4.82293 -5.98841 -0.0218907
-4.55876 -6.43425 -0.0206917
-4.94673 -6.14185 -0.0224521
-4.98246 -8.61762 -0.0226082
-4.17732 -8.37867 -0.0189569
-4.08227 -8.861 -0.0185243
-4.52724 -8.41976 -0.0205441
-5.17512 4.71443 -0.023489
1.18661e-07 -9.95074 5.39002e-10
-3.02088 -9.48249 -0.0137075
-3.72999 -8.80094 -0.0169264
-3.24613 -9.19931 -0.0147302
-6.93694 7.1438 -0.0314767
-6.48337 7.55668 -0.0294186
-6.87026 6.65313 -0.0311756
-6.5802 7.20829 -0.0298588
-5.31818 6.60213 -0.0241363
-5.75747 8.12179 -0.0261249
-5.50428 8.29499 -0.024976
-6.22621 7.25774 -0.0282533
-5.93749 7.36908 -0.0269436
8.47239 -5.23843 0.0384438
9.79534 -1.82846 0.0444466
75.129 -10.359 95.1146
-0.613445 -9.93187 -0.00278355
-3.37678 -5.09335 -0.0153301
8.77927 -4.70767 0.0398363
123.858 0 172.855
103.586 0 138.311
106.216 0 142.63
40.5509 0 43.2635
43.5743 0 47.585
9.94611 0.612584 0.0451308
13.0023 0.842673 4.36701
9.96029 0.306437 0.0451951
95.5489 0 125.354
37.5186 0 38.9419
9.96029 -0.306433 0.0451951
198.587 0 384.185
199.089 0 388.495
172.197 0 276.413
195.425 0 362.637
201.189 0 414.35
-8.83192 4.39165 -0.0400754
-8.28792 4.77877 -0.0376078
-6.58662 6.37912 -0.0298898
-4.63726 5.75822 -0.0210486
-4.04111 -5.34786 -0.0183443
-4.78392 -5.24393 -0.0217143
-4.57642 -6.89973 -0.020771
-4.41276 -6.65345 -0.020029
-4.41351 -7.12089 -0.0200315
-5.04992 -5.53505 -0.0229208
-5.35566 -5.51853 -0.0243077
-3.16462 -6.35083 -0.0143662
-3.34473 -7.89393 -0.0151808
-9.79533 1.82846 -0.0444466
-4.45147 4.87998 -0.0202062
-4.87466 5.02363 -0.022126
7.76351 6.2384 0.0352273
69.2896 50.1375 112.388
-8.62992 4.97542 -0.0391586
-8.47239 5.23844 -0.0384438
-7.81296 5.17055 -0.0354533
-6.5802 -7.20829 -0.0298588
-6.2262 -7.25775 -0.0282533
-7.15396 -6.92709 -0.0324614
-7.29118 -6.63754 -0.0330845
-6.99919 -6.37242 -0.0317609
-6.58662 -6.37912 -0.0298898
-8.13338 -5.74932 -0.0369055
-7.2249 -5.80671 -0.0327855
-6.38676 -6.57864 -0.028983
-5.38157 -5.21412 -0.0244254
-5.21821 -5.37714 -0.0236843
-4.98342 -5.46227 -0.0226192
-5.24585 -8.46032 -0.0238034
-4.93302 -8.53236 -0.0223843
-4.98566 -8.0418 -0.0226246
-6.71334 -7.35373 -0.0304621
-6.48337 -7.55668 -0.0294186
-3.79304 -8.23473 -0.017214
-3.99962 -8.68207 -0.0181499
-5.64325 -7.96113 -0.0256074
-4.08921 -8.20236 -0.0185577
-7.49242 6.41018 -0.0339976
-4.67288 6.595 -0.0212091
-5.47195 7.72008 -0.0248312
-5.06753 7.63847 -0.0229971
-5.1767 7.80261 -0.0234918
140.029 0 203.071
74.4627 -31.4467 103.752
8.30682 -5.49649 0.0376926
5.75747 -8.12179 0.0261249
81.615 -19.8285 108.073
9.05285 -4.15905 0.0410776
76.8583 -26.3031 103.754
9.17682 -3.87869 0.0416401
90.0723 0 116.715
87.3006 0 112.395
16.0843 -0.657941 8.689
28.3765 0 25.9767
16.062 -0.877261 8.68886
8.77927 4.70767 0.0398363
-5.08079 -5.23574 -0.023061
-4.20553 -6.78596 -0.0190886
36.0269 136.587 241.856
-7.19239 -6.15416 -0.0326375
-7.49242 -6.41018 -0.0339976
-7.21818 -6.57127 -0.0327536
-6.09764 -7.10827 -0.0276706
-6.18086 -6.77192 -0.0280488
-5.90482 -6.88402 -0.0267966
-7.14518 -6.50499 -0.0324227
-4.78699 -6.75575 -0.0217265
-4.67287 -6.59501 -0.0212091
-5.52879 -7.31249 -0.0250901
-4.62152 -7.45579 -0.0209744
-4.8816 -7.87438 -0.0221531
-5.30067 -7.47903 -0.024055
-4.68589 -8.10602 -0.0212647
-5.76697 -7.62672 -0.0261695
-4.73531 -8.19129 -0.0214886
-3.87277 -7.2051 -0.0175781
-4.34019 -8.07275 -0.0196966
137.815 0 198.755
-0.30687 -9.94602 -0.00139244
81.2398 -7.15582 103.755
81.5337 -2.97086 103.755
16.0333 -1.09659 8.68869
12.9733 -1.12276 4.36687
12.936 1.40216 4.36669
9.88948 1.22284 0.0448738
19.1741 -0.292593 13.011
34.4782 0 34.6202
9.84708 -1.52637 0.0446814
190.213 0 336.775
189.195 0 332.465
194.663 0 358.327
193.858 0 354.017
178.162 0 293.663
179.552 0 297.975
-5.75167 -7.13902 -0.0261014
-5.46924 -7.23394 -0.0248202
-6.41533 -5.84204 -0.0291138
-4.7401 -7.14599 -0.021513
-4.63097 -6.98182 -0.0210183
-6.44481 -6.2421 -0.0292469
-6.78022 -6.17355 -0.0307682
-4.38943 -7.59435 -0.0199212
-4.24124 -7.33849 -0.0192495
-5.00863 -6.21856 -0.0227328
-3.77932 -7.03156 -0.0171544
-5.30067 7.47903 -0.024055
46.5878 0 51.9065
81.6937 0 103.756
84.5075 0 108.076
81.5336 2.97241 103.755
78.86 0 99.4356
15.9981 1.31593 8.68848
19.1741 0.292586 13.011
25.3145 0.0382644 21.6549
22.2501 0.0824447 17.333
13.0355 0.28112 4.36718
16.0843 0.65794 8.689
193.011 0 349.706
173.748 0 280.726
175.259 0 285.038
182.211 0 306.598
183.479 0 310.91
-7.14797 -5.74503 -0.0324367
-5.98122 -6.5537 -0.0271438
108.819 0 146.948
25.3145 -0.0382604 21.6549
22.2501 -0.0824338 17.333
19.1817 -0.146243 13.0111
19.1842 0 13.0111
22.2524 0 17.333
16.1003 0.438623 8.68909
16.1098 0.21931 8.68915
12.9733 1.12276 4.36687
176.731 0 289.351
180.902 0 302.286
-5.76803 -5.94264 -0.0261778
-5.3265 -6.21116 -0.0241747
-5.05256 -6.68394 -0.0229313
98.2523 0 129.673
100.932 0 133.992
70.212 -1.39023 86.4745
61.4803 0 73.5123
64.418 0 77.8332
73.1356 0 90.795
76.007 0 95.1154
25.3168 0 21.6549
13.023 0.562068 4.36712
9.88948 -1.22284 0.0448738
-5.71509 -6.2627 -0.0259372
-5.44203 -6.75553 -0.0246978
-5.50395 -6.83223 -0.0249785
-5.56587 -6.90893 -0.0252592
70.212 1.39027 86.4745
70.2465 0 86.4746
67.3404 0 82.1539
16.113 0 8.68917
19.1817 0.146243 13.0111
67.3325 -0.294051 82.1539
67.3325 0.294014 82.1539
3  0 1 2
3  3 4 5
3  6 7 8
3  9 10 11
3  12 13 14
3  15 16 17
3  10 9 18
3  19 20 21
3  22 23 24
3  25 26 27
3  5 28 29
3  4 25 5
3  30 31 32
3  33 34 35
3  36 28 37
3  38 39 40
3  41 42 43
3  41 44 45
3  46 42 47
3  48 49 50
3  51 52 53
3  54 55 56
3  10 57 58
3  38 41 20
3  59 60 61
3  62 63 64
3  65 66 67
3  68 34 69
3  70 71 72
3  42 41 38
3  34 73 35
3  74 75 76
3  43 42 77
3  65 78 79
3  80 81 82
3  83 84 85
3  86 87 88
3  89 90 91
3  92 93 94
3  10 95 11
3  96 97 56
3  98 4 99
3  100 4 3
3  101 38 102
3  103 104 105
3  106 107 108
3  19 109 102
3  38 20 19
3  45 22 97
3  110 111 112
3  113 114 115
3  116 117 118
3  119 120 121
3  122 123 124
3  71 125 126
3  40 127 128
3  129 130 131
3  132 133 134
3  135 136 137
3  138 139 140
3  141 142 143
3  144 5 145
3  98 146 147
3  41 148 44
3  149 150 151
3  152 153 154
3  155 156 157
3  158 159 160
3  41 43 148
3  87 161 162
3  163 164 165
3  139 164 166
3  167 168 169
3  86 88 23
3  5 170 28
3  171 172 173
3  4 100 99
3  100 20 99
3  174 175 176
3  177 178 179
3  180 30 32
3  74 181 182
3  183 184 102
3  102 109 11
3  3 5 185
3  144 59 61
3  186 60 187
3  5 144 61
3  17 188 189
3  190 79 191
3  4 98 147
3  192 193 194
3  178 195 196
3  42 197 47
3  198 199 200
3  75 74 174
3  201 202 203
3  204 205 137
3  206 135 126
3  201 207 202
3  74 208 209
3  71 135 72
3  74 210 211
3  76 75 212
3  94 213 214
3  215 129 216
3  217 218 82
3  219 220 221
3  222 223 14
3  224 217 225
3  77 42 139
3  226 227 228
3  229 230 231
3  232 233 53
3  25 170 5
3  50 234 235
3  54 236 237
3  25 4 238
3  239 240 241
3  242 243 244
3  86 13 87
3  118 245 246
3  44 148 45
3  45 148 247
3  43 77 163
3  77 139 163
3  12 248 249
3  80 250 248
3  251 252 253
3  180 31 30
3  40 39 95
3  254 255 256
3  257 178 258
3  259 260 18
3  39 184 95
3  261 106 182
3  39 38 184
3  38 101 184
3  95 10 106
3  109 19 262
3  109 9 11
3  38 19 263
3  264 50 265
3  60 20 185
3  15 36 266
3  267 268 269
3  270 271 272
3  87 13 161
3  273 274 275
3  150 276 151
3  132 28 277
3  62 1 278
3  279 280 281
3  73 68 157
3  72 212 282
3  40 283 284
3  285 286 203
3  285 228 287
3  197 204 47
3  40 128 205
3  42 38 197
3  38 204 197
3  288 289 290
3  135 71 126
3  75 174 291
3  292 217 293
3  294 295 296
3  135 127 72
3  183 102 11
3  181 74 209
3  70 174 297
3  298 176 299
3  288 300 301
3  302 303 304
3  305 306 307
3  308 250 191
3  309 217 82
3  218 152 154
3  13 222 14
3  310 80 82
3  309 311 312
3  313 314 315
3  316 271 317
3  318 207 319
3  139 42 46
3  320 149 321
3  88 87 322
3  320 233 323
3  20 41 99
3  41 98 99
3  324 325 326
3  155 327 156
3  328 243 329
3  7 330 331
3  332 333 334
3  33 335 336
3  153 152 337
3  338 339 340
3  52 341 84
3  342 149 343
3  163 165 222
3  22 141 97
3  45 96 344
3  344 96 345
3  236 54 56
3  22 193 141
3  164 163 346
3  163 139 346
3  165 164 222
3  347 148 348
3  164 223 222
3  86 347 349
3  350 52 351
3  193 322 350
3  352 236 143
3  97 141 56
3  142 141 353
3  354 171 355
3  4 55 238
3  173 172 356
3  357 358 359
3  59 144 32
3  110 360 361
3  257 111 362
3  305 93 363
3  74 178 364
3  32 144 110
3  259 365 366
3  95 183 11
3  184 183 95
3  184 101 102
3  40 95 367
3  9 109 18
3  260 10 18
3  38 263 102
3  263 19 102
3  20 60 186
3  19 186 187
3  20 100 185
3  100 3 185
3  60 59 368
3  59 259 18
3  234 50 264
3  26 268 267
3  369 370 371
3  372 373 374
3  352 173 356
3  375 376 377
3  378 273 379
3  369 380 381
3  6 382 383
3  308 167 169
3  334 384 329
3  385 386 273
3  213 94 387
3  388 389 390
3  243 2 391
3  26 172 268
3  92 94 392
3  94 93 387
3  33 393 34
3  306 280 394
3  204 395 396
3  207 285 287
3  397 217 398
3  207 46 202
3  227 314 287
3  285 203 137
3  127 135 137
3  128 127 137
3  204 38 205
3  38 40 205
3  206 399 228
3  399 226 228
3  219 226 400
3  226 399 159
3  228 227 287
3  227 226 314
3  209 208 261
3  261 208 401
3  402 403 404
3  297 405 406
3  181 209 261
3  181 261 182
3  74 407 408
3  409 410 411
3  412 413 414
3  409 415 410
3  416 289 417
3  395 204 137
3  418 239 241
3  419 420 421
3  154 153 422
3  80 12 14
3  341 52 423
3  164 81 14
3  164 199 424
3  199 309 424
3  139 138 425
3  138 199 425
3  309 199 426
3  203 395 137
3  203 202 396
3  205 128 137
3  427 52 150
3  428 52 151
3  276 428 151
3  429 330 7
3  430 331 334
3  48 431 325
3  156 2 432
3  393 433 34
3  308 78 434
3  78 65 167
3  435 0 63
3  65 335 66
3  436 33 339
3  116 437 117
3  433 393 438
3  393 33 438
3  190 154 439
3  310 218 154
3  218 310 82
3  152 218 217
3  335 79 336
3  335 65 79
3  12 440 441
3  248 250 249
3  22 247 442
3  322 52 350
3  55 4 147
3  443 98 344
3  146 55 147
3  98 443 146
3  98 41 344
3  41 45 344
3  23 88 24
3  22 45 247
3  88 322 444
3  247 148 445
3  96 45 97
3  443 344 345
3  164 346 166
3  346 139 166
3  223 164 14
3  347 222 446
3  81 80 14
3  164 424 81
3  148 43 348
3  43 163 222
3  222 13 446
3  13 86 349
3  238 54 237
3  356 447 448
3  141 193 353
3  236 141 143
3  449 450 451
3  26 447 452
3  236 447 237
3  25 238 237
3  259 59 32
3  31 259 32
3  405 297 453
3  454 455 456
3  133 457 458
3  459 404 460
3  461 74 462
3  177 463 464
3  178 465 258
3  260 465 57
3  259 31 365
3  361 360 466
3  283 367 284
3  467 106 468
3  10 107 106
3  178 107 195
3  259 465 260
3  10 260 57
3  20 186 21
3  186 19 21
3  19 187 368
3  187 60 368
3  60 185 61
3  185 5 61
3  109 262 18
3  262 19 18
3  469 172 113
3  89 470 471
3  472 90 235
3  264 267 269
3  354 473 474
3  475 476 477
3  142 52 173
3  233 229 478
3  378 381 479
3  229 273 230
3  52 480 481
3  482 378 379
3  274 270 272
3  483 431 484
3  6 429 7
3  168 167 382
3  7 430 485
3  270 386 271
3  274 272 485
3  250 440 249
3  486 84 487
3  6 488 382
3  486 487 8
3  342 316 317
3  270 274 273
3  386 270 273
3  240 239 489
3  305 34 306
3  490 491 290
3  492 279 493
3  494 219 416
3  493 495 496
3  135 206 228
3  285 135 228
3  208 76 401
3  70 72 282
3  135 285 136
3  136 285 137
3  125 399 497
3  399 206 497
3  399 125 159
3  159 125 388
3  314 292 293
3  314 224 225
3  72 127 212
3  208 74 76
3  74 403 402
3  403 211 404
3  498 388 390
3  92 498 390
3  125 71 297
3  71 70 297
3  297 174 499
3  298 499 176
3  116 288 491
3  300 288 500
3  314 397 398
3  207 426 501
3  397 314 502
3  314 226 494
3  400 503 504
3  505 506 507
3  123 122 508
3  241 489 509
3  510 437 511
3  246 245 512
3  80 310 250
3  310 154 191
3  424 309 82
3  81 424 82
3  199 164 425
3  164 139 425
3  513 217 514
3  515 207 516
3  52 427 232
3  385 229 320
3  427 233 232
3  52 517 518
3  342 151 519
3  233 427 323
3  13 12 161
3  52 322 423
3  84 520 519
3  84 486 85
3  521 431 370
3  522 523 524
3  525 526 334
3  478 229 231
3  527 528 328
3  63 529 530
3  48 325 531
3  62 532 533
3  534 535 404
3  278 0 435
3  449 531 536
3  537 538 539
3  167 540 382
3  167 65 540
3  168 84 169
3  84 308 169
3  78 167 434
3  308 434 541
3  327 0 2
3  335 542 543
3  542 527 544
3  66 543 67
3  336 422 545
3  338 153 337
3  33 436 438
3  437 433 511
3  154 190 191
3  250 310 191
3  79 422 336
3  154 422 546
3  288 217 502
3  547 217 118
3  79 78 548
3  308 191 549
3  148 347 445
3  347 86 445
3  13 349 446
3  349 347 446
3  43 222 550
3  222 347 348
3  193 192 551
3  351 52 194
3  238 55 54
3  141 236 56
3  142 173 552
3  173 352 143
3  29 28 132
3  257 259 366
3  28 170 553
3  15 554 538
3  529 413 412
3  555 361 556
3  557 28 558
3  559 111 560
3  256 561 562
3  563 188 17
3  211 534 404
3  407 402 408
3  564 565 566
3  567 568 569
3  570 178 571
3  119 572 573
3  465 259 258
3  259 257 258
3  365 31 111
3  31 180 111
3  212 127 284
3  367 95 467
3  107 10 195
3  57 178 58
3  107 178 108
3  178 74 108
3  465 178 57
3  58 178 196
3  59 18 368
3  18 19 368
3  574 575 451
3  266 36 576
3  114 577 115
3  578 114 472
3  579 470 474
3  481 480 580
3  378 482 381
3  581 582 583
3  231 584 585
3  52 51 480
3  447 356 452
3  352 356 448
3  52 518 53
3  229 233 320
3  584 586 585
3  67 543 587
3  271 588 485
3  271 589 588
3  271 386 317
3  588 589 8
3  590 83 8
3  85 486 8
3  342 589 591
3  589 271 591
3  84 592 593
3  84 168 592
3  84 488 594
3  488 6 595
3  479 381 596
3  229 385 273
3  34 280 306
3  492 306 394
3  74 597 598
3  533 599 391
3  217 397 502
3  600 94 214
3  601 602 506
3  288 502 603
3  285 207 286
3  207 201 286
3  314 313 287
3  313 207 287
3  46 47 604
3  395 203 396
3  174 282 291
3  174 70 282
3  125 497 126
3  497 206 126
3  226 159 158
3  605 158 606
3  286 201 203
3  207 607 608
3  314 609 610
3  609 217 610
3  535 611 612
3  403 74 211
3  390 613 406
3  92 160 614
3  388 125 613
3  615 125 406
3  616 617 459
3  390 389 613
3  405 453 618
3  297 619 453
3  174 620 621
3  621 620 176
3  116 491 622
3  491 239 418
3  314 623 624
3  623 217 624
3  303 420 131
3  34 489 625
3  625 215 216
3  122 626 627
3  246 436 628
3  629 339 630
3  162 631 441
3  341 423 162
3  84 341 162
3  12 80 248
3  53 233 632
3  518 232 53
3  518 517 232
3  517 52 232
3  150 52 276
3  52 428 276
3  370 523 371
3  50 522 524
3  523 431 524
3  431 48 524
3  333 633 334
3  528 243 328
3  431 523 370
3  89 634 635
3  483 324 326
3  15 574 636
3  533 532 450
3  325 324 531
3  1 0 278
3  62 278 435
3  156 73 157
3  156 327 2
3  155 363 637
3  415 409 638
3  412 414 639
3  640 0 641
3  540 429 382
3  540 65 429
3  488 592 382
3  592 168 382
3  434 167 541
3  167 308 541
3  66 335 543
3  335 33 542
3  2 527 432
3  68 305 157
3  243 599 642
3  243 324 244
3  643 384 644
3  543 527 328
3  152 217 547
3  117 245 118
3  34 305 69
3  305 68 69
3  73 527 35
3  34 68 73
3  191 79 645
3  191 548 549
3  422 79 546
3  154 546 439
3  339 336 340
3  339 33 336
3  314 646 647
3  646 217 647
3  548 78 648
3  78 308 648
3  151 52 519
3  52 84 519
3  83 85 8
3  487 595 8
3  423 87 162
3  308 84 162
3  440 250 162
3  250 308 162
3  322 87 423
3  193 351 194
3  322 193 444
3  193 22 444
3  55 146 56
3  146 443 56
3  247 445 442
3  445 86 23
3  222 348 550
3  348 43 550
3  192 52 551
3  52 142 551
3  173 143 649
3  552 173 650
3  447 26 237
3  26 25 237
3  252 651 652
3  144 360 110
3  653 361 654
3  145 5 655
3  656 170 27
3  657 266 658
3  170 659 553
3  659 36 37
3  188 563 557
3  17 16 660
3  457 133 132
3  455 652 661
3  252 455 253
3  255 111 559
3  662 663 664
3  651 665 666
3  667 569 668
3  669 670 671
3  457 563 458
3  458 563 672
3  48 531 575
3  16 673 674
3  597 176 598
3  176 175 598
3  408 402 404
3  407 74 402
3  178 568 567
3  461 462 675
3  462 74 675
3  569 568 668
3  676 677 678
3  676 178 677
3  365 111 366
3  111 257 366
3  367 261 284
3  40 367 283
3  74 182 679
3  182 106 679
3  50 49 265
3  49 48 680
3  376 681 682
3  171 470 113
3  354 173 683
3  380 684 596
3  356 172 452
3  172 26 452
3  447 236 448
3  236 352 448
3  369 381 685
3  381 482 685
3  332 521 686
3  521 370 372
3  485 430 334
3  242 526 525
3  7 588 8
3  595 6 8
3  526 521 332
3  333 274 633
3  588 7 485
3  272 271 485
3  271 316 591
3  316 342 591
3  592 488 593
3  488 84 593
3  84 595 487
3  342 519 8
3  488 595 594
3  595 84 594
3  275 274 687
3  373 482 275
3  273 378 230
3  582 173 688
3  93 305 307
3  306 492 387
3  280 279 394
3  279 492 394
3  689 158 690
3  691 605 692
3  693 694 695
3  626 124 564
3  213 696 220
3  494 226 219
3  47 202 697
3  202 46 697
3  282 212 291
3  212 75 291
3  159 388 160
3  160 388 614
3  217 609 293
3  609 314 293
3  217 315 610
3  315 314 610
3  211 210 534
3  698 298 616
3  389 388 613
3  125 297 406
3  411 410 698
3  390 410 699
3  453 619 618
3  619 297 618
3  297 499 618
3  499 405 618
3  499 621 176
3  499 174 621
3  433 437 700
3  437 116 418
3  217 623 398
3  623 314 398
3  217 224 624
3  224 314 624
3  239 491 701
3  701 491 490
3  494 416 702
3  703 288 704
3  705 129 706
3  240 489 241
3  707 708 709
3  710 711 712
3  246 713 714
3  438 436 512
3  245 117 510
3  511 433 715
3  513 207 716
3  207 313 717
3  515 199 718
3  198 46 719
3  202 47 396
3  47 204 396
3  427 150 323
3  385 320 321
3  323 150 720
3  149 320 323
3  386 149 317
3  149 342 317
3  523 522 476
3  48 50 524
3  721 522 722
3  90 723 721
3  724 475 725
3  380 369 476
3  484 431 726
3  526 242 483
3  633 485 334
3  331 330 334
3  325 431 326
3  431 483 326
3  537 27 727
3  680 728 575
3  729 674 64
3  62 435 63
3  620 174 176
3  410 415 730
3  0 327 731
3  327 155 731
3  63 0 732
3  413 640 638
3  413 733 734
3  617 404 459
3  735 133 736
3  563 16 737
3  267 49 680
3  680 26 738
3  382 429 383
3  429 6 383
3  527 542 35
3  542 33 35
3  599 243 391
3  1 62 533
3  643 330 739
3  429 65 67
3  544 527 740
3  527 543 741
3  742 384 643
3  527 2 528
3  742 587 328
3  587 543 328
3  217 288 118
3  288 116 118
3  436 339 629
3  547 118 246
3  339 338 337
3  436 629 628
3  152 547 337
3  339 337 630
3  305 363 157
3  363 155 157
3  79 548 645
3  548 191 645
3  546 79 439
3  79 190 439
3  422 153 545
3  153 336 545
3  336 153 340
3  153 338 340
3  217 646 225
3  646 314 225
3  217 292 647
3  292 314 647
3  548 648 549
3  648 308 549
3  149 151 343
3  151 342 343
3  589 342 8
3  440 12 249
3  519 520 8
3  520 590 8
3  520 84 590
3  84 83 590
3  52 192 194
3  193 350 351
3  96 56 345
3  56 443 345
3  88 444 24
3  444 22 24
3  445 23 442
3  23 22 442
3  193 551 353
3  551 142 353
3  173 649 650
3  143 142 552
3  268 172 743
3  744 578 745
3  172 578 744
3  264 269 746
3  114 113 91
3  172 171 747
3  114 90 472
3  723 522 721
3  653 454 361
3  111 180 112
3  748 144 749
3  144 145 749
3  750 454 653
3  655 5 29
3  132 654 751
3  133 752 134
3  576 659 658
3  170 25 27
3  659 37 553
3  37 28 553
3  28 36 17
3  36 15 17
3  563 457 557
3  457 28 557
3  361 145 753
3  29 132 751
3  754 755 756
3  757 758 759
3  749 145 361
3  748 361 466
3  454 750 253
3  361 455 556
3  752 133 735
3  760 761 758
3  362 762 763
3  556 455 661
3  764 765 766
3  752 735 670
3  178 767 179
3  768 769 770
3  362 111 762
3  669 764 766
3  636 450 771
3  532 62 673
3  405 499 298
3  597 74 408
3  411 698 616
3  535 210 772
3  364 567 569
3  364 178 567
3  178 676 773
3  676 774 775
3  95 106 467
3  106 261 468
3  284 261 401
3  127 40 284
3  261 367 468
3  367 467 468
3  195 10 196
3  10 58 196
3  106 108 679
3  108 74 679
3  380 476 724
3  635 475 477
3  776 473 354
3  381 380 596
3  634 470 579
3  375 579 474
3  776 173 581
3  581 173 777
3  579 375 778
3  473 375 474
3  380 377 684
3  375 473 779
3  478 480 53
3  480 51 53
3  685 372 780
3  373 275 687
3  685 482 372
3  372 370 780
3  526 332 334
3  430 7 331
3  781 173 782
3  633 274 485
3  273 275 379
3  275 482 379
3  377 783 784
3  173 52 586
3  306 387 307
3  387 93 307
3  600 689 785
3  392 94 600
3  691 689 690
3  92 605 606
3  496 495 602
3  786 492 493
3  626 787 627
3  491 288 290
3  47 697 604
3  697 46 604
3  534 210 535
3  611 535 788
3  388 498 614
3  498 92 614
3  405 298 410
3  789 93 730
3  491 418 622
3  418 116 622
3  433 700 509
3  489 34 509
3  600 214 790
3  791 416 417
3  502 314 603
3  226 158 400
3  627 792 793
3  603 494 702
3  314 494 603
3  289 288 417
3  625 489 215
3  794 131 795
3  796 281 797
3  798 279 281
3  627 304 799
3  794 787 800
3  493 279 801
3  705 706 130
3  117 437 510
3  510 511 715
3  436 713 512
3  713 246 512
3  318 199 802
3  207 802 803
3  313 315 804
3  309 426 805
3  46 806 719
3  199 138 140
3  199 806 718
3  46 207 515
3  149 386 321
3  386 385 321
3  150 149 720
3  149 323 720
3  234 807 808
3  90 721 235
3  523 476 371
3  476 369 371
3  724 476 475
3  634 725 809
3  244 324 810
3  324 483 810
3  431 521 726
3  526 483 484
3  531 324 536
3  574 15 575
3  536 324 642
3  449 536 450
3  575 449 451
3  673 636 771
3  640 413 811
3  64 63 812
3  731 363 415
3  415 363 789
3  363 731 637
3  731 155 637
3  640 641 638
3  0 640 732
3  813 814 815
3  816 669 817
3  408 404 818
3  819 294 296
3  673 62 674
3  674 62 64
3  48 728 680
3  729 64 812
3  531 449 575
3  728 48 575
3  15 266 657
3  656 657 658
3  680 575 820
3  656 27 539
3  533 391 821
3  391 2 821
3  527 73 432
3  73 156 432
3  324 243 642
3  536 642 822
3  543 542 741
3  527 741 740
3  2 243 528
3  242 525 329
3  713 436 714
3  436 246 714
3  246 823 824
3  823 629 824
3  337 547 630
3  547 629 630
3  649 143 650
3  143 552 650
3  49 267 265
3  267 264 265
3  269 172 746
3  264 746 745
3  522 50 722
3  234 264 807
3  90 114 91
3  469 113 115
3  114 578 577
3  469 115 825
3  578 172 825
3  172 469 826
3  807 578 808
3  472 235 827
3  180 32 112
3  32 110 112
3  654 361 753
3  748 749 361
3  16 563 660
3  563 17 660
3  188 28 189
3  28 17 189
3  28 188 558
3  188 557 558
3  828 256 829
3  111 255 830
3  255 559 560
3  111 357 560
3  255 560 831
3  832 754 833
3  357 111 834
3  111 110 361
3  752 663 665
3  652 835 756
3  111 361 358
3  361 555 358
3  652 651 666
3  455 454 253
3  750 251 253
3  750 752 251
3  133 458 672
3  832 833 836
3  752 750 134
3  750 132 134
3  837 838 817
3  839 816 817
3  179 840 841
3  573 572 842
3  843 762 844
3  762 843 254
3  845 105 294
3  773 676 775
3  768 774 846
3  840 573 841
3  677 178 678
3  463 676 464
3  179 767 840
3  177 179 841
3  843 111 254
3  762 254 828
3  767 178 840
3  847 840 571
3  762 829 763
3  829 256 562
3  74 364 675
3  364 569 675
3  676 769 774
3  667 774 848
3  76 212 401
3  212 284 401
3  113 470 91
3  470 89 91
3  470 634 471
3  634 89 471
3  470 171 849
3  171 354 849
3  171 173 355
3  173 354 355
3  173 776 683
3  776 354 683
3  173 582 777
3  582 581 777
3  470 849 474
3  849 354 474
3  473 776 779
3  376 582 681
3  375 634 778
3  634 579 778
3  684 479 596
3  375 779 376
3  233 478 632
3  478 53 632
3  274 333 687
3  333 332 687
3  482 373 372
3  332 372 850
3  370 369 780
3  369 685 780
3  67 587 643
3  243 242 329
3  330 384 334
3  525 334 329
3  681 584 851
3  586 584 781
3  231 230 852
3  853 852 851
3  416 854 702
3  503 855 504
3  689 392 856
3  689 856 785
3  92 392 605
3  605 392 692
3  392 689 692
3  689 691 692
3  158 605 690
3  605 691 690
3  696 213 123
3  304 303 799
3  301 300 416
3  492 786 124
3  210 74 772
3  74 461 788
3  613 125 857
3  857 615 406
3  437 418 700
3  34 433 509
3  288 791 417
3  288 703 791
3  791 703 416
3  288 301 704
3  858 220 122
3  701 490 858
3  158 689 400
3  214 859 855
3  219 504 860
3  859 213 861
3  855 859 860
3  219 400 504
3  219 858 416
3  289 416 290
3  489 706 215
3  129 705 130
3  239 701 303
3  792 303 793
3  710 419 421
3  302 862 863
3  864 865 866
3  786 693 565
3  693 787 565
3  864 496 602
3  512 245 867
3  245 510 867
3  426 199 501
3  199 318 319
3  802 199 803
3  207 318 802
3  426 207 805
3  311 207 312
3  315 217 804
3  207 717 716
3  139 46 140
3  199 140 200
3  806 199 719
3  199 198 719
3  607 199 608
3  207 608 516
3  806 46 718
3  46 515 718
3  50 235 722
3  235 721 722
3  476 522 477
3  635 634 809
3  483 242 810
3  242 244 810
3  521 526 726
3  526 484 726
3  533 450 822
3  450 536 822
3  133 672 736
3  729 839 868
3  363 93 789
3  415 789 730
3  413 529 732
3  529 63 732
3  0 731 641
3  409 413 638
3  412 639 869
3  411 616 459
3  26 267 738
3  267 680 738
3  36 659 576
3  266 576 658
3  656 554 657
3  554 15 657
3  537 727 820
3  575 15 537
3  2 1 821
3  1 533 821
3  673 16 636
3  16 15 636
3  741 542 740
3  542 544 740
3  629 823 628
3  823 246 628
3  629 547 824
3  547 246 824
3  162 161 870
3  162 870 631
3  172 269 743
3  269 268 743
3  746 172 745
3  172 744 745
3  171 113 747
3  113 172 747
3  115 577 825
3  577 578 825
3  578 235 808
3  235 234 808
3  235 578 827
3  578 472 827
3  28 457 277
3  457 132 277
3  132 750 654
3  750 653 654
3  111 830 254
3  830 255 254
3  755 754 871
3  831 872 873
3  255 831 256
3  560 872 831
3  360 144 466
3  144 748 466
3  359 755 871
3  755 359 756
3  111 358 834
3  358 357 834
3  752 651 251
3  651 252 251
3  874 875 876
3  256 877 561
3  665 663 666
3  651 752 665
3  813 878 879
3  838 839 817
3  119 121 880
3  881 882 757
3  529 412 765
3  882 883 757
3  611 819 296
3  103 105 845
3  774 667 775
3  103 667 848
3  769 676 463
3  676 678 464
3  103 884 882
3  884 572 882
3  678 178 464
3  178 177 464
3  829 120 885
3  874 829 562
3  886 841 842
3  119 573 847
3  840 178 570
3  840 570 571
3  762 111 844
3  111 843 844
3  828 254 256
3  871 754 832
3  104 887 296
3  404 535 612
3  818 404 617
3  26 680 820
3  176 597 818
3  597 408 818
3  461 675 819
3  675 569 819
3  884 768 770
3  103 768 888
3  779 776 376
3  582 376 583
3  521 372 686
3  372 332 686
3  373 687 374
3  372 374 850
3  587 742 643
3  330 643 644
3  230 378 852
3  231 852 853
3  214 213 859
3  701 858 122
3  856 392 785
3  392 600 785
3  158 160 606
3  160 92 606
3  500 288 889
3  565 626 566
3  535 772 890
3  772 74 890
3  125 615 857
3  613 857 406
3  733 413 411
3  413 409 411
3  93 92 730
3  92 390 730
3  175 174 598
3  174 74 598
3  700 418 509
3  418 241 509
3  416 858 290
3  858 490 290
3  301 416 704
3  416 703 704
3  600 790 503
3  214 855 790
3  706 129 215
3  706 489 130
3  420 711 131
3  216 129 131
3  627 710 891
3  862 302 304
3  710 892 891
3  711 420 712
3  130 303 131
3  303 302 420
3  893 694 894
3  787 695 800
3  625 895 896
3  864 601 897
3  625 216 895
3  893 707 898
3  493 496 894
3  787 693 695
3  695 893 898
3  707 865 708
3  787 626 565
3  626 122 124
3  693 786 899
3  786 493 899
3  433 438 715
3  438 512 715
3  199 319 501
3  319 207 501
3  199 607 803
3  607 207 803
3  207 900 312
3  207 514 901
3  309 902 903
3  902 207 903
3  717 217 716
3  217 513 716
3  313 904 905
3  904 217 905
3  140 46 200
3  46 198 200
3  608 199 516
3  199 515 516
3  723 90 635
3  90 89 635
3  634 380 725
3  380 724 725
3  522 723 477
3  723 635 477
3  642 599 822
3  599 533 822
3  63 839 812
3  839 729 812
3  529 839 530
3  839 63 530
3  16 674 737
3  674 729 737
3  413 732 811
3  732 640 811
3  641 731 638
3  731 415 638
3  298 818 617
3  414 413 734
3  404 612 460
3  869 639 815
3  659 170 658
3  170 656 658
3  27 537 539
3  537 15 538
3  538 554 539
3  554 656 539
3  27 26 727
3  575 537 820
3  450 636 451
3  636 574 451
3  450 532 771
3  532 673 771
3  870 161 631
3  440 162 441
3  578 807 745
3  807 264 745
3  172 826 825
3  826 469 825
3  145 655 753
3  654 753 751
3  872 877 873
3  906 876 907
3  666 663 908
3  358 555 556
3  455 361 456
3  361 454 456
3  835 754 756
3  455 252 652
3  872 560 359
3  560 357 359
3  909 757 910
3  572 883 882
3  672 563 736
3  737 838 837
3  412 814 765
3  662 911 912
3  103 913 914
3  813 910 878
3  572 119 883
3  910 757 759
3  761 915 879
3  639 887 815
3  819 569 294
3  916 612 887
3  569 667 845
3  667 103 845
3  568 178 668
3  178 773 668
3  774 768 848
3  768 103 848
3  769 463 770
3  463 177 770
3  884 770 886
3  770 177 886
3  103 882 881
3  764 529 765
3  573 840 847
3  362 847 571
3  762 828 829
3  120 119 885
3  727 26 820
3  639 459 460
3  176 818 299
3  818 298 299
3  611 788 819
3  788 461 819
3  774 769 846
3  769 768 846
3  768 884 888
3  884 103 888
3  376 776 583
3  776 581 583
3  378 479 917
3  852 378 917
3  783 376 784
3  376 783 377
3  374 687 850
3  687 332 850
3  384 742 329
3  742 328 329
3  384 330 644
3  67 643 739
3  584 681 781
3  681 582 781
3  586 481 580
3  586 52 481
3  123 213 124
3  696 123 508
3  74 788 890
3  788 535 890
3  405 410 406
3  410 390 406
3  410 298 698
3  298 617 616
3  410 730 699
3  730 390 699
3  790 855 503
3  504 855 860
3  400 689 503
3  689 600 503
3  220 858 221
3  858 219 221
3  861 213 860
3  859 861 860
3  854 288 702
3  288 603 702
3  288 854 889
3  416 300 500
3  710 787 711
3  131 711 918
3  489 239 130
3  239 303 130
3  787 710 627
3  701 122 627
3  891 892 863
3  892 919 920
3  420 921 922
3  862 891 863
3  707 893 866
3  898 709 923
3  602 801 506
3  924 925 926
3  865 707 866
3  694 893 695
3  279 798 927
3  708 928 797
3  708 865 928
3  800 695 898
3  512 867 715
3  867 510 715
3  514 217 901
3  207 513 514
3  900 217 312
3  217 309 312
3  207 902 805
3  902 309 805
3  207 311 929
3  311 309 929
3  313 930 931
3  930 217 931
3  313 932 933
3  932 217 933
3  725 475 809
3  475 635 809
3  736 837 817
3  839 838 868
3  631 161 441
3  161 12 441
3  753 655 751
3  655 29 751
3  877 256 873
3  256 831 873
3  652 666 934
3  662 754 908
3  359 358 756
3  652 756 661
3  877 872 871
3  872 359 871
3  875 561 836
3  760 935 664
3  909 881 757
3  911 662 935
3  935 662 664
3  663 752 670
3  839 529 764
3  878 761 879
3  881 909 910
3  103 881 913
3  569 845 294
3  105 104 295
3  667 668 775
3  668 773 775
3  841 573 842
3  886 177 841
3  910 813 815
3  814 869 815
3  119 847 885
3  847 362 885
3  178 257 571
3  257 362 571
3  881 815 913
3  639 916 887
3  612 611 887
3  887 611 296
3  709 895 923
3  814 412 869
3  105 295 294
3  295 104 296
3  380 634 377
3  634 375 377
3  479 784 851
3  784 681 851
3  330 429 739
3  429 67 739
3  173 781 688
3  781 582 688
3  173 586 782
3  586 781 782
3  480 478 580
3  586 580 585
3  584 853 851
3  584 231 853
3  213 387 124
3  387 492 124
3  122 220 508
3  220 696 508
3  213 220 860
3  220 219 860
3  854 416 889
3  416 500 889
3  420 419 712
3  419 710 712
3  303 701 936
3  701 627 936
3  921 919 922
3  420 302 921
3  919 892 922
3  892 710 922
3  505 601 506
3  864 602 601
3  602 495 801
3  495 493 801
3  924 928 925
3  937 897 938
3  693 899 694
3  866 893 894
3  496 866 894
3  496 864 866
3  928 865 925
3  939 940 941
3  927 942 943
3  896 895 944
3  217 900 901
3  900 207 901
3  207 929 903
3  929 309 903
3  217 930 804
3  930 313 804
3  217 904 945
3  904 313 945
3  217 932 946
3  932 313 946
3  217 717 933
3  717 313 933
3  838 737 868
3  737 729 868
3  839 764 816
3  764 669 816
3  670 735 671
3  735 736 671
3  736 563 837
3  563 737 837
3  639 414 459
3  414 734 459
3  734 733 459
3  733 411 459
3  561 875 562
3  875 874 562
3  911 833 912
3  663 662 908
3  754 835 934
3  835 652 934
3  756 358 661
3  358 556 661
3  561 877 832
3  877 871 832
3  874 876 906
3  883 119 880
3  760 876 935
3  876 875 935
3  663 670 947
3  670 669 947
3  669 915 948
3  915 761 948
3  572 884 842
3  884 886 842
3  761 878 949
3  881 910 815
3  829 885 763
3  885 362 763
3  626 564 566
3  707 709 898
3  377 784 684
3  784 479 684
3  681 784 682
3  784 376 682
3  852 917 851
3  917 479 851
3  580 478 585
3  478 231 585
3  124 786 564
3  786 565 564
3  895 216 923
3  131 794 800
3  711 787 918
3  131 918 795
3  627 950 951
3  950 303 951
3  862 304 891
3  304 627 891
3  303 936 793
3  936 627 793
3  919 921 920
3  921 302 863
3  952 953 954
3  952 955 956
3  505 940 939
3  957 937 938
3  801 279 506
3  279 927 507
3  506 279 507
3  927 798 958
3  865 957 925
3  957 941 926
3  957 865 937
3  865 864 937
3  493 894 959
3  894 694 959
3  281 896 944
3  216 131 923
3  280 34 281
3  34 625 281
3  958 796 797
3  928 924 942
3  217 945 931
3  945 313 931
3  217 946 905
3  946 313 905
3  669 671 817
3  671 736 817
3  612 916 460
3  916 639 460
3  754 934 908
3  934 666 908
3  911 935 833
3  561 832 836
3  120 829 121
3  829 874 121
3  663 947 664
3  761 760 948
3  915 765 879
3  760 664 960
3  664 947 960
3  947 669 948
3  760 961 962
3  876 760 963
3  765 814 879
3  814 813 879
3  918 787 795
3  787 794 795
3  303 950 799
3  950 627 799
3  303 792 951
3  792 627 951
3  921 863 920
3  863 892 920
3  710 952 956
3  710 953 952
3  964 955 965
3  966 964 965
3  601 939 897
3  601 505 939
3  940 967 943
3  942 924 968
3  942 968 943
3  940 505 967
3  694 899 959
3  899 493 959
3  928 958 797
3  281 625 896
3  928 942 958
3  942 927 958
3  833 935 836
3  935 875 836
3  833 754 912
3  754 662 912
3  876 963 907
3  121 874 906
3  765 915 766
3  915 669 766
3  947 948 960
3  948 760 960
3  961 758 962
3  961 760 758
3  758 878 759
3  878 910 759
3  913 815 914
3  887 104 914
3  104 103 914
3  815 887 914
3  131 800 923
3  800 898 923
3  420 953 421
3  953 710 421
3  966 952 969
3  953 420 964
3  955 964 956
3  964 420 956
3  940 968 941
3  925 957 926
3  897 939 938
3  937 864 897
3  941 968 926
3  968 924 926
3  968 940 943
3  967 505 507
3  967 507 943
3  507 927 943
3  895 709 944
3  709 708 944
3  958 798 796
3  798 281 796
3  758 757 963
3  121 906 907
3  878 758 949
3  758 761 949
3  420 922 956
3  922 710 956
3  953 964 954
3  966 954 970
3  955 952 965
3  952 966 965
3  939 941 938
3  941 957 938
3  281 944 797
3  944 708 797
3  963 757 907
3  757 883 907
3  758 963 962
3  963 760 962
3  952 954 969
3  954 966 969
3  954 964 970
3  964 966 970
3  121 907 880
3  907 883 880
