OFF
500 996 0
-8.80812 299.457 435.896
87.1788 -248.346 435.896
302.054 104.59 435.896
67.2514 -128.271 108.456
133.657 -307.025 302.807
32.8311 -230.735 190.638
-136.817 28.336 104.127
-282.872 198.058 298.568
-108.858 79.5765 108.378
5.74969 -8.12177 -0.0161596
5.93772 -7.86225 -0.0166882
6.47462 -7.55663 -0.018197
-98.0671 -100.301 104.134
-209.079 -73.1729 199.159
-128.083 -7.27768 95.4502
107.253 -97.9333 108.462
85.6151 -110.9 104.127
-49.8252 -295.254 289.76
-42.1545 -304.395 414.4
-169.393 290.605 397.242
-75.1953 213.969 199.182
-262.259 -41.3581 435.896
-65.8657 -266.884 435.896
0.868424 -307.836 431.597
-10.6149 -269.972 435.896
13.6346 235.799 190.658
-68.0345 304.605 362.829
46.1333 116.569 95.4247
109.363 220.183 212.189
299.468 -117.802 384.333
325.255 9.07386 427.302
291.48 -123.517 427.3
6.92755 -7.14376 -0.01947
-264.492 -189.3 345.681
-120.6 -291.347 358.539
-224.076 -224.295 431.598
184.106 -277.527 405.826
143.859 -306.514 423.012
-282.224 -49.3259 281.111
-227.223 7.62163 207.777
180.314 174.597 203.637
163.153 3.09008 121.471
115.236 78.8349 104.121
-306.422 151.222 418.719
170.475 288.419 328.544
95.9827 306.701 418.707
176.437 259.573 418.704
-276.568 20.9335 431.594
-272.982 -144.328 427.298
-237.573 201.609 435.896
273.89 121.821 289.765
336.905 36.2489 324.27
236.925 -58.0894 195.009
-42.6012 -143.553 99.9279
-179.526 -189.001 242.334
-87.4531 -143.287 130.09
-238.943 -120.944 263.84
-300.069 7.51826 367.104
-6.70426 -7.35369 0.0188424
-76.5652 118.729 104.14
-8.76737 -4.70763 0.0246408
-8.61823 -4.97537 0.0242216
256.351 -52.3829 435.896
60.7021 301.137 315.561
12.1065 -308.261 431.597
299.477 -67.0466 328.446
-6.47462 -7.55663 0.018197
-74.4384 168.467 143.085
249.356 -158.48 431.596
3.3844 -4.48155 -0.00951407
3.58978 4.18991 -0.0100913
3.78209 4.41437 -0.0106318
-1.22292 9.87532 0.00343703
7.14428 6.92705 -0.0200791
106.171 88.2444 104.111
-2.42731 9.6502 0.00682199
-2.12895 9.72036 0.00598345
-1.82858 9.78131 0.00513925
-73.2291 122.242 104.151
64.3965 312.675 414.41
-304.671 -30.0516 397.206
-267.101 88.5549 435.896
213.35 193.513 435.896
248.078 204.855 431.599
230.373 235.35 384.348
133.727 -45.9891 104.133
145.575 -20.4383 108.476
228.184 -132.377 435.896
221.36 -188.351 431.595
3.00504 -5.20475 -0.00844775
-9.27947 -3.59462 0.02608
3.11204 -5.02598 -0.00874851
-138.104 -145.54 173.244
-139.904 -115.219 151.644
56.1747 -264.684 435.896
117.981 119.695 130.091
8.46092 -5.23838 -0.0237795
8.61823 -4.97538 -0.0242216
5.23877 8.46029 -0.0147237
4.97573 8.61759 -0.0139844
4.70798 8.76672 -0.0132319
-9.57158 -2.72315 0.026901
-9.38578 -3.30718 0.0263788
-77.2654 318.433 405.822
-80.995 304.397 414.406
-289.307 -98.7397 418.7
-200.792 -113.025 212.093
-8.29557 5.49644 0.0233148
-8.29557 -5.49645 0.0233148
-8.12237 -5.74927 0.022828
-99.4423 -293.016 427.299
-9.78203 1.82844 0.0274925
-9.72108 2.1288 0.0273212
-9.16437 3.87866 0.0257566
-9.04057 4.15902 0.0254086
-9.27948 3.59462 0.02608
7.35422 -6.70378 -0.0206691
7.55721 -6.47412 -0.0212396
-9.65091 2.42712 0.027124
-7.14428 6.92705 0.0200791
-6.70427 7.35369 0.0188424
-7.5572 6.47413 0.0212396
6.27265 4.44012 -0.0176309
7.20483 3.86872 -0.0202504
9.34254 0.576191 -0.0262576
-98.612 276.642 427.294
155.948 227.455 435.896
71.395 267.019 435.896
9.9326 -0.61259 -0.0279157
7.14428 -6.92705 -0.0200791
-9.04057 -4.15902 0.0254086
5.49684 8.29496 -0.015449
4.44737 5.52656 -0.0125014
3.97817 5.26778 -0.0111828
3.92791 5.5486 -0.0110415
6.23881 7.75243 -0.0175343
6.47461 7.55664 -0.018197
-259.421 -126.222 431.595
7.75299 -6.23837 -0.0217898
7.94145 -5.99666 -0.0223195
-7.14428 -6.92705 0.0200791
-7.5572 -6.47413 0.0212396
-9.87605 -1.22283 0.0277567
4.3809 4.80547 -0.0123147
4.24814 4.65986 -0.0119416
3.97441 4.63882 -0.0111723
5.52198 -7.80012 -0.0155201
5.62107 -6.98489 -0.0157991
5.86816 -7.29191 -0.0164932
-0.918208 -9.90829 0.00258063
-0.612608 -9.93187 0.00172178
-7.753 6.23836 0.0217899
-8.12237 5.74927 0.022828
5.23878 -8.46028 -0.0147237
1.82858 -9.78131 -0.00513931
2.4273 -9.6502 -0.00682202
2.12894 -9.72036 -0.00598345
7.2924 -5.86779 -0.020496
7.67623 -6.17659 -0.0215743
6.77168 -6.17282 -0.0190327
8.12236 -5.74928 -0.022828
8.21343 -5.44203 -0.0230841
-4.70798 8.76672 0.0132318
-4.43575 8.90754 0.0124667
4.7128 5.16951 -0.0132474
5.33355 8.04859 -0.0149904
9.38578 3.30718 -0.0263788
121.644 60.8832 104.097
-164.329 -213.683 435.896
-3.01682 9.48248 0.00847882
-3.87894 9.16369 0.0109018
3.92791 -5.54861 -0.0110415
3.75517 -5.66692 -0.010556
3.75713 -5.30736 -0.0105616
-7.35423 -6.70377 0.0206692
-5.23878 -8.46028 0.0147237
-5.9971 -7.94086 0.0168549
-4.70797 -8.76672 0.0132318
-1.52646 -9.83298 0.00429011
-1.22291 -9.87532 0.00343703
-7.753 -6.23836 0.0217899
-9.65091 -2.42712 0.027124
-9.9326 0.612577 0.0279157
-9.90902 0.918137 0.0278494
-7.94144 -5.99667 0.0223195
5.46205 4.67942 -0.015353
5.52681 4.44724 -0.015535
5.09286 4.93819 -0.0143155
-9.87605 1.22283 0.0277567
-9.8337 1.52636 0.0276377
-9.57158 2.72315 0.026901
-5.9971 7.94087 0.0168549
-5.74971 8.12176 0.0161596
5.49685 -8.29496 -0.015449
2.72336 -9.57087 -0.00765407
5.77489 -6.33442 -0.0162317
6.18913 -5.64186 -0.017396
6.55324 -5.97369 -0.018419
6.17704 -7.67567 -0.0173608
38.2393 -114.128 91.0942
6.50511 -7.13527 -0.0182831
4.10194 7.63836 -0.0115297
3.58272 7.78687 -0.0100704
3.9526 7.93743 -0.0111098
5.7497 8.12176 -0.0161596
6.80892 5.83318 -0.0191375
6.90857 5.55898 -0.0194176
6.8318 5.49722 -0.0192019
-1.52648 9.83298 0.00429019
3.74403 6.48458 -0.0105244
3.63073 5.86363 -0.0102062
3.59623 6.22861 -0.0101091
7.35423 6.70377 -0.0206692
9.94676 0.306434 -0.0279554
9.95148 0 -0.0279687
9.9326 0.612577 -0.0279157
9.48318 -3.01661 -0.0266526
9.27947 -3.59463 -0.0260801
9.55535 -2.40311 -0.0268555
6.06416 -4.87959 -0.017045
6.67475 -4.72474 -0.0187608
6.52608 -4.92803 -0.018343
9.48318 3.0166 -0.0266526
9.27947 3.59462 -0.0260801
8.46091 5.23839 -0.0237795
8.61823 4.97537 -0.0242216
8.76737 4.70763 -0.0246408
-251.664 -70.2692 435.896
-103.312 -249.28 435.896
-8.46091 -5.2384 0.0237795
2.9388 -4.435 -0.00826164
-6.92755 -7.14376 0.01947
-1.82858 -9.78131 0.00513931
-9.94676 -0.306435 0.0279554
-9.16437 -3.87866 0.0257566
9.65091 -2.42712 -0.027124
-9.9326 -0.612579 0.0279157
-3.59489 9.27879 0.0101035
-3.30742 9.38508 0.00929558
5.37581 -5.21252 -0.0151106
4.91194 -5.38793 -0.013807
5.09286 -4.93819 -0.0143155
-9.94676 0.306436 0.0279554
2.99322 4.51713 -0.00841458
-7.94144 5.99667 0.0223195
-6.47461 7.55663 0.018197
-6.23881 7.75243 0.0175343
-5.49684 8.29496 0.015449
3.16963 -5.9024 -0.0089102
3.78635 -6.11492 -0.0106435
4.45321 -5.89675 -0.0125177
4.94155 -6.1406 -0.01389
4.08172 -6.15969 -0.0114736
-3.87893 -9.1637 0.0109018
-3.59487 -9.27879 0.0101035
4.72492 -6.67438 -0.013281
5.37396 -6.67789 -0.0151049
4.46067 -7.20385 -0.0125381
5.57891 -7.88053 -0.01568
6.2388 -7.75244 -0.0175342
5.9971 -7.94086 -0.0168549
6.70426 -7.3537 -0.0188424
4.70798 -8.76672 -0.0132318
4.97573 -8.6176 -0.0139844
3.59488 -9.27879 -0.0101035
3.87893 -9.1637 -0.0109018
-2.72335 9.57087 0.00765402
2.72335 9.57087 -0.00765402
2.4273 9.6502 -0.00682199
-7.35423 6.70377 0.0206692
3.94109 6.82586 -0.0110781
4.30506 6.95256 -0.0121009
4.35385 6.57032 -0.0122382
1.52647 9.83298 -0.00429019
-9.48318 3.01659 0.0266526
5.11109 -5.60635 -0.0143666
9.87605 -1.22283 -0.0277567
9.8337 -1.52637 -0.0276377
9.90902 -0.918136 -0.0278494
9.4598 2.37907 -0.026587
9.65091 2.42712 -0.027124
9.77827 1.21073 -0.027482
9.26869 2.33101 -0.02605
6.99693 -4.03949 -0.0196662
9.94676 -0.306425 -0.0279555
9.34254 -0.576194 -0.0262576
6.44739 -6.64868 -0.0181212
4.58157 -7.93504 -0.0128774
5.4081 -7.6393 -0.0152002
-8.90819 -4.43544 0.0250366
-9.48318 -3.01659 0.0266526
-8.90819 4.43543 0.0250366
-8.76737 4.70763 0.0246408
-8.61823 4.97537 0.0242216
-8.46091 5.23839 0.0237795
5.3124 -4.55122 -0.0149325
-9.72108 -2.1288 0.0273212
-9.8337 -1.52636 0.0276377
-9.78203 -1.82845 0.0274925
-9.95148 -8.69986e-07 0.0279687
3.20626 4.24569 -0.00901337
3.56253 4.71742 -0.0100147
-6.92756 7.14376 0.01947
-5.23877 8.46029 0.0147236
-4.97574 8.61759 0.0139844
-6.2388 -7.75244 0.0175342
-4.97573 -8.6176 0.0139844
3.64327 -5.14653 -0.0102416
-3.30741 -9.38509 0.00929548
-2.4273 -9.6502 0.00682202
-2.12894 -9.72036 0.00598345
8.2769 4.77835 -0.0232627
8.11437 4.04023 -0.0228062
8.91981 -2.83742 -0.0250696
5.9971 7.94086 -0.0168549
6.92756 7.14376 -0.01947
4.91194 5.38793 -0.013807
5.37581 5.21252 -0.0151106
4.93836 5.09267 -0.0138813
8.81999 4.39152 -0.0247888
8.29336 5.13467 -0.0233088
3.30742 9.38508 -0.00929558
3.01682 9.48248 -0.00847882
3.11203 5.02598 -0.00874848
9.72108 -2.1288 -0.0273212
5.58802 -5.41827 -0.0157069
5.57575 -6.116 -0.0156722
5.12832 -5.98553 -0.0144149
5.9874 -4.81782 -0.0168293
7.96702 5.27878 -0.0223918
7.67623 6.17659 -0.0215743
8.04194 5.69236 -0.0226021
9.04057 4.15902 -0.0254086
9.16437 3.87866 -0.0257565
7.5572 6.47413 -0.0212396
7.753 6.23836 -0.0217899
5.60661 -5.11088 -0.0157592
3.27466 -9.29216 -0.0092036
3.21577 5.19351 -0.00904003
-4.43575 -8.90754 0.0124667
-9.38578 3.30718 0.0263788
4.52682 -4.66829 -0.0127248
3.9744 -4.63882 -0.0111723
-5.49684 -8.29496 0.015449
-4.15933 -9.03989 0.0116899
3.3101 -8.54385 -0.00930374
3.69477 -6.39926 -0.010386
-3.0168 -9.48248 0.00847878
-2.72336 -9.57087 0.00765407
3.72901 -6.94398 -0.010482
3.99653 -8.02562 -0.0112332
3.87102 -8.41339 -0.0108802
0.612613 -9.93187 -0.00172179
0.918213 -9.90829 -0.00258064
5.33355 -8.04859 -0.0149904
4.42315 -5.16254 -0.0124334
4.14944 -6.70127 -0.0116637
4.55136 -5.31218 -0.0127937
5.16972 4.71265 -0.0145315
8.9082 -2.53444 -0.025037
9.77827 -1.21074 -0.027482
5.53688 -4.74351 -0.0155633
9.16437 -3.87866 -0.0257565
8.9082 4.43543 -0.0250366
6.63788 7.28088 -0.018656
6.70426 7.35369 -0.0188424
6.72177 6.93158 -0.018892
5.92993 7.36867 -0.0166667
6.37234 6.98967 -0.0179101
5.52204 7.31191 -0.0155206
5.68653 4.87172 -0.0159838
-4.15932 9.0399 0.0116899
4.15932 9.0399 -0.0116898
4.43575 8.90754 -0.0124668
3.87894 9.16369 -0.0109018
4.69446 5.83358 -0.0131957
5.12832 5.98553 -0.0144149
3.68907 7.40828 -0.0103695
8.76737 -4.70763 -0.0246408
8.90819 -4.43543 -0.0250366
7.96702 -5.27878 -0.0223918
7.80067 -5.5216 -0.0219243
8.04204 -4.9791 -0.0226027
9.57159 -2.72314 -0.026901
9.78203 -1.82844 -0.0274925
9.01406 -3.17622 -0.0253344
4.664 4.80975 -0.0131103
9.78203 1.82844 -0.0274925
9.72108 2.12879 -0.0273212
9.20149 2.927 -0.0258611
7.94145 5.99666 -0.0223195
8.12236 5.74928 -0.022828
8.29558 5.49644 -0.0233148
4.75624 -5.91034 -0.0133693
5.64213 -6.18881 -0.0158587
1.52646 -9.83298 -0.00429013
-9.90902 -0.918139 0.0278494
0.306462 -9.94602 -0.000861374
-0.306461 -9.94602 0.000861373
1.18661e-07 -9.95074 -3.33631e-10
1.22292 -9.87532 -0.00343704
3.96209 -7.37797 -0.0111368
3.58273 -7.78687 -0.0100704
3.64515 -7.3201 -0.0102461
4.80118 -4.95121 -0.0134958
8.29558 -5.49644 -0.0233148
7.55632 -5.00672 -0.0212379
-0.918206 9.90829 0.00258064
4.42826 8.24594 -0.0124463
5.00698 7.55584 -0.0140731
4.43377 7.67907 -0.0124622
9.09572 3.52345 -0.0255638
-4.34961e-07 9.95074 1.22294e-09
-0.612624 9.93187 0.00172178
-0.306456 9.94602 0.000861304
0.306455 9.94602 -0.000861301
3.84053 9.07297 -0.010794
1.82858 9.78131 -0.00513924
9.38578 -3.30719 -0.0263788
9.87605 1.22283 -0.0277567
9.90902 0.918139 -0.0278494
9.8337 1.52636 -0.0276377
8.17694 3.16759 -0.0229821
9.57158 2.72315 -0.026901
5.0665 -7.15684 -0.0142406
4.15933 -9.03989 -0.0116899
3.84053 -9.07297 -0.010794
4.56812 -8.50633 -0.0128391
-5.74969 -8.12177 0.0161596
3.58634 5.06613 -0.0100816
3.26534 4.92777 -0.00917939
8.81999 -4.39151 -0.0247888
6.57837 -6.3784 -0.0184894
6.98534 -5.62074 -0.0196333
6.91924 -5.22486 -0.0194477
4.32641 6.11149 -0.0121613
5.46503 7.71971 -0.0153601
7.49696 3.73285 -0.0210713
4.7501 6.28985 -0.0133519
5.94171 5.76118 -0.0167007
3.83821 6.19869 -0.0107892
0.612624 9.93187 -0.00172178
0.918205 9.90829 -0.00258064
3.59489 9.27879 -0.0101035
9.04057 -4.159 -0.0254086
7.39207 -4.89786 -0.0207764
3.80004 5.03191 -0.0106822
4.08172 6.15969 -0.0114736
5.69287 -5.87068 -0.0160014
3.01681 -9.48248 -0.00847879
3.30741 -9.38509 -0.00929549
4.43575 -8.90754 -0.0124667
3.64632 5.50267 -0.0102501
5.37397 6.67788 -0.0151049
5.10638 6.76158 -0.0143529
5.00958 7.07643 -0.0140807
6.52608 4.92803 -0.018343
7.55939 -5.35085 -0.0212464
2.12895 9.72036 -0.00598345
4.73484 7.14521 -0.0133086
3.7253 8.80078 -0.0104704
6.11526 7.59892 -0.0171873
5.93772 7.86224 -0.0166882
5.90766 6.48003 -0.0166047
6.44739 6.64868 -0.0181212
6.28228 7.3322 -0.0176568
6.03584 6.22432 -0.016965
6.43688 6.24125 -0.0180919
7.31239 5.52172 -0.0205523
7.23771 5.12317 -0.0203426
6.98137 4.62579 -0.0196224
5.64213 6.1888 -0.0158587
7.21563 5.80603 -0.0202803
1.22292 9.87532 -0.00343703
9.17314 -2.30698 -0.0257815
4.80118 4.95121 -0.0134958
6.93206 -6.72131 -0.019483
4.87565 7.87395 -0.0137038
5.46266 7.23329 -0.0153538
4.78185 6.75478 -0.0134409
4.92824 6.52572 -0.0138524
5.57575 6.116 -0.0156722
5.38475 6.28479 -0.0151354
6.99013 6.37193 -0.0196464
6.58458 6.79013 -0.0185066
5.75224 5.24363 -0.0161684
5.58802 5.41827 -0.0157069
7.85024 4.53206 -0.0220639
8.91981 2.83741 -0.0250696
8.0729 -4.33479 -0.0226896
6.21031 -5.32039 -0.0174556
8.5292 -3.60987 -0.0239719
3.99457 8.6819 -0.0112272
4.51254 7.28761 -0.0126838
5.69287 5.87068 -0.0160014
6.21769 -5.00312 -0.0174764
5.89787 5.37637 -0.0165776
7.22779 4.78904 -0.0203148
3.18784 4.50323 -0.00896159
3.10207 4.68139 -0.00872051
3  0 1 2
3  3 4 5
3  6 7 8
3  9 10 11
3  12 13 14
3  15 4 16
3  17 4 18
3  7 19 20
3  21 1 0
3  22 23 24
3  25 20 26
3  27 25 28
3  29 30 31
3  15 16 32
3  33 34 35
3  36 31 37
3  38 7 39
3  40 41 42
3  7 43 19
3  44 45 46
3  21 47 48
3  31 30 2
3  19 43 49
3  40 44 50
3  30 51 2
3  40 51 41
3  4 52 29
3  30 29 51
3  52 4 15
3  53 54 55
3  33 38 56
3  53 3 5
3  54 53 17
3  43 7 57
3  38 39 13
3  53 12 58
3  7 6 39
3  13 39 14
3  8 7 59
3  12 60 61
3  7 38 57
3  33 54 34
3  31 2 62
3  44 25 63
3  54 17 34
3  23 4 64
3  39 6 14
3  40 27 28
3  25 44 28
3  44 40 28
3  29 52 65
3  51 52 41
3  53 58 66
3  67 7 20
3  29 31 36
3  31 62 68
3  69 70 71
3  4 3 16
3  67 25 72
3  42 73 74
3  75 76 77
3  7 67 78
3  63 25 26
3  0 45 79
3  43 57 80
3  4 37 64
3  49 43 81
3  21 0 49
3  0 2 82
3  2 51 83
3  51 50 84
3  51 40 50
3  52 51 65
3  51 29 65
3  52 85 86
3  52 15 85
3  87 1 88
3  4 29 36
3  41 52 86
3  4 36 37
3  4 17 5
3  17 53 5
3  7 78 59
3  89 90 91
3  12 55 92
3  12 53 55
3  12 92 93
3  38 13 56
3  57 38 80
3  38 33 80
3  47 43 48
3  64 37 94
3  40 42 95
3  85 96 97
3  27 95 98
3  85 15 96
3  27 99 100
3  101 90 102
3  20 19 26
3  25 67 20
3  0 103 104
3  103 19 104
3  43 47 81
3  43 80 105
3  2 1 87
3  80 33 105
3  50 44 84
3  51 84 83
3  55 54 92
3  92 54 93
3  13 93 106
3  54 33 56
3  8 59 107
3  12 108 109
3  93 54 106
3  13 12 93
3  22 35 110
3  4 23 18
3  111 6 112
3  27 40 95
3  113 114 115
3  15 116 117
3  6 118 112
3  119 120 121
3  59 78 119
3  122 123 124
3  19 103 26
3  103 63 26
3  19 49 104
3  0 104 125
3  47 21 81
3  21 49 81
3  2 87 62
3  87 88 68
3  126 83 127
3  84 44 46
3  41 86 128
3  15 32 129
3  12 14 130
3  98 95 131
3  132 133 134
3  135 95 136
3  1 37 88
3  62 87 68
3  54 56 106
3  56 13 106
3  33 35 48
3  48 35 137
3  35 34 110
3  34 17 18
3  23 64 24
3  1 21 22
3  15 138 139
3  58 140 141
3  90 101 142
3  143 144 145
3  146 147 148
3  53 149 150
3  151 59 121
3  107 59 152
3  104 49 125
3  49 0 125
3  2 83 82
3  0 82 126
3  45 44 79
3  44 63 79
3  16 3 153
3  154 155 156
3  157 158 159
3  160 158 161
3  162 78 163
3  164 143 132
3  95 74 136
3  95 42 74
3  98 131 165
3  41 166 167
3  88 37 68
3  37 31 68
3  22 21 168
3  34 18 110
3  43 105 48
3  105 33 48
3  18 23 110
3  23 22 110
3  37 1 94
3  1 22 94
3  169 75 170
3  171 172 173
3  12 174 140
3  175 176 177
3  178 149 179
3  129 32 158
3  12 180 141
3  108 61 109
3  101 14 181
3  14 6 182
3  182 6 183
3  109 89 184
3  185 186 187
3  6 8 107
3  188 189 190
3  120 191 192
3  82 83 126
3  0 126 127
3  45 83 46
3  83 84 46
3  63 103 79
3  103 0 79
3  16 153 193
3  3 155 194
3  195 196 197
3  198 32 11
3  3 199 155
3  3 53 199
3  158 32 200
3  129 158 117
3  201 202 203
3  99 27 98
3  204 135 131
3  205 206 207
3  208 72 209
3  210 75 211
3  73 42 212
3  213 214 215
3  216 217 218
3  219 220 221
3  166 222 223
3  224 225 226
3  166 42 167
3  42 41 167
3  64 94 24
3  94 22 24
3  168 21 227
3  22 168 228
3  35 21 137
3  21 48 137
3  90 61 130
3  108 12 229
3  90 230 91
3  12 140 231
3  53 232 178
3  91 230 69
3  90 142 233
3  90 130 234
3  86 85 235
3  118 6 190
3  140 174 141
3  174 12 141
3  14 233 236
3  6 113 115
3  237 78 238
3  239 240 241
3  113 6 114
3  242 115 243
3  120 152 244
3  191 245 246
3  78 247 192
3  191 78 192
3  83 45 127
3  45 0 127
3  248 172 249
3  250 251 252
3  53 253 254
3  255 256 257
3  153 258 193
3  259 16 260
3  10 198 11
3  32 16 261
3  3 262 263
3  3 264 265
3  160 139 117
3  116 15 129
3  75 169 266
3  27 267 268
3  269 119 121
3  270 271 272
3  25 27 273
3  6 274 190
3  239 275 240
3  276 277 278
3  279 280 281
3  42 166 223
3  282 279 281
3  283 122 124
3  224 42 225
3  284 285 124
3  21 35 227
3  35 168 227
3  168 35 228
3  35 22 228
3  108 229 61
3  229 12 61
3  140 58 231
3  58 12 231
3  147 195 286
3  146 287 288
3  198 10 200
3  32 198 200
3  61 60 130
3  12 130 289
3  90 14 102
3  101 102 290
3  291 6 292
3  107 293 294
3  295 239 241
3  12 109 184
3  101 296 297
3  298 14 297
3  14 299 233
3  233 299 242
3  182 183 242
3  6 188 183
3  189 112 190
3  70 300 301
3  78 120 302
3  293 107 152
3  59 119 269
3  59 269 121
3  78 245 120
3  245 191 120
3  242 188 115
3  6 291 114
3  245 78 246
3  78 191 246
3  247 78 303
3  78 162 304
3  58 141 305
3  53 175 306
3  89 91 307
3  53 305 176
3  308 248 249
3  53 309 310
3  311 223 312
3  249 172 252
3  313 220 283
3  158 160 117
3  135 204 314
3  95 204 131
3  136 315 212
3  316 317 318
3  75 78 76
3  78 67 208
3  224 319 320
3  27 321 322
3  115 293 323
3  86 235 324
3  128 86 278
3  325 326 327
3  295 283 328
3  275 239 325
3  329 330 331
3  213 41 214
3  332 333 223
3  166 41 222
3  315 73 212
3  212 334 335
3  333 42 223
3  219 325 336
3  89 305 184
3  305 141 184
3  148 147 200
3  258 146 200
3  230 242 300
3  147 287 256
3  259 260 9
3  260 16 9
3  258 10 193
3  155 287 337
3  130 14 234
3  14 90 234
3  130 60 289
3  60 12 289
3  102 14 290
3  14 101 290
3  6 293 292
3  291 292 114
3  293 6 294
3  6 107 294
3  120 192 338
3  230 90 233
3  61 90 89
3  176 248 339
3  14 296 181
3  296 101 181
3  296 298 297
3  296 14 298
3  274 6 340
3  230 233 242
3  188 6 189
3  6 111 189
3  292 293 114
3  341 342 144
3  112 118 190
3  189 111 112
3  152 120 323
3  183 188 242
3  152 59 244
3  59 151 244
3  120 244 121
3  244 151 121
3  120 119 302
3  119 78 302
3  53 343 175
3  89 248 176
3  305 89 176
3  253 53 344
3  155 154 345
3  308 346 178
3  53 347 348
3  53 308 347
3  347 308 348
3  178 346 349
3  155 350 351
3  53 352 353
3  146 258 354
3  258 153 354
3  342 341 355
3  318 317 187
3  255 356 252
3  232 310 178
3  341 357 355
3  295 358 186
3  313 283 359
3  283 128 360
3  295 219 361
3  85 362 217
3  363 332 223
3  135 136 364
3  204 95 314
3  95 135 314
3  74 315 365
3  74 73 315
3  162 210 192
3  306 175 177
3  212 366 364
3  367 368 369
3  240 357 241
3  187 317 370
3  237 169 170
3  78 371 163
3  163 371 170
3  75 210 170
3  267 321 268
3  208 67 72
3  78 208 77
3  76 78 77
3  99 98 100
3  372 373 374
3  316 375 376
3  201 377 202
3  85 378 379
3  380 381 382
3  220 219 283
3  235 85 383
3  277 86 384
3  235 384 324
3  86 277 276
3  86 276 278
3  385 313 218
3  358 386 187
3  41 387 388
3  282 389 279
3  390 42 391
3  42 224 392
3  42 363 226
3  225 42 226
3  363 42 332
3  42 333 332
3  10 258 200
3  146 148 200
3  16 259 11
3  259 9 11
3  357 393 250
3  394 256 326
3  287 147 288
3  147 146 288
3  153 263 354
3  153 3 263
3  53 395 154
3  357 250 252
3  10 9 193
3  9 16 193
3  14 236 396
3  236 233 396
3  299 14 242
3  14 182 242
3  346 308 249
3  109 61 89
3  14 142 297
3  142 101 297
3  58 305 66
3  305 53 66
3  248 308 339
3  308 253 339
3  253 308 254
3  308 53 254
3  308 178 348
3  178 310 348
3  178 349 397
3  232 53 310
3  53 398 399
3  149 178 397
3  352 154 400
3  401 402 403
3  149 53 179
3  257 350 401
3  346 249 356
3  53 178 179
3  356 249 252
3  341 144 143
3  342 307 69
3  307 91 69
3  357 341 404
3  295 341 386
3  357 404 241
3  256 251 326
3  384 86 324
3  96 160 161
3  381 380 161
3  15 160 405
3  381 406 382
3  197 157 159
3  315 136 365
3  136 74 365
3  211 208 209
3  72 25 407
3  114 293 115
3  293 152 323
3  162 192 303
3  192 247 303
3  319 311 320
3  408 409 410
3  295 186 122
3  280 389 411
3  389 280 279
3  122 185 370
3  210 163 170
3  210 162 163
3  371 78 170
3  78 237 170
3  78 169 238
3  169 237 238
3  169 78 266
3  78 75 266
3  412 413 414
3  413 412 415
3  27 372 374
3  372 27 373
3  321 267 322
3  267 27 322
3  321 373 416
3  273 27 417
3  96 378 97
3  378 85 97
3  85 217 418
3  235 216 218
3  277 384 278
3  384 128 278
3  419 41 420
3  419 420 421
3  41 419 421
3  282 123 422
3  389 312 411
3  41 280 423
3  32 261 11
3  261 16 11
3  287 257 424
3  256 255 251
3  393 275 251
3  275 325 327
3  425 264 426
3  354 263 427
3  287 354 427
3  287 146 354
3  287 350 257
3  251 255 252
3  350 287 351
3  287 155 351
3  154 402 345
3  53 154 156
3  233 142 396
3  142 14 396
3  188 190 115
3  6 115 340
3  393 251 250
3  89 307 173
3  53 176 428
3  176 175 428
3  310 309 348
3  309 53 348
3  398 150 399
3  398 53 150
3  349 346 356
3  349 257 401
3  349 154 397
3  150 149 399
3  154 395 400
3  395 53 400
3  429 301 430
3  358 295 386
3  275 393 240
3  393 357 240
3  217 431 406
3  217 379 431
3  116 129 117
3  160 15 139
3  160 96 405
3  96 15 405
3  378 161 379
3  378 96 161
3  195 432 286
3  433 196 434
3  273 268 202
3  435 270 272
3  208 211 77
3  211 75 77
3  78 304 303
3  304 162 303
3  373 165 408
3  98 165 100
3  165 436 369
3  136 212 364
3  422 123 437
3  283 295 122
3  363 223 319
3  435 438 376
3  41 128 284
3  439 205 207
3  210 211 209
3  210 209 440
3  412 25 415
3  415 441 442
3  165 373 100
3  373 27 100
3  373 321 443
3  321 27 443
3  85 379 444
3  379 217 444
3  235 383 216
3  383 85 216
3  200 432 159
3  445 406 434
3  387 280 388
3  280 41 388
3  387 215 281
3  280 387 281
3  280 222 423
3  222 41 423
3  429 133 446
3  210 447 134
3  141 180 184
3  180 12 184
3  394 326 196
3  325 196 448
3  155 264 194
3  3 449 450
3  287 425 426
3  264 155 337
3  3 425 451
3  425 263 451
3  257 256 424
3  256 287 424
3  155 199 156
3  199 53 156
3  115 190 340
3  190 274 340
3  53 306 177
3  452 210 134
3  357 171 173
3  342 355 173
3  253 344 339
3  344 53 339
3  175 343 428
3  343 53 428
3  154 352 397
3  352 53 397
3  402 350 345
3  350 155 345
3  352 400 353
3  400 53 353
3  255 257 356
3  257 349 356
3  350 402 401
3  349 401 403
3  316 164 132
3  453 454 455
3  375 316 132
3  342 69 71
3  325 239 336
3  219 336 361
3  456 122 370
3  222 280 411
3  404 341 241
3  341 295 241
3  139 138 117
3  138 15 117
3  147 256 195
3  256 394 195
3  161 158 157
3  433 406 457
3  432 200 286
3  200 147 286
3  27 268 458
3  268 273 458
3  459 409 455
3  373 408 416
3  273 202 442
3  268 460 203
3  165 131 461
3  135 461 462
3  334 42 335
3  463 368 464
3  461 465 367
3  466 463 467
3  209 72 270
3  435 375 132
3  272 271 459
3  454 459 455
3  391 330 335
3  366 212 330
3  223 311 319
3  311 468 329
3  41 213 215
3  284 283 285
3  206 205 469
3  456 312 470
3  466 205 439
3  471 466 439
3  329 468 472
3  456 439 207
3  25 413 407
3  413 72 407
3  413 25 414
3  25 412 414
3  441 25 442
3  25 273 473
3  373 443 374
3  443 27 374
3  379 161 431
3  161 380 431
3  217 362 444
3  362 85 444
3  217 216 418
3  216 85 418
3  220 313 385
3  217 385 218
3  420 387 421
3  387 41 421
3  307 342 173
3  355 357 173
3  326 251 327
3  251 275 327
3  432 195 159
3  195 394 196
3  264 449 194
3  449 3 194
3  449 264 450
3  264 3 450
3  264 337 426
3  337 287 426
3  264 425 265
3  425 3 265
3  263 425 427
3  425 287 427
3  263 262 451
3  262 3 451
3  149 397 399
3  397 53 399
3  172 171 252
3  171 357 252
3  402 154 403
3  154 349 403
3  429 71 301
3  143 133 132
3  70 69 300
3  69 230 300
3  120 338 323
3  71 70 301
3  133 143 145
3  435 132 134
3  336 239 361
3  239 295 361
3  128 384 360
3  360 218 474
3  283 219 328
3  219 295 328
3  164 386 143
3  386 341 143
3  386 164 475
3  186 358 187
3  243 115 323
3  158 200 476
3  221 220 434
3  381 161 157
3  202 268 203
3  268 321 460
3  273 417 458
3  417 27 458
3  165 409 477
3  165 478 409
3  202 377 415
3  377 413 415
3  377 201 270
3  479 454 480
3  25 441 415
3  202 415 442
3  366 461 364
3  461 135 364
3  461 366 465
3  465 366 368
3  165 461 436
3  478 165 369
3  461 131 462
3  131 135 462
3  330 212 335
3  212 42 334
3  471 481 482
3  205 466 467
3  467 463 464
3  463 478 368
3  467 464 483
3  368 366 484
3  203 460 410
3  429 452 134
3  435 447 270
3  413 377 270
3  375 435 376
3  482 481 376
3  363 319 226
3  319 224 226
3  214 284 215
3  128 283 284
3  456 370 485
3  123 122 456
3  122 186 185
3  185 187 370
3  456 485 486
3  215 123 281
3  468 311 469
3  312 422 437
3  311 487 469
3  311 312 487
3  312 223 411
3  223 222 411
3  312 389 488
3  389 282 488
3  489 217 406
3  490 221 434
3  360 384 218
3  384 235 218
3  220 385 491
3  385 217 489
3  172 248 173
3  248 89 173
3  196 326 448
3  326 325 448
3  196 325 490
3  325 219 490
3  381 157 433
3  195 197 159
3  176 339 177
3  339 53 177
3  144 342 71
3  300 242 243
3  283 360 359
3  359 360 474
3  475 164 318
3  164 316 318
3  416 408 492
3  460 321 416
3  459 493 410
3  409 459 410
3  409 408 477
3  408 165 477
3  25 473 442
3  473 273 442
3  465 368 367
3  368 478 369
3  468 205 472
3  311 329 320
3  42 392 391
3  392 224 391
3  463 466 471
3  370 317 485
3  464 368 484
3  472 205 483
3  205 467 483
3  201 271 270
3  330 472 483
3  484 366 483
3  72 413 270
3  447 209 270
3  454 453 482
3  439 486 494
3  285 283 124
3  214 41 284
3  487 312 469
3  123 312 437
3  386 475 187
3  475 318 187
3  312 488 422
3  488 282 422
3  385 489 491
3  489 220 491
3  157 197 433
3  221 490 495
3  338 192 452
3  192 210 452
3  133 429 134
3  447 435 134
3  323 338 429
3  338 452 429
3  218 313 474
3  313 359 474
3  408 460 492
3  460 416 492
3  478 463 453
3  438 482 376
3  456 486 496
3  271 493 459
3  460 408 410
3  271 201 493
3  436 461 369
3  461 367 369
3  224 320 331
3  320 329 331
3  438 435 272
3  330 329 472
3  42 390 335
3  390 391 335
3  453 463 482
3  463 471 482
3  366 330 483
3  464 484 483
3  209 447 440
3  447 210 440
3  387 420 215
3  420 41 215
3  312 123 470
3  123 456 470
3  123 282 281
3  481 471 439
3  456 469 497
3  205 468 469
3  123 215 124
3  215 284 124
3  316 376 486
3  376 481 486
3  406 431 382
3  431 380 382
3  406 433 434
3  220 489 445
3  489 406 445
3  196 490 434
3  490 219 495
3  219 221 495
3  158 476 159
3  476 200 159
3  197 196 433
3  220 445 434
3  144 71 145
3  71 429 145
3  301 300 498
3  300 243 498
3  243 323 499
3  323 429 430
3  272 459 479
3  459 454 479
3  493 201 410
3  201 203 410
3  330 391 331
3  391 224 331
3  485 317 486
3  317 316 486
3  206 469 207
3  469 456 207
3  469 312 497
3  312 456 497
3  406 381 457
3  381 433 457
3  133 145 446
3  145 429 446
3  301 498 499
3  498 243 499
3  409 478 455
3  478 453 455
3  438 479 480
3  438 272 479
3  486 481 494
3  481 439 494
3  486 439 496
3  439 456 496
3  323 430 499
3  430 301 499
3  454 482 480
3  482 438 480
