OFF
455 906 0
-129.638 -302.986 341.4
-160.505 -287.323 418.711
-228.233 -235.105 349.981
-245.683 13.9663 207.887
-250.08 -50.7776 225.131
-281.406 81.9836 268.266
-9.90344 0.918131 0.0122911
-9.87049 1.22282 0.0122502
-9.927 0.612574 0.0123203
53.8402 144.226 104.248
106.301 201.755 177.732
122.856 157.152 151.783
81.2808 327.746 418.716
283.326 224.454 431.605
209.616 265.379 418.716
-0.612282 9.93187 0.000759889
1.51053 9.73561 -0.00187473
3.9395 6.8255 -0.00488953
321.897 -117.657 405.835
216.848 -254.269 362.881
280.803 -174.493 380.053
6.92367 7.14374 -0.00859294
151.023 58.7913 108.609
7.14027 6.92703 -0.00886176
-114.858 293.974 289.838
-10.9873 162.518 121.467
-87.8468 135.171 108.6
-248.081 74.6653 225.15
-322.072 60.4047 414.414
-315.608 -19.8719 414.406
-304.582 -48.5359 427.298
27.1691 236.682 203.554
103.013 299.296 298.42
356.848 134.501 324.454
201.77 273.47 328.562
-36.2681 -317.18 435.896
151.029 -211.473 220.856
26.657 -270.133 195.219
72.0352 -140.492 104.288
24.3717 316.15 435.896
-278.173 -123.381 435.896
283.979 -124.093 435.896
-311.456 141.27 431.602
-255.475 207.981 332.815
-285.641 -136.336 337.061
-90.5486 -108.702 104.139
-148.09 -238.566 242.446
-170.249 -173.481 212.16
-266.527 206.125 435.896
-117.177 221.685 212.212
-245.665 -79.7815 229.436
-237.787 -220.183 337.092
-285.843 -90.722 319.826
-309.373 -39.3697 367.123
-7.54159 204.828 168.983
332.133 132.617 427.312
321.073 -89.8006 414.419
9.56619 2.72314 -0.0118725
9.47784 3.01658 -0.0117629
71.9854 341.978 384.384
-74.7871 320.549 401.529
120.591 -257.713 435.896
229.906 2.32052 186.329
339.297 -87.142 302.884
247.279 -11.0742 203.608
-254.851 -197.895 375.746
144.156 -51.6521 104.242
87.0822 -130.905 108.554
40.2119 -337.207 388.657
155.405 -282.783 337.08
341.618 1.26724 358.605
-6.92367 -7.14374 0.00859292
-7.3501 -6.70375 0.00912216
-7.74865 -6.23833 0.00961678
-135.705 -38.2704 95.5571
-143.253 1.91476 104.149
-166.273 266.662 431.598
-79.3551 292.498 435.896
-263.194 223.103 423.015
287.723 76.4253 435.896
-5.49377 -8.29495 0.00681828
-5.74647 -8.12175 0.0071319
-4.70534 -8.76672 0.00583974
-9.26869 309.295 315.565
-204.182 260.809 414.416
248.655 -108.307 225.223
-7.55296 -6.47411 0.00937393
9.94587 0 -0.0123438
97.0221 -304.217 341.369
-234.775 -191.464 431.596
11.4065 -156.547 104.279
-64.0418 -139.171 117.096
-40.0816 -122.308 95.4504
-53.0165 -236.063 190.703
-5.99374 -7.94085 0.00743879
-209.238 111.942 199.25
-132.778 41.9717 104.113
-9.38049 3.30717 0.0116421
-9.47784 3.01657 0.0117629
-227.603 -27.6208 190.615
-274.803 1.70398 435.896
-98.1913 -294.084 435.896
-1.82756 9.78131 0.00226816
-2.12776 9.72036 0.00264075
-7.14027 -6.92703 0.00886176
231.17 -210.325 431.597
7.74864 -6.23835 -0.00961675
-116.193 -296.053 311.315
8.72692 4.34751 -0.010831
9.03548 4.159 -0.0112139
9.09063 3.52337 -0.0112824
-209.332 68.3495 181.963
-258.861 91.0765 242.407
-189.594 260.386 362.851
-3.97742 130.588 95.466
7.3501 -6.70376 -0.00912216
7.55296 -6.4741 -0.00937396
201.246 227.108 435.896
60.4598 300.859 435.896
70.5763 -321.102 397.232
154.106 -233.654 435.896
8.1178 5.74926 -0.0100749
7.93699 5.99664 -0.00985054
-6.23531 -7.75242 0.00773857
-6.70051 -7.35367 0.00831596
-111.68 90.5401 104.159
1.52561 -9.83298 -0.0018934
1.82756 -9.78131 -0.00226822
-9.87049 -1.22282 0.0122502
-9.90344 -0.918133 0.0122911
-1.52562 9.83298 0.00189344
20.2768 144.588 104.18
-0.306284 9.94602 0.000380133
-4.15699 9.03989 0.00515924
-3.87678 9.16368 0.00481144
-4.43327 8.90753 0.00550209
256.61 68.4956 435.896
9.82816 1.52635 -0.0121977
9.77652 1.82843 -0.0121336
5.23584 8.46027 -0.00649819
5.45993 7.23303 -0.00677644
4.34555 8.7311 -0.00539328
7.93698 -5.99664 -0.00985054
-4.34961e-07 9.95074 5.39859e-10
0.306283 9.94602 -0.000380131
0.612281 9.93187 -0.000759888
0.917693 9.90829 -0.00113895
8.29091 -5.49642 -0.0102898
8.45616 -5.23836 -0.0104949
-8.29091 -5.49642 0.0102898
-8.45615 -5.23837 0.0104949
-8.61339 -4.97535 0.01069
0.306295 -9.94602 -0.000380192
-0.300216 -9.74907 0.000372534
3.69339 -6.39885 -0.00458414
-9.27425 -3.59461 0.0115102
-9.47784 -3.01658 0.0117629
-9.56619 -2.72314 0.0118725
1.82756 9.78131 -0.00226816
1.52562 9.83298 -0.00189344
5.74648 8.12175 -0.00713192
5.49377 8.29495 -0.00681829
4.97295 8.61758 -0.0061719
3.59288 9.27878 -0.0044591
3.87678 9.16368 -0.00481144
5.99374 7.94085 -0.0074388
-3.87676 -9.16369 0.00481144
-4.43326 -8.90753 0.0055021
7.55295 6.47411 -0.00937393
8.45615 5.23837 -0.0104949
7.67195 6.17653 -0.00952165
-6.47099 -7.55661 0.00803113
301.503 -60.1896 431.597
185.676 -252.914 431.597
9.15921 3.87864 -0.0113674
9.27425 3.59461 -0.0115102
-9.82816 1.52635 0.0121977
-9.77652 1.82843 0.0121336
-4.97295 8.61758 0.00617187
3.69945 5.58426 -0.00459168
3.58514 5.06554 -0.00444983
2.42595 -9.65019 -0.00301088
2.72184 -9.57087 -0.00337808
2.42595 9.65019 -0.00301084
3.30557 9.38507 -0.00410254
6.07616 -2.57237 -0.00754148
5.31005 -4.55047 -0.00659066
5.69333 -2.206 -0.00706636
7.3501 6.70375 -0.00912217
6.85515 7.07298 -0.00850792
3.01513 9.48247 -0.00374207
4.02576 6.07707 -0.00499664
-1.22224 9.87531 0.0015169
6.92828 6.72118 -0.00859872
7.4782 6.40998 -0.00928119
7.51857 6.05294 -0.00933133
-9.71561 2.12878 0.012058
-8.45615 5.23837 0.0104949
-8.29091 5.49642 0.0102898
3.59287 -9.27878 -0.00445913
4.38941 -8.81931 -0.00544773
-7.3501 6.70375 0.00912216
-6.70051 7.35367 0.00831596
-7.74865 6.23833 0.00961678
-9.56619 2.72314 0.0118725
3.93037 3.58351 -0.00487834
-5.23584 8.46027 0.00649816
6.47098 7.55662 -0.0080311
6.27887 7.33208 -0.00779273
4.43327 8.90753 -0.00550211
4.15699 9.03989 -0.00515922
-4.157 -9.03989 0.00515924
-7.93698 -5.99665 0.00985054
0.612271 -9.93187 -0.000759914
8.76244 4.70761 -0.010875
8.61338 4.97535 -0.01069
-9.15921 -3.87864 0.0113674
8.90318 4.43541 -0.0110497
9.71561 2.12878 -0.012058
9.64547 2.42711 -0.0119709
9.90344 0.918134 -0.0122911
9.94115 0.306432 -0.0123379
4.43326 -8.90753 -0.0055021
4.157 -9.03989 -0.00515924
4.70534 -8.76672 -0.00583974
4.97295 -8.61758 -0.0061719
9.27425 -3.59462 -0.0115102
9.38049 -3.30717 -0.0116421
8.28875 5.13457 -0.0102872
9.87048 -1.22282 -0.0122502
9.90344 -0.918128 -0.0122911
6.11227 3.78551 -0.00758626
6.08268 3.0295 -0.00754956
5.62667 3.98396 -0.0069836
4.03881 -3.46071 -0.00501294
-9.927 -0.612575 0.0123203
4.70534 8.76671 -0.00583978
-9.03548 -4.159 0.0112139
8.20885 5.44196 -0.010188
-2.42595 -9.65019 0.00301088
-2.12775 -9.72036 0.00264076
8.81505 -4.39145 -0.0109404
8.90318 -4.43542 -0.0110497
-9.71561 -2.12879 0.012058
-9.77652 -1.82844 0.0121336
-9.94115 -0.306433 0.0123379
-9.94587 -8.69496e-07 0.0123438
-9.94115 0.306434 0.0123379
-9.27425 3.5946 0.0115102
-8.76244 4.70761 0.010875
-8.61338 4.97535 0.01069
-6.92367 7.14374 0.00859294
-7.14027 6.92703 0.00886176
-6.47098 7.55662 0.0080311
6.02272 7.0327 -0.00747489
8.76244 -4.70761 -0.010875
1.22224 9.87531 -0.0015169
6.23532 7.75241 -0.00773862
6.70051 7.35367 -0.00831597
-3.59286 -9.27879 0.00445912
-4.97295 -8.61758 0.00617189
-5.23585 -8.46027 0.00649819
4.71775 -7.62243 -0.00585535
4.6091 -6.5131 -0.0057206
5.30971 -6.60072 -0.00659009
7.74865 6.23834 -0.00961679
9.38401 2.98669 -0.0116465
9.3805 3.30716 -0.0116421
9.87048 1.22282 -0.0122502
9.927 0.612573 -0.0123203
9.64547 -2.42711 -0.011971
9.70733 -0.899943 -0.0120478
5.23585 -8.46027 -0.0064982
8.61338 -4.97535 -0.01069
8.20913 1.01685 -0.0101886
6.97813 3.21138 -0.00866084
7.4254 3.41735 -0.00921591
9.15921 -3.87864 -0.0113674
9.82816 -1.52636 -0.0121977
9.927 -0.612587 -0.0123203
9.94115 -0.306419 -0.0123379
4.33793 -3.71712 -0.00538418
4.48548 -5.23671 -0.00556726
4.32217 -5.37242 -0.00536457
6.7005 -7.35368 -0.00831595
6.92367 -7.14374 -0.00859291
-3.59288 9.27878 0.00445911
-2.42595 9.65019 0.00301084
-2.72183 9.57087 0.00337804
5.86777 4.15476 -0.00728281
6.56697 3.79251 -0.00815056
-8.1178 -5.74925 0.010075
-7.55296 6.47411 0.00937394
-7.93698 5.99665 0.00985054
-8.1178 5.74925 0.010075
4.51188 4.95039 -0.00560002
5.23528 4.48636 -0.00649784
4.38793 4.52609 -0.0054462
-6.23532 7.75241 0.00773861
-0.306295 -9.94602 0.000380191
-0.612266 -9.93187 0.000759908
1.18661e-07 -9.95074 -1.47279e-10
-3.30556 -9.38508 0.00410246
5.30274 5.14326 -0.00658153
5.10401 6.76119 -0.00633478
5.4405 5.96986 -0.00675244
5.83059 6.80818 -0.00723648
-9.64547 2.42711 0.0119709
5.51904 -7.79999 -0.00684977
7.6191 -4.71941 -0.00945624
6.78694 -6.58395 -0.00842335
9.52323 2.08659 -0.0118193
9.168 2.30686 -0.0113785
9.54744 0.294285 -0.0118494
9.63214 0.594361 -0.0119545
9.84739 0 -0.0122216
3.01512 -9.48248 -0.00374205
3.30556 -9.38508 -0.00410247
3.87677 -9.16369 -0.00481144
8.11779 -5.74926 -0.0100749
-0.917693 9.90829 0.00113895
9.47784 -3.01659 -0.0117629
9.56619 -2.72312 -0.0118726
9.03548 -4.15899 -0.0112139
-8.76244 -4.70761 0.010875
-9.64547 -2.42711 0.0119709
-9.03548 4.159 0.0112139
-9.15921 3.87864 0.0113674
-3.01513 9.48247 0.00374207
-3.30557 9.38507 0.00410254
2.12776 9.72036 -0.00264075
3.68095 -6.85685 -0.00456867
2.12775 -9.72036 -0.00264076
6.85515 -7.07298 -0.00850794
5.43941 -8.21279 -0.00675088
8.29091 5.49642 -0.0102898
5.68392 4.87102 -0.00705461
5.98456 4.81715 -0.00742772
5.97284 4.51172 -0.00741319
9.67503 1.19859 -0.0120077
5.73009 2.85382 -0.00711197
5.27506 3.2668 -0.00654724
7.67195 -6.17653 -0.00952166
7.14027 -6.92703 -0.00886174
4.43845 6.27183 -0.00550881
-5.74649 8.12174 0.00713193
-5.99374 7.94085 0.00743879
5.21745 4.19939 -0.00647572
-5.49377 8.29495 0.00681829
-8.90318 -4.43542 0.0110497
-9.38049 -3.30717 0.0116421
-9.82816 -1.52635 0.0121977
-0.917698 -9.90829 0.00113893
-1.5256 -9.83298 0.0018934
-1.21013 -9.77754 0.00150184
4.64455 5.09602 -0.00576467
2.72183 9.57087 -0.00337805
3.94044 6.36578 -0.00489073
3.91022 8.50278 -0.00485304
3.90688 7.84904 -0.00484896
6.57494 6.37811 -0.00816027
6.05021 7.52206 -0.00750894
8.32874 4.4744 -0.0103369
8.27181 0 -0.0102664
6.85046 2.17984 -0.00850242
8.35441 0.51546 -0.0103689
8.33459 0.772578 -0.0103443
5.43314 -6.75427 -0.00674326
6.00955 -5.82925 -0.00745868
-1.22223 -9.87532 0.00151691
0.917703 -9.90829 -0.00113894
1.22224 -9.87531 -0.00151692
6.23531 -7.75242 -0.00773857
6.47099 -7.55661 -0.00803113
5.99374 -7.94085 -0.0074388
9.71561 -2.12879 -0.012058
5.74648 -8.12175 -0.0071319
5.49377 -8.29495 -0.00681828
5.63947 -6.18834 -0.00699937
8.88152 -2.23469 -0.011023
9.31512 -0.863546 -0.0115611
9.168 -2.30685 -0.0113785
-4.70535 8.76671 0.00583977
4.45028 3.5817 -0.00552361
4.101 3.97723 -0.00509011
4.42495 -2.37645 -0.00549218
4.35409 2.69629 -0.00540423
5.11726 2.95496 -0.0063514
-3.01512 -9.48248 0.00374205
-2.72184 -9.57087 0.00337808
-1.82756 -9.78131 0.00226822
8.82485 -0.818045 -0.0109527
9.04242 -0.557944 -0.0112227
8.80858 -1.64725 -0.0109325
8.24026 -2.3454 -0.0102272
8.20913 -1.01684 -0.0101886
7.79641 -5.52142 -0.00967619
6.75663 -2.14996 -0.00838598
8.1618 3.45592 -0.0101298
5.00451 7.5556 -0.00621121
4.61412 7.45487 -0.00572673
4.01352 4.98862 -0.0049815
6.18612 5.64133 -0.00767781
8.85845 0.273031 -0.0109944
7.5354 4.66752 -0.00935235
6.73064 5.76868 -0.00835355
6.9817 5.62037 -0.00866513
3.46043 -4.03958 -0.00429509
2.97853 -8.45578 -0.00369679
9.31512 0.863543 -0.0115611
9.38185 -1.16223 -0.0116439
3.75583 -5.30679 -0.00466168
3.38333 -4.48092 -0.00419939
9.77652 -1.82843 -0.0121336
4.56907 5.67948 -0.00567096
2.95547 9.29469 -0.00366805
9.63214 -0.594369 -0.0119545
4.50734 -5.60272 -0.00559437
-8.90318 4.43541 0.0110497
5.12606 5.98499 -0.0063622
6.28206 5.38395 -0.00779689
6.34996 4.49638 -0.00788121
7.37456 3.96142 -0.00915279
8.82485 0.818058 -0.0109527
6.43159 5.51219 -0.00798245
6.79519 2.63316 -0.00843382
8.06852 -4.33449 -0.010014
8.85845 -0.273021 -0.0109944
6.06188 1.72509 -0.00752375
5.00785 3.31891 -0.00621561
6.98638 6.37172 -0.00867086
7.02757 3.7749 -0.00872218
2.83615 -8.91911 -0.00352004
6.18612 -5.64134 -0.00767782
5.51479 5.34905 -0.00684468
6.6749 5.37321 -0.00828441
6.89317 0 -0.00855544
6.63747 -1.45396 -0.0082381
8.33459 -0.772583 -0.0103443
9.38185 1.16223 -0.0116439
6.70977 -3.08781 -0.00832781
6.49408 1.63369 -0.00806014
5.60995 3.47428 -0.00696286
6.50158 -7.13515 -0.00806916
4.45867 -7.20354 -0.00553385
5.72684 -5.55485 -0.00710785
5.37342 -5.21185 -0.00666926
6.63016 1.88688 -0.00822902
8.52439 2.42633 -0.0105798
8.24026 2.3454 -0.0102272
6.39643 -3.69396 -0.00793893
5.97284 -4.51172 -0.00741321
8.42139 1.5748 -0.010452
7.33737 -2.58635 -0.00910669
6.06127 -4.87893 -0.00752293
3  0 1 2
3  3 4 5
3  6 7 8
3  9 10 11
3  12 13 14
3  15 16 17
3  18 19 20
3  21 22 23
3  24 25 26
3  3 5 27
3  28 29 30
3  31 24 32
3  13 33 34
3  22 9 11
3  1 0 35
3  36 37 38
3  39 40 41
3  42 43 5
3  29 44 30
3  45 46 47
3  40 39 48
3  43 24 49
3  28 42 5
3  44 50 51
3  52 53 5
3  25 24 54
3  18 55 56
3  41 40 35
3  25 31 9
3  22 57 58
3  59 24 60
3  41 35 61
3  22 33 62
3  33 63 64
3  65 44 51
3  29 53 44
3  62 64 66
3  67 36 38
3  63 19 36
3  19 68 69
3  36 19 69
3  10 31 32
3  70 33 55
3  52 4 44
3  1 65 2
3  71 72 73
3  74 3 75
3  22 62 66
3  53 52 44
3  53 28 5
3  47 46 51
3  50 47 51
3  76 48 77
3  78 48 76
3  63 33 70
3  55 13 79
3  33 10 34
3  31 10 9
3  80 81 82
3  9 22 21
3  59 32 83
3  10 32 34
3  39 59 60
3  78 76 84
3  64 63 66
3  66 63 85
3  29 28 53
3  4 50 44
3  45 74 86
3  22 66 87
3  68 37 88
3  37 36 69
3  40 65 89
3  46 0 2
3  90 91 92
3  65 51 2
3  93 45 91
3  45 94 81
3  49 26 95
3  96 97 98
3  4 52 5
3  42 28 30
3  50 4 99
3  4 3 99
3  42 40 100
3  42 48 78
3  18 70 55
3  35 40 101
3  24 31 54
3  31 25 54
3  10 33 11
3  33 22 11
3  26 102 103
3  104 45 72
3  59 39 12
3  39 13 12
3  18 41 105
3  63 70 18
3  41 55 79
3  33 13 55
3  32 59 34
3  13 34 14
3  32 24 83
3  24 59 83
3  33 64 62
3  63 36 85
3  80 45 81
3  66 67 106
3  37 69 88
3  69 68 88
3  51 46 2
3  65 40 44
3  50 74 47
3  74 45 47
3  37 46 93
3  46 45 93
3  0 46 107
3  46 37 107
3  38 37 90
3  37 93 90
3  24 26 49
3  108 109 110
3  95 111 112
3  43 49 95
3  3 74 99
3  74 50 99
3  44 40 30
3  40 42 30
3  40 48 100
3  48 42 100
3  84 24 113
3  43 42 78
3  26 25 114
3  38 115 116
3  91 45 92
3  67 38 106
3  34 59 14
3  59 12 14
3  117 13 118
3  39 41 117
3  0 68 35
3  68 19 119
3  19 18 105
3  41 61 120
3  74 75 6
3  22 121 122
3  36 67 85
3  67 66 85
3  37 68 107
3  68 0 107
3  45 86 72
3  123 124 71
3  95 26 125
3  90 126 127
3  128 74 129
3  90 93 91
3  75 3 111
3  111 3 27
3  48 39 77
3  76 60 84
3  78 84 113
3  60 24 84
3  26 114 130
3  114 25 131
3  15 131 132
3  133 134 135
3  19 63 20
3  63 18 20
3  13 117 79
3  117 41 136
3  13 39 118
3  39 117 118
3  101 40 89
3  1 35 101
3  22 137 138
3  139 140 141
3  81 94 123
3  66 106 142
3  131 9 143
3  144 145 146
3  147 142 148
3  149 150 151
3  75 111 96
3  111 95 125
3  152 153 154
3  155 156 157
3  5 43 112
3  43 95 112
3  39 60 77
3  60 76 77
3  25 9 131
3  9 158 159
3  9 160 161
3  9 139 162
3  163 9 164
3  160 165 161
3  90 92 166
3  92 45 167
3  168 169 170
3  45 124 171
3  117 136 79
3  136 41 79
3  41 56 172
3  41 18 56
3  65 1 89
3  1 101 89
3  61 35 173
3  35 68 119
3  19 105 173
3  105 41 173
3  174 22 175
3  176 177 7
3  178 179 180
3  174 175 109
3  38 181 182
3  38 90 181
3  183 184 16
3  185 186 187
3  9 163 184
3  188 168 23
3  21 189 139
3  9 184 190
3  191 102 192
3  193 194 195
3  150 74 151
3  75 196 177
3  111 125 96
3  197 125 198
3  199 181 200
3  201 202 203
3  8 204 205
3  26 178 206
3  5 112 27
3  112 111 27
3  24 43 113
3  43 78 113
3  15 144 146
3  15 143 144
3  160 9 165
3  21 165 207
3  139 189 208
3  9 209 210
3  94 45 123
3  92 167 211
3  123 71 73
3  212 149 73
3  213 90 152
3  81 123 82
3  56 55 172
3  55 41 172
3  22 214 215
3  216 74 155
3  215 214 169
3  22 109 217
3  22 218 219
3  57 219 58
3  22 215 169
3  87 220 221
3  222 38 223
3  38 224 225
3  66 226 227
3  66 147 148
3  194 228 195
3  66 229 230
3  231 232 233
3  161 165 139
3  26 133 135
3  234 235 8
3  9 145 144
3  139 184 236
3  237 74 216
3  170 169 238
3  74 150 149
3  90 239 240
3  74 212 73
3  148 241 242
3  216 123 73
3  243 74 244
3  156 74 157
3  245 246 247
3  204 98 248
3  249 125 250
3  26 251 252
3  26 253 202
3  252 202 201
3  23 168 194
3  133 26 134
3  139 254 140
3  143 9 144
3  66 255 242
3  159 183 16
3  256 159 146
3  9 161 139
3  165 21 139
3  9 207 257
3  21 207 258
3  211 167 82
3  90 166 259
3  167 45 82
3  80 260 261
3  124 123 171
3  123 45 171
3  124 45 71
3  45 104 71
3  61 173 120
3  173 41 120
3  19 173 119
3  173 35 119
3  22 168 188
3  22 188 23
3  262 263 264
3  168 22 265
3  218 137 266
3  22 267 175
3  219 218 58
3  57 22 219
3  22 220 268
3  220 87 137
3  22 221 269
3  22 87 221
3  87 270 271
3  272 222 200
3  66 273 255
3  255 148 242
3  274 275 276
3  226 66 277
3  87 230 278
3  279 230 280
3  281 282 283
3  38 284 285
3  26 286 134
3  26 287 288
3  289 290 231
3  21 23 194
3  149 212 291
3  86 74 73
3  74 246 245
3  74 245 235
3  292 201 203
3  125 197 250
3  26 293 294
3  216 155 157
3  134 286 288
3  295 296 297
3  287 103 288
3  103 102 288
3  298 178 203
3  102 191 179
3  131 143 132
3  143 15 132
3  145 9 146
3  228 169 217
3  9 256 146
3  256 9 159
3  207 165 257
3  165 9 257
3  207 9 258
3  9 21 258
3  299 300 301
3  166 92 211
3  82 123 302
3  90 300 299
3  45 260 82
3  260 80 82
3  260 45 261
3  45 80 261
3  72 86 73
3  71 104 72
3  303 304 305
3  189 21 194
3  168 265 122
3  265 22 122
3  267 266 109
3  304 140 306
3  109 266 110
3  267 22 58
3  7 307 8
3  308 309 310
3  266 311 312
3  313 314 315
3  137 218 138
3  218 22 138
3  220 137 268
3  137 22 268
3  221 220 269
3  220 22 269
3  38 316 317
3  316 182 199
3  38 318 223
3  147 66 319
3  320 15 192
3  26 252 201
3  189 194 193
3  102 26 130
3  66 321 322
3  226 323 227
3  66 279 280
3  279 66 230
3  216 151 324
3  151 74 324
3  244 128 325
3  157 74 325
3  212 74 291
3  74 149 291
3  125 326 327
3  129 74 235
3  6 75 7
3  176 75 177
3  250 198 203
3  96 98 204
3  7 177 307
3  250 197 198
3  178 134 288
3  26 328 329
3  9 183 330
3  183 159 330
3  163 164 210
3  164 9 210
3  90 259 302
3  211 82 302
3  331 152 154
3  181 332 127
3  308 333 334
3  90 299 301
3  175 267 109
3  168 122 169
3  122 121 335
3  121 22 335
3  336 337 338
3  339 137 314
3  182 181 199
3  316 38 182
3  232 340 341
3  318 38 199
3  147 319 142
3  319 66 142
3  342 241 116
3  38 285 343
3  230 87 280
3  87 66 280
3  17 304 344
3  26 345 346
3  102 178 288
3  287 26 103
3  102 130 192
3  130 114 192
3  204 248 327
3  347 296 233
3  26 348 345
3  178 345 206
3  149 151 73
3  151 216 73
3  74 237 349
3  237 216 349
3  156 155 350
3  243 244 325
3  128 244 351
3  74 243 325
3  352 353 354
3  245 247 235
3  307 204 8
3  96 204 307
3  235 247 8
3  303 296 355
3  75 96 307
3  75 176 7
3  125 294 198
3  125 26 294
3  286 328 288
3  328 26 288
3  328 286 329
3  286 26 329
3  184 183 190
3  9 190 356
3  357 17 344
3  184 358 359
3  159 158 330
3  158 9 330
3  360 254 193
3  139 208 361
3  110 266 362
3  274 363 364
3  365 363 366
3  131 320 192
3  9 162 236
3  162 139 236
3  184 210 236
3  184 163 210
3  166 211 302
3  308 367 368
3  90 353 369
3  90 370 371
3  259 166 302
3  126 371 127
3  370 213 371
3  370 90 213
3  222 199 200
3  152 301 352
3  122 335 169
3  335 22 169
3  316 199 317
3  199 38 317
3  38 372 373
3  272 373 374
3  333 342 116
3  241 148 116
3  66 270 375
3  270 87 278
3  226 277 323
3  277 66 323
3  255 273 148
3  273 66 148
3  285 284 343
3  374 376 377
3  267 58 266
3  58 218 266
3  210 209 236
3  209 9 236
3  114 131 192
3  131 15 320
3  152 352 354
3  367 378 368
3  333 373 334
3  379 380 381
3  134 178 135
3  26 135 382
3  347 383 384
3  178 102 179
3  252 251 202
3  251 26 202
3  345 178 346
3  178 384 203
3  74 349 324
3  349 216 324
3  155 74 350
3  74 156 350
3  244 74 351
3  74 128 351
3  98 97 248
3  97 96 248
3  205 204 384
3  204 327 384
3  246 74 247
3  384 178 180
3  128 129 235
3  152 90 301
3  177 196 307
3  196 75 307
3  190 183 356
3  183 9 356
3  159 16 146
3  16 15 146
3  208 254 361
3  254 139 361
3  385 386 387
3  296 347 297
3  179 191 355
3  109 108 228
3  371 213 127
3  126 90 371
3  90 388 389
3  353 90 390
3  302 353 240
3  90 302 388
3  109 228 217
3  22 174 109
3  38 376 374
3  376 38 377
3  373 272 334
3  333 116 373
3  148 142 116
3  284 373 343
3  323 241 227
3  227 241 322
3  391 392 393
3  393 394 395
3  230 229 278
3  229 66 278
3  241 323 242
3  323 66 242
3  396 333 310
3  397 363 395
3  142 106 116
3  106 38 116
3  398 362 312
3  266 137 311
3  108 110 362
3  228 108 362
3  141 140 399
3  304 359 400
3  192 17 357
3  192 15 17
3  304 17 359
3  140 304 399
3  301 300 352
3  300 90 352
3  135 178 382
3  178 26 382
3  26 292 203
3  292 26 201
3  345 348 206
3  348 26 206
3  202 253 298
3  253 26 298
3  248 96 327
3  96 125 327
3  355 296 295
3  202 298 203
3  383 205 384
3  295 384 401
3  402 304 306
3  313 392 403
3  281 234 385
3  232 290 275
3  140 254 306
3  398 404 362
3  402 360 405
3  404 406 362
3  332 90 127
3  181 90 332
3  353 390 240
3  390 90 240
3  407 216 281
3  123 216 407
3  353 302 354
3  408 181 127
3  388 302 389
3  302 240 389
3  169 214 217
3  214 22 217
3  272 225 222
3  272 38 225
3  373 116 343
3  284 38 373
3  321 227 322
3  321 66 227
3  409 313 403
3  271 270 410
3  411 123 412
3  216 234 281
3  66 375 413
3  375 270 413
3  116 115 343
3  115 38 343
3  304 414 344
3  191 192 357
3  358 184 141
3  184 139 141
3  17 16 359
3  359 16 415
3  247 74 8
3  74 6 8
3  235 234 157
3  234 216 157
3  416 313 315
3  154 283 417
3  152 331 408
3  385 387 187
3  353 352 369
3  352 90 369
3  302 153 354
3  153 152 354
3  178 298 346
3  298 26 346
3  249 327 418
3  327 326 418
3  8 205 386
3  205 383 386
3  414 191 344
3  191 357 344
3  303 414 419
3  404 398 420
3  402 404 420
3  296 303 336
3  254 208 193
3  208 189 193
3  421 420 422
3  304 402 305
3  228 194 170
3  194 168 170
3  409 423 312
3  402 406 424
3  282 186 417
3  283 282 417
3  240 239 389
3  239 90 389
3  225 224 222
3  224 38 222
3  373 372 374
3  372 38 374
3  241 270 322
3  270 66 322
3  232 425 364
3  137 339 312
3  410 270 381
3  426 396 310
3  312 339 314
3  403 392 427
3  387 340 428
3  341 387 429
3  362 406 430
3  228 362 195
3  276 275 431
3  337 421 338
3  270 278 413
3  278 66 413
3  141 399 400
3  399 304 400
3  16 184 415
3  184 359 415
3  128 235 325
3  235 157 325
3  408 331 263
3  408 262 432
3  153 302 154
3  281 186 282
3  241 342 396
3  386 383 387
3  308 334 200
3  334 272 200
3  270 241 381
3  309 368 433
3  198 293 203
3  327 249 250
3  326 125 418
3  125 249 418
3  234 386 385
3  234 8 386
3  191 414 355
3  414 303 355
3  402 337 336
3  289 336 338
3  414 304 419
3  304 303 419
3  303 305 434
3  305 402 434
3  254 360 306
3  360 402 306
3  421 337 420
3  337 402 420
3  169 228 238
3  228 170 238
3  360 406 405
3  406 402 405
3  406 404 435
3  406 435 424
3  426 241 396
3  379 426 394
3  187 387 428
3  185 436 437
3  318 199 223
3  199 222 223
3  38 272 377
3  272 374 377
3  363 392 391
3  393 395 438
3  271 380 416
3  380 392 313
3  379 241 426
3  436 363 437
3  362 266 312
3  311 137 312
3  313 409 314
3  409 312 439
3  290 232 231
3  289 231 233
3  421 398 431
3  423 365 366
3  185 397 440
3  363 436 441
3  387 383 429
3  232 442 233
3  193 195 430
3  195 362 430
3  359 358 400
3  358 141 400
3  213 152 127
3  152 408 127
3  302 123 411
3  281 411 412
3  232 441 428
3  333 308 443
3  181 262 200
3  262 308 200
3  262 181 432
3  181 408 432
3  308 262 367
3  262 408 444
3  378 264 445
3  263 446 445
3  294 293 198
3  293 26 203
3  384 327 203
3  327 250 203
3  186 281 187
3  241 379 381
3  384 180 401
3  179 355 295
3  421 290 338
3  290 289 338
3  402 336 434
3  336 303 434
3  420 398 422
3  398 421 422
3  435 404 424
3  404 402 424
3  380 410 381
3  380 271 410
3  137 87 314
3  380 313 416
3  363 423 403
3  423 409 403
3  423 363 365
3  425 274 364
3  296 336 233
3  336 289 233
3  274 425 275
3  425 232 275
3  340 232 428
3  185 187 428
3  397 395 440
3  271 416 315
3  406 360 430
3  360 193 430
3  186 263 417
3  154 302 283
3  123 407 412
3  407 281 412
3  262 444 263
3  444 408 263
3  233 341 429
3  340 387 341
3  441 436 185
3  281 385 187
3  347 384 297
3  384 295 297
3  180 179 401
3  179 295 401
3  392 380 393
3  380 379 393
3  342 333 396
3  309 426 310
3  392 363 427
3  363 403 427
3  232 364 447
3  364 363 447
3  398 312 448
3  312 423 448
3  363 274 366
3  276 398 449
3  398 276 431
3  274 276 449
3  186 185 450
3  186 450 451
3  302 411 283
3  411 281 283
3  263 331 417
3  331 154 417
3  263 186 446
3  368 378 445
3  233 442 341
3  442 232 341
3  264 263 445
3  309 308 368
3  391 393 438
3  393 379 394
3  333 443 310
3  443 308 310
3  363 397 437
3  397 185 437
3  314 87 315
3  87 271 315
3  312 314 439
3  314 409 439
3  363 441 447
3  441 232 447
3  398 448 449
3  448 423 452
3  275 290 431
3  290 421 431
3  448 452 449
3  452 274 449
3  394 450 453
3  441 185 428
3  394 426 450
3  445 186 451
3  378 367 264
3  367 262 264
3  383 347 429
3  347 233 429
3  446 186 445
3  309 445 454
3  274 452 366
3  452 423 366
3  368 445 433
3  445 309 433
3  450 426 451
3  426 309 451
3  450 440 453
3  450 185 440
3  395 363 438
3  363 391 438
3  445 451 454
3  451 309 454
3  440 395 453
3  395 394 453
