OFF
1212 2420 0
-70.7158 45.5675 133.926
-59.506 47.4845 116.657
-67.1828 39.4388 120.973
24.1641 71.139 112.343
9.34295 71.8006 108.024
10.3367 73.9444 112.342
70.3594 -7.16967 103.708
67.4133 -11.3564 99.3891
70.4544 -6.54414 103.708
72.2632 -9.56916 108.025
71.2391 -15.8536 108.026
21.2436 111.958 202.988
36.0719 128.554 263.392
47.5342 114.007 233.19
-5.13957 8.29287 -0.0197624
-5.24354 8.46031 -0.0201617
-4.66554 8.67998 -0.0179395
-77.401 -140.807 414.337
-68.8425 -143.656 435.896
-71.102 -142.449 435.896
92.032 -63.4395 198.671
94.3622 -112.34 293.596
83.6629 -96.2937 241.822
124.903 -66.5087 284.965
116.777 -70.626 272.02
5.75494 -8.12178 0.022128
7.36095 -6.7038 0.0283031
6.71038 -7.35372 0.0258017
59.5722 -21.5043 90.7507
61.1482 -24.346 95.0698
9.17276 -3.87868 0.0352696
-3.70225 -5.2279 -0.0142402
-3.81623 -5.38871 -0.0146784
-3.86162 -5.11154 -0.014853
9.9606 0 0.0382988
12.5606 0.287935 4.35835
12.5649 0 4.35837
69.5779 -22.2992 108.026
104.676 0 168.476
22.0801 -111.796 202.988
6.29557 -141.151 293.587
-0.831258 -123.793 237.503
-3.33776 -7.25028 -0.0128371
-3.73142 -6.94452 -0.0143511
-3.29651 -7.16079 -0.0126786
-45.9246 127.314 435.896
-38.7983 -129.755 435.896
130.971 70.51 435.896
54.6595 152.185 435.896
65.0581 147.735 435.896
54.7876 152.119 431.584
-155.469 -44.5952 414.337
-156.748 6.85435 435.896
-159.023 -9.5827 384.154
-133.08 94.7947 410.026
-113.243 118.95 431.584
-99.9912 130.174 418.65
9.04885 4.15904 0.0347931
9.28798 3.59465 0.0357126
9.49187 3.01662 0.0364965
-141.688 62.746 435.896
-152.052 35.601 435.896
67.8578 47.7647 129.612
84.079 47.6864 159.829
62.4188 41.7281 112.343
173.891 0 435.896
134.581 85.5558 422.961
135.989 73.74 435.896
53.7966 41.539 99.3876
59.9575 41.5748 108.026
53.4317 37.8677 95.0685
16.9524 93.4683 155.513
8.50087 96.5733 159.83
-5.22914 7.88457 -0.0201075
-5.0356 8.12542 -0.0193631
-5.1746 7.80248 -0.019898
-31.4538 69.8343 116.659
-47.1076 60.1275 116.658
-41.2934 80.7438 146.879
-155.94 26.8381 422.96
-155.716 17.6822 435.896
2.85975 71.9784 108.022
0.306734 9.94602 0.00117941
-64.4251 148.378 435.896
110.59 -30.4575 207.301
84.1285 -47.5994 159.829
126.132 0 215.953
-4.61546 -159.515 384.155
30.3838 -147.595 341.03
23.6456 -157.421 418.648
-121.929 -104.321 362.597
-94.2352 -95.5318 267.705
-100.993 -100.267 297.901
-137.778 58.0529 328.093
-119.23 90.4697 332.404
-126.552 44.9663 254.771
-94.3493 85.6756 241.822
-117.444 72.7885 284.958
-117.802 96.9441 345.344
-97.5339 131.812 414.338
91.3498 64.4153 198.671
66.982 52.0513 133.928
53.4312 -37.8684 95.0685
55.2452 -35.4148 95.069
59.9568 -41.5758 108.026
66.5757 38.6539 116.66
67.9636 31.7832 112.343
67.2195 28.8268 108.026
173.72 0 422.963
136.007 79.1109 336.726
173.815 0 427.274
55.3764 -141.374 332.408
75.6694 -141.479 418.649
-96.1566 49.122 185.727
-69.4798 51.1327 138.243
-77.1142 121.341 293.591
-64.9378 86.8594 185.729
7.5641 6.47417 0.0290843
51.5139 40.4435 95.0685
7.76008 6.23839 0.0298378
-3.18941 4.50419 -0.0122684
-2.85397 4.60798 -0.0109785
-2.94015 4.43589 -0.0113099
-9.53425 116.792 211.618
-0.0795308 90.8016 146.879
-23.035 107.425 194.355
141.15 -75.7236 392.778
134.272 -86.9332 414.337
-6.37138 -6.17329 -0.0245005
-5.83458 -6.01293 -0.0224373
-5.77943 -6.33512 -0.022225
46.2236 -59.2441 112.344
63.9697 -70.2529 155.513
50.5075 -70.6991 138.245
53.265 58.276 120.977
51.3189 51.8817 108.026
46.2356 59.235 112.344
81.6501 -131.476 435.896
41.9565 -116.195 233.19
22.1682 -134.827 280.644
73.8583 -112.74 263.394
59.0482 -14.7694 86.4316
9.65976 -2.42714 0.0371421
59.6407 -12.4675 86.4318
-5.45052 5.28216 -0.0209614
-5.61586 4.80877 -0.0215971
-5.992 4.81892 -0.023043
127.916 0 220.269
-116.284 -106.877 435.896
-68.7903 -143.699 427.272
-3.36075 -164.248 431.584
-73.0548 -104.469 241.822
-145.69 64.2609 431.584
-133.546 33.295 267.712
-125.591 22.4578 237.511
-94.1737 133.977 410.026
-105.659 22.9243 185.728
-113.249 9.32448 202.987
-154.871 36.4224 422.961
42.0627 78.3373 142.562
35.8026 66.0699 112.344
32.0855 74.2308 125.294
55.1477 51.0089 112.343
61.1481 24.3463 95.0698
61.5961 29.2521 99.3884
108.815 0 177.109
106.758 0 172.792
81.0697 25.4771 133.929
65.6658 -6.21668 95.0703
57.923 -25.406 90.7503
61.5964 -29.2515 99.3884
22.9732 139.421 293.587
4.65473 158.225 358.283
20.4903 156.257 353.971
100.88 106.552 293.596
79.2627 135.924 336.726
109.609 111.012 345.346
134.751 0 237.529
113.385 -54.4035 237.507
133.088 0 233.214
173.415 0 414.341
173.586 0 418.652
-29.9747 157.764 379.843
-38.0116 156.161 375.532
-33.0224 157.26 384.155
-45.5887 107.867 215.93
-4.61849 -5.38804 -0.0177628
-4.20285 -5.22058 -0.0161649
-4.15884 -5.50461 -0.0159956
-9.95588 -0.306433 -0.0382807
-9.95588 0.306434 -0.0382807
-87.049 30.4184 151.194
-79.9311 16.6317 129.607
-58.1621 74.64 155.512
-55.7615 74.0006 151.195
-61.2338 72.1612 155.512
-8.68847 4.66112 -0.0334077
-7.48547 5.29445 -0.0287834
-7.88143 4.87582 -0.0303056
31.6905 87.2251 151.196
-47.2958 -56.7796 112.339
-59.5105 -47.4785 116.657
-52.2956 -51.6068 112.337
6.93388 7.14379 0.0266611
6.71038 7.35372 0.0258017
63.2491 -18.4445 95.07
64.2194 -23.1544 99.3887
40.739 -59.9822 108.024
-112.135 40.2183 211.623
-79.133 -2.29145 125.288
-76.8182 -4.39207 120.97
-89.505 -6.63911 146.876
10.3335 -73.9448 112.342
5.55815 -76.6727 116.66
9.34164 -71.8007 108.024
-0.157125 -90.8012 146.879
8.43162 -96.5792 159.83
55.1472 -51.0094 112.343
67.8646 -47.7551 129.612
66.979 -52.0551 133.928
67.2183 -28.8297 108.026
79.7565 -29.4033 133.929
75.1272 -35.0475 129.611
117.222 -56.8768 250.451
31.732 -87.2102 151.196
16.7047 -93.5121 155.513
24.1626 -71.1395 112.343
-68.439 65.0794 155.512
-76.6545 60.4248 164.143
-76.8185 4.38893 120.97
-75.5884 16.9422 120.972
-73.7833 11.2188 116.652
-30.8503 -67.5038 112.34
-5.24355 -8.46031 -0.0201617
-4.98027 -8.61761 -0.0191494
-4.5984 4.74021 -0.0176857
-4.87307 5.02308 -0.0187416
-4.58301 5.02502 -0.0176265
-8.68847 -4.66112 -0.0334077
-7.88143 -4.87583 -0.0303056
-7.48547 -5.29445 -0.0287834
-82.2281 -136.122 435.896
-81.2781 -78.9938 202.986
-94.4774 -59.4451 198.671
-76.4625 -60.6637 164.143
-48.5377 -143.893 319.473
-109.447 -115.868 384.155
-123.828 -72.9957 293.591
-123.835 -52.0121 254.771
-158.402 5.07054 388.466
-158.342 4.88439 379.842
-145.165 64.391 392.778
-148.904 38.4856 362.59
-148.318 56.1082 422.96
-146.005 53.5576 435.896
-54.7179 152.148 427.272
16.9586 157.542 431.584
9.20992 148.806 435.896
21.3632 156.205 435.896
-29.6084 157.654 384.155
-28.8423 157.88 379.843
-96.0345 132.581 435.896
-104.847 126.692 435.896
91.6887 0 142.572
89.4463 0 138.254
72.2632 9.56961 108.025
15.0811 1.19864 8.67802
15.1125 0.959184 8.67817
12.4962 1.14974 4.35809
93.9097 0 146.889
53.7973 -41.538 99.3876
62.4178 -41.7296 112.343
56.1176 0.500911 77.7941
58.6054 0 82.1133
56.1238 0 77.7941
62.0708 -13.199 90.7511
66.1269 -17.1851 99.3889
101.563 -118.48 375.529
115.505 -104.045 362.593
113.152 -108.523 422.96
-45.7831 -150.513 397.089
135.831 51.1659 297.904
152.207 0 289.296
150.935 0 284.983
110.821 59.4455 237.507
46.8931 93.959 181.408
73.7395 141.919 435.896
-50.6767 59.6415 120.975
-43.0025 145.625 319.473
-6.96431 141.966 297.9
58.4377 150.36 414.337
69.0875 145.473 405.714
69.0179 91.7608 207.301
41.392 64.9256 116.66
63.9495 70.2712 155.513
-93.6503 60.747 198.671
-68.1824 33.182 116.656
-30.8507 67.5035 112.34
-7.1508 6.92708 -0.0274951
-7.5641 6.47416 -0.0290843
-7.36095 6.7038 -0.0283031
6.93388 -7.14379 0.0266611
-3.01956 9.48249 -0.0116104
-21.525 68.4202 108.021
-2.72583 9.57088 -0.010481
40.7411 59.9808 108.024
5.24355 8.46031 0.0201617
-3.90244 74.2481 112.341
0.0560058 71.9116 108.022
-5.453 -6.36034 -0.0209702
-5.5172 -6.43513 -0.0212169
-2.90588 4.69175 -0.0111781
-35.2002 -61.8813 108.019
-47.1116 -60.1242 116.658
1.18661e-07 -9.95074 4.56602e-10
2.86039 -71.9784 108.022
-0.306737 -9.94602 -0.00117941
-3.70908 -8.05565 -0.0142637
-3.95561 -7.93774 -0.0152117
-3.8676 -7.7614 -0.0148736
15.0811 -1.19865 8.67802
60.5439 -7.62184 86.4322
15.0428 -1.43787 8.67783
7.94871 -5.99669 0.0305631
48.2845 -93.2377 181.408
63.1427 -95.8911 207.301
41.3799 -64.9332 116.66
4.98027 -8.61761 0.0191494
4.71226 -8.76674 0.0181189
5.24355 -8.46031 0.0201617
118.71 0 198.691
120.608 0 203.006
87.9274 -22.9421 146.879
136.384 0 241.843
-3.90637 -74.2479 112.341
0.810903 -78.7467 120.976
-18.6084 -115.682 211.618
-129.013 -47.8806 267.712
-128.027 -91.7066 435.896
-138.65 -73.5183 435.896
-132.887 -83.8218 435.896
-5.31915 -4.84657 -0.0204565
-5.61586 -4.80877 -0.0215971
42.0012 -78.37 142.562
35.8089 -66.0666 112.344
-3.13153 -6.80282 -0.0120446
-8.36499 -71.5758 108.022
-2.13088 -9.72037 -0.00819337
-3.77959 -7.58506 -0.0145355
-98.8268 -124.016 435.896
-123.79 -103.169 414.337
-37.9403 -108.541 207.302
-84.3183 -134.729 435.896
-131.427 -95.1843 388.468
-102.551 128.321 435.896
-64.2723 149.099 392.779
-60.0626 150.613 388.467
-74.7271 144.349 392.779
-77.1617 143.514 418.649
-74.8065 144.639 410.026
-80.4065 141.68 397.091
-37.1176 156.335 397.09
6.52105 158.668 414.337
-32.7968 157.023 392.778
114.831 0 190.058
116.784 0 194.375
79.7708 29.3646 133.929
75.1168 35.0697 129.611
70.4546 6.5417 103.708
87.183 0 133.936
65.9513 -46.9589 125.294
66.1275 17.1828 99.3889
71.2401 15.8492 108.026
67.4134 11.3558 99.3891
87.9014 23.0412 146.879
69.5791 22.2955 108.026
125.968 60.5756 276.338
81.0644 -25.4937 133.929
9.04885 -4.15904 0.0347931
9.49187 -3.01662 0.0364965
9.28798 -3.59465 0.0357126
58.1528 -35.4199 99.3881
122.478 0 207.322
164.727 0 341.046
162.08 0 328.11
161.125 0 323.798
148.289 0 276.356
146.916 0 272.042
69.7379 144.757 435.896
67.4333 146.256 435.896
115.725 102.264 336.721
73.4055 142.197 435.896
-13.1017 159.045 366.908
-4.45188 158.895 362.596
-48.5228 125.148 267.705
7.1508 6.92708 0.0274951
-3.15442 5.46147 -0.0121336
60.7824 62.277 138.246
-37.2083 93.682 168.463
-84.2857 75.7577 202.986
-77.6267 41.8458 142.56
-72.9856 32.2666 125.29
-4.56785 -7.37184 -0.0175663
-5.16969 -6.8408 -0.0198806
-4.89936 -6.91621 -0.0188413
51.5141 -40.4433 95.0685
51.3168 -51.8838 108.026
49.2536 -42.9496 95.068
-4.93942 5.76203 -0.0189964
-5.24762 5.75291 -0.0201812
-5.1962 6.0612 -0.0199833
3.88247 9.1637 0.0149283
2.72582 9.57088 0.0104809
3.31043 9.38509 0.0127288
-61.1517 -72.2315 155.512
-55.7237 -74.0295 151.195
-58.3904 -74.4597 155.512
-89.4471 -82.1292 228.874
-11.0592 -73.648 112.341
118.289 54.6038 250.451
129.67 0 224.584
-9.9606 -8.70783e-07 -0.0382988
-13.4875 -75.5592 116.659
-63.8518 -87.665 185.729
-37.765 -93.4569 168.463
-113.527 -5.09049 202.987
-8.04924 -5.69246 -0.0309499
-8.12979 -5.74931 -0.0312594
-8.30316 -5.49647 -0.031926
-3.20775 -6.43873 -0.012338
-3.09029 -6.71333 -0.0118861
-41.2816 -80.7499 146.879
-93.7818 -128.051 410.024
-88.4148 -131.855 435.896
-90.4214 -130.376 435.896
-102.501 -120.755 435.896
-100.672 -122.404 435.896
-151.255 -11.1741 332.407
-151.159 29.3335 362.59
-152.252 -4.70441 336.72
-144.837 50.301 358.278
-45.2442 154.809 401.402
-51.89 153.061 384.156
-47.5934 154.208 405.714
-67.5942 147.816 397.091
-90.3492 136.288 405.715
-79.7945 142.205 435.896
-154.704 23.2323 435.896
-155.383 19.6845 435.896
-143.838 58.3923 435.896
-149.939 42.3064 435.896
15.1647 0.239906 8.67842
12.5262 0.863005 4.35821
12.5477 0.57567 4.3583
9.94171 0.612582 0.0382262
70.2939 35.9537 120.977
60.963 -17.4247 90.7509
63.2492 18.4444 95.07
62.0709 13.1986 90.7511
-2.90785 -5.03487 -0.0111856
-2.85854 -4.94954 -0.010996
-3.15803 -4.76441 -0.0121477
58.4714 -30.0245 95.0694
8.46865 -5.23842 0.0325623
100.439 0 159.841
102.569 0 164.159
-2.95716 -5.12019 -0.0113752
8.62612 -4.9754 0.0331677
14.8517 -152.263 435.896
30.4982 -156.356 435.896
169.616 0 371.228
170.165 0 375.54
145.509 0 267.728
156.948 0 306.548
158.045 0 310.86
173.872 0 431.585
-10.8038 79.9212 125.293
-9.93611 83.7833 133.927
56.8256 151.161 418.649
37.8069 151.433 345.346
29.2324 154.108 349.659
5.5744 76.6717 116.66
30.3465 66.0865 108.025
4.71226 8.76674 0.0181189
8.91635 4.43546 0.0342837
8.77539 4.70766 0.0337417
85.9336 94.2735 241.822
50.4815 70.7175 138.245
46.6155 55.9236 108.025
-27.715 111.555 207.302
0.830295 78.7467 120.976
9.34466 88.3915 142.562
-3.9555 -4.91358 -0.015214
-3.50501 4.63983 -0.0134819
-3.72007 4.34068 -0.0143088
-3.56444 4.71845 -0.0137104
-3.50501 -4.63983 -0.0134819
-5.06876 -6.2949 -0.0194932
-4.57502 -6.05485 -0.0175953
-4.81287 -6.36925 -0.0185094
-89.5086 6.5963 146.876
-78.7124 7.34684 125.288
-72.8475 25.6869 120.971
-0.91904 9.90829 -0.00353376
-8.35949 71.5765 108.022
-0.61318 9.93187 -0.00235771
-3.32123 5.36186 -0.0127751
-3.93022 5.54952 -0.0151166
-3.70284 5.58565 -0.0142423
-8.46865 5.23842 -0.0325623
-8.04924 5.69246 -0.0309499
-8.2209 5.44212 -0.0316099
5.75494 8.12179 0.022128
30.3426 -66.0882 108.025
-3.12462 -5.81628 -0.0120188
-3.1051 -5.37615 -0.011944
-3.18941 -4.50419 -0.0122684
-2.94015 -4.43589 -0.0113099
-3.16546 -5.11058 -0.0121762
46.6158 -55.9233 108.025
4.43978 -8.90756 0.0170712
4.16311 -9.03991 0.0160074
-3.24476 -9.19929 -0.0124767
-3.01956 -9.48249 -0.0116104
66.5835 -38.6407 116.66
-9.65976 2.42714 -0.0371421
-9.58036 2.72317 -0.0368368
-47.2959 56.7795 112.339
-6.71038 7.35371 -0.0258017
-6.48052 7.55667 -0.0249179
-35.2032 61.8795 108.019
-5.35561 7.55922 -0.0205942
-68.551 -64.9601 155.512
-50.6826 -59.6363 120.975
-121.681 -38.4403 237.511
-97.4387 -46.5557 185.727
-109.492 -46.8918 211.623
-87.0053 -30.5463 151.194
26.6104 -111.926 207.302
53.2656 -58.2754 120.977
60.7089 -62.3482 138.246
70.3027 -35.9367 120.977
67.9681 -31.7736 112.343
-1.83025 -9.78131 -0.00703739
-1.52786 -9.83298 -0.00587469
-7.03946 -6.02592 -0.0270685
-6.9233 -6.30595 -0.0266217
-7.6063 -6.115 -0.029247
1.52786 -9.83298 0.00587471
1.83025 -9.78131 0.00703739
-12.5244 -139.75 293.585
-10.7871 -79.9236 125.293
-149.287 -46.3766 379.84
-149.759 -38.3731 435.896
-90.3789 -115.095 315.154
-91.2892 -118.297 332.404
-73.3173 -141.218 435.896
-86.3806 -133.307 435.896
-106.039 -117.414 435.896
-114.727 -108.68 435.896
-107.762 -115.709 435.896
-45.7102 154.619 379.844
-44.5442 154.862 379.844
-41.0337 155.593 401.402
-47.1451 154.217 410.025
-25.4181 158.324 375.531
-21.6034 158.709 371.22
-51.7074 153.068 414.337
-53.1113 152.615 422.961
-103.701 127.513 435.896
-73.0867 145.142 435.896
-70.4483 146.631 401.403
-67.5409 147.293 435.896
-142.365 61.429 435.896
-145.252 55.3076 435.896
-151.031 38.9745 435.896
9.88511 -1.22284 0.0380085
9.88511 1.22284 0.0380085
9.72999 2.12881 0.0374121
9.65976 2.42714 0.0371421
64.2201 23.1525 99.3887
60.1426 10.0799 86.432
59.6407 12.4677 86.4318
-3.05579 5.29083 -0.0117544
-3.11355 5.02681 -0.0119766
68.3941 0 99.3892
70.7493 2.63722 103.708
70.8037 0 103.708
58.4479 -3.68875 82.1131
58.3287 -4.87741 82.113
43.5412 0 56.197
70.6112 4.92704 103.708
82.5962 0 125.3
80.2738 0 120.982
30.7284 0 34.5983
60.5439 7.62215 86.4322
68.153 5.64545 99.3892
63.3648 4.44944 90.7514
58.4479 3.68881 82.1131
46.0788 0 60.5165
58.5348 -2.47398 82.1132
60.8363 -5.11138 86.4323
7.56411 -6.47416 0.0290843
7.76008 -6.23839 0.0298378
9.791 -1.82845 0.0376467
9.72999 -2.12881 0.0374121
29.4868 -156.565 422.96
139.554 0 250.472
137.985 0 246.158
155.815 0 302.235
172.349 0 397.096
171.988 0 392.785
166.308 0 349.67
167.044 0 353.982
172.673 0 401.408
169.029 0 366.917
165.536 0 345.358
45.0178 111.702 224.56
65.9381 46.9772 125.294
12.3762 83.9098 133.928
12.0245 81.9095 129.611
-13.4883 75.559 116.659
-21.8244 83.7826 138.244
6.2445 7.75246 0.0240104
7.36094 6.7038 0.0283031
-75.5892 -16.9384 120.972
-9.88511 -1.22284 -0.0380085
-9.84272 -1.52637 -0.0378456
-9.84272 1.52637 -0.0378456
-9.5641 2.40315 -0.0367744
-6.45262 4.86964 -0.0248136
-4.23342 -4.9392 -0.0162825
-3.59815 9.2788 -0.0138351
-3.88247 9.1637 -0.0149283
-70.6818 -45.6216 133.926
-77.6936 -41.7189 142.56
-137.348 2.79036 280.646
-24.208 72.339 116.658
6.48052 7.55667 0.0249179
-3.32146 5.01079 -0.0127761
-4.23342 4.9392 -0.0162825
-4.20285 5.22058 -0.0161649
-3.86162 5.11154 -0.014853
6.00257 7.94089 0.0230802
0.613179 -9.93187 0.00235772
0.306737 -9.94602 0.00117941
0.919042 -9.90829 0.00353377
-0.306735 9.94602 -0.00117941
-4.34961e-07 9.95074 -1.6737e-09
-3.55962 7.14418 -0.0136903
17.767 0.177562 12.9985
17.7586 0.355196 12.9984
20.3666 0.115603 17.3185
6.48052 -7.55667 0.0249179
6.2445 -7.75246 0.0240104
2.72583 -9.57088 0.0104809
3.01956 -9.48248 0.0116104
32.0872 -74.23 125.294
-3.03185 -6.08599 -0.0116619
3.59816 -9.2788 0.0138351
1.22403 -9.87532 0.00470647
-3.46151 -7.51875 -0.0133126
-9.17276 3.87869 -0.0352696
-9.04885 4.15904 -0.0347931
-8.91635 4.43546 -0.0342837
-52.2951 51.6073 112.337
-4.16311 9.03991 -0.0160074
-4.43979 8.90755 -0.0170712
-6.12113 5.57636 -0.0235391
-6.06536 5.1932 -0.0233249
-6.29013 5.38539 -0.0241888
-11.0583 73.6482 112.341
-79.1343 2.26719 125.288
-6.2445 -7.75246 -0.0240104
-5.64083 -7.96107 -0.0216898
-5.50185 -8.29499 -0.0211549
-68.1832 -33.1801 116.656
-67.1752 -39.4524 120.973
-105.396 -24.0819 185.728
72.6703 -84.3529 198.67
124.32 0 211.638
-143.006 -64.0617 384.152
-120.776 -101.344 435.896
-122.205 -99.4701 435.896
-148.206 -57.7215 422.96
-5.45052 -5.28216 -0.0209614
-21.5232 -68.4208 108.021
-31.461 -69.8309 116.659
-6.48052 -7.55667 -0.0249179
-6.18261 -7.67575 -0.0237727
0.0545181 -71.9116 108.022
-21.7992 -83.7893 138.244
-4.43719 -7.67945 -0.0170635
-4.33851 -8.07262 -0.0166835
-4.63464 -8.02062 -0.017822
-5.76456 -7.62661 -0.022166
-5.22914 -7.88457 -0.0201075
-27.0832 -73.7282 120.976
131.329 -83.7029 422.96
133.445 -59.9044 435.896
-104.285 -119.096 435.896
0.998694 158.774 371.219
5.24153 158.474 366.907
-53.0649 152.756 384.156
-19.4061 158.805 371.22
-18.3006 158.843 371.22
-40.4303 155.906 392.778
-58.883 150.979 388.467
-46.426 154.467 405.714
55.19 151.912 427.272
-39.2553 156.11 392.778
-36.3463 156.688 388.467
103.562 121.972 414.337
75.4049 141.512 392.778
80.2063 138.198 384.154
-98.3731 131.087 435.896
-97.2058 131.84 435.896
-79.5798 142.303 431.584
-75.4736 144.125 435.896
-74.2706 144.644 435.896
59.572 21.5048 90.7507
60.9629 17.4248 90.7509
9.39438 3.3072 0.0361217
61.0142 2.56464 86.4324
65.9688 0 95.0703
63.5286 0 90.7514
58.471 30.0253 95.0694
57.9232 25.4054 90.7503
9.17276 3.87869 0.0352696
64.758 12.3819 95.0702
8.62611 4.9754 0.0331677
8.30316 5.49647 0.031926
8.46865 5.23842 0.0325623
49.254 42.9492 95.068
58.1527 35.4201 99.3881
98.2854 0 155.524
58.5348 2.47391 82.1132
60.8363 5.11128 86.4323
62.8762 -8.86049 90.7513
48.6066 0 64.836
9.791 1.82846 0.0376467
12.4105 1.7206 4.35774
28.1456 0 30.2784
9.95588 0.306436 0.0382807
20.3593 0.23133 17.3184
17.7446 0.532976 12.9983
58.5877 -1.24124 82.1133
56.1176 -0.500984 77.7941
64.7581 -12.3814 95.0702
60.1426 -10.0799 86.432
12.4576 -1.43566 4.35793
12.4105 -1.7206 4.35774
9.84272 -1.52637 0.0378456
15.1125 -0.959181 8.67817
-3.43042 -5.17505 -0.013195
41.2584 -153.971 427.272
162.998 0 332.422
168.404 0 362.605
170.678 0 379.851
-10.9516 159.021 366.908
-20.4932 158.762 371.22
-4.0994 5.42599 -0.0157671
19.4833 69.7329 108.024
55.2456 35.4143 95.069
76.3817 81.0123 198.67
12.882 111.028 198.671
-27.0895 73.7258 120.976
-4.5984 -4.74021 -0.0176857
-5.10046 -4.6475 -0.0196158
-5.31915 4.84656 -0.0204565
-9.49187 3.01662 -0.0364965
-9.39438 3.3072 -0.0361217
-9.28797 3.59465 -0.0357126
-6.2445 7.75246 -0.0240104
-6.1826 7.67576 -0.0237727
-3.4911 9.00326 -0.0134241
-3.24476 9.19929 -0.0124767
-3.75034 8.14514 -0.0144222
-3.845 -6.65585 -0.0147881
-4.78238 -5.2434 -0.0183929
-4.87307 -5.02308 -0.0187416
-4.58301 -5.02502 -0.0176265
-4.3372 5.74043 -0.0166812
-8.12979 5.74931 -0.0312594
-8.30316 5.49647 -0.031926
-3.31043 9.38509 -0.0127288
8.30316 -5.49648 0.031926
8.91635 -4.43546 0.0342837
5.50185 -8.29498 0.0211549
3.88247 -9.1637 0.0149283
12.0351 -81.908 129.611
2.13088 -9.72037 0.00819337
2.42951 -9.6502 0.00934159
19.4758 -69.7349 108.024
-4.63464 8.02062 -0.017822
-4.82769 7.79051 -0.0185645
-5.30887 5.14504 -0.0204169
-4.78238 5.2434 -0.0183929
-4.61849 5.38803 -0.0177628
-5.6256 6.98539 -0.0216329
-5.31623 6.6018 -0.0204442
-5.70983 6.65946 -0.0219571
-4.69762 5.83451 -0.0180668
-4.57502 6.05485 -0.0175953
-9.91811 -0.918148 -0.0381354
-78.7125 -7.34548 125.288
-69.491 -51.1171 138.243
-6.45262 -4.86964 -0.0248136
-6.53003 -5.25104 -0.025111
-7.00229 -4.95321 -0.0269264
-9.72999 -2.12881 -0.0374121
-9.791 -1.82846 -0.0376467
-7.06813 -5.68307 -0.027179
-7.64654 -5.40818 -0.0294024
-6.8375 -5.49793 -0.0262927
-4.04831 -6.53442 -0.0155699
-6.01717 -5.83058 -0.0231393
-6.22969 -6.03621 -0.023956
-6.55865 -5.97435 -0.0252205
-141.904 -33.5885 315.153
-118.95 -21.1228 224.561
9.40796 -88.385 142.562
-7.36095 -6.7038 -0.0283031
-7.1508 -6.92708 -0.0274951
-6.28781 -7.33239 -0.0241777
-6.09513 -7.1081 -0.0234375
-0.613174 -9.93187 -0.0023577
16.0745 -110.616 198.671
-8.77539 -4.70766 -0.0337417
-8.91635 -4.43546 -0.0342837
-4.05828 -7.55198 -0.015607
-131.726 -85.8039 435.896
-119.315 -103.201 435.896
-35.1991 156.855 388.467
-34.0536 157.012 388.467
-42.4618 155.452 397.09
65.1758 147.662 431.584
67.95 146.18 410.025
107.226 113.998 349.658
13.5924 157.524 358.283
12.8647 157.997 418.649
-93.0159 134.671 410.026
-96.3652 132.554 414.338
7.94871 5.99669 0.0305631
110.846 0 181.426
112.852 0 185.742
96.1087 0 151.207
70.3593 7.17076 103.708
61.0739 0 86.4324
56.0989 0.997549 77.794
58.5877 1.24138 82.1133
63.3648 -4.4492 90.7514
15.0428 1.43787 8.67783
59.0482 14.7696 86.4316
61.0142 -2.56472 86.4324
70.611 -4.92978 103.708
51.1237 0 69.1554
40.9944 0 51.8773
38.439 0 47.5576
58.3287 4.87744 82.113
17.7698 0 12.9985
20.369 0 17.3185
17.767 -0.177558 12.9985
12.5606 -0.287926 4.35835
15.1647 -0.239901 8.67842
8.12979 -5.74931 0.0312594
8.7754 -4.70766 0.0337417
44.4578 -153.155 435.896
41.2721 -153.95 435.896
43.434 -153.43 431.584
112.698 106.831 341.034
172.958 0 405.719
173.206 0 410.03
171.589 0 388.474
171.152 0 384.163
167.743 0 358.294
154.647 0 297.922
153.444 0 293.609
144.069 0 263.415
142.597 0 259.101
141.092 0 254.786
131.394 0 228.899
163.881 0 336.734
160.134 0 319.485
159.107 0 315.173
-12.0351 159.036 366.908
5.50185 8.29498 0.0211549
-3.89248 6.28318 -0.014971
-3.97529 5.99624 -0.0152896
4.98027 8.61761 0.0191494
4.43979 8.90755 0.0170712
1.83024 9.78131 0.00703737
2.13088 9.72037 0.00819337
3.59815 9.2788 0.0138351
-1.83024 9.78131 -0.00703738
-2.13088 9.72037 -0.00819337
-2.42951 9.6502 -0.00934159
-3.00781 6.53434 -0.0115691
-3.03185 6.08599 -0.0116619
-3.20775 6.43873 -0.012338
-2.67175 9.38139 -0.0102734
-4.18431 -4.58822 -0.0160937
-4.18431 4.58822 -0.0160937
-4.2918 7.98584 -0.0165041
-4.56785 7.37184 -0.0175663
-5.663 -5.48783 -0.0217781
-5.24762 -5.75291 -0.0201812
-5.49115 -5.65945 -0.0211174
-7.71366 -4.77221 -0.0296608
-0.919037 -9.90829 -0.00353375
-9.94171 0.612582 -0.0382262
-9.91811 0.918146 -0.0381354
-9.791 1.82846 -0.0376467
-6.01717 5.83058 -0.0231393
-6.22969 6.03621 -0.023956
-5.83458 6.01293 -0.0224373
-8.95922 4.11793 -0.0344487
-7.29876 5.8682 -0.0280653
-7.64654 5.40818 -0.0294024
-3.62387 -4.79707 -0.0139389
25.5576 0 25.9584
22.9629 0.0647612 21.6385
25.5552 0.0299901 25.9584
17.7586 -0.355199 12.9984
15.1543 -0.479769 8.67837
3.31042 -9.38509 0.0127288
6.00257 -7.94089 0.0230802
-6.00257 7.94088 -0.0230802
-5.75494 8.12178 -0.022128
-5.50185 8.29498 -0.0211549
-5.58379 7.8807 -0.0214707
-7.33925 6.28207 -0.0282204
-4.21968 8.46674 -0.016226
-9.39438 -3.3072 -0.0361217
-9.28797 -3.59465 -0.0357126
-9.49187 -3.01662 -0.0364965
-6.81465 -5.83378 -0.0262046
-9.65976 -2.42714 -0.0371421
-9.5641 -2.40315 -0.0367744
-6.51491 -5.57757 -0.0250527
-6.12113 -5.57636 -0.0235391
22.9652 0 21.6385
22.9629 -0.0647627 21.6385
20.3666 -0.115604 17.3185
-6.11187 -6.69894 -0.0235024
-6.72563 -6.51595 -0.0258617
-6.24676 -6.43706 -0.0240212
-5.51351 -6.04402 -0.0212031
-24.2117 -72.3377 116.658
-3.536 -8.34735 -0.0135978
-129.296 -89.7469 435.896
-117.822 -105.041 435.896
-38.1024 156.3 392.778
-49.3436 153.65 414.337
66.2333 147.08 418.649
73.2691 142.933 397.09
8.7855 158.157 362.595
-103.531 127.672 427.273
-102.421 128.442 422.961
-104.623 126.853 431.584
-94.8786 133.297 435.896
-85.6156 138.975 401.403
8.12979 5.74931 0.0312594
62.8761 8.86138 90.7513
84.8995 0 129.618
68.1529 -5.64649 99.3892
70.7493 -2.63767 103.708
65.6659 6.21617 95.0703
12.4576 1.43567 4.35793
9.91811 -0.918148 0.0381354
53.6297 0 73.4748
53.6257 -0.160703 73.4748
56.0989 -0.997497 77.794
9.58036 -2.72316 0.0368368
9.39437 -3.30721 0.0361217
9.95588 -0.306431 0.0382807
12.5477 -0.575669 4.3583
15.1369 -0.719549 8.67828
12.5262 -0.863003 4.35821
33.3053 0 38.9181
35.8758 0 43.2379
15.1543 0.479768 8.67837
15.1369 0.719543 8.67828
149.629 0 280.669
-28.7881 157.589 388.466
-24.4126 158.071 384.154
-17.2183 158.87 371.219
2.42951 9.6502 0.00934159
3.01956 9.48249 0.0116104
-4.38838 5.45081 -0.0168781
-5.24154 7.39847 -0.020156
-1.52786 9.83298 -0.00587471
-3.34359 7.89379 -0.0128587
-3.49752 8.25664 -0.01345
-4.95648 7.47412 -0.0190601
-4.98176 5.46177 -0.0191593
-3.89248 -6.28318 -0.014971
-4.46393 -7.20437 -0.017167
-4.46581 -6.73523 -0.0171748
-4.19041 -7.25297 -0.0161154
-5.90247 -6.88379 -0.0226973
-4.99127 -6.60503 -0.019195
-3.73667 -6.03192 -0.0143721
-3.549 -6.14399 -0.0136504
-5.19249 -6.44836 -0.0199687
-6.51491 5.57757 -0.0250527
-9.88511 1.22284 -0.0380085
-9.72999 2.12881 -0.0374121
-5.663 5.48783 -0.0217781
-7.94871 5.99669 -0.0305631
-6.38417 6.57842 -0.0245492
-6.09514 7.1081 -0.0234375
-6.11187 6.69894 -0.0235024
-3.58087 5.78066 -0.0137732
-8.62611 4.9754 -0.0331677
-7.76008 6.23839 -0.0298378
-4.69762 -5.83451 -0.0180668
-4.39665 -5.81904 -0.0169097
-3.53938 -5.3393 -0.0136139
-73.783 -11.2217 116.652
-79.9275 -16.6506 129.607
9.94171 -0.612586 0.0382262
17.7446 -0.532972 12.9983
12.3453 -83.9142 133.928
7.15081 -6.92708 0.0274952
-6.93388 7.14379 -0.0266611
-6.51086 7.13547 -0.0250353
-72.9869 -32.2633 125.29
-9.17276 -3.87869 -0.0352696
-9.04885 -4.15904 -0.0347931
-8.46865 -5.23842 -0.0325623
-8.13864 -5.38778 -0.0312938
-9.58036 -2.72317 -0.0368368
-5.992 -4.81893 -0.023043
-5.75657 -5.24466 -0.0221379
-6.93388 -7.14379 -0.0266611
-7.5641 -6.47417 -0.0290843
-7.00907 -6.79005 -0.0269507
-8.62611 -4.9754 -0.0331677
-8.95922 -4.11793 -0.0344487
-6.70451 -6.10699 -0.025781
-5.14775 -5.30592 -0.0197975
-9.90157 -83.7876 133.927
-4.57208 -8.50646 -0.0175806
-4.52537 -8.41969 -0.0174012
-3.9567 -8.59254 -0.0152148
-4.30229 -6.48891 -0.0165464
-4.13878 -6.24258 -0.015918
-4.08763 -8.20225 -0.0157188
-130.522 -87.7903 435.896
-38.2708 156.153 397.09
70.8608 144.003 435.896
70.8769 144.393 401.402
65.7643 147.335 422.961
96.6022 124.366 358.283
93.9363 126.871 362.594
-99.5188 130.336 435.896
-69.9345 146.378 435.896
-76.6751 143.595 435.896
75.5736 0 112.345
73.1971 0 108.027
9.58036 2.72317 0.0368368
53.6257 0.160724 73.4748
32.6796 -155.989 431.584
-23.1781 158.479 375.531
-27.7117 157.988 379.843
-24.2966 158.406 375.531
4.1631 9.03992 0.0160074
0.613179 9.93187 0.0023577
0.919039 9.90829 0.00353376
1.22403 9.87532 0.00470646
1.52786 9.83298 0.00587471
-3.6916 7.40871 -0.0141974
-5.26039 6.13599 -0.02023
-5.453 6.36034 -0.0209702
-5.06876 6.2949 -0.0194932
-3.8484 4.49032 -0.0148022
-4.61427 6.51427 -0.0177458
-4.55726 6.43388 -0.0175267
-3.73667 6.03192 -0.0143721
-3.33969 6.70328 -0.0128451
-3.68474 6.85774 -0.0141717
-3.04905 -6.62383 -0.0117276
-5.24154 -7.39848 -0.020156
-5.34813 -7.07656 -0.0205662
-4.93942 -5.76203 -0.0189964
-4.68267 -5.46284 -0.0180095
-5.12006 -7.7204 -0.0196885
-5.64557 -7.46946 -0.0217089
-6.81465 5.83378 -0.0262046
-6.70451 6.10699 -0.025781
-8.77539 4.70766 -0.0337417
-4.68267 5.46283 -0.0180095
-4.50025 6.35349 -0.0173076
-5.07908 5.23522 -0.0195335
-6.24676 6.43706 -0.0240212
-7.06813 5.68307 -0.027179
-4.7283 -6.67505 -0.018184
-3.97529 -5.99624 -0.0152896
-3.40102 -5.88805 -0.0130816
-3.30238 -5.71742 -0.0127024
20.3593 -0.23133 17.3184
12.4962 -1.14974 4.35809
15.1682 0 8.67843
-6.37785 6.98997 -0.0245243
-7.00907 6.79005 -0.0269507
-5.88356 7.78375 -0.0226231
-5.74937 7.13882 -0.0221084
-4.84234 6.83582 -0.0186222
-4.90195 7.39202 -0.0188506
-4.83213 8.36176 -0.0185805
-3.84397 9.073 -0.0147805
-4.30772 8.64307 -0.0165641
-1.22403 9.87532 -0.00470647
-4.05828 7.55197 -0.015607
-3.42026 7.42926 -0.0131541
-72.8506 -25.6771 120.971
-7.33925 -6.28207 -0.0282204
-7.94871 -5.99669 -0.0305631
-8.54067 -4.92621 -0.0328394
-5.70983 -6.65947 -0.0219571
-4.88319 -6.06471 -0.01878
-4.90195 -7.39202 -0.0188506
-3.84396 -9.073 -0.0147805
-3.31042 -9.3851 -0.0127288
-3.59815 -9.2788 -0.0138351
-44.5328 154.829 405.714
-29.9241 157.472 388.466
-36.9509 156.48 392.778
68.5818 145.514 435.896
85.45 134.174 375.53
82.4384 136.538 379.842
105.458 116.004 353.97
99.7825 121.161 353.97
-68.7482 146.836 435.896
-78.4829 142.842 422.961
77.9327 0 116.664
9.84272 1.52637 0.0378456
-3.09029 6.71333 -0.0118861
-4.98027 8.61761 -0.0191494
-3.77001 4.68333 -0.0145008
-3.58087 -5.78066 -0.0137732
-5.43998 -6.75524 -0.0209197
-6.76754 5.10697 -0.026024
-7.71366 4.77221 -0.0296608
-7.08282 5.01009 -0.0272359
-6.53003 5.25104 -0.025111
-6.53135 4.92898 -0.0251162
-5.49115 5.65945 -0.0211174
-6.37138 6.17329 -0.0245005
-5.31623 -6.6018 -0.0204442
-9.94171 -0.612584 -0.0382262
25.5552 -0.0299845 25.9584
9.91811 0.918146 0.0381354
-7.21506 6.57119 -0.0277427
-6.72563 6.51595 -0.0258617
-5.90248 6.88379 -0.0226973
-5.76456 7.62661 -0.022166
-5.87314 7.29224 -0.0225839
-5.77943 6.33512 -0.022225
-6.28782 7.33239 -0.0241777
-4.71226 8.76674 -0.0181189
-4.36001 7.03689 -0.0167677
-4.52033 6.81733 -0.0173843
-4.46393 7.20437 -0.017167
-6.06536 -5.1932 -0.0233249
-7.21506 -6.57119 -0.0277427
-7.76008 -6.23839 -0.0298378
-7.55495 -5.70017 -0.0290501
-5.1962 -6.0612 -0.0199833
-4.78532 -6.75544 -0.0184031
-4.72375 -7.62305 -0.0181652
-6.71038 -7.35371 -0.0258017
-4.66554 -8.67998 -0.0179395
-4.16311 -9.03991 -0.0160074
-5.13956 -8.29287 -0.0197624
91.0801 129.477 366.907
88.2336 131.919 371.218
-4.10025 -6.61817 -0.0157695
-3.15442 -5.46147 -0.0121336
-3.42508 -5.52938 -0.0131743
-3.8676 7.7614 -0.0148736
-6.29013 -5.3854 -0.0241888
-4.43978 -8.90756 -0.0170712
-3.79161 -8.23462 -0.0145807
-2.42951 -9.6502 -0.00934159
66.2521 146.999 435.896
-3.21402 6.9818 -0.0123616
-4.30229 6.48891 -0.0165464
-4.04831 6.53442 -0.0155699
-4.20416 6.78566 -0.0161688
-3.94368 6.82646 -0.0151673
-1.22403 -9.87532 -0.00470646
-5.75494 -8.12179 -0.022128
-6.00256 -7.94089 -0.0230801
-6.44435 -7.06272 -0.0247798
-4.71226 -8.76674 -0.0181189
-4.52537 8.41969 -0.0174012
-4.14107 7.16767 -0.0159258
-3.88247 -9.1637 -0.0149283
-2.72583 -9.57088 -0.0104809
-3.26463 6.07665 -0.012557
-4.46581 6.73523 -0.0171748
-4.23976 7.33826 -0.016305
-5.0356 -8.12542 -0.0193631
-3.20374 -5.54679 -0.0123232
-3.53938 5.33929 -0.0136139
-4.93164 -7.95797 -0.0189638
-4.88319 6.06471 -0.01878
-4.04422 5.71032 -0.0155548
-3.3517 5.80273 -0.012892
-3.45035 5.97336 -0.0132712
3  0 1 2
3  3 4 5
3  6 7 8
3  9 10 7
3  11 12 13
3  14 15 16
3  17 18 19
3  20 21 22
3  23 21 24
3  25 26 27
3  28 29 30
3  31 32 33
3  34 35 36
3  37 10 38
3  39 40 41
3  42 43 44
3  45 46 47
3  48 49 50
3  51 52 53
3  54 55 56
3  57 58 59
3  52 60 61
3  62 63 64
3  65 66 67
3  68 69 70
3  11 71 72
3  73 74 75
3  76 77 78
3  79 52 80
3  81 4 82
3  83 45 47
3  84 85 86
3  87 88 89
3  90 91 92
3  93 94 95
3  94 96 97
3  52 46 45
3  98 54 99
3  99 54 56
3  100 63 101
3  102 103 104
3  105 106 107
3  108 109 110
3  111 21 112
3  0 113 114
3  96 115 116
3  117 118 119
3  120 121 122
3  123 124 125
3  126 65 127
3  128 129 130
3  131 132 133
3  134 135 136
3  65 46 137
3  138 111 139
3  21 111 140
3  141 142 143
3  144 145 146
3  86 63 147
3  46 52 148
3  18 149 150
3  92 91 151
3  52 83 60
3  152 55 54
3  115 96 98
3  153 95 154
3  115 98 155
3  156 157 154
3  158 79 80
3  52 45 83
3  159 160 161
3  68 135 162
3  107 163 164
3  165 166 167
3  8 7 168
3  169 29 170
3  171 172 173
3  174 175 176
3  177 178 179
3  126 180 181
3  182 183 184
3  116 115 185
3  105 107 64
3  101 62 162
3  186 187 188
3  145 189 190
3  156 191 192
3  193 194 195
3  196 197 198
3  199 159 161
3  200 201 202
3  135 203 204
3  205 206 28
3  25 131 207
3  95 113 208
3  209 210 211
3  212 213 214
3  132 20 22
3  215 213 216
3  217 218 219
3  220 221 222
3  20 223 23
3  224 225 226
3  227 114 228
3  229 230 231
3  232 233 234
3  235 236 237
3  238 239 240
3  46 148 241
3  242 243 244
3  87 40 88
3  40 111 88
3  245 17 246
3  247 248 242
3  249 158 250
3  158 251 252
3  94 93 54
3  158 152 253
3  61 60 254
3  152 158 61
3  96 95 97
3  95 94 97
3  255 83 256
3  83 47 257
3  83 258 256
3  182 259 260
3  60 83 261
3  55 152 262
3  263 264 265
3  266 267 268
3  269 10 263
3  10 9 263
3  104 217 270
3  217 104 271
3  272 273 274
3  275 276 205
3  277 278 279
3  149 280 150
3  281 282 283
3  284 63 100
3  285 199 11
3  67 66 286
3  77 1 287
3  288 289 123
3  175 290 291
3  175 174 292
3  160 159 293
3  285 292 294
3  113 95 295
3  1 296 2
3  78 77 194
3  77 287 195
3  77 76 297
3  298 299 300
3  27 26 301
3  302 303 304
3  160 305 306
3  307 81 308
3  130 309 310
3  121 120 311
3  312 313 233
3  314 315 316
3  317 318 319
3  320 321 322
3  206 37 220
3  103 102 323
3  139 40 39
3  46 241 18
3  324 325 140
3  325 21 140
3  326 131 133
3  327 328 329
3  330 331 332
3  223 178 333
3  334 213 335
3  40 336 41
3  248 247 337
3  338 339 340
3  93 95 153
3  53 52 249
3  145 341 342
3  113 191 208
3  326 343 344
3  43 345 44
3  334 346 316
3  347 317 348
3  241 148 349
3  350 90 246
3  40 87 245
3  351 245 151
3  17 241 352
3  247 90 353
3  150 87 89
3  279 137 112
3  152 54 251
3  54 93 251
3  96 94 98
3  94 54 98
3  262 261 354
3  355 356 357
3  358 359 360
3  361 362 363
3  257 47 258
3  83 257 258
3  57 121 311
3  174 284 100
3  364 365 332
3  366 107 367
3  6 9 7
3  368 264 369
3  9 6 8
3  263 9 264
3  370 217 271
3  371 372 373
3  364 374 365
3  375 166 38
3  284 174 376
3  37 377 221
3  378 379 380
3  170 220 381
3  277 21 278
3  382 85 332
3  126 23 383
3  384 23 385
3  108 181 109
3  376 386 387
3  47 46 65
3  280 245 150
3  49 388 389
3  109 174 390
3  171 289 172
3  48 391 49
3  288 392 393
3  255 256 362
3  394 115 288
3  288 115 357
3  199 161 3
3  12 175 13
3  376 174 109
3  377 37 166
3  204 395 396
3  397 294 101
3  76 78 398
3  160 293 136
3  78 116 398
3  115 394 185
3  95 96 295
3  116 227 399
3  296 191 400
3  191 296 401
3  96 116 399
3  295 96 399
3  194 77 195
3  287 227 195
3  287 1 227
3  114 113 228
3  402 403 404
3  335 213 215
3  218 85 219
3  405 406 407
3  408 409 410
3  411 412 413
3  414 415 416
3  91 247 417
3  111 40 139
3  334 418 346
3  343 324 224
3  138 139 39
3  111 138 140
3  138 324 140
3  325 324 132
3  102 104 270
3  85 20 132
3  37 221 220
3  374 330 365
3  419 420 147
3  210 229 421
3  418 334 422
3  17 245 280
3  351 423 424
3  399 227 228
3  154 157 425
3  426 427 428
3  345 429 430
3  424 423 431
3  90 245 246
3  17 349 432
3  349 350 246
3  241 349 433
3  17 433 434
3  435 350 436
3  90 350 353
3  437 51 53
3  438 153 439
3  251 93 440
3  251 440 252
3  441 442 443
3  258 67 391
3  444 255 355
3  445 115 155
3  255 356 355
3  261 83 446
3  52 61 80
3  447 158 448
3  254 60 449
3  61 254 450
3  35 451 36
3  452 453 454
3  63 105 64
3  106 455 367
3  374 165 167
3  106 105 455
3  166 375 167
3  331 382 332
3  275 456 141
3  372 269 263
3  457 371 458
3  459 460 378
3  460 461 379
3  462 103 463
3  464 372 465
3  166 37 38
3  466 378 467
3  462 170 381
3  206 29 28
3  102 405 323
3  468 18 469
3  278 126 127
3  63 284 419
3  470 109 471
3  472 376 387
3  223 20 178
3  376 109 281
3  473 109 474
3  475 126 110
3  126 108 110
3  258 47 67
3  47 65 67
3  181 180 109
3  176 66 109
3  124 476 477
3  289 171 123
3  391 67 286
3  478 479 480
3  199 71 11
3  481 124 72
3  161 160 3
3  482 160 483
3  484 57 485
3  292 174 486
3  294 292 486
3  63 62 101
3  375 371 457
3  264 9 8
3  159 487 293
3  135 488 136
3  489 398 185
3  124 481 490
3  481 4 81
3  72 71 491
3  187 492 33
3  493 494 495
3  494 496 492
3  497 498 499
3  394 288 185
3  171 11 123
3  0 2 400
3  2 296 400
3  500 192 501
3  154 95 208
3  296 230 502
3  230 191 502
3  193 116 194
3  116 78 194
3  503 504 505
3  135 395 203
3  506 507 508
3  509 510 511
3  294 397 134
3  136 488 512
3  513 344 226
3  329 514 515
3  461 496 516
3  461 516 517
3  29 169 30
3  461 466 518
3  519 131 25
3  406 131 519
3  344 513 328
3  520 513 521
3  522 347 523
3  344 327 329
3  405 102 270
3  524 85 271
3  406 26 407
3  26 405 407
3  525 230 526
3  230 296 526
3  1 77 527
3  528 527 529
3  15 77 530
3  73 75 531
3  423 415 431
3  532 201 533
3  337 437 534
3  535 536 537
3  324 138 538
3  138 39 538
3  132 131 539
3  132 539 540
3  222 541 542
3  104 220 271
3  20 85 178
3  85 84 178
3  541 85 524
3  29 206 220
3  224 39 225
3  17 280 149
3  543 347 544
3  545 546 547
3  548 549 214
3  213 334 315
3  550 245 336
3  422 334 551
3  157 156 500
3  337 247 552
3  91 90 247
3  51 437 552
3  148 52 553
3  52 51 553
3  415 313 431
3  201 313 533
3  248 243 242
3  90 554 555
3  18 241 556
3  241 17 556
3  241 433 557
3  433 17 557
3  433 349 434
3  349 17 434
3  349 148 558
3  559 350 560
3  148 553 339
3  553 51 339
3  158 438 250
3  250 438 439
3  152 251 253
3  251 158 253
3  153 438 252
3  438 158 252
3  183 561 562
3  183 288 561
3  441 561 442
3  255 563 564
3  183 565 566
3  567 255 568
3  262 354 569
3  446 83 570
3  359 571 360
3  83 255 572
3  98 99 155
3  446 359 358
3  80 61 447
3  61 158 447
3  449 60 573
3  449 152 574
3  254 152 450
3  450 152 575
3  576 122 577
3  578 59 579
3  107 375 580
3  458 581 582
3  583 119 584
3  583 395 119
3  63 374 366
3  580 375 457
3  105 63 455
3  107 106 367
3  585 586 587
3  373 372 265
3  588 589 590
3  591 592 593
3  594 266 595
3  596 586 597
3  7 10 276
3  10 37 276
3  598 599 590
3  600 601 588
3  37 206 205
3  276 37 205
3  516 120 517
3  601 168 321
3  541 524 542
3  462 169 170
3  602 26 603
3  576 604 605
3  46 18 137
3  245 87 150
3  137 18 468
3  89 111 606
3  21 20 24
3  20 23 24
3  376 607 608
3  178 84 420
3  473 23 609
3  419 376 179
3  610 126 611
3  612 109 613
3  23 223 472
3  610 109 614
3  376 177 179
3  108 126 181
3  66 65 475
3  65 126 475
3  397 135 134
3  159 199 285
3  470 126 615
3  612 126 616
3  172 289 393
3  289 288 393
3  171 12 11
3  13 285 617
3  4 481 5
3  71 199 3
3  64 107 69
3  294 100 101
3  135 397 162
3  64 162 618
3  487 159 294
3  159 285 294
3  398 116 185
3  288 489 185
3  619 71 620
3  71 3 5
3  621 622 476
3  125 124 477
3  623 204 512
3  119 395 624
3  625 626 627
3  207 344 329
3  628 525 629
3  628 630 146
3  492 187 631
3  297 632 633
3  191 113 400
3  113 0 400
3  634 535 635
3  153 154 636
3  500 156 192
3  425 157 500
3  296 502 401
3  502 191 401
3  227 1 114
3  1 0 114
3  113 399 228
3  113 295 399
3  227 116 195
3  116 193 195
3  516 496 120
3  621 303 637
3  204 623 638
3  623 488 638
3  311 120 639
3  640 641 642
3  305 136 512
3  512 488 643
3  305 160 136
3  293 487 136
3  26 466 467
3  25 329 515
3  213 315 214
3  644 645 646
3  120 496 493
3  647 648 649
3  122 121 577
3  650 651 652
3  27 653 654
3  132 324 133
3  324 538 224
3  538 39 224
3  226 655 656
3  226 225 212
3  224 226 657
3  658 655 429
3  131 344 207
3  131 326 344
3  659 655 658
3  513 520 328
3  660 548 214
3  42 645 661
3  226 344 657
3  645 644 214
3  296 1 509
3  662 663 664
3  1 527 665
3  527 298 665
3  297 666 667
3  668 669 670
3  297 76 303
3  621 307 671
3  229 500 501
3  209 211 672
3  191 230 192
3  673 674 675
3  676 201 677
3  678 536 534
3  151 91 242
3  532 242 244
3  91 417 242
3  417 247 242
3  243 248 536
3  678 425 211
3  85 132 219
3  219 132 540
3  21 325 22
3  22 325 679
3  324 343 133
3  343 326 133
3  131 406 539
3  539 406 540
3  220 104 381
3  170 29 220
3  374 63 382
3  86 85 680
3  659 513 226
3  406 519 653
3  552 353 681
3  247 353 552
3  682 338 683
3  353 339 684
3  341 685 342
3  313 201 200
3  686 687 232
3  673 688 689
3  645 315 314
3  315 334 690
3  690 334 316
3  315 690 316
3  336 424 691
3  232 312 233
3  692 693 694
3  674 695 696
3  423 351 151
3  554 90 92
3  245 554 151
3  554 92 151
3  554 245 555
3  245 90 555
3  424 687 697
3  686 418 422
3  245 351 336
3  40 245 550
3  137 698 699
3  18 17 149
3  349 246 432
3  246 17 432
3  18 556 19
3  556 17 19
3  241 557 352
3  557 17 352
3  349 558 435
3  435 558 700
3  558 148 559
3  148 350 559
3  148 339 338
3  339 353 340
3  440 93 252
3  93 153 252
3  701 362 702
3  288 183 566
3  561 288 703
3  288 356 703
3  704 362 705
3  183 562 706
3  703 356 707
3  708 441 443
3  173 50 709
3  706 710 711
3  66 176 712
3  713 712 714
3  175 12 479
3  12 171 479
3  715 261 716
3  99 56 715
3  356 288 357
3  446 358 717
3  571 718 719
3  570 83 572
3  158 80 448
3  80 447 448
3  60 152 573
3  152 449 573
3  152 254 574
3  254 449 574
3  152 61 575
3  61 450 575
3  720 163 580
3  721 59 722
3  375 372 371
3  723 724 725
3  726 727 484
3  727 163 728
3  720 58 728
3  163 107 580
3  121 57 59
3  729 581 458
3  57 730 485
3  730 731 732
3  395 135 624
3  135 733 624
3  726 164 727
3  107 164 734
3  366 374 167
3  375 107 366
3  455 63 367
3  63 366 367
3  377 166 165
3  375 366 167
3  464 10 735
3  372 375 38
3  736 737 723
3  372 263 265
3  168 7 738
3  264 8 369
3  598 736 739
3  591 586 596
3  740 581 741
3  371 729 458
3  267 594 742
3  168 738 321
3  34 743 35
3  744 651 745
3  273 746 747
3  7 748 738
3  275 749 748
3  748 749 738
3  750 751 752
3  456 275 205
3  28 30 380
3  456 205 28
3  378 460 379
3  594 320 753
3  754 461 518
3  466 461 459
3  111 112 755
3  279 278 127
3  21 23 278
3  23 126 278
3  85 382 680
3  63 419 147
3  284 376 419
3  333 376 608
3  281 109 609
3  384 109 756
3  615 126 757
3  109 758 471
3  109 66 110
3  66 475 110
3  362 393 759
3  704 392 760
3  175 292 13
3  292 285 13
3  642 641 761
3  306 512 396
3  4 3 762
3  512 204 396
3  731 763 732
3  763 69 734
3  69 68 162
3  64 69 162
3  486 174 764
3  174 100 764
3  294 134 136
3  487 294 136
3  124 123 72
3  72 123 765
3  288 123 489
3  489 123 125
3  303 76 637
3  76 398 766
3  490 481 307
3  481 81 307
3  71 619 491
3  71 5 620
3  639 642 506
3  124 490 476
3  235 767 768
3  341 145 769
3  526 296 770
3  771 296 772
3  773 774 529
3  775 776 777
3  345 43 778
3  779 780 781
3  191 156 208
3  156 154 208
3  203 395 204
3  761 782 507
3  1 783 784
3  785 303 302
3  461 460 459
3  786 323 467
3  121 59 577
3  517 120 122
3  378 169 787
3  517 122 576
3  344 343 657
3  343 224 657
3  329 658 514
3  329 25 788
3  328 520 329
3  327 344 328
3  658 329 789
3  329 520 789
3  660 549 548
3  212 225 790
3  791 792 793
3  345 549 646
3  794 795 75
3  769 144 796
3  77 297 530
3  297 15 530
3  237 797 798
3  799 800 801
3  308 81 647
3  802 803 782
3  627 626 804
3  210 625 805
3  201 532 806
3  807 808 809
3  810 625 811
3  812 813 814
3  778 43 815
3  816 817 818
3  819 437 337
3  437 153 636
3  154 425 636
3  534 636 820
3  533 313 414
3  313 415 414
3  532 423 242
3  423 151 242
3  425 678 534
3  437 636 534
3  243 536 535
3  536 678 537
3  406 217 540
3  217 219 540
3  325 132 679
3  132 22 679
3  220 524 271
3  218 217 370
3  217 406 270
3  406 405 270
3  103 462 381
3  104 103 381
3  330 374 331
3  374 382 331
3  40 550 336
3  336 215 216
3  225 39 216
3  216 213 821
3  52 79 249
3  79 158 249
3  437 819 552
3  819 337 552
3  339 51 684
3  51 353 684
3  202 822 823
3  824 825 695
3  346 826 316
3  826 314 316
3  335 215 551
3  216 39 827
3  687 313 232
3  313 312 232
3  828 676 829
3  318 402 830
3  313 687 431
3  687 424 431
3  350 349 436
3  349 435 436
3  558 350 700
3  350 435 700
3  350 558 560
3  558 559 560
3  340 353 831
3  353 350 831
3  682 350 832
3  148 338 682
3  183 182 565
3  184 711 833
3  255 362 361
3  834 184 833
3  562 561 706
3  706 561 835
3  561 703 442
3  703 567 443
3  356 255 707
3  255 703 707
3  703 255 567
3  442 703 443
3  256 258 48
3  258 391 48
3  286 66 712
3  175 479 290
3  836 49 837
3  712 176 838
3  173 172 839
3  362 256 840
3  152 60 262
3  60 261 262
3  446 445 841
3  445 155 841
3  155 99 842
3  99 715 716
3  571 444 357
3  444 355 357
3  639 120 493
3  730 843 731
3  730 726 485
3  119 730 584
3  164 163 727
3  163 720 728
3  58 57 728
3  57 727 728
3  164 726 734
3  763 843 70
3  118 843 119
3  843 730 119
3  135 118 733
3  733 118 624
3  721 720 457
3  720 580 457
3  844 845 332
3  165 374 844
3  735 10 846
3  372 38 465
3  589 601 321
3  729 371 373
3  264 368 265
3  373 265 847
3  273 848 746
3  272 849 850
3  168 601 851
3  588 599 739
3  595 266 852
3  737 736 598
3  853 721 458
3  721 457 458
3  720 721 722
3  453 743 454
3  600 746 854
3  592 855 593
3  321 749 322
3  739 736 856
3  7 276 748
3  276 275 748
3  857 589 858
3  737 598 859
3  598 590 859
3  601 589 588
3  860 861 862
3  863 36 864
3  463 103 786
3  786 103 865
3  405 26 602
3  467 378 866
3  88 111 89
3  21 277 112
3  18 150 469
3  867 868 869
3  698 137 279
3  277 279 112
3  698 65 699
3  65 137 699
3  420 84 147
3  84 86 147
3  382 63 680
3  63 86 680
3  390 174 870
3  174 176 870
3  871 109 872
3  873 126 874
3  109 875 613
3  126 383 616
3  281 876 877
3  876 23 877
3  472 223 878
3  879 223 880
3  179 178 881
3  178 420 881
3  178 177 333
3  177 376 333
3  109 383 882
3  23 883 385
3  109 473 609
3  883 23 884
3  758 126 471
3  126 470 471
3  126 875 757
3  109 470 615
3  256 839 840
3  393 362 701
3  759 393 885
3  393 392 885
3  285 11 617
3  11 13 617
3  3 160 482
3  306 305 886
3  803 887 888
3  889 306 890
3  891 762 892
3  482 411 893
3  118 135 68
3  397 101 162
3  69 107 734
3  726 763 734
3  100 294 764
3  294 486 764
3  619 481 491
3  481 72 491
3  123 11 765
3  11 72 765
3  622 398 125
3  398 489 125
3  307 504 671
3  671 894 895
3  5 481 620
3  481 619 620
3  303 896 304
3  897 898 899
3  776 900 777
3  492 901 902
3  903 904 794
3  311 639 584
3  655 549 345
3  905 906 907
3  645 314 661
3  314 826 661
3  808 814 809
3  32 187 33
3  814 239 908
3  826 346 909
3  769 236 235
3  640 235 237
3  341 769 768
3  769 235 768
3  628 910 911
3  628 230 912
3  630 526 772
3  913 914 915
3  525 526 630
3  916 196 198
3  509 1 784
3  917 918 511
3  919 496 754
3  496 461 754
3  488 135 638
3  135 204 638
3  603 26 467
3  30 169 378
3  920 921 922
3  923 924 862
3  549 660 646
3  315 645 214
3  791 549 792
3  549 655 792
3  655 659 656
3  656 659 925
3  406 653 27
3  519 926 654
3  653 519 654
3  519 25 926
3  520 521 789
3  521 513 789
3  513 659 789
3  659 658 789
3  773 77 927
3  928 77 929
3  73 930 74
3  783 299 931
3  932 903 794
3  900 776 304
3  504 647 505
3  647 81 648
3  676 933 934
3  676 935 933
3  814 813 240
3  936 545 813
3  811 627 937
3  628 146 190
3  627 807 938
3  939 940 816
3  941 942 943
3  944 945 946
3  130 129 947
3  768 767 780
3  423 532 414
3  532 533 414
3  536 248 534
3  248 337 534
3  806 532 244
3  806 535 634
3  221 85 222
3  85 541 222
3  351 424 336
3  334 335 551
3  153 437 439
3  53 249 250
3  353 51 681
3  51 552 681
3  422 697 948
3  697 687 948
3  43 661 348
3  317 347 949
3  338 831 950
3  338 340 831
3  338 350 683
3  350 682 683
3  350 148 951
3  148 682 951
3  711 710 952
3  255 361 563
3  708 443 953
3  443 567 568
3  183 711 184
3  183 706 711
3  837 478 954
3  713 175 955
3  290 479 478
3  290 478 837
3  49 391 388
3  391 286 712
3  839 172 956
3  256 48 839
3  842 99 716
3  354 56 957
3  957 56 958
3  262 957 959
3  444 571 570
3  446 570 718
3  571 357 360
3  357 115 360
3  155 261 960
3  261 446 960
3  360 115 961
3  358 360 961
3  731 843 962
3  69 763 70
3  727 57 484
3  726 484 485
3  118 117 624
3  117 119 624
3  374 845 844
3  374 364 845
3  845 364 332
3  365 330 332
3  38 10 465
3  10 464 465
3  10 269 846
3  372 464 735
3  581 729 963
3  729 373 963
3  265 368 847
3  368 373 847
3  8 855 964
3  855 965 966
3  373 368 967
3  585 966 724
3  599 598 739
3  966 854 724
3  581 963 595
3  859 857 858
3  853 582 579
3  853 458 582
3  741 852 968
3  35 743 453
3  582 578 579
3  576 577 969
3  738 749 321
3  320 594 321
3  970 274 747
3  971 972 856
3  855 8 965
3  8 168 965
3  456 379 973
3  275 141 143
3  604 749 605
3  456 28 974
3  975 863 976
3  322 751 750
3  977 753 978
3  751 749 604
3  599 588 590
3  600 588 739
3  594 595 979
3  980 589 321
3  267 742 745
3  981 453 982
3  452 267 982
3  35 453 981
3  103 323 865
3  323 786 865
3  323 405 603
3  405 602 603
3  65 698 127
3  698 279 127
3  176 109 870
3  109 390 870
3  126 758 874
3  126 873 611
3  109 180 872
3  109 871 614
3  383 109 616
3  109 612 616
3  875 126 613
3  126 612 613
3  23 386 983
3  23 983 283
3  386 23 387
3  23 472 387
3  223 607 880
3  223 879 878
3  420 419 881
3  419 179 881
3  607 223 608
3  223 333 608
3  883 109 385
3  109 384 385
3  383 23 882
3  109 882 756
3  23 474 884
3  23 473 474
3  23 876 609
3  876 281 609
3  875 109 757
3  109 615 757
3  392 362 885
3  362 759 885
3  984 362 985
3  392 288 566
3  362 392 986
3  392 704 705
3  482 483 890
3  483 889 890
3  395 583 396
3  412 898 897
3  4 762 891
3  412 891 987
3  412 3 988
3  411 413 893
3  162 62 618
3  62 64 618
3  221 377 332
3  85 221 332
3  490 307 476
3  307 621 476
3  896 303 671
3  303 621 671
3  398 622 766
3  622 621 766
3  767 235 901
3  494 492 902
3  668 913 915
3  761 989 782
3  75 990 531
3  991 992 993
3  795 904 994
3  412 411 898
3  641 640 237
3  798 797 995
3  496 494 493
3  639 493 495
3  730 57 584
3  57 311 584
3  26 25 515
3  863 34 36
3  345 646 44
3  345 996 429
3  997 998 999
3  43 42 661
3  944 946 1000
3  403 1001 404
3  996 1002 1003
3  1004 947 497
3  673 313 688
3  402 692 694
3  197 1005 198
3  526 771 772
3  910 229 911
3  230 628 1006
3  525 912 1007
3  525 628 912
3  409 144 1008
3  296 663 662
3  783 931 510
3  783 1009 299
3  1010 1011 1012
3  506 508 1013
3  769 145 144
3  669 144 146
3  663 296 664
3  296 509 1014
3  1009 1 1015
3  1 1009 783
3  767 631 781
3  466 26 515
3  1016 188 1017
3  187 32 188
3  492 496 919
3  31 919 754
3  1018 754 515
3  429 996 1003
3  1019 210 804
3  211 805 1020
3  425 500 211
3  500 229 672
3  626 625 804
3  211 500 672
3  941 652 921
3  1021 975 976
3  576 750 752
3  742 753 1022
3  1021 34 975
3  861 941 943
3  792 226 793
3  226 212 214
3  213 1023 821
3  225 1023 790
3  655 226 792
3  226 214 793
3  659 226 925
3  226 656 925
3  26 406 1024
3  26 1024 301
3  926 25 654
3  25 27 654
3  25 207 788
3  207 329 788
3  527 528 1025
3  774 1026 1025
3  77 15 929
3  77 928 927
3  15 930 929
3  930 15 14
3  800 799 990
3  74 794 75
3  775 785 776
3  503 505 992
3  504 307 647
3  307 308 647
3  805 625 1020
3  676 537 1027
3  676 1028 1029
3  1030 828 238
3  936 813 812
3  426 1030 1031
3  676 625 1032
3  1033 342 1034
3  1035 1036 1037
3  936 939 818
3  676 828 1038
3  239 1039 934
3  816 940 947
3  817 128 818
3  817 129 128
3  128 945 1040
3  779 186 1041
3  780 767 781
3  415 423 416
3  423 414 416
3  636 425 820
3  425 534 820
3  676 677 635
3  677 634 635
3  243 535 244
3  535 806 244
3  85 218 271
3  218 370 271
3  524 220 542
3  220 222 542
3  336 216 827
3  691 551 1042
3  424 697 691
3  697 422 691
3  437 53 439
3  53 250 439
3  687 686 948
3  686 422 948
3  313 200 688
3  202 201 822
3  1043 694 1044
3  693 1045 694
3  1046 1047 815
3  693 318 1048
3  831 350 1049
3  350 338 950
3  350 951 832
3  951 682 832
3  563 710 835
3  710 706 835
3  362 984 363
3  182 363 259
3  568 255 953
3  443 568 953
3  710 563 952
3  361 952 1050
3  291 290 837
3  388 391 1051
3  173 478 480
3  955 175 1052
3  1053 836 837
3  837 955 1052
3  176 175 838
3  712 1054 1055
3  172 393 956
3  362 956 702
3  354 715 1056
3  354 261 715
3  354 957 569
3  957 262 569
3  56 55 958
3  55 957 958
3  957 55 959
3  55 262 959
3  255 444 572
3  570 572 1057
3  571 359 718
3  446 718 1058
3  155 960 841
3  960 446 841
3  115 445 961
3  445 446 961
3  377 165 332
3  165 844 332
3  269 372 846
3  372 735 846
3  737 595 967
3  980 595 859
3  855 592 964
3  849 736 850
3  368 369 964
3  369 8 964
3  368 591 596
3  1059 966 1060
3  966 851 854
3  586 724 723
3  589 857 590
3  595 737 859
3  595 980 979
3  590 857 859
3  582 581 578
3  581 740 578
3  581 595 852
3  743 34 454
3  650 451 981
3  852 266 968
3  59 58 722
3  58 720 722
3  59 721 1061
3  721 853 1061
3  274 273 747
3  272 274 970
3  600 739 856
3  272 970 1062
3  966 965 851
3  965 168 851
3  143 142 605
3  749 275 143
3  461 517 379
3  30 378 380
3  267 452 268
3  266 594 267
3  150 755 1063
3  111 755 606
3  873 109 611
3  109 610 611
3  758 109 874
3  109 873 874
3  871 126 614
3  126 610 614
3  180 126 872
3  126 871 872
3  23 282 877
3  282 281 877
3  386 376 983
3  282 23 283
3  879 376 878
3  376 472 878
3  607 376 880
3  376 879 880
3  882 23 756
3  23 384 756
3  474 109 884
3  109 883 884
3  362 566 1064
3  392 566 760
3  984 565 1065
3  259 984 260
3  984 985 1066
3  1064 566 1066
3  392 705 986
3  705 362 986
3  483 160 889
3  160 306 889
3  505 647 649
3  482 890 1067
3  305 512 886
3  512 306 886
3  488 623 643
3  623 512 643
3  1068 4 1069
3  891 1070 1071
3  892 762 987
3  891 892 987
3  413 3 893
3  3 482 893
3  3 413 988
3  413 412 988
3  476 622 477
3  622 125 477
3  76 766 637
3  766 621 637
3  901 235 902
3  235 640 902
3  767 901 631
3  901 492 631
3  992 649 1072
3  1073 1074 1075
3  775 903 932
3  74 14 16
3  494 902 1076
3  902 640 642
3  904 795 794
3  803 1077 1078
3  1079 507 888
3  1080 887 1081
3  429 1082 430
3  655 1082 429
3  660 214 646
3  214 644 646
3  348 319 830
3  999 348 830
3  402 997 999
3  1083 1000 1084
3  1016 1085 1086
3  341 768 780
3  234 233 675
3  1087 1088 1083
3  802 408 410
3  237 236 797
3  230 1006 911
3  1006 628 911
3  912 230 1007
3  230 525 1007
3  296 771 770
3  771 526 770
3  916 662 196
3  662 916 772
3  1089 917 1090
3  668 1005 913
3  509 196 1091
3  196 662 664
3  802 1092 408
3  803 1093 887
3  648 82 649
3  408 995 409
3  797 236 1094
3  236 769 796
3  1010 1012 1095
3  1096 197 918
3  665 298 300
3  298 527 1025
3  998 1097 1046
3  188 32 1098
3  631 187 781
3  1016 186 188
3  514 1099 1100
3  31 754 1018
3  627 189 1033
3  189 145 342
3  625 210 1019
3  625 1019 804
3  678 211 1020
3  211 210 805
3  229 210 672
3  210 209 672
3  192 230 501
3  230 229 501
3  650 652 861
3  652 941 861
3  594 753 742
3  923 942 1101
3  1102 576 969
3  753 320 1102
3  863 924 976
3  36 1103 864
3  34 863 975
3  924 977 976
3  214 549 793
3  549 791 793
3  1023 213 790
3  213 212 790
3  1024 406 301
3  406 27 301
3  527 77 529
3  77 773 529
3  299 298 1025
3  1026 1104 1105
3  927 929 1106
3  774 773 927
3  929 930 1106
3  927 928 929
3  799 1011 1107
3  1108 800 1109
3  74 16 1110
3  74 930 14
3  775 932 1111
3  666 1111 1112
3  776 302 304
3  785 302 776
3  1113 992 991
3  671 504 991
3  1114 903 777
3  1032 625 937
3  4 1068 82
3  995 144 409
3  505 649 1115
3  396 583 506
3  537 625 1116
3  625 676 1116
3  1032 807 809
3  1028 1039 238
3  1085 906 1041
3  906 905 685
3  625 627 811
3  933 1032 934
3  807 1032 937
3  810 811 937
3  426 545 547
3  130 947 309
3  546 1117 547
3  945 1117 546
3  201 427 1118
3  1039 239 238
3  1030 1119 1031
3  936 812 814
3  809 814 908
3  934 1032 809
3  940 939 808
3  685 905 1034
3  1120 946 130
3  945 128 946
3  1016 498 1121
3  685 341 1041
3  677 201 634
3  201 806 634
3  336 691 1042
3  691 422 551
3  1083 1088 825
3  403 402 1122
3  418 543 544
3  1123 1124 1125
3  945 1000 825
3  1121 498 497
3  402 318 692
3  318 693 692
3  350 950 1049
3  950 831 1049
3  561 441 835
3  564 563 1126
3  361 363 834
3  363 182 834
3  984 259 1127
3  984 1065 260
3  708 953 564
3  953 255 564
3  711 952 1128
3  952 361 1128
3  952 563 1050
3  563 361 1050
3  391 712 1051
3  388 1051 955
3  173 839 50
3  839 48 50
3  388 955 1129
3  1053 478 836
3  479 171 480
3  171 173 480
3  1051 712 955
3  712 713 955
3  1054 175 1055
3  712 1130 1131
3  712 838 1132
3  838 175 1133
3  956 393 702
3  393 701 702
3  839 956 840
3  956 362 840
3  261 155 716
3  155 842 716
3  715 56 1056
3  56 354 1056
3  444 1057 1134
3  444 570 1057
3  718 570 719
3  570 571 719
3  718 359 1058
3  359 446 1058
3  358 961 1135
3  358 1135 717
3  763 726 732
3  726 730 732
3  843 763 962
3  763 731 962
3  843 118 70
3  118 68 70
3  1059 586 1136
3  586 591 593
3  592 591 964
3  591 368 964
3  586 1060 587
3  586 1059 1060
3  848 273 850
3  273 272 850
3  740 741 1137
3  741 581 852
3  59 578 577
3  578 740 577
3  451 35 981
3  651 981 982
3  59 1061 579
3  1061 853 579
3  980 321 979
3  321 594 979
3  848 723 725
3  746 848 854
3  970 971 856
3  972 600 856
3  851 601 854
3  601 600 854
3  462 467 866
3  466 459 378
3  749 751 322
3  320 322 750
3  749 143 605
3  517 576 379
3  755 150 606
3  150 89 606
3  112 137 867
3  137 468 867
3  983 376 283
3  376 281 283
3  566 362 760
3  362 704 760
3  1065 565 260
3  565 182 260
3  985 1064 1066
3  985 362 1064
3  890 411 1067
3  411 482 1067
3  82 1068 649
3  897 899 1138
3  4 1070 1069
3  1070 1068 1069
3  1070 4 1071
3  4 891 1071
3  762 3 987
3  3 412 987
3  903 1114 904
3  1077 800 1108
3  15 297 1139
3  297 303 632
3  494 1076 1140
3  642 639 495
3  902 642 1140
3  1076 902 1140
3  658 429 1099
3  1002 32 1141
3  1082 655 430
3  655 345 430
3  646 645 44
3  645 42 44
3  661 826 909
3  686 1124 523
3  999 43 348
3  402 999 830
3  187 186 781
3  186 779 781
3  1120 1142 1000
3  1000 1083 825
3  525 630 629
3  630 628 629
3  1143 1144 1145
3  296 662 772
3  630 669 146
3  668 670 1146
3  230 911 231
3  911 229 231
3  630 772 1147
3  630 1147 1146
3  772 916 198
3  772 1143 1147
3  917 1096 918
3  931 917 510
3  1092 798 995
3  409 1148 915
3  664 296 1091
3  196 664 1091
3  914 1149 915
3  1148 409 1008
3  408 1092 995
3  802 782 798
3  509 784 510
3  784 783 510
3  1 299 1015
3  299 1009 1015
3  299 1 300
3  1 665 300
3  1097 498 1046
3  996 345 778
3  998 997 1097
3  1004 1150 309
3  906 685 1041
3  1085 1041 1086
3  32 1002 1098
3  1002 996 1098
3  1002 1141 1099
3  518 466 515
3  492 919 33
3  919 31 33
3  210 189 1151
3  189 627 1151
3  146 145 190
3  189 210 421
3  905 940 1034
3  189 342 1033
3  625 537 1020
3  537 678 1020
3  652 651 921
3  651 744 921
3  451 860 1103
3  451 650 860
3  941 921 920
3  742 920 922
3  742 1022 1152
3  921 744 745
3  923 1022 977
3  1022 753 977
3  34 969 1153
3  34 1021 969
3  528 529 1025
3  529 774 1025
3  299 1105 1154
3  1104 1155 1105
3  799 1012 1156
3  1011 1157 1158
3  1012 801 1095
3  801 800 1159
3  1104 1010 1155
3  774 1011 1160
3  1161 666 16
3  15 1161 16
3  303 785 632
3  785 775 632
3  625 810 937
3  504 503 1113
3  896 671 895
3  304 896 895
3  894 991 993
3  503 992 1113
3  903 775 777
3  900 304 895
3  1162 1163 1164
3  648 81 82
3  537 1116 1027
3  1116 676 1027
3  933 935 1032
3  935 676 1032
3  1028 829 1029
3  829 676 1029
3  341 780 1041
3  780 779 1041
3  807 1033 1165
3  1034 940 1165
3  945 1037 1166
3  1037 1036 1166
3  1036 547 1166
3  545 945 546
3  427 201 428
3  201 676 1030
3  1036 427 547
3  427 426 547
3  427 1036 1118
3  201 1118 1167
3  238 813 1031
3  828 829 238
3  947 1004 309
3  829 1028 238
3  813 545 1168
3  545 426 1168
3  129 816 947
3  940 905 907
3  129 817 816
3  128 1040 818
3  813 238 240
3  239 814 240
3  942 923 943
3  342 685 1034
3  946 128 130
3  825 1088 695
3  945 545 1040
3  939 816 818
3  906 1169 947
3  1170 402 404
3  1120 130 310
3  997 402 1097
3  402 694 1171
3  946 1120 1000
3  906 1085 1169
3  1085 1016 1169
3  535 537 635
3  537 676 635
3  551 215 1042
3  215 336 1042
3  1023 225 821
3  225 216 821
3  39 41 827
3  41 336 827
3  200 1035 1172
3  201 1036 822
3  1043 1045 1123
3  1173 1043 1174
3  1045 1124 1123
3  1043 1173 1175
3  1124 522 523
3  1124 1045 522
3  563 835 1126
3  441 564 1126
3  361 834 833
3  834 182 184
3  259 363 1127
3  363 984 1127
3  835 441 1126
3  441 708 564
3  478 50 836
3  50 49 836
3  50 478 709
3  478 173 709
3  175 291 1052
3  291 837 1052
3  1130 175 1131
3  175 713 714
3  712 1176 1177
3  1176 175 1177
3  175 1054 1133
3  838 1133 1132
3  1057 572 1134
3  572 444 1134
3  1135 961 717
3  961 446 717
3  967 596 597
3  586 585 724
3  737 967 597
3  368 596 967
3  855 966 593
3  586 593 1136
3  1060 966 587
3  966 585 587
3  848 850 723
3  850 736 723
3  589 980 858
3  980 859 858
3  452 1153 268
3  741 968 1137
3  969 577 1153
3  1153 577 268
3  453 452 982
3  651 650 981
3  971 970 747
3  746 600 972
3  736 849 856
3  970 856 1062
3  141 456 973
3  456 974 379
3  169 462 787
3  323 603 467
3  576 1102 750
3  1102 320 750
3  150 1063 868
3  867 468 469
3  1063 755 868
3  112 867 869
3  566 565 1066
3  565 984 1066
3  411 890 898
3  890 306 898
3  782 989 798
3  887 899 1079
3  761 641 989
3  1092 802 798
3  642 495 1140
3  495 494 1140
3  1003 1002 1099
3  429 1003 1099
3  688 824 689
3  945 944 1000
3  1083 1084 1122
3  695 1088 696
3  674 696 1175
3  234 675 1175
3  688 1035 824
3  824 1035 1037
3  189 421 190
3  421 229 190
3  299 1025 1105
3  917 931 1155
3  1010 1149 1090
3  1149 914 1089
3  197 196 918
3  1098 996 1047
3  1149 1159 915
3  1074 800 1075
3  1148 668 915
3  197 1096 1089
3  296 1014 1091
3  1014 509 1091
3  668 1148 1008
3  1073 915 1074
3  236 796 1094
3  796 144 1094
3  510 917 511
3  918 196 511
3  43 999 1178
3  999 998 1178
3  947 1169 497
3  1017 1098 1047
3  1046 498 1047
3  188 1098 1017
3  32 1018 1099
3  1141 32 1099
3  515 1179 1180
3  32 31 1018
3  210 1151 804
3  1151 627 804
3  229 910 190
3  910 628 190
3  1033 1034 1165
3  807 627 1033
3  1103 860 864
3  860 650 861
3  860 862 864
3  451 1103 36
3  1022 942 1152
3  942 941 920
3  942 1022 1101
3  1022 923 1101
3  753 1102 978
3  924 923 977
3  1105 1155 1154
3  1025 1026 1105
3  795 990 75
3  1011 774 1157
3  799 801 1012
3  801 1159 1095
3  1096 917 1089
3  1149 1089 1090
3  774 927 1106
3  930 73 1157
3  1026 1011 1104
3  1011 1010 1104
3  1011 1026 1160
3  1026 774 1160
3  16 666 1112
3  1111 932 1112
3  297 1161 1139
3  1161 15 1139
3  666 1161 667
3  1161 297 667
3  666 632 1111
3  632 775 1111
3  632 666 633
3  666 297 633
3  1114 777 1181
3  504 1113 991
3  899 887 1080
3  412 897 1138
3  1039 1028 934
3  1028 676 934
3  1041 186 1086
3  186 1016 1086
3  828 1030 1038
3  1030 676 1038
3  1119 1030 238
3  1168 426 1031
3  201 1030 428
3  1030 426 428
3  1118 1036 1167
3  1036 201 1167
3  808 939 814
3  939 936 814
3  813 1168 1031
3  1119 238 1031
3  940 808 1182
3  940 1182 1165
3  1040 545 818
3  545 936 818
3  940 907 947
3  907 906 947
3  1001 1170 404
3  1000 1142 1084
3  403 1142 1150
3  1142 1120 1150
3  1169 1121 497
3  1169 1016 1121
3  822 1036 823
3  1036 1035 823
3  1035 688 1172
3  688 200 1172
3  1043 1123 1174
3  675 674 1175
3  232 1183 1174
3  1183 1173 1174
3  318 1045 1048
3  1045 693 1048
3  318 949 1184
3  347 522 949
3  418 347 543
3  346 418 544
3  347 418 1185
3  418 686 1185
3  694 1045 1044
3  1045 1043 1044
3  711 1128 833
3  1128 361 833
3  955 837 389
3  49 389 1186
3  478 1053 954
3  1053 837 954
3  175 714 1131
3  714 712 1131
3  175 1176 1055
3  1176 712 1055
3  175 1130 1177
3  1130 712 1177
3  1133 1054 1132
3  1054 712 1132
3  724 854 725
3  854 848 725
3  595 963 967
3  963 373 967
3  593 966 1136
3  966 1059 1136
3  968 577 1137
3  577 740 1137
3  577 968 268
3  968 266 268
3  34 1153 454
3  1153 452 454
3  267 745 982
3  745 651 982
3  746 972 747
3  972 971 747
3  856 849 1062
3  849 272 1062
3  379 974 380
3  974 28 380
3  142 379 605
3  379 576 605
3  379 142 973
3  142 141 973
3  462 463 467
3  463 786 467
3  751 604 752
3  604 576 752
3  867 469 868
3  469 150 868
3  898 396 506
3  898 306 396
3  1070 1138 1187
3  1070 891 1138
3  1077 1188 1078
3  1093 1188 1189
3  904 1108 1109
3  1190 1162 1191
3  1077 1108 1163
3  1108 904 1163
3  989 641 798
3  641 237 798
3  754 518 515
3  514 658 1099
3  319 318 830
3  348 317 319
3  347 348 1192
3  348 661 909
3  402 1171 1122
3  1084 403 1122
3  233 313 675
3  673 1193 1194
3  945 825 1195
3  825 824 1195
3  1173 1196 1175
3  824 695 674
3  1147 1143 1146
3  670 669 1146
3  1005 1146 1144
3  669 630 1146
3  1178 998 1046
3  196 509 511
3  891 412 1138
3  887 1093 1189
3  797 1094 995
3  1094 144 995
3  1097 1170 1001
3  1097 402 1170
3  498 1017 1047
3  498 1016 1017
3  1047 996 815
3  996 778 815
3  921 745 922
3  745 742 922
3  942 920 1152
3  920 742 1152
3  1102 969 978
3  969 1021 978
3  1012 1011 1156
3  1011 799 1156
3  1157 531 1158
3  1157 73 531
3  531 990 1158
3  1011 1158 1107
3  930 1157 1106
3  1157 774 1106
3  1112 932 1197
3  16 1112 1197
3  1114 1072 1198
3  1072 649 1198
3  649 992 1115
3  992 505 1115
3  900 895 993
3  895 894 993
3  992 1072 1181
3  1072 1114 1181
3  992 1181 993
3  894 671 991
3  807 937 938
3  937 627 938
3  403 1150 1001
3  1150 1004 1001
3  1097 1001 497
3  1001 1004 497
3  1035 200 823
3  200 202 823
3  547 1117 1166
3  1117 945 1166
3  232 234 1196
3  1088 1087 696
3  232 1174 1199
3  1174 1123 1125
3  949 522 1184
3  318 317 949
3  522 1045 1184
3  1045 318 1184
3  347 1185 523
3  686 523 1200
3  955 389 1129
3  389 388 1129
3  389 837 1186
3  837 49 1186
3  586 723 597
3  723 737 597
3  378 787 866
3  787 462 866
3  868 755 869
3  755 112 869
3  583 584 506
3  584 639 506
3  1079 899 1201
3  887 1079 888
3  1138 899 1080
3  1068 1070 1187
3  1188 1093 1078
3  1093 803 1078
3  1162 1190 1202
3  1202 1190 1189
3  1188 1202 1189
3  1188 1077 1202
3  1163 904 1164
3  904 1114 1203
3  800 990 1109
3  904 1109 994
3  1162 1202 1163
3  1202 1077 1163
3  348 909 1192
3  909 346 1192
3  1142 403 1084
3  1171 694 1122
3  694 1087 1122
3  1087 1083 1122
3  1193 313 1194
3  313 673 1194
3  824 1037 1195
3  1037 945 1195
3  1043 1175 1204
3  1196 234 1175
3  1143 772 1144
3  1005 668 1146
3  772 198 1144
3  198 1005 1144
3  1159 1149 1095
3  1149 1010 1095
3  1073 409 915
3  913 1005 914
3  914 1005 1089
3  1005 197 1089
3  410 1073 1075
3  409 1073 410
3  43 1178 815
3  1178 1046 815
3  514 1205 1179
3  1205 1100 1180
3  1182 808 1165
3  808 807 1165
3  861 943 862
3  943 923 862
3  977 978 976
3  978 1021 976
3  1158 990 1107
3  990 799 1107
3  932 794 1197
3  794 74 1197
3  1162 1203 1198
3  1203 1114 1198
3  1181 777 993
3  777 900 993
3  239 934 908
3  934 809 908
3  309 1150 310
3  1150 1120 310
3  498 1097 499
3  1097 497 499
3  1173 1183 1196
3  1183 232 1196
3  1124 686 1125
3  686 232 1125
3  523 1185 1200
3  1185 686 1200
3  642 507 1206
3  642 761 507
3  1109 990 994
3  990 795 994
3  904 1203 1164
3  1203 1162 1164
3  347 1192 544
3  1192 346 544
3  824 674 689
3  674 673 689
3  313 1193 675
3  1193 673 675
3  1175 696 1204
3  696 1087 1207
3  1087 694 1207
3  694 1043 1207
3  1144 1146 1145
3  1146 1143 1145
3  1155 931 1154
3  931 299 1154
3  917 1155 1090
3  1155 1010 1090
3  887 1189 1081
3  1189 1190 1191
3  144 669 1008
3  669 668 1008
3  803 802 1208
3  802 410 1208
3  1179 1205 1180
3  1205 514 1100
3  1100 1099 1180
3  515 514 1179
3  862 924 864
3  924 863 864
3  16 1197 1110
3  1197 74 1110
3  1174 1125 1199
3  1125 232 1199
3  782 888 1209
3  782 803 888
3  507 506 1206
3  506 642 1206
3  649 1187 1081
3  1138 1080 1187
3  696 1207 1204
3  1207 1043 1204
3  1162 1198 1191
3  1198 649 1191
3  899 898 1201
3  508 1079 1013
3  507 1079 508
3  1201 1210 1211
3  915 1159 1074
3  1159 800 1074
3  800 1077 1075
3  1077 803 1075
3  1099 1018 1180
3  1018 515 1180
3  888 507 1209
3  507 782 1209
3  1187 1080 1081
3  649 1068 1187
3  1189 1191 1081
3  1191 649 1081
3  1201 898 1210
3  898 506 1210
3  410 1075 1208
3  1075 803 1208
3  1079 1210 1013
3  1210 506 1013
3  1210 1079 1211
3  1079 1201 1211
