OFF
459 914 0
-156.027 -89.894 121.617
-322.011 -82.8754 298.5
-227.496 -31.7819 190.614
-85.2695 -123.567 108.499
-19.7281 -350.654 302.888
-87.3712 -185.847 168.99
228.301 254.698 384.368
338.172 26.2317 427.306
294.275 97.4934 349.933
57.3612 316.362 298.451
18.0953 245.805 203.601
-39.3251 237.371 203.57
-174.862 -273.339 289.884
108.784 -268.179 268.248
100.219 -203.503 190.59
-170.765 257.69 302.68
-85.5648 208.44 182
-144.319 195.568 212.157
-158.333 154.491 177.686
-181.471 175.377 220.82
197.27 264.514 349.988
193.484 278.473 384.365
316.473 -186.885 324.39
116.673 -120.964 134.378
103.494 -93.5539 104.125
251.846 -142.307 435.896
104.564 -234.135 435.896
211.751 -201.327 435.896
205.443 -284.445 431.603
230.413 -183.163 435.896
-147.253 23.9834 104.203
-128.949 55.1867 104.131
-223.226 277.601 423.02
-277.024 180.478 401.529
-259.663 169.484 427.298
-269.366 197.319 401.533
143.948 221.353 195.16
260.712 47.3644 242.355
211.815 -36.0998 173.343
147.233 17.9537 104.202
308.947 38.4139 341.345
126.757 -71.5097 104.176
5.57677 7.88046 -0.0101276
6.47203 7.55663 -0.0117533
6.05116 7.52209 -0.0109891
-23.9275 -150.147 112.8
-3.3061 -9.38508 0.00600385
-251.711 -243.131 435.896
-136.356 -317.326 418.721
-281.224 -171.108 328.523
94.2552 -298.219 311.294
254.025 -206.395 431.599
-103.759 262.562 435.896
-224.116 224.303 435.896
120.556 276.897 435.896
286.639 89.5102 435.896
245.784 148.038 435.896
-322.946 0.833316 384.334
-313.475 42.0597 418.705
-316.684 40.2625 388.626
-80.5222 153.645 134.423
-44.1237 133.068 104.119
-261.337 212.633 375.771
-291.995 -55.2914 435.896
-310.602 -178.174 405.852
-289.974 -133.018 427.3
-319.401 66.6805 315.636
-229.235 233.239 431.599
8.87998 140.133 104.13
-88.1233 286.779 294.062
68.9928 142.301 108.573
7.55419 -6.47411 -0.0137185
7.35129 -6.70376 -0.01335
-9.92863 0.612574 0.0180304
-9.92863 -0.612576 0.0180304
-9.94278 -0.306434 0.0180561
42.9193 -131.681 95.5342
-60.2607 -305.336 431.597
12.7143 -315.948 405.813
288.052 75.5663 435.896
-73.3785 333.649 418.718
-216.118 123.782 435.896
-9.90506 -0.918136 0.0179876
-214.72 51.1758 181.98
-243.916 95.3223 233.753
-271.515 136.264 427.297
-9.77812 -1.82844 0.0177571
-9.82977 -1.52636 0.0178509
207.699 97.2241 190.614
-8.61479 -4.97536 0.0156445
-8.76387 -4.70762 0.0159152
97.9686 120.81 108.549
-9.56775 2.72314 0.0173751
-9.47939 3.01658 0.0172146
-9.27577 -3.59461 0.0168448
104.974 -146.55 147.347
8.61479 -4.97536 -0.0156445
8.90464 -4.43542 -0.0161709
8.76387 -4.70762 -0.0159152
-84.0348 -256.041 435.896
57.4611 282.837 435.896
84.6727 307.865 337.076
-99.8981 76.959 95.4281
-96.7909 87.2136 99.7552
-6.23634 7.75242 0.0113252
-6.47204 7.55662 0.0117533
-7.93828 5.99665 0.014416
-9.64705 2.42711 0.0175191
6.47204 -7.55662 -0.0117533
121.93 88.838 104.224
222.092 225.946 332.772
9.7172 -2.12879 -0.0176465
76.9151 -115.059 104.109
6.70159 -7.35368 -0.0121701
154.999 270.773 418.702
254.027 188.335 418.705
209.372 152.139 225.144
-8.11913 5.74925 0.0147444
-5.23669 8.46028 0.00950985
-5.74742 8.12175 0.0104374
-5.99471 7.94086 0.0108864
3.59345 -9.27878 -0.00652578
2.42634 -9.65019 -0.0044063
3.68555 -8.70999 -0.00669316
-187.901 65.2797 160.359
-300.545 25.0437 431.596
-273.657 33.1574 435.896
-9.77812 1.82844 0.0177571
6.23632 -7.75243 -0.0113252
5.2367 -8.46027 -0.0095099
3.38364 -4.48111 -0.00614547
-8.45754 -5.23838 0.0153589
6.9248 7.14374 -0.0125755
7.14144 6.92703 -0.0129689
7.55419 6.47412 -0.0137185
6.9248 -7.14374 -0.0125755
-3.30611 9.38508 0.00600393
-3.59346 9.27878 0.00652575
5.49467 -8.29495 -0.00997834
-4.7061 -8.76672 0.00854629
-5.74741 -8.12176 0.0104373
-104.875 93.6669 108.422
5.99472 7.94085 -0.0108864
-1.22244 9.87531 0.00221994
4.56282 -3.90965 -0.00828689
3.71619 -4.07687 -0.0067494
4.10145 3.97746 -0.00744903
3.58549 5.06571 -0.006512
3.9838 5.62862 -0.00723529
3.9178 5.18872 -0.00711547
-1.82786 -9.78131 0.00331945
-1.52585 -9.83298 0.00277093
-2.1281 -9.72036 0.00386466
6.23633 7.75242 -0.0113252
-9.47939 -3.01658 0.0172146
-9.38203 -3.30717 0.0170378
-9.56775 -2.72314 0.0173751
-9.64705 -2.42711 0.0175191
-9.8721 1.22282 0.0179278
-9.82977 1.52636 0.0178509
-2.42634 -9.65019 0.0044063
-3.01561 -9.48248 0.00547636
5.68467 -4.87122 -0.0103241
5.97366 -4.51192 -0.0108489
6.21555 -5.00268 -0.0112881
1.52586 -9.83298 -0.00277094
1.22243 -9.87531 -0.00221996
95.5803 301.646 380.028
9.27576 -3.59462 -0.0168449
9.64705 -2.42711 -0.0175191
-6.9248 7.14374 0.0125755
58.0819 138.945 104.218
-8.90464 -4.43542 0.0161709
-9.03696 -4.159 0.0164112
2.72228 -9.57087 -0.0049437
-3.59345 -9.27879 0.00652577
-9.38203 3.30717 0.0170378
-9.27577 3.59461 0.0168448
-9.9475 -8.69638e-07 0.0180647
-9.94278 0.306434 0.0180561
-9.7172 2.12879 0.0176465
3.46076 -4.03978 -0.00628553
-5.99471 -7.94086 0.0108864
-9.16071 -3.87864 0.0166359
-2.72228 -9.57087 0.0049437
3.69379 -6.39896 -0.00670857
-1.21033 -9.77754 0.00219791
4.43398 -8.90754 -0.00805215
3.33468 -7.24967 -0.00605629
0.306343 -9.94602 -0.000556374
-0.917845 -9.90829 0.0016668
1.18661e-07 -9.95074 -2.15523e-10
-0.612366 -9.93187 0.00111209
-7.3513 6.70376 0.01335
-8.45754 5.23838 0.0153589
-7.74991 6.23834 0.0140739
5.68468 4.87122 -0.0103241
4.7378 4.59473 -0.00860462
4.71144 5.16903 -0.00855671
-0.612382 9.93186 0.00111208
3.72795 6.94375 -0.00677049
3.46852 6.9671 -0.00629936
9.47939 -3.0166 -0.0172146
9.38203 -3.30718 -0.0170378
4.51239 -4.9506 -0.00819527
4.52555 -4.66777 -0.00821918
-9.7172 -2.12879 0.0176465
3.7562 -5.30695 -0.00682202
3.90931 -4.56351 -0.0071001
3.68137 -6.85694 -0.00668594
4.60967 -6.51323 -0.00837176
3.33474 4.14448 -0.00605666
-9.90506 0.918134 0.0179876
-4.97376 -8.61759 0.00903237
-6.23632 -7.75243 0.0113252
-6.7016 -7.35368 0.0121701
0.612371 -9.93187 -0.0011121
6.1129 -7.59886 -0.0111012
5.5199 -7.80003 -0.0100244
4.39012 -8.81932 -0.00797255
3.3061 -9.38508 -0.00600385
3.86351 -7.7609 -0.00701654
-7.14144 6.92704 0.0129689
-7.55419 6.47411 0.0137185
-9.16071 3.87865 0.0166359
-8.90464 4.43542 0.0161709
-8.76387 4.70762 0.0159152
3.26208 6.07571 -0.00592458
-4.97376 8.61759 0.00903235
-1.82786 9.78131 0.00331938
-5.49466 8.29495 0.00997835
9.16071 -3.87865 -0.0166359
8.17377 -3.16733 -0.014844
7.42081 -4.28544 -0.0134767
6.8551 -3.68185 -0.0124495
6.08357 -3.02972 -0.0110485
5.54704 -3.92727 -0.0100742
6.08357 3.02972 -0.0110485
7.95838 -5.63537 -0.0144526
8.06979 -4.33458 -0.0146551
5.76738 6.73344 -0.010474
5.57391 6.11565 -0.0101228
4.57013 6.89856 -0.00829987
-9.8721 -1.22282 0.0179278
8.26924 -0.254822 -0.0150174
7.34726 -2.84692 -0.0133432
7.77702 0.239655 -0.0141236
3.47168 4.90488 -0.00630533
3.51998 4.37475 -0.00639306
1.82786 -9.78131 -0.00331945
-6.47204 -7.55662 0.0117533
4.50786 -5.6029 -0.008187
-6.7016 7.35367 0.0121701
-4.15768 -9.03989 0.00755038
-4.43398 -8.90754 0.00805215
-6.9248 -7.14374 0.0125755
-7.14144 -6.92704 0.0129689
-7.3513 -6.70376 0.01335
-7.55419 -6.47412 0.0137185
-8.11913 -5.74926 0.0147444
-7.74991 -6.23834 0.0140739
-7.93828 -5.99665 0.014416
5.74741 -8.12176 -0.0104373
5.99472 -7.94085 -0.0108864
4.97376 -8.61759 -0.00903237
4.15768 -9.03989 -0.00755038
5.52503 4.44671 -0.0100342
5.44029 -8.2128 -0.00987967
2.1281 -9.72036 -0.00386466
3.01561 -9.48248 -0.00547637
-1.22243 -9.87532 0.00221995
-0.306343 -9.94602 0.000556373
-8.61479 4.97536 0.0156445
-8.29227 5.49643 0.0150588
-9.03696 4.159 0.0164112
7.93828 -5.99665 -0.014416
7.7499 -6.23835 -0.0140738
6.84194 -6.23899 -0.0124253
6.9147 -6.30539 -0.0125574
6.85626 -7.07299 -0.0124511
8.29227 -5.49643 -0.0150588
5.75953 5.94104 -0.0104599
5.8959 5.37594 -0.0107076
9.03696 4.159 -0.0164112
8.76856 4.03541 -0.0159239
8.41683 4.52109 -0.0152852
9.77812 -1.82844 -0.0177571
7.87146 4.87517 -0.0142949
8.27366 4.77822 -0.0150252
-8.29227 -5.49643 0.0150588
7.05947 5.68226 -0.0128204
5.69446 3.52638 -0.0103419
-5.2367 -8.46027 0.00950989
-5.49466 -8.29495 0.00997834
5.55388 -5.72882 -0.0100865
-3.87739 -9.16369 0.00704139
4.7061 -8.76672 -0.00854629
3.8774 -9.16369 -0.00704139
8.03875 -5.69232 -0.0145985
7.59649 -6.11475 -0.0137954
5.61909 -6.98468 -0.0102047
4.45925 -7.20363 -0.00809848
0.91785 -9.90829 -0.0016668
-1.52587 9.83298 0.00277099
-3.87741 9.16369 0.00704139
9.23616 -2.02334 -0.0167731
7.78774 -4.82328 -0.0141429
6.73164 -5.7688 -0.0122251
8.45754 -5.23837 -0.0153589
8.11912 -5.74927 -0.0147443
0.306333 9.94602 -0.000556308
-4.34961e-07 9.95074 7.90011e-10
9.45603 2.37903 -0.0171723
9.8721 1.22283 -0.0179278
9.73202 0.600437 -0.0176735
9.56776 -2.72313 -0.0173751
9.90506 -0.918131 -0.0179876
9.92863 -0.612588 -0.0180304
9.94278 0.306433 -0.0180561
9.92863 0.612574 -0.0180304
4.0806 6.15935 -0.00741102
3.74302 6.48429 -0.00679793
3.94088 6.3659 -0.00715726
4.52755 3.64371 -0.00822282
6.80025 3.12919 -0.0123499
8.82629 0.818086 -0.0160289
8.17377 3.16733 -0.014844
9.1879 1.13803 -0.0166855
8.82629 -0.818073 -0.0160289
8.11885 -2.04244 -0.0147443
5.96518 -6.15327 -0.0108333
5.5739 -6.11565 -0.0101228
4.57996 -7.93491 -0.00831752
3.81963 7.6727 -0.00693685
3.54045 7.69722 -0.00642986
1.49567 9.63826 -0.00271619
4.67822 5.46137 -0.00849636
4.75482 5.90995 -0.00863541
7.14144 -6.92704 -0.0129689
5.72761 -5.55502 -0.010402
7.05948 -5.68226 -0.0128204
9.03696 -4.15899 -0.0164112
6.31206 3.6449 -0.0114634
6.69926 4.14885 -0.0121665
7.3513 6.70376 -0.01335
8.52951 4.92607 -0.0154897
6.85626 7.07299 -0.0124511
7.51977 6.05298 -0.0136561
7.93828 5.99665 -0.014416
9.56776 2.72314 -0.0173751
9.28915 3.27441 -0.0168692
4.26829 6.03071 -0.00775188
3.97339 4.63833 -0.00721646
5.54705 3.92726 -0.0100742
7.02863 3.77508 -0.0127646
8.11885 2.04244 -0.0147443
8.73183 3.07784 -0.0158573
-0.306334 9.94602 0.000556309
3.8774 9.16369 -0.00704139
3.59346 9.27878 -0.00652575
4.71842 -7.6225 -0.00856902
1.52587 9.83298 -0.00277099
1.82786 9.78131 -0.00331938
2.12811 9.72036 -0.00386466
0.917842 9.90829 -0.00166681
1.51077 9.73562 -0.00274359
6.60238 4.987 -0.0119905
6.97883 4.6254 -0.0126741
6.39736 -3.69416 -0.0116183
4.86199 4.16606 -0.00883015
3.62983 5.86329 -0.00659245
-2.72227 9.57087 0.00494366
-3.01562 9.48248 0.00547639
6.27049 -4.43963 -0.0113879
8.32123 -3.82943 -0.0151117
9.549 0.294289 -0.0173412
9.00363 -1.68352 -0.0163509
6.51355 6.71924 -0.0118289
6.7016 7.35368 -0.0121701
8.76387 4.70762 -0.0159152
8.61479 4.97536 -0.0156445
7.74991 6.23834 -0.0140739
9.82977 -1.52636 -0.0178509
9.8721 -1.22283 -0.0179278
9.9475 0 -0.0180647
9.57887 1.18648 -0.0173954
9.23616 2.02334 -0.0167731
9.7172 2.12879 -0.0176465
9.64705 2.42711 -0.0175191
8.90464 4.43542 -0.0161709
6.28802 4.74946 -0.0114197
6.02934 4.26884 -0.01095
6.43252 5.51233 -0.011682
7.45283 -4.61575 -0.0135348
7.13309 -2.26963 -0.0129543
4.34623 8.73112 -0.00789286
3.30611 9.38508 -0.00600393
5.23669 8.46028 -0.00950988
4.65953 8.6799 -0.00846178
4.61475 7.45495 -0.00838078
5.5794 7.39038 -0.0101325
5.74741 8.12175 -0.0104373
0.612381 9.93186 -0.00111208
-0.917842 9.90829 0.00166681
-2.42634 9.65019 0.00440626
-4.15767 9.03989 0.00755037
-4.43399 8.90753 0.00805214
-2.12811 9.72036 0.00386466
4.26091 5.29585 -0.00773855
3.52614 5.69575 -0.00640416
9.57887 -1.18649 -0.0173954
9.73202 -0.600434 -0.0176735
9.82977 1.52636 -0.0178509
8.45754 5.23838 -0.0153589
8.29227 5.49643 -0.0150588
9.38203 3.30717 -0.0170378
9.27577 3.59461 -0.0168448
6.20943 4.69007 -0.011277
7.3893 4.89758 -0.0134194
7.89626 4.24132 -0.01434
8.26924 0.25483 -0.0150174
8.1423 3.74703 -0.0147868
9.10337 3.20888 -0.0165319
4.43898 6.27197 -0.00806181
5.49466 8.29495 -0.00997835
4.15767 9.03989 -0.00755035
4.08294 8.2019 -0.00741489
2.42634 9.65019 -0.00440626
4.18613 7.25225 -0.00760248
4.28693 7.98542 -0.00778537
4.51108 7.2874 -0.00819256
2.72227 9.57087 -0.00494366
1.22244 9.87531 -0.00221994
4.47324 8.33266 -0.0081236
-4.70611 8.76671 0.00854632
4.27389 5.66048 -0.00776209
3.20516 6.43792 -0.00582117
9.84901 0 -0.0178859
9.10045 -1.70164 -0.0165267
9.55154 -2.40308 -0.0173457
9.90506 0.918135 -0.0179876
9.77812 1.82844 -0.0177571
9.47939 3.01659 -0.0172146
9.16071 3.87865 -0.0166359
6.29228 5.06445 -0.0114274
7.63598 4.10144 -0.0138674
3.01562 9.48248 -0.00547639
4.97376 8.61759 -0.00903238
4.70611 8.76671 -0.00854633
4.43399 8.90753 -0.00805216
8.11912 5.74926 -0.0147444
8.97932 3.8018 -0.0163066
3.76229 8.89147 -0.00683244
5.74254 7.13823 -0.0104288
4.39011 8.81933 -0.00797251
9.94278 -0.306422 -0.0180561
8.21018 5.44198 -0.0149098
4.09585 5.4246 -0.00743879
4.46135 6.73429 -0.00810236
3  0 1 2
3  3 4 5
3  6 7 8
3  9 10 11
3  1 0 12
3  13 4 14
3  15 16 17
3  18 19 15
3  6 20 21
3  22 23 24
3  25 26 27
3  27 28 29
3  30 18 31
3  30 0 2
3  32 33 34
3  33 32 35
3  6 36 20
3  37 38 39
3  7 22 40
3  38 22 41
3  42 43 44
3  45 3 46
3  47 12 48
3  1 12 49
3  28 4 50
3  22 7 51
3  52 32 53
3  54 55 56
3  57 58 59
3  60 16 61
3  19 62 15
3  62 32 15
3  63 64 65
3  58 33 66
3  66 1 57
3  53 32 67
3  61 10 68
3  9 11 69
3  8 7 40
3  10 36 70
3  71 41 72
3  73 74 75
3  4 76 14
3  4 13 50
3  12 0 3
3  9 36 10
3  49 12 64
3  1 49 64
3  12 4 48
3  77 48 78
3  13 22 50
3  22 28 50
3  7 25 51
3  28 22 51
3  52 47 55
3  25 7 79
3  37 8 40
3  32 52 80
3  58 64 63
3  47 52 81
3  4 3 45
3  82 30 74
3  30 2 83
3  2 1 83
3  62 33 35
3  11 16 69
3  33 62 66
3  62 19 66
3  83 66 84
3  1 66 83
3  32 62 35
3  47 53 63
3  12 47 64
3  53 67 85
3  86 0 87
3  16 10 61
3  22 38 37
3  88 37 39
3  89 0 90
3  70 36 91
3  92 30 93
3  82 94 86
3  14 76 95
3  41 22 24
3  23 22 14
3  22 13 14
3  96 97 98
3  76 4 45
3  4 12 5
3  12 3 5
3  47 48 77
3  48 4 78
3  4 28 78
3  28 77 78
3  55 47 25
3  77 28 99
3  69 32 80
3  54 21 80
3  54 80 100
3  21 9 101
3  47 81 53
3  81 52 53
3  31 18 102
3  103 104 105
3  31 102 106
3  18 16 60
3  107 92 93
3  24 76 108
3  16 18 17
3  18 15 17
3  10 16 11
3  16 15 69
3  109 36 88
3  6 8 110
3  38 41 39
3  39 41 111
3  24 23 112
3  113 24 108
3  76 23 95
3  23 14 95
3  7 55 79
3  55 25 79
3  25 47 26
3  28 26 99
3  52 55 54
3  21 54 114
3  55 7 115
3  7 6 115
3  8 37 116
3  37 88 116
3  36 9 20
3  20 9 21
3  15 32 69
3  22 37 40
3  33 58 34
3  67 34 85
3  31 106 117
3  60 61 118
3  36 109 91
3  103 60 104
3  60 119 120
3  121 122 123
3  66 19 84
3  83 84 124
3  1 64 57
3  64 58 57
3  19 18 84
3  84 18 124
3  58 63 125
3  53 125 126
3  64 47 65
3  47 63 65
3  127 107 93
3  109 88 39
3  76 128 108
3  108 128 129
3  94 130 131
3  132 133 134
3  113 108 135
3  61 136 137
3  23 76 112
3  76 24 112
3  129 128 138
3  46 139 140
3  26 47 99
3  47 77 99
3  26 28 27
3  25 27 29
3  9 69 80
3  6 21 114
3  88 36 116
3  8 116 110
3  32 34 67
3  34 58 85
3  60 103 141
3  103 102 141
3  70 91 142
3  61 68 143
3  144 145 146
3  147 148 149
3  18 30 124
3  30 83 124
3  58 66 59
3  66 57 59
3  58 125 85
3  125 53 85
3  125 63 126
3  63 53 126
3  45 150 151
3  46 151 152
3  91 43 153
3  91 109 132
3  154 94 155
3  154 156 157
3  158 30 159
3  30 92 107
3  45 160 152
3  45 46 161
3  162 163 164
3  165 76 166
3  28 51 29
3  51 25 29
3  54 115 114
3  115 6 114
3  9 80 101
3  80 21 167
3  80 52 100
3  52 54 100
3  55 115 56
3  115 54 56
3  116 36 110
3  36 6 110
3  168 111 169
3  102 103 170
3  102 18 141
3  18 60 141
3  68 10 171
3  10 70 171
3  0 172 90
3  0 173 172
3  154 0 156
3  94 154 86
3  174 76 122
3  46 3 175
3  176 30 177
3  178 30 179
3  180 30 107
3  130 94 181
3  3 0 182
3  173 0 183
3  161 46 152
3  45 184 160
3  46 185 186
3  121 129 187
3  185 188 189
3  190 191 192
3  80 167 101
3  167 21 101
3  93 176 177
3  193 194 195
3  196 197 198
3  199 200 201
3  168 202 203
3  204 205 162
3  172 173 90
3  0 94 183
3  90 94 131
3  89 90 131
3  206 0 86
3  82 86 87
3  0 206 157
3  156 0 157
3  205 144 162
3  94 74 181
3  204 207 208
3  209 185 210
3  73 211 181
3  94 82 74
3  30 73 179
3  212 127 177
3  159 127 212
3  73 212 177
3  211 73 177
3  127 93 177
3  3 182 140
3  139 3 213
3  182 0 214
3  140 182 215
3  216 189 166
3  184 45 161
3  76 191 189
3  184 161 152
3  108 129 217
3  121 218 219
3  121 76 220
3  188 221 189
3  121 174 122
3  45 190 192
3  102 222 193
3  223 193 195
3  177 30 224
3  225 30 226
3  227 228 229
3  119 60 230
3  168 41 231
3  232 233 234
3  235 236 237
3  168 238 239
3  111 41 169
3  240 241 242
3  130 207 215
3  207 140 215
3  94 0 155
3  0 154 155
3  206 86 157
3  86 154 157
3  0 30 243
3  30 82 243
3  244 245 246
3  145 211 146
3  211 145 181
3  211 247 248
3  191 190 189
3  221 249 189
3  0 250 214
3  207 46 140
3  207 130 208
3  251 204 162
3  74 30 75
3  30 178 75
3  145 130 181
3  74 73 181
3  159 30 127
3  30 180 127
3  158 159 212
3  127 180 107
3  30 176 93
3  247 194 252
3  139 253 254
3  139 46 253
3  0 255 215
3  255 0 256
3  257 0 258
3  259 260 261
3  262 128 263
3  128 262 138
3  129 76 264
3  121 187 265
3  197 196 266
3  129 218 267
3  268 249 122
3  76 165 249
3  76 174 269
3  174 121 269
3  160 184 152
3  190 45 270
3  45 192 271
3  192 191 271
3  230 118 120
3  222 102 170
3  31 194 272
3  177 224 226
3  252 194 193
3  273 117 195
3  272 194 226
3  30 225 274
3  119 230 120
3  230 60 118
3  275 41 276
3  218 277 278
3  108 217 279
3  96 275 97
3  275 96 280
3  168 97 238
3  196 281 282
3  283 284 285
3  39 111 286
3  287 288 285
3  202 41 203
3  41 168 203
3  94 90 183
3  90 173 183
3  0 131 289
3  0 89 131
3  0 243 87
3  243 82 87
3  290 281 240
3  144 291 236
3  130 145 208
3  145 144 208
3  46 207 185
3  185 207 251
3  140 292 293
3  3 292 213
3  294 251 162
3  207 204 251
3  236 291 237
3  236 235 163
3  73 75 179
3  75 178 179
3  73 30 212
3  30 158 212
3  46 175 295
3  175 3 295
3  253 3 254
3  3 139 254
3  256 257 215
3  255 256 215
3  0 257 256
3  250 0 215
3  259 0 289
3  131 257 260
3  262 76 138
3  76 129 138
3  128 76 263
3  76 262 263
3  187 264 296
3  187 129 264
3  187 76 265
3  76 121 297
3  97 298 238
3  277 299 278
3  218 129 219
3  129 121 219
3  210 300 301
3  221 188 209
3  216 76 189
3  76 216 302
3  76 249 268
3  76 268 122
3  76 269 220
3  269 121 220
3  190 270 151
3  270 45 151
3  191 76 271
3  76 45 271
3  222 170 252
3  170 103 252
3  102 223 195
3  194 31 273
3  194 247 177
3  247 211 177
3  194 177 226
3  30 31 272
3  61 143 303
3  229 228 304
3  252 104 120
3  104 60 120
3  41 24 135
3  24 113 135
3  217 218 279
3  277 218 300
3  41 71 276
3  71 275 276
3  168 232 305
3  306 307 164
3  298 275 238
3  275 71 238
3  275 298 97
3  71 279 299
3  96 41 308
3  275 280 309
3  68 310 311
3  227 247 228
3  132 109 133
3  312 313 314
3  41 202 315
3  202 168 315
3  39 316 317
3  39 318 319
3  257 131 215
3  131 130 215
3  320 321 322
3  144 146 323
3  246 237 324
3  144 236 162
3  325 326 327
3  162 236 163
3  204 208 205
3  208 144 205
3  292 140 213
3  140 139 213
3  292 3 293
3  3 140 293
3  244 328 329
3  232 239 233
3  3 253 295
3  253 46 295
3  250 215 214
3  215 182 214
3  0 260 258
3  260 257 258
3  260 0 261
3  0 259 261
3  131 260 289
3  260 259 289
3  264 76 296
3  76 187 296
3  76 297 265
3  297 121 265
3  218 217 267
3  217 129 267
3  221 210 301
3  330 300 331
3  300 218 332
3  218 121 332
3  249 221 122
3  122 221 123
3  188 185 209
3  221 209 210
3  302 216 166
3  76 302 166
3  190 151 189
3  185 189 186
3  151 150 152
3  150 45 152
3  104 252 105
3  252 103 105
3  222 252 193
3  273 31 117
3  30 274 224
3  30 272 226
3  68 171 310
3  333 334 335
3  196 336 337
3  247 227 147
3  247 252 228
3  252 120 228
3  41 135 338
3  41 338 72
3  277 300 330
3  162 164 339
3  71 135 279
3  135 108 279
3  239 238 306
3  277 307 340
3  168 231 341
3  231 41 341
3  97 41 98
3  41 96 98
3  41 280 308
3  280 96 308
3  280 41 309
3  41 275 309
3  237 342 343
3  133 344 134
3  288 345 285
3  290 346 347
3  41 315 169
3  315 168 169
3  347 346 134
3  288 347 348
3  290 347 288
3  283 349 350
3  336 351 337
3  247 352 248
3  291 197 353
3  291 144 323
3  354 355 324
3  326 284 356
3  68 357 199
3  70 358 359
3  185 251 210
3  251 294 210
3  221 332 123
3  332 121 123
3  300 332 360
3  332 221 301
3  189 249 166
3  249 165 166
3  189 151 186
3  151 46 186
3  194 273 195
3  223 102 193
3  224 274 226
3  274 225 226
3  361 362 363
3  335 364 365
3  357 311 199
3  143 199 201
3  120 118 228
3  118 61 228
3  366 367 343
3  235 234 368
3  291 323 369
3  370 148 147
3  351 320 322
3  61 371 372
3  338 135 72
3  135 71 72
3  277 330 307
3  234 233 373
3  300 210 331
3  210 294 331
3  294 162 339
3  168 239 374
3  328 375 376
3  232 329 376
3  277 238 299
3  238 71 299
3  41 97 341
3  97 168 341
3  377 290 240
3  91 132 378
3  344 109 134
3  109 379 380
3  109 344 133
3  109 381 134
3  39 382 383
3  313 319 384
3  385 375 386
3  39 387 388
3  109 283 389
3  287 290 288
3  352 146 248
3  146 211 248
3  323 146 369
3  146 352 197
3  366 343 390
3  291 391 237
3  290 366 392
3  342 391 343
3  375 325 327
3  354 326 355
3  352 147 149
3  281 241 240
3  233 393 164
3  235 237 246
3  163 234 373
3  235 246 394
3  332 301 360
3  301 300 360
3  117 106 195
3  106 102 195
3  358 395 396
3  397 42 398
3  240 399 400
3  43 401 153
3  200 334 333
3  310 171 402
3  311 310 199
3  357 68 311
3  310 200 199
3  143 68 403
3  61 404 371
3  61 405 406
3  407 229 371
3  61 229 407
3  336 198 408
3  227 370 409
3  307 306 340
3  307 330 164
3  239 306 233
3  306 393 233
3  239 232 374
3  232 168 374
3  168 305 410
3  384 317 383
3  329 328 376
3  375 411 376
3  387 312 388
3  39 313 412
3  299 279 278
3  279 218 278
3  109 413 414
3  381 109 348
3  346 290 377
3  143 201 321
3  385 312 314
3  410 411 383
3  109 415 416
3  109 39 415
3  380 379 389
3  379 109 389
3  391 417 343
3  391 196 417
3  367 366 418
3  419 367 418
3  246 355 420
3  355 326 325
3  388 312 350
3  326 419 421
3  312 385 386
3  284 422 356
3  281 392 282
3  281 290 392
3  337 351 423
3  241 337 423
3  143 403 199
3  403 68 199
3  355 246 324
3  244 246 420
3  237 391 342
3  343 417 390
3  246 245 394
3  245 244 329
3  245 329 234
3  329 232 234
3  285 345 389
3  70 142 401
3  424 43 397
3  43 346 44
3  43 42 397
3  358 70 425
3  426 333 427
3  428 429 430
3  70 431 427
3  200 310 334
3  171 361 432
3  171 70 427
3  70 424 397
3  429 426 433
3  405 304 406
3  405 61 304
3  304 228 406
3  228 61 434
3  143 229 303
3  229 61 303
3  201 200 321
3  320 370 321
3  229 304 371
3  404 61 407
3  351 336 435
3  352 247 147
3  321 370 436
3  321 200 322
3  146 197 369
3  197 291 369
3  196 391 266
3  391 291 266
3  306 238 340
3  238 277 340
3  164 330 339
3  393 306 164
3  384 383 437
3  383 411 437
3  376 411 438
3  111 168 439
3  305 376 438
3  305 232 376
3  313 384 437
3  39 319 440
3  313 387 412
3  39 412 441
3  111 382 286
3  382 39 286
3  283 415 349
3  39 349 442
3  415 283 443
3  283 109 443
3  417 282 444
3  417 196 282
3  375 328 325
3  328 244 325
3  326 343 445
3  287 419 418
3  343 367 445
3  326 354 343
3  387 313 312
3  382 111 383
3  148 351 435
3  336 196 198
3  237 343 324
3  343 354 324
3  355 325 420
3  325 244 420
3  233 164 373
3  164 163 373
3  234 163 368
3  163 235 368
3  245 234 394
3  234 235 394
3  43 424 401
3  424 70 401
3  240 242 430
3  426 395 433
3  242 428 430
3  351 148 320
3  334 364 335
3  70 396 446
3  426 429 333
3  334 310 364
3  70 447 448
3  399 429 400
3  397 398 449
3  70 397 447
3  404 407 371
3  304 61 137
3  228 434 406
3  434 61 406
3  370 147 409
3  147 227 409
3  197 266 353
3  266 291 353
3  330 331 339
3  331 294 339
3  111 439 410
3  439 168 410
3  411 375 314
3  375 385 314
3  319 318 384
3  318 39 384
3  319 313 440
3  313 39 440
3  412 387 441
3  387 39 441
3  346 43 134
3  43 132 134
3  450 288 348
3  109 450 348
3  283 350 451
3  349 39 388
3  349 415 442
3  415 39 442
3  415 443 416
3  443 109 416
3  282 392 444
3  392 366 444
3  284 326 285
3  326 421 285
3  367 419 445
3  419 326 445
3  366 290 418
3  290 287 418
3  422 312 356
3  349 388 350
3  326 386 327
3  386 375 327
3  312 386 356
3  386 326 356
3  198 197 408
3  197 352 408
3  241 281 337
3  281 196 337
3  148 370 320
3  423 351 322
3  132 43 378
3  43 91 378
3  401 142 153
3  142 91 153
3  429 399 430
3  399 240 430
3  358 396 359
3  396 70 359
3  395 426 452
3  395 42 433
3  427 361 363
3  431 70 446
3  365 361 427
3  361 171 362
3  310 402 364
3  402 171 364
3  44 377 453
3  377 240 453
3  42 400 433
3  400 429 433
3  42 395 398
3  447 397 448
3  449 398 454
3  398 395 454
3  371 304 372
3  304 137 372
3  411 410 438
3  410 305 438
3  111 410 383
3  39 317 455
3  317 316 383
3  316 39 383
3  411 314 437
3  314 313 437
3  347 134 348
3  134 381 348
3  450 414 380
3  450 109 414
3  288 450 456
3  283 285 389
3  417 444 390
3  444 366 390
3  350 312 451
3  312 422 451
3  148 408 457
3  408 352 149
3  336 408 435
3  408 148 435
3  200 428 458
3  428 242 458
3  370 227 436
3  229 143 321
3  429 428 333
3  428 200 333
3  446 396 427
3  333 335 427
3  426 396 452
3  396 395 452
3  361 364 432
3  364 171 432
3  346 377 44
3  240 400 453
3  358 425 449
3  425 70 449
3  137 136 372
3  136 61 372
3  317 384 455
3  384 39 455
3  414 413 380
3  413 109 380
3  421 419 285
3  419 287 285
3  450 345 456
3  345 288 456
3  422 284 451
3  284 283 451
3  408 149 457
3  149 148 457
3  242 241 458
3  241 423 458
3  200 458 322
3  458 423 322
3  227 229 436
3  229 321 436
3  431 446 427
3  335 365 427
3  400 42 453
3  42 44 453
3  397 449 448
3  449 70 448
3  395 358 454
3  358 449 454
3  345 450 389
3  450 380 389
3  364 361 365
3  396 426 427
3  362 171 363
3  171 427 363
