OFF
277 550 0
-0.92723 10.0064 0
-0.618642 10.0302 0
-0.309469 10.0445 0
-0.615903 19.9905 0
0 0 0
-0.309469 10.0445 435.896
-1.23122 19.9621 435.896
-19.9147 -1.84537 435.896
-0.6159 -19.9905 0
-0.351945 11.4232 435.896
-0.312503 10.143 435.896
-0.351945 11.4232 0
-20 -1.74846e-06 0
-0.6159 -19.9905 435.896
-0.609832 -19.7936 0
-0.609832 -19.7936 435.896
-0.400486 -12.9988 435.896
-15.1881 13.0124 435.896
-8.91477 17.9033 435.896
-10 -17.3205 435.896
-0.615903 19.9905 435.896
-0.400486 -12.9988 0
-0.309467 -10.0445 435.896
-8.91477 17.9033 0
-8.35921 18.1693 0
-0.524883 17.0363 0
-0.609835 19.7936 0
-0.524883 17.0363 435.896
-16.672 -11.0473 0
-11.0473 -16.6721 0
-5.47326 -19.2365 435.896
-7.79571 -18.4181 435.896
-0.52488 -17.0363 0
-0.312501 -10.143 435.896
-17.0043 10.5286 0
-0.609835 19.7936 392.738
-0.609835 19.7936 435.896
-0.549155 17.8241 0
-16.672 -11.0473 435.896
-17.0043 -10.5286 0
-13.4739 14.7802 0
-19.2365 5.47326 0
-19.0588 6.06305 435.896
-0.585563 19.0058 323.685
-0.549155 17.8241 422.949
-0.549155 17.8241 435.896
-9.46187 -17.6202 107.895
-10 -17.3205 34.5264
-3.06783 -19.7633 435.896
-19.2365 -5.47326 435.896
-19.2365 -5.47326 0
-19.3959 -4.87828 0
-0.549152 -17.8241 0
-0.52488 -17.0363 435.896
-4.87827 19.3959 435.896
-12.5385 15.5816 435.896
-4.87827 19.3959 0
-4.27866 19.537 4.3158
-17.3205 10 435.896
-18.1693 8.35921 435.896
-15.1881 13.0124 112.211
-15.5816 12.5385 375.475
-19.9147 1.84537 435.896
-19.7633 3.06783 435.896
-19.8484 2.45776 435.896
-0.585563 19.0058 0
-0.585563 19.0058 435.896
-5.47326 -19.2365 189.895
-6.06305 -19.0588 215.79
-7.22483 -18.6494 276.211
-7.79571 -18.4181 306.422
-7.22483 -18.6494 0
-14.3582 -13.9227 0
-10.5286 -17.0043 228.738
-1.84536 -19.9147 435.896
-2.45776 -19.8484 86.316
-3.06783 -19.7633 112.211
-3.06783 -19.7633 64.737
-19.6595 -3.67499 435.896
-18.1693 -8.35921 0
-18.8631 -6.6471 0
-18.1693 -8.35921 435.896
-19.8484 -2.45777 435.896
-19.7633 -3.06783 0
-0.58556 -19.0058 0
-0.58556 -19.0058 435.896
-14.7802 13.4739 0
-14.3582 13.9227 133.79
-14.3582 13.9227 0
-13.0124 15.1881 0
-3.06783 19.7633 435.896
-6.6471 18.8631 0
-5.47326 19.2365 0
-6.6471 18.8631 435.896
-3.06783 19.7633 0
-2.45777 19.8484 0
-19.2365 5.47326 435.896
-19.7633 3.06783 0
-18.1693 8.35921 0
-17.6202 9.46187 0
-19.9621 -1.23122 0
-19.9905 -0.615902 0
-20 -1.74846e-06 435.896
-6.64709 -18.8631 246.001
-6.64709 -18.8631 435.896
-8.35921 -18.1693 289.159
-13.4739 -14.7802 435.896
-11.5555 -16.3239 435.896
-11.5555 -16.3239 0
-3.67499 -19.6595 138.106
-4.27866 -19.537 155.369
-4.27866 -19.537 435.896
-4.87827 -19.3959 176.948
-1.23122 -19.9621 0
-18.4181 -7.79572 0
-17.3205 -10 0
-19.0588 -6.06306 0
-19.0588 -6.06306 435.896
-17.9033 -8.91477 0
-17.3205 -10 435.896
-19.7633 -3.06783 435.896
-19.537 -4.27866 0
-0.549152 -17.8241 435.896
-12.5385 15.5816 129.474
-12.0527 15.9603 107.895
-13.9227 14.3582 435.896
-11.0473 16.672 43.158
-11.0473 16.672 435.896
-10.5286 17.0043 38.8422
-11.0473 16.672 0
-16.3239 11.5555 60.4212
-16.3239 11.5555 435.896
-15.9603 12.0527 302.106
-16.672 11.0473 435.896
-6.06305 19.0588 0
-7.79572 18.4181 0
-5.47326 19.2365 435.896
-7.22483 18.6494 0
-7.79572 18.4181 435.896
-1.84537 19.9147 435.896
-4.27866 19.537 0
-3.67499 19.6595 0
-4.27866 19.537 435.896
-1.84537 19.9147 0
-1.23122 19.9621 0
-19.9147 1.84537 0
-19.537 4.27866 0
-17.0043 10.5286 435.896
-18.6494 7.22483 435.896
-19.9621 1.23122 323.685
-19.9905 0.615903 215.79
-19.9621 1.23122 435.896
-8.91477 -17.9033 435.896
-8.91477 -17.9033 332.317
-10 -17.3205 0
-9.46187 -17.6202 0
-3.67499 -19.6595 112.211
-4.27866 -19.537 69.0528
-3.67499 -19.6595 0
-15.5816 -12.5385 0
-15.1881 -13.0124 435.896
-14.3582 -13.9227 435.896
-13.0124 -15.1881 0
-13.0124 -15.1881 435.896
-7.79571 -18.4181 207.158
-7.79571 -18.4181 0
-3.67499 -19.6595 435.896
-4.87827 -19.3959 435.896
-1.84536 -19.9147 51.7896
-1.23122 -19.9621 435.896
-6.06305 -19.0588 0
-17.6202 -9.46187 0
-18.8631 -6.6471 435.896
-18.4181 -7.79572 435.896
-18.6494 -7.22483 0
-17.9033 -8.91477 435.896
-17.0043 -10.5286 435.896
-19.3959 -4.87828 435.896
-19.6595 -3.67499 0
-19.537 -4.27866 435.896
-19.9147 -1.84537 0
-19.9621 -1.23122 435.896
-19.9905 -0.615902 435.896
-13.0124 15.1881 435.896
-14.7802 13.4739 435.896
-11.5555 16.3239 77.6844
-11.5555 16.3239 435.896
-10 17.3205 25.8948
-10 17.3205 435.896
-9.46187 17.6202 17.2632
-10.5286 17.0043 0
-6.06305 19.0588 435.896
-7.22483 18.6494 435.896
-8.35921 18.1693 435.896
-3.67499 19.6595 435.896
-2.45777 19.8484 435.896
-19.537 4.27866 435.896
-15.1881 13.0124 0
-15.5816 12.5385 435.896
-16.672 11.0473 0
-15.5816 12.5385 0
-15.9603 12.0527 0
-17.6202 9.46187 435.896
-18.8631 6.6471 0
-18.4181 7.79572 0
-17.9033 8.91477 0
-17.3205 10 0
-19.0588 6.06305 0
-19.9621 1.23122 0
-19.9905 0.615903 435.896
-7.22483 -18.6494 435.896
-6.06305 -19.0588 435.896
-9.46187 -17.6202 435.896
-2.45776 -19.8484 47.4738
-5.47326 -19.2365 0
-13.9227 -14.3582 435.896
-14.7802 -13.4739 435.896
-11.0473 -16.6721 435.896
-2.45776 -19.8484 435.896
-18.6494 -7.22483 435.896
-17.6202 -9.46187 435.896
-19.8484 -2.45777 0
-13.9227 14.3582 263.264
-14.7802 13.4739 194.211
-12.0527 15.9603 0
-11.5555 16.3239 0
-10.5286 17.0043 435.896
-9.46187 17.6202 435.896
-19.3959 4.87827 0
-19.6595 3.67499 0
-19.3959 4.87827 4.3158
-19.6595 3.67499 435.896
-19.8484 2.45776 0
-15.9603 12.0527 435.896
-16.3239 11.5555 0
-17.9033 8.91477 435.896
-18.6494 7.22483 0
-18.8631 6.6471 435.896
-19.9905 0.615903 0
-6.64709 -18.8631 0
-8.91477 -17.9033 0
-8.35921 -18.1693 435.896
-10.5286 -17.0043 435.896
-12.5385 -15.5816 435.896
-12.0527 -15.9603 0
-12.5385 -15.5816 271.896
-13.4739 -14.7802 0
-16.3239 -11.5555 0
-15.5816 -12.5385 435.896
-14.7802 -13.4739 323.685
-13.9227 -14.3582 0
-1.84536 -19.9147 0
-13.9227 14.3582 0
-14.3582 13.9227 435.896
-13.4739 14.7802 435.896
-12.0527 15.9603 435.896
-12.5385 15.5816 0
-19.3959 4.87827 435.896
-18.4181 7.79572 435.896
-18.4181 7.79572 353.896
-4.87827 -19.3959 51.7896
-4.87827 -19.3959 43.158
-10.5286 -17.0043 0
-8.35921 -18.1693 0
-12.5385 -15.5816 0
-15.1881 -13.0124 0
-15.9603 -12.0527 435.896
-15.9603 -12.0527 0
-14.7802 -13.4739 0
-4.27866 -19.537 0
-10 17.3205 0
-12.0527 -15.9603 435.896
-16.3239 -11.5555 435.896
-9.46187 17.6202 0
-3.06783 -19.7633 0
-2.45776 -19.8484 0
-4.87827 -19.3959 0
3  0 1 2
3  2 3 4
3  5 6 7
3  0 2 8
3  9 5 10
3  9 4 11
3  0 8 12
3  13 14 15
3  2 1 3
3  1 0 3
3  5 7 16
3  8 2 4
3  17 6 18
3  16 7 19
3  3 6 20
3  6 5 20
3  8 4 21
3  5 16 22
3  23 18 24
3  3 0 12
3  25 3 26
3  20 5 27
3  28 8 29
3  30 19 31
3  4 16 21
3  21 16 32
3  22 16 33
3  4 5 22
3  23 12 34
3  7 6 17
3  4 3 25
3  27 5 9
3  3 20 35
3  27 9 25
3  35 20 36
3  25 26 37
3  16 19 13
3  13 19 30
3  28 38 39
3  12 8 28
3  13 8 14
3  8 21 14
3  16 4 33
3  4 22 33
3  3 12 23
3  23 34 40
3  34 12 41
3  7 17 42
3  5 4 10
3  4 9 10
3  4 25 11
3  25 9 11
3  3 35 26
3  35 36 43
3  20 27 36
3  27 44 45
3  36 27 45
3  27 25 44
3  46 19 47
3  13 30 48
3  19 7 38
3  38 7 49
3  50 49 51
3  12 28 50
3  14 32 52
3  14 21 32
3  32 16 53
3  16 13 15
3  18 6 54
3  17 18 55
3  56 54 57
3  3 23 56
3  42 58 59
3  17 60 61
3  62 63 64
3  7 42 62
3  44 37 43
3  44 25 37
3  26 43 65
3  26 35 43
3  44 43 45
3  36 45 66
3  67 30 68
3  69 70 71
3  28 29 72
3  47 19 73
3  13 48 74
3  75 76 77
3  49 7 78
3  50 28 79
3  50 79 80
3  38 49 81
3  78 7 82
3  12 50 83
3  16 15 53
3  14 52 84
3  15 84 85
3  52 32 53
3  86 87 88
3  23 40 89
3  54 6 90
3  56 23 91
3  56 91 92
3  18 54 93
3  94 90 95
3  3 56 94
3  42 41 96
3  41 12 97
3  34 98 99
3  42 17 58
3  12 100 101
3  7 62 102
3  43 37 65
3  37 26 65
3  45 43 66
3  43 36 66
3  69 103 104
3  70 31 105
3  19 38 106
3  29 107 108
3  76 48 109
3  76 109 77
3  110 111 112
3  29 113 71
3  29 8 113
3  8 13 113
3  79 81 114
3  79 28 115
3  49 116 117
3  50 80 116
3  79 115 118
3  38 81 119
3  83 78 120
3  83 50 121
3  102 12 101
3  12 83 100
3  84 52 122
3  15 14 84
3  52 53 122
3  53 15 122
3  123 55 124
3  17 55 125
3  126 127 128
3  23 89 129
3  130 131 132
3  58 131 133
3  91 93 134
3  91 23 135
3  54 92 136
3  54 56 92
3  91 135 137
3  18 93 138
3  90 6 139
3  56 57 140
3  94 140 141
3  54 90 142
3  143 6 144
3  3 94 143
3  97 12 145
3  41 97 146
3  34 58 147
3  58 17 131
3  34 41 98
3  42 59 148
3  149 150 151
3  62 149 151
3  103 69 71
3  31 19 152
3  46 153 152
3  30 31 104
3  46 154 155
3  156 157 158
3  28 72 159
3  106 160 161
3  19 106 107
3  106 162 163
3  110 109 111
3  71 164 165
3  48 111 166
3  48 30 111
3  30 112 167
3  30 67 112
3  113 74 168
3  13 74 169
3  46 47 154
3  68 103 170
3  115 119 171
3  115 28 39
3  116 80 172
3  49 50 116
3  81 172 173
3  81 49 172
3  80 114 174
3  80 79 114
3  81 118 175
3  81 79 118
3  115 39 119
3  38 119 176
3  49 78 177
3  121 50 51
3  83 121 178
3  121 177 179
3  7 100 180
3  100 83 180
3  100 7 181
3  7 102 181
3  100 181 101
3  102 101 182
3  84 122 85
3  122 15 85
3  89 40 183
3  17 125 184
3  126 185 127
3  127 185 186
3  55 123 89
3  55 89 183
3  55 127 186
3  55 18 127
3  187 188 189
3  23 129 190
3  137 135 138
3  135 23 24
3  93 136 191
3  93 54 136
3  136 92 134
3  92 91 134
3  93 137 192
3  93 91 137
3  135 24 138
3  18 138 193
3  140 57 141
3  94 56 140
3  90 141 194
3  90 94 141
3  141 57 142
3  57 54 142
3  6 143 139
3  143 94 95
3  143 95 139
3  90 139 195
3  6 3 144
3  3 143 144
3  62 196 63
3  62 42 196
3  60 86 197
3  17 61 198
3  133 130 199
3  132 200 201
3  131 130 133
3  34 133 199
3  58 99 202
3  98 203 204
3  99 98 205
3  34 99 206
3  98 41 203
3  42 203 207
3  149 145 208
3  149 62 145
3  145 12 208
3  12 102 150
3  102 151 209
3  102 62 151
3  67 68 170
3  74 75 168
3  31 69 210
3  31 70 69
3  103 68 104
3  30 104 211
3  46 152 212
3  29 71 154
3  75 77 213
3  67 170 214
3  106 161 215
3  72 29 162
3  106 38 160
3  161 160 216
3  19 107 217
3  107 29 217
3  111 109 166
3  109 48 166
3  112 111 167
3  111 30 167
3  48 75 218
3  48 76 75
3  74 113 169
3  113 13 169
3  116 172 117
3  172 49 117
3  114 173 174
3  114 81 173
3  172 174 219
3  172 80 174
3  119 175 220
3  119 81 175
3  175 118 171
3  118 115 171
3  119 39 176
3  39 38 176
3  121 51 177
3  51 49 177
3  7 180 82
3  83 82 221
3  121 78 178
3  78 83 178
3  101 181 182
3  181 102 182
3  40 222 125
3  125 222 87
3  60 223 86
3  60 17 223
3  129 224 225
3  185 126 129
3  123 124 224
3  124 185 224
3  187 128 188
3  126 128 129
3  128 127 226
3  127 18 188
3  18 189 227
3  18 23 189
3  136 134 191
3  134 93 191
3  137 138 192
3  138 93 192
3  138 24 193
3  24 18 193
3  141 142 194
3  142 90 194
3  139 95 195
3  95 90 195
3  41 146 228
3  196 42 96
3  97 63 229
3  146 196 230
3  63 196 231
3  63 97 232
3  131 198 233
3  131 17 198
3  198 61 132
3  86 199 200
3  86 223 87
3  40 34 86
3  58 133 147
3  133 34 147
3  200 199 234
3  86 34 199
3  98 59 205
3  99 205 235
3  99 58 206
3  58 34 206
3  148 204 236
3  42 148 237
3  203 41 207
3  41 42 207
3  97 145 232
3  145 62 232
3  208 12 238
3  150 149 208
3  151 150 209
3  150 102 209
3  71 113 170
3  103 71 239
3  69 104 210
3  104 31 210
3  104 68 211
3  68 30 211
3  154 71 240
3  70 105 164
3  153 105 152
3  31 152 241
3  73 19 242
3  217 29 73
3  107 163 243
3  162 29 244
3  163 162 245
3  107 106 163
3  72 162 246
3  162 106 246
3  28 159 247
3  159 160 248
3  72 161 249
3  161 72 250
3  113 168 251
3  168 75 213
3  75 74 218
3  74 48 218
3  77 109 156
3  109 110 156
3  174 173 219
3  173 172 219
3  175 171 220
3  171 119 220
3  177 78 179
3  78 121 179
3  78 82 120
3  82 83 120
3  82 180 221
3  180 83 221
3  87 222 252
3  223 17 184
3  223 184 87
3  125 87 253
3  125 183 254
3  125 55 183
3  129 128 190
3  128 187 190
3  185 124 186
3  55 186 255
3  129 89 224
3  123 224 256
3  127 188 226
3  188 128 226
3  189 188 227
3  188 18 227
3  96 230 257
3  96 41 230
3  196 146 229
3  146 97 229
3  132 61 200
3  61 60 200
3  198 132 233
3  132 131 233
3  205 59 235
3  59 58 235
3  148 59 258
3  59 98 259
3  148 203 237
3  203 42 237
3  63 232 64
3  232 62 64
3  12 150 238
3  150 208 238
3  110 260 157
3  260 214 261
3  47 73 154
3  29 154 262
3  105 153 240
3  153 46 240
3  164 105 263
3  71 70 164
3  152 19 212
3  19 46 212
3  152 105 241
3  105 31 241
3  19 217 242
3  217 73 242
3  107 244 108
3  244 29 108
3  244 245 264
3  163 245 243
3  72 246 250
3  246 106 250
3  160 159 265
3  159 72 265
3  160 38 266
3  159 266 267
3  160 265 249
3  72 249 268
3  158 157 269
3  168 213 251
3  222 40 252
3  40 86 252
3  87 184 253
3  184 125 253
3  183 40 254
3  40 125 254
3  23 190 270
3  190 187 270
3  186 124 255
3  124 55 255
3  224 185 225
3  185 129 225
3  224 89 256
3  89 123 256
3  146 230 228
3  230 41 228
3  230 196 257
3  196 96 257
3  196 229 231
3  229 63 231
3  86 200 197
3  200 60 197
3  199 130 234
3  130 132 234
3  99 235 202
3  235 58 202
3  148 259 204
3  259 98 204
3  59 259 258
3  259 148 258
3  71 170 239
3  170 103 239
3  110 112 260
3  112 67 260
3  154 73 262
3  73 29 262
3  154 240 155
3  240 46 155
3  105 240 263
3  240 71 263
3  245 244 243
3  107 243 271
3  245 162 264
3  162 244 264
3  161 250 215
3  250 106 215
3  38 247 272
3  38 28 247
3  160 266 248
3  266 159 248
3  160 249 216
3  249 161 216
3  249 265 268
3  265 72 268
3  170 251 214
3  170 113 251
3  87 252 88
3  252 86 88
3  187 189 270
3  23 270 273
3  200 234 201
3  234 132 201
3  204 203 236
3  203 148 236
3  214 251 274
3  260 67 214
3  213 274 275
3  156 110 157
3  164 263 165
3  263 71 165
3  243 244 271
3  244 107 271
3  266 247 267
3  247 159 267
3  247 266 272
3  266 38 272
3  213 77 274
3  77 156 274
3  270 189 273
3  189 23 273
3  214 158 269
3  157 260 261
3  214 274 158
3  274 156 158
3  274 251 275
3  251 213 275
3  157 261 269
3  214 269 276
3  269 261 276
3  261 214 276
