OFF
530 1056 0
0 0 0
1.18661e-07 -9.95074 0
-4.34961e-07 9.95074 0
-1.82844 -9.78131 0
-0.918136 -9.90829 0
-7.14375 6.92705 435.896
-4.34961e-07 9.95074 435.896
-3.87866 9.16369 435.896
0.0985222 0 0
9.95074 0 0
3.59462 9.27879 0
1.82844 9.78131 0
-9.95074 -8.69921e-07 435.896
9.95074 0 435.896
7.14376 -6.92704 0
1.18661e-07 -9.95074 435.896
7.14376 -6.92704 435.896
2.72315 9.57088 0
-9.95074 -8.69921e-07 0
-9.38508 -3.30718 0
-9.16369 -3.87866 0
-9.27879 -3.59462 0
6.92705 7.14375 435.896
9.16369 3.87866 435.896
6.92705 7.14375 0
9.27879 -3.59462 0
9.78131 -1.82844 0
9.57088 -2.72315 0
3.87866 -9.16369 435.896
-6.92705 -7.14375 0
-3.59462 -9.27879 0
-7.14375 6.92705 0
-2.42712 9.6502 0
-6.92705 7.14375 133.79
-6.70377 7.35368 133.79
-6.70377 7.35368 0
9.16369 3.87866 0
9.27879 3.59462 0
3.59462 9.27879 435.896
3.87866 9.16369 0
8.29496 5.49644 435.896
3.87866 -9.16369 0
3.59462 -9.27879 0
9.27879 -3.59462 435.896
9.16369 -3.87865 0
5.49644 -8.29496 435.896
-8.12176 -5.74928 0
-7.55664 -6.47413 0
-7.75243 -6.23836 0
-6.92705 -7.14375 435.896
-2.72315 -9.57088 435.896
-3.59462 -9.27879 435.896
-3.01659 -9.48248 435.896
-8.90754 -4.43543 263.264
-8.76672 -4.70763 435.896
-8.90754 -4.43543 435.896
-1.22283 -9.87532 64.737
-1.52636 -9.83298 69.0528
-1.22283 -9.87532 0
-5.23839 -8.46029 0
-1.82844 9.78131 435.896
-9.93187 0.612577 34.5264
-9.93187 0.612577 12.9474
-9.94602 0.306434 21.579
-0.918139 9.90829 435.896
-0.612577 9.93187 435.896
-5.49644 8.29496 435.896
-7.35369 6.70377 435.896
-7.35369 6.70377 21.579
-7.55664 6.47413 133.79
-7.75243 6.23836 435.896
0.918138 9.90829 0
1.52636 9.83298 0
5.23839 8.46029 0
6.23836 7.75243 0
6.70377 7.35368 0
9.78131 1.82844 435.896
8.29496 5.49644 0
8.76672 4.70763 0
9.78131 1.82844 0
9.83298 1.52636 0
7.75243 6.23836 435.896
9.90829 -0.91814 0
9.83298 -1.52636 0
8.46029 -5.23839 0
7.94086 -5.99666 0
7.35369 -6.70377 0
1.82844 -9.78131 435.896
5.49644 -8.29496 0
4.70763 -8.76672 0
1.82844 -9.78131 0
1.52636 -9.83298 0
6.23836 -7.75243 435.896
-9.38508 -3.30718 435.896
-9.94602 -0.306434 435.896
-9.78131 -1.82845 435.896
-9.90829 -0.91814 0
-9.90829 -0.91814 392.738
-9.93187 -0.612579 0
-9.16369 -3.87866 435.896
-9.16369 -3.87866 267.58
-9.0399 -4.15902 267.58
-8.29496 -5.49644 435.896
-8.29496 -5.49644 0
-8.76672 -4.70763 0
-6.92705 -7.14375 125.158
-7.14375 -6.92705 133.79
-5.74927 -8.12176 435.896
-5.49644 -8.29496 21.579
-5.49644 -8.29496 435.896
-0.918136 -9.90829 435.896
-1.22283 -9.87532 435.896
-6.23836 -7.75243 0
-5.49644 -8.29496 0
-1.82844 9.78131 8.6316
-1.52636 9.83298 8.6316
-1.52636 9.83298 435.896
-8.46029 5.23839 435.896
-8.46029 5.23839 125.158
-8.61759 4.97537 125.158
-6.23836 7.75243 120.842
-6.23836 7.75243 25.8948
-6.47413 7.55664 125.158
-6.23836 7.75243 435.896
-9.83298 1.52636 21.579
-9.78131 1.82844 25.8948
-9.78131 1.82844 0
-9.27879 3.59462 94.9476
-9.27879 3.59462 435.896
-9.16369 3.87866 103.579
-7.14375 6.92705 133.79
-9.78131 1.82844 60.4212
-8.90754 4.43543 435.896
-9.57088 2.72315 82.0002
-9.48248 3.01659 94.9476
-9.48248 3.01659 30.2106
0.612576 9.93187 0
1.82844 9.78131 435.896
0.918138 9.90829 435.896
3.01659 9.48248 0
3.30718 9.38508 0
3.01659 9.48248 435.896
2.12879 9.72036 0
4.43543 8.90754 0
4.97537 8.61759 0
5.23839 8.46029 435.896
4.43543 8.90754 435.896
5.49644 8.29496 0
6.70377 7.35368 435.896
9.90829 0.918138 435.896
9.57088 2.72315 0
9.6502 2.42712 0
9.57088 2.72315 435.896
9.90829 0.918138 0
9.93187 0.612576 0
8.46029 5.23839 0
7.75243 6.23836 0
8.12176 5.74928 0
8.76672 4.70763 435.896
8.90754 4.43543 0
7.35368 6.70377 435.896
9.93187 -0.612578 0
9.78131 -1.82844 435.896
9.93187 -0.612578 332.317
9.94602 -0.306431 435.896
9.93187 -0.612578 435.896
9.48248 -3.01659 0
9.38508 -3.30718 69.0528
9.38508 -3.30718 435.896
9.72036 -2.12879 133.79
8.90754 -4.43542 0
8.76672 -4.70763 0
8.46029 -5.23839 435.896
8.90754 -4.43542 435.896
8.29496 -5.49644 0
7.35369 -6.70377 435.896
0.918141 -9.90829 435.896
3.0166 -9.48248 0
2.42712 -9.6502 0
3.0166 -9.48248 435.896
0.918141 -9.90829 0
0.61258 -9.93187 0
5.23839 -8.46029 0
6.23836 -7.75243 0
5.74928 -8.12176 0
4.70763 -8.76672 435.896
4.43543 -8.90754 0
6.70377 -7.35369 435.896
-6.23836 -7.75243 435.896
-4.43543 -8.90754 0
-9.27879 -3.59462 435.896
-9.87532 -1.22283 159.685
-9.83298 -1.52636 151.053
-9.87532 -1.22283 435.896
-9.57088 -2.72315 0
-8.46029 -5.23839 0
-8.61759 -4.97537 0
-8.90754 -4.43543 0
-8.29496 -5.49644 211.474
-0.918136 -9.90829 51.7896
-1.82844 -9.78131 69.0528
-2.12879 -9.72036 73.3686
-2.42712 -9.6502 82.0002
-2.72315 -9.57088 0
-2.42712 -9.6502 0
-3.01659 -9.48248 90.6318
-3.30717 -9.38508 90.6318
-3.01659 -9.48248 0
-0.612575 -9.93187 0
-1.82844 -9.78131 435.896
-5.99666 -7.94086 435.896
-5.74927 -8.12176 60.4212
-6.23836 -7.75243 47.4738
-6.47413 -7.55664 43.158
-6.70377 -7.35369 25.8948
-6.70377 -7.35369 435.896
-9.78131 1.82844 435.896
-2.42712 9.6502 17.2632
-2.72315 9.57088 435.896
-2.42712 9.6502 435.896
-2.72315 9.57088 17.2632
-3.01659 9.48248 21.579
-3.30718 9.38508 25.8948
-3.59462 9.27879 30.2106
-3.30718 9.38508 435.896
-2.12879 9.72036 17.2632
-2.12879 9.72036 0
-0.918139 9.90829 4.3158
-1.22283 9.87532 4.3158
-5.49644 8.29496 94.9476
-5.23839 8.46029 86.316
-6.92705 7.14375 0
-5.23839 8.46029 435.896
-4.70763 8.76672 435.896
-4.15901 9.0399 435.896
-9.72036 2.12879 38.8422
-9.0399 4.15901 103.579
-8.90754 4.43543 116.527
-8.90754 4.43543 0
-7.75243 6.23836 133.79
-7.94086 5.99666 133.79
-9.27879 3.59462 0
-9.90829 0.918138 435.896
-9.93187 0.612577 435.896
-9.90829 0.918138 43.158
-9.16369 3.87866 435.896
-8.61759 4.97537 435.896
-5.74928 8.12176 435.896
-9.72036 2.12879 0
0.306434 9.94602 0
2.72315 9.57088 435.896
0.306434 9.94602 435.896
1.52636 9.83298 435.896
1.22283 9.87532 0
2.12879 9.72036 435.896
2.42712 9.6502 0
4.97537 8.61759 435.896
4.70763 8.76672 0
4.15901 9.0399 0
3.87866 9.16369 435.896
6.47413 7.55664 0
5.74928 8.12176 0
5.99666 7.94086 0
5.49644 8.29496 435.896
6.23836 7.75243 435.896
9.38508 3.30718 0
9.72036 2.12879 0
9.6502 2.42712 435.896
9.48248 3.01659 0
9.27879 3.59462 435.896
9.93187 0.612576 435.896
9.87532 1.22283 0
9.83298 1.52636 435.896
9.94602 0.306434 435.896
8.61759 4.97537 0
8.46029 5.23839 435.896
9.0399 4.15901 0
8.90754 4.43543 435.896
9.0399 4.15901 435.896
7.94086 5.99666 0
7.55664 6.47413 435.896
7.94086 5.99666 435.896
7.35368 6.70377 0
7.14375 6.92705 0
9.94602 -0.306431 0
9.57088 -2.72315 435.896
9.57088 -2.72315 73.3686
9.6502 -2.42712 103.579
9.48248 -3.01659 69.0528
9.90829 -0.91814 435.896
9.83298 -1.52636 207.158
9.6502 -2.42712 435.896
9.72036 -2.12879 0
9.0399 -4.15901 0
8.61759 -4.97537 0
8.61759 -4.97537 435.896
9.0399 -4.15901 435.896
7.55664 -6.47413 0
7.94086 -5.99666 435.896
7.75243 -6.23835 0
8.12176 -5.74928 0
8.12176 -5.74928 435.896
2.72315 -9.57088 0
2.12879 -9.72036 0
2.12879 -9.72036 435.896
3.30718 -9.38508 0
3.59462 -9.27879 435.896
0.61258 -9.93187 435.896
1.22283 -9.87532 0
1.52636 -9.83298 435.896
0.306433 -9.94602 435.896
4.97537 -8.61759 0
5.23839 -8.46029 435.896
4.43543 -8.90754 435.896
4.15902 -9.0399 0
5.99666 -7.94086 0
6.70377 -7.35369 0
6.47413 -7.55664 0
5.74928 -8.12176 435.896
6.92705 -7.14375 435.896
-9.78131 -1.82845 0
-9.78131 -1.82845 358.212
-9.94602 -0.306434 0
-2.72315 -9.57088 86.316
-3.87865 -9.16369 0
-8.12176 -5.74928 435.896
-9.48248 -3.01659 0
-9.72036 -2.12879 0
-8.76672 -4.70763 254.632
-8.46029 -5.23839 228.738
-8.61759 -4.97537 276.211
-7.35368 -6.70377 435.896
-7.14375 -6.92705 435.896
-7.75243 -6.23836 435.896
-7.75243 -6.23836 181.264
-7.94086 -5.99666 168.316
-2.42712 -9.6502 435.896
-3.59462 -9.27879 90.6318
-0.612575 -9.93187 47.4738
-0.306433 -9.94602 47.4738
-0.612575 -9.93187 435.896
-5.99666 -7.94086 125.158
-6.47413 -7.55664 0
-0.612577 9.93187 0
-0.612577 9.93187 4.3158
-0.306435 9.94602 4.3158
-4.70763 8.76672 60.4212
-4.97537 8.61759 38.8422
-4.43543 8.90753 43.158
-4.70763 8.76672 4.3158
-5.74928 8.12176 103.579
-5.74928 8.12176 0
-3.87866 9.16369 34.5264
-4.15901 9.0399 47.4738
-5.23839 8.46029 73.3686
-4.43543 8.90753 0
-4.70763 8.76672 0
-9.6502 2.42712 435.896
-9.72036 2.12879 435.896
-9.57088 2.72315 435.896
-9.83298 1.52636 435.896
-9.94602 0.306434 8.6316
-9.93187 0.612577 0
-8.46029 5.23839 47.4738
-8.29496 5.49644 138.106
-8.29496 5.49644 47.4738
-7.94086 5.99666 435.896
-8.76672 4.70763 51.7896
-9.87532 1.22283 51.7896
0.612576 9.93187 435.896
1.22283 9.87532 435.896
3.30718 9.38508 435.896
2.42712 9.6502 435.896
4.70763 8.76672 435.896
4.15901 9.0399 435.896
5.74928 8.12176 435.896
5.99666 7.94086 435.896
6.47413 7.55664 435.896
9.38508 3.30718 435.896
9.48248 3.01659 435.896
9.72036 2.12879 435.896
9.87532 1.22283 435.896
9.94602 0.306434 0
8.61759 4.97537 435.896
8.12176 5.74928 435.896
7.55664 6.47413 0
7.14375 6.92705 435.896
9.48248 -3.01659 435.896
9.38508 -3.30718 0
9.87532 -1.22283 332.317
9.6502 -2.42712 0
8.76672 -4.70763 435.896
9.16369 -3.87865 435.896
7.55664 -6.47413 435.896
7.75243 -6.23835 435.896
8.29496 -5.49644 435.896
2.42712 -9.6502 435.896
2.72315 -9.57088 435.896
3.30718 -9.38508 435.896
1.22283 -9.87532 435.896
0.306433 -9.94602 0
4.97537 -8.61759 435.896
4.15902 -9.0399 435.896
5.99666 -7.94086 435.896
6.92705 -7.14375 0
6.47413 -7.55664 435.896
-9.93187 -0.612579 410.001
-9.48248 -3.01659 392.738
-9.87532 -1.22283 34.5264
-9.83298 -1.52636 0
-5.74927 -8.12176 0
-4.43543 -8.90754 435.896
-4.70763 -8.76672 0
-8.46029 -5.23839 435.896
-7.35368 -6.70377 142.421
-9.57088 -2.72315 366.843
-9.6502 -2.42712 0
-9.6502 -2.42712 56.1054
-9.0399 -4.15902 0
-7.35368 -6.70377 0
-7.14375 -6.92705 0
-3.30717 -9.38508 0
-2.12879 -9.72036 435.896
-1.52636 -9.83298 0
-0.306433 -9.94602 0
-0.306433 -9.94602 435.896
-4.15901 -9.0399 0
-4.97537 -8.61759 435.896
-4.15901 -9.0399 176.948
-4.15901 -9.0399 435.896
-6.47413 -7.55664 435.896
-6.70377 -7.35369 0
-3.59462 9.27879 435.896
-3.01659 9.48248 0
-2.72315 9.57088 0
-1.52636 9.83298 0
-3.01659 9.48248 435.896
-2.12879 9.72036 435.896
-1.22283 9.87532 435.896
-1.22283 9.87532 0
-0.306435 9.94602 435.896
-0.306435 9.94602 0
-0.918139 9.90829 0
-8.61759 4.97537 56.1054
-4.15901 9.0399 34.5264
-3.87866 9.16369 0
-3.59462 9.27879 0
-5.23839 8.46029 0
-4.97537 8.61759 0
-4.97537 8.61759 435.896
-4.43543 8.90753 435.896
-5.99666 7.94086 120.842
-6.70377 7.35368 435.896
-6.47413 7.55664 0
-6.92705 7.14375 435.896
-6.47413 7.55664 435.896
-8.61759 4.97537 0
-8.46029 5.23839 0
-9.38508 3.30718 99.2635
-9.38508 3.30718 0
-9.48248 3.01659 435.896
-9.57088 2.72315 0
-9.90829 0.918138 0
-9.94602 0.306434 435.896
-7.55664 6.47413 435.896
-7.75243 6.23836 77.6844
-7.55664 6.47413 25.8948
-8.12176 5.74928 133.79
-8.12176 5.74928 435.896
-8.29496 5.49644 435.896
-9.0399 4.15901 435.896
-9.16369 3.87866 0
-9.0399 4.15901 0
-8.76672 4.70763 435.896
-9.87532 1.22283 435.896
9.87532 -1.22283 435.896
9.87532 -1.22283 0
9.72036 -2.12879 435.896
-9.90829 -0.91814 435.896
-9.83298 -1.52636 435.896
-9.87532 -1.22283 0
-3.30717 -9.38508 435.896
-5.99666 -7.94086 47.4738
-8.61759 -4.97537 435.896
-7.94086 -5.99666 0
-7.55664 -6.47413 435.896
-9.72036 -2.12879 388.422
-9.57088 -2.72315 435.896
-9.48248 -3.01659 435.896
-9.0399 -4.15902 435.896
-2.12879 -9.72036 0
-1.52636 -9.83298 435.896
-5.23839 -8.46029 435.896
-4.97537 -8.61759 0
-4.70763 -8.76672 435.896
-3.30718 9.38508 17.2632
-5.49644 8.29496 0
-8.12176 5.74928 51.7896
-6.23836 7.75243 0
-5.99666 7.94086 435.896
-9.90829 0.918138 17.2632
-9.6502 2.42712 64.737
-9.38508 3.30718 435.896
-7.94086 5.99666 0
9.83298 -1.52636 366.843
-5.99666 -7.94086 0
-7.94086 -5.99666 435.896
-9.6502 -2.42712 366.843
-3.87865 -9.16369 435.896
-1.82844 9.78131 0
-8.76672 4.70763 0
-8.12176 5.74928 0
-5.99666 7.94086 21.579
-9.87532 1.22283 0
-9.6502 2.42712 0
-9.48248 3.01659 0
-7.75243 6.23836 0
9.83298 -1.52636 435.896
-9.93187 -0.612579 435.896
-9.72036 -2.12879 435.896
-9.6502 -2.42712 435.896
-4.15901 9.0399 0
-5.99666 7.94086 0
-9.94602 0.306434 0
-9.83298 1.52636 0
-7.35369 6.70377 17.2632
-3.30718 9.38508 0
-8.29496 5.49644 0
-7.55664 6.47413 0
-7.35369 6.70377 0
3  0 1 2
3  3 1 4
3  5 6 7
3  1 0 8
3  8 2 9
3  8 0 2
3  10 2 11
3  12 13 6
3  1 9 14
3  1 8 9
3  13 15 16
3  13 12 15
3  10 11 17
3  12 6 5
3  2 1 18
3  19 20 21
3  22 13 23
3  9 2 24
3  25 26 27
3  16 15 28
3  29 1 30
3  18 1 29
3  2 31 32
3  33 34 35
3  6 13 22
3  24 2 10
3  36 23 37
3  10 38 39
3  9 24 36
3  22 23 40
3  14 9 25
3  25 9 26
3  41 28 42
3  25 43 44
3  1 14 41
3  16 28 45
3  46 47 48
3  15 12 49
3  50 51 52
3  53 54 55
3  56 57 58
3  29 30 59
3  7 6 60
3  61 62 63
3  64 6 65
3  5 7 66
3  67 68 69
3  70 5 67
3  11 2 71
3  11 71 72
3  6 22 38
3  24 73 74
3  22 24 75
3  24 10 73
3  23 13 76
3  36 77 78
3  79 76 80
3  9 36 79
3  36 24 77
3  22 40 81
3  26 9 82
3  26 82 83
3  13 16 43
3  14 84 85
3  16 14 86
3  14 25 84
3  28 15 87
3  41 88 89
3  90 87 91
3  1 41 90
3  41 14 88
3  16 45 92
3  93 94 95
3  96 97 98
3  99 100 101
3  49 99 102
3  18 29 20
3  20 103 104
3  29 105 106
3  49 12 99
3  30 1 3
3  107 108 109
3  56 110 111
3  15 49 51
3  29 59 112
3  59 108 113
3  114 60 115
3  2 18 31
3  115 60 116
3  117 118 119
3  120 121 122
3  5 66 123
3  124 125 126
3  127 128 129
3  5 130 68
3  68 130 31
3  124 131 125
3  128 117 132
3  133 134 135
3  12 5 128
3  71 2 136
3  6 38 137
3  71 136 138
3  10 17 139
3  140 139 141
3  11 137 142
3  73 143 144
3  73 10 143
3  38 145 146
3  38 22 145
3  73 145 147
3  22 75 148
3  76 13 149
3  79 36 150
3  79 150 151
3  23 76 152
3  153 149 154
3  9 79 153
3  77 40 155
3  77 156 157
3  78 158 159
3  36 78 159
3  77 24 156
3  22 81 160
3  82 9 161
3  13 43 162
3  163 164 165
3  25 27 166
3  43 167 168
3  26 162 169
3  84 170 171
3  84 25 170
3  43 172 173
3  43 16 172
3  84 172 174
3  16 86 175
3  87 15 176
3  90 41 177
3  90 177 178
3  28 87 179
3  180 176 181
3  1 90 180
3  88 45 182
3  88 183 184
3  89 185 186
3  41 89 186
3  88 14 183
3  16 92 187
3  18 20 96
3  19 21 93
3  107 49 188
3  59 30 189
3  99 93 190
3  191 192 193
3  96 20 194
3  12 18 94
3  102 99 54
3  104 195 196
3  53 101 197
3  20 29 103
3  102 198 46
3  46 29 47
3  56 199 110
3  3 200 201
3  202 203 204
3  205 206 207
3  4 1 208
3  15 51 209
3  107 188 210
3  107 211 108
3  112 212 213
3  214 213 215
3  216 131 124
3  217 218 219
3  218 220 221
3  222 223 224
3  32 225 226
3  64 227 228
3  229 66 230
3  31 33 231
3  230 66 232
3  233 7 234
3  131 235 125
3  31 130 33
3  236 237 238
3  70 239 240
3  31 18 241
3  12 216 242
3  61 63 243
3  127 129 241
3  61 244 62
3  12 128 216
3  129 128 245
3  128 5 117
3  132 117 246
3  123 66 247
3  126 235 248
3  235 131 216
3  136 2 249
3  6 137 138
3  139 17 250
3  10 139 140
3  249 6 251
3  137 11 72
3  137 72 252
3  252 72 253
3  142 137 254
3  137 38 250
3  250 17 255
3  17 11 255
3  256 144 257
3  143 10 39
3  145 144 256
3  145 73 144
3  143 39 258
3  258 39 259
3  24 74 75
3  148 75 260
3  74 261 262
3  74 73 261
3  147 145 263
3  145 22 264
3  151 150 152
3  150 36 265
3  266 151 267
3  79 151 266
3  150 265 268
3  37 23 269
3  149 13 270
3  153 79 80
3  153 80 271
3  271 80 272
3  270 13 273
3  9 153 154
3  78 155 274
3  78 77 155
3  274 155 275
3  40 23 158
3  23 36 276
3  277 23 278
3  156 81 279
3  160 81 280
3  279 81 281
3  40 77 157
3  156 24 282
3  160 282 283
3  161 9 284
3  284 13 164
3  285 286 287
3  27 286 288
3  288 286 285
3  166 288 167
3  164 162 289
3  162 26 290
3  162 285 291
3  162 43 285
3  286 27 287
3  26 169 292
3  171 170 173
3  170 25 293
3  172 294 295
3  84 171 294
3  170 293 173
3  43 173 296
3  14 85 297
3  85 298 299
3  85 300 298
3  85 84 300
3  172 298 301
3  172 16 298
3  177 179 302
3  177 41 42
3  87 303 304
3  90 178 303
3  177 42 305
3  28 179 306
3  176 15 307
3  180 90 91
3  180 91 308
3  87 176 309
3  307 15 310
3  1 180 181
3  89 182 311
3  89 88 182
3  45 185 312
3  45 28 185
3  186 313 314
3  41 186 314
3  183 92 315
3  183 316 317
3  45 184 318
3  45 88 184
3  183 14 316
3  16 187 319
3  99 12 94
3  320 321 192
3  94 18 322
3  18 96 98
3  205 323 50
3  323 202 50
3  189 30 324
3  51 49 107
3  103 29 46
3  102 46 325
3  194 20 19
3  20 100 21
3  192 321 95
3  19 93 326
3  96 194 320
3  320 194 327
3  53 328 54
3  54 99 55
3  103 198 329
3  198 102 329
3  328 104 330
3  328 53 104
3  198 103 46
3  49 331 332
3  333 334 47
3  48 334 335
3  202 201 336
3  51 337 206
3  30 3 203
3  203 3 204
3  202 323 203
3  323 205 203
3  199 338 110
3  110 209 111
3  338 208 339
3  199 56 4
3  338 339 340
3  199 4 338
3  30 337 324
3  108 59 109
3  212 112 341
3  49 105 214
3  105 29 214
3  112 213 342
3  220 217 32
3  60 114 225
3  7 60 218
3  218 60 219
3  217 220 218
3  222 224 221
3  60 6 64
3  2 32 343
3  344 65 345
3  115 116 228
3  344 345 343
3  227 64 344
3  233 346 347
3  346 348 349
3  66 7 233
3  350 229 351
3  7 352 353
3  66 233 232
3  346 233 348
3  7 353 234
3  66 350 247
3  130 5 33
3  66 229 350
3  230 347 354
3  123 120 122
3  349 355 356
3  357 235 358
3  133 357 359
3  242 216 360
3  361 62 362
3  363 364 365
3  117 5 70
3  119 118 363
3  70 240 366
3  132 237 236
3  357 128 359
3  237 367 238
3  129 245 236
3  237 132 367
3  117 119 246
3  360 124 368
3  244 61 242
3  2 6 249
3  6 138 369
3  139 250 141
3  38 10 140
3  138 136 369
3  136 249 369
3  72 71 253
3  138 137 252
3  71 138 253
3  252 253 370
3  250 38 141
3  140 141 371
3  137 250 372
3  255 11 142
3  250 255 372
3  255 142 372
3  144 143 257
3  146 145 256
3  143 146 257
3  256 257 373
3  39 38 259
3  146 143 258
3  38 146 259
3  258 259 374
3  262 375 376
3  261 73 147
3  75 74 260
3  264 22 148
3  74 264 260
3  148 260 377
3  145 264 375
3  264 74 262
3  262 261 375
3  261 147 375
3  268 378 379
3  265 36 37
3  151 152 267
3  76 79 266
3  152 76 267
3  266 267 380
3  23 152 378
3  152 150 268
3  268 265 378
3  265 37 378
3  80 76 272
3  149 153 271
3  76 149 272
3  271 272 381
3  13 9 382
3  154 149 270
3  9 154 382
3  154 270 382
3  155 40 275
3  158 78 274
3  40 158 275
3  274 275 383
3  159 158 277
3  158 23 277
3  36 159 276
3  159 277 276
3  81 40 384
3  157 156 279
3  40 157 384
3  157 279 384
3  81 156 385
3  282 24 283
3  156 282 385
3  282 160 385
3  24 22 283
3  160 283 386
3  9 13 284
3  13 162 164
3  82 161 163
3  161 284 163
3  27 288 166
3  167 288 387
3  43 25 167
3  166 167 388
3  290 83 389
3  290 26 83
3  288 285 387
3  285 43 387
3  285 287 291
3  169 287 390
3  287 27 390
3  27 26 390
3  173 293 296
3  293 25 44
3  294 171 391
3  172 84 294
3  171 173 391
3  173 172 391
3  293 44 296
3  43 296 392
3  14 297 86
3  86 297 393
3  298 300 301
3  300 84 174
3  393 299 394
3  298 16 393
3  393 297 299
3  297 85 299
3  300 174 301
3  172 301 395
3  303 178 396
3  87 90 303
3  396 302 397
3  179 87 396
3  396 178 302
3  178 177 302
3  305 306 398
3  179 177 305
3  305 42 306
3  42 28 306
3  308 309 399
3  176 180 308
3  308 91 309
3  91 87 309
3  15 1 400
3  181 176 307
3  1 181 400
3  181 307 400
3  311 312 401
3  185 89 311
3  311 182 312
3  182 45 312
3  186 185 313
3  185 28 313
3  28 314 402
3  28 41 314
3  184 315 318
3  184 183 315
3  315 92 403
3  92 45 318
3  316 187 317
3  187 316 404
3  187 92 405
3  92 183 317
3  316 14 404
3  14 16 404
3  94 98 406
3  326 93 407
3  97 96 408
3  320 192 409
3  15 209 110
3  209 200 57
3  209 51 50
3  205 50 52
3  212 188 213
3  188 212 341
3  112 59 410
3  211 107 341
3  108 211 410
3  189 411 412
3  102 54 413
3  54 328 330
3  414 106 331
3  49 102 333
3  100 99 21
3  99 94 93
3  97 191 193
3  415 326 407
3  327 194 416
3  194 415 417
3  415 194 326
3  194 19 326
3  100 20 101
3  20 197 418
3  20 104 197
3  104 53 197
3  104 103 195
3  103 329 195
3  105 49 106
3  49 333 331
3  414 47 419
3  47 29 420
3  337 30 206
3  30 207 421
3  200 209 201
3  336 201 422
3  30 203 207
3  203 205 207
3  200 3 57
3  3 58 423
3  3 4 58
3  4 56 58
3  208 1 424
3  338 4 208
3  1 15 339
3  340 339 425
3  189 324 426
3  51 107 427
3  337 51 324
3  411 428 429
3  215 213 430
3  213 214 431
3  214 29 431
3  29 112 431
3  352 7 223
3  7 224 432
3  32 31 433
3  433 220 434
3  115 228 435
3  32 217 225
3  7 218 224
3  218 221 436
3  60 225 437
3  225 217 219
3  222 221 433
3  221 220 433
3  60 64 116
3  64 228 438
3  228 227 439
3  343 32 226
3  65 6 440
3  344 64 65
3  6 2 345
3  345 2 441
3  343 439 442
3  227 344 343
3  119 363 443
3  118 364 363
3  353 352 444
3  34 122 35
3  433 445 446
3  355 447 448
3  233 347 449
3  347 230 232
3  353 348 234
3  233 234 450
3  352 223 445
3  347 346 349
3  121 120 451
3  120 123 451
3  34 33 452
3  35 122 453
3  5 452 454
3  5 123 452
3  34 452 122
3  123 122 455
3  31 241 238
3  31 456 457
3  241 18 126
3  125 235 126
3  216 128 357
3  127 241 458
3  135 458 459
3  359 128 460
3  133 135 461
3  62 462 362
3  18 12 63
3  243 63 463
3  5 68 67
3  70 67 464
3  465 69 466
3  240 467 468
3  118 117 364
3  467 364 468
3  364 117 469
3  117 70 468
3  128 132 245
3  132 236 470
3  129 236 471
3  238 471 472
3  119 367 246
3  132 246 473
3  12 242 243
3  242 61 243
3  216 124 360
3  242 360 474
3  6 369 251
3  369 249 251
3  253 138 370
3  138 252 370
3  141 38 371
3  38 140 371
3  137 372 254
3  372 142 254
3  257 146 373
3  146 256 373
3  259 146 374
3  146 258 374
3  260 264 377
3  264 148 377
3  145 375 263
3  375 147 263
3  375 264 376
3  264 262 376
3  267 76 380
3  76 266 380
3  23 378 269
3  378 37 269
3  378 152 379
3  152 268 379
3  272 149 381
3  149 271 381
3  13 382 273
3  382 270 273
3  275 158 383
3  158 274 383
3  23 276 278
3  276 277 278
3  81 384 281
3  384 279 281
3  81 385 280
3  385 160 280
3  283 22 386
3  22 160 386
3  389 289 475
3  163 284 164
3  389 83 476
3  289 162 475
3  167 25 388
3  25 166 388
3  167 387 168
3  387 43 168
3  287 169 291
3  291 169 477
3  169 390 292
3  390 26 292
3  294 391 295
3  391 172 295
3  296 44 392
3  44 43 392
3  86 393 175
3  393 16 175
3  299 298 394
3  298 393 394
3  301 174 395
3  174 172 395
3  303 396 304
3  396 87 304
3  302 179 397
3  179 396 397
3  306 179 398
3  179 305 398
3  309 176 399
3  176 308 399
3  15 400 310
3  400 307 310
3  312 185 401
3  185 311 401
3  314 313 402
3  313 28 402
3  92 318 403
3  318 315 403
3  92 317 405
3  317 187 405
3  187 404 319
3  404 16 319
3  18 98 322
3  98 94 322
3  98 97 406
3  406 97 478
3  192 95 479
3  192 408 480
3  408 96 480
3  96 320 480
3  15 110 340
3  110 338 340
3  209 50 336
3  50 202 336
3  52 51 481
3  206 205 52
3  188 341 210
3  341 107 210
3  211 341 482
3  341 112 482
3  195 329 330
3  330 413 483
3  46 48 484
3  333 102 325
3  331 333 485
3  47 414 331
3  93 21 190
3  21 99 190
3  95 327 486
3  93 95 487
3  95 321 327
3  321 320 327
3  415 407 487
3  407 93 488
3  55 99 489
3  101 53 55
3  197 101 418
3  101 20 418
3  47 334 48
3  334 333 335
3  29 106 420
3  106 414 420
3  204 3 490
3  201 202 204
3  207 206 421
3  206 30 421
3  111 209 491
3  57 56 111
3  58 57 423
3  57 3 423
3  1 339 424
3  339 208 424
3  109 59 492
3  427 107 109
3  427 59 493
3  59 189 493
3  51 427 411
3  411 427 494
3  188 49 215
3  49 214 215
3  213 431 342
3  431 112 342
3  225 114 226
3  343 226 435
3  224 223 432
3  223 7 432
3  225 219 437
3  219 60 437
3  221 224 436
3  224 218 436
3  222 433 495
3  355 351 496
3  228 116 438
3  116 64 438
3  6 345 440
3  345 65 440
3  2 343 441
3  343 345 441
3  240 239 465
3  467 240 497
3  349 348 355
3  348 353 444
3  354 347 447
3  229 230 354
3  433 355 445
3  433 35 351
3  347 232 449
3  232 233 449
3  234 348 450
3  348 233 450
3  122 121 453
3  433 31 35
3  351 453 498
3  451 350 351
3  350 451 247
3  123 247 499
3  452 33 454
3  33 5 454
3  122 452 455
3  452 123 455
3  126 18 462
3  62 244 500
3  458 241 459
3  241 126 461
3  235 357 501
3  357 133 501
3  235 216 358
3  216 357 358
3  135 134 458
3  134 133 359
3  458 460 502
3  128 127 458
3  500 368 462
3  62 500 462
3  18 63 361
3  63 62 361
3  239 69 465
3  239 70 69
3  364 467 365
3  367 443 456
3  240 468 366
3  468 70 366
3  117 468 469
3  468 364 469
3  236 245 470
3  245 132 470
3  31 238 456
3  31 457 503
3  246 367 473
3  367 132 473
3  63 12 463
3  12 243 463
3  500 244 368
3  244 242 368
3  389 82 289
3  82 163 289
3  162 290 504
3  290 389 504
3  83 82 476
3  82 389 476
3  169 162 477
3  162 291 477
3  97 408 191
3  408 192 191
3  192 480 409
3  480 320 409
3  339 15 425
3  15 340 425
3  201 209 422
3  209 336 422
3  51 206 481
3  206 52 481
3  211 482 410
3  112 410 505
3  330 329 413
3  329 102 413
3  195 330 196
3  330 104 196
3  325 335 506
3  325 46 335
3  331 106 332
3  106 49 332
3  333 47 485
3  47 331 485
3  95 94 193
3  97 193 478
3  327 417 507
3  417 415 507
3  194 417 416
3  417 327 416
3  327 507 486
3  507 415 487
3  99 101 489
3  101 55 489
3  47 420 419
3  420 414 419
3  3 201 490
3  201 204 490
3  209 57 491
3  57 111 491
3  59 427 492
3  427 109 492
3  427 493 412
3  493 189 412
3  428 324 508
3  411 189 428
3  213 188 430
3  188 215 430
3  226 114 509
3  114 115 435
3  220 32 434
3  32 433 434
3  433 351 355
3  223 222 495
3  238 367 510
3  367 119 443
3  443 363 456
3  365 497 511
3  348 444 355
3  445 223 446
3  33 35 231
3  35 31 231
3  453 121 498
3  351 35 453
3  351 229 496
3  229 354 496
3  121 451 512
3  451 351 512
3  247 451 499
3  451 123 499
3  126 462 513
3  462 368 513
3  235 501 514
3  501 133 461
3  241 461 459
3  135 459 515
3  458 134 460
3  134 359 460
3  67 69 464
3  69 70 464
3  69 68 466
3  31 503 516
3  238 241 471
3  241 129 471
3  360 368 474
3  368 242 474
3  164 289 165
3  289 163 165
3  162 504 517
3  504 389 475
3  108 410 113
3  410 59 113
3  410 482 505
3  482 112 505
3  413 54 483
3  54 330 483
3  48 335 484
3  335 46 484
3  335 333 506
3  333 325 506
3  193 94 478
3  406 478 518
3  95 193 479
3  193 192 479
3  95 486 519
3  486 507 520
3  93 487 488
3  487 407 488
3  427 412 494
3  412 411 494
3  324 428 426
3  428 189 426
3  324 51 508
3  51 411 508
3  343 435 439
3  435 228 439
3  114 435 509
3  435 226 509
3  363 365 457
3  240 465 503
3  456 363 457
3  365 467 497
3  444 445 521
3  444 352 445
3  355 496 447
3  496 354 447
3  121 512 498
3  351 498 522
3  462 18 362
3  361 362 523
3  368 124 513
3  126 513 524
3  501 461 514
3  461 126 514
3  459 461 515
3  461 135 515
3  460 128 502
3  128 458 502
3  466 68 525
3  68 31 525
3  471 236 472
3  236 238 472
3  504 475 517
3  475 162 517
3  478 94 518
3  94 406 518
3  507 487 520
3  487 95 520
3  428 508 429
3  508 411 429
3  439 227 442
3  227 343 442
3  367 456 510
3  456 238 510
3  497 503 511
3  497 240 503
3  503 465 516
3  465 466 516
3  223 495 446
3  433 446 526
3  445 355 521
3  355 444 521
3  447 347 448
3  347 349 448
3  498 512 522
3  512 351 522
3  362 18 523
3  18 361 523
3  513 124 524
3  124 126 524
3  235 514 248
3  514 126 248
3  486 520 519
3  520 95 519
3  503 457 511
3  365 511 527
3  31 516 528
3  516 466 528
3  446 495 526
3  495 433 526
3  355 448 356
3  448 349 356
3  511 457 527
3  457 365 527
3  466 525 528
3  31 528 529
3  528 525 529
3  525 31 529
